key	dnsmos	duration
1cc/84ddbc76cea01	2.4183481586391116	6.7938125
1cd/35ae5322b36d2	2.450685040331894	5.7341875
1ce/5cf0fb9ad1d5c	2.9144531595543817	8.759375
1cf/25c221150d2c6	1.0932810752208624	3.912625
1cc/d0b229d815cd3	2.980425125566056	10.818875
1cd/8db2d3377cbbd	3.231454320254445	1.750125
1ce/a6e7d2eeb40e9	1.0930262539199807	1.7896875
1cf/7e4430f3d01e5	3.2763166337724754	4.256375
1cc/5cba6300ef53a	3.3132420940015033	13.09725
1cd/68b239b84c97f	3.1532928150746664	8.3440625
1ce/d2607d197abed	3.282247213401194	2.54775
1cf/2cffaf7cddea2	3.3527558610352295	7.2885625
1cc/e9282de496d01	2.821234471142895	7.0533125
1cd/76ba432175646	2.838470331959952	2.5016875
1ce/1a45fe3eeb961	3.0173900343462954	3.8415625
1cf/cecbaa95f85bb	2.447080102636704	2.5739375
1cc/3e098e9149829	3.4716188752037316	7.925625
1cd/85c4295e60476	2.1816254792266534	3.8163125
1ce/279c1f5392729	2.016536144502044	9.979125
1cf/8ad32bb1f6a5b	2.226894806615363	2.251625
1cc/dd51a153141a6	2.958772965788087	2.055625
1cd/ffa5888093346	3.383841197064041	14.7063125
1ce/bee169ddb9e96	2.7888845633586414	5.115
1cf/4bfbcd09008f0	3.2132360531880266	11.3664375
1cc/2769288b9d889	1.2682433353074358	2.6905
1cd/c7eb3d3b6bac1	3.139296431392516	2.1723125
1ce/e2143fe717fd9	2.761189806823544	2.596375
1cf/02961a5d8cdea	2.6893859824404327	7.2350625
1cc/f76566150595e	3.325426645801291	13.352625
1cd/d636471de3c08	3.1456385641922715	7.045625
1ce/e5732c9ab9c2c	3.323572317211543	16.3465
1cf/566256405b8c9	3.3748176884187893	13.6248125
1cc/562dc15403c5a	3.273617655000192	3.82475
1cd/30491c8b7c050	2.4995698803190294	5.6234375
1ce/00c3f73b5885a	2.869019676616344	4.6328125
1cf/b2cefcc632005	3.314916939437843	15.255125
1cc/e48e00e43ca82	2.7353937888243665	1.5775
1cd/2b11022acc023	3.2933930663353785	14.476375
1ce/5f6b8f5c362b9	2.8877980789379443	4.503
1cf/f9166cffe62a9	2.845722957984025	4.857125
1cc/fa60890b34a2f	3.2126395065513864	4.5265
1cd/7205566e97478	1.5946469643153978	3.592
1ce/15335ebb6fc67	1.5100258264101212	1.2129375
1cf/a587cf26cd01f	3.2624372420986756	5.6954375
1cc/583cb2c07ceb1	2.8710577965689623	1.9464375
1cd/32a0947f25e90	3.3276149808513793	10.7095
1ce/fa634f68583c6	2.8247574355237184	1.4904375
1cf/8504afe275662	3.0824695165477927	4.586375
1cc/9d41b4626ad27	3.4353816267282933	6.0298125
1cd/946bd9c35fb6d	3.3033601875862706	7.4183125
1ce/d116d8ce9337d	3.003430283940389	4.481875
1cf/fda8f3dcda069	3.3677416937646973	7.7569375
1cc/54403d58d2702	2.109342540436941	3.7885625
1cd/13d62f8509bc0	2.4458290186140674	2.7815
1ce/40653dc991480	3.0030443160153357	6.1026875
1cf/950dd1b6bfb93	3.1679711898907206	12.1796875
1cc/3e3aaca654464	1.87219069687197	1.880375
1cd/3c0cd6e1405bd	3.3513253194578687	10.697875
1ce/d66d74448fbbb	3.1820058991125273	6.0105625
1cf/61ea7b2d049e9	3.3427973823200334	11.7959375
1cc/5bc1298650436	3.1413664418923317	7.370125
1cd/8797ce9f6e774	2.8763864962745753	3.7334375
1ce/311c4a1ad04c9	3.3732283586479883	13.77075
1cf/f88c7237f5db2	2.07444507366805	5.4083125
1cc/cc7fa297c1528	2.7903886929392496	1.60425
1cd/8e15781c47009	1.0681240398150469	1.297
1ce/a5b1867189ec6	2.3996634779848103	2.4045625
1cf/d596994a9e16e	3.1884869436993917	6.0911875
1cc/1600b850eb91a	3.232831744556422	4.3185625
1cd/0c453af8af587	2.039797706311913	1.260125
1ce/4ead864786142	2.2941444826037953	5.8046875
1cf/0a55db0919d2b	2.679144178502965	1.825875
1cc/234c4b3de6db2	2.9585665921339115	9.1243125
1cd/55e4afe8981cd	2.8370344913043537	2.381375
1ce/1ca42be45e761	3.292547583190321	8.268375
1cf/33e44566802ad	2.89395866030437	5.386625
1cc/099608d282178	2.317714013847039	1.4418125
1cd/868ffb6531e1f	2.3051613320941264	7.2099375
1ce/8bba4b43a6307	2.8361465345324333	4.731125
1cf/b0f5c8fea7497	2.885669355883689	1.457875
1cc/b43a7f5062006	3.2478017093554845	10.6945625
1cd/04e66b5934bbe	2.6272107211501443	8.9840625
1ce/4085586ca473e	2.4926188413224084	7.2288125
1cf/91535b9e3dd66	3.145691156399593	3.9880625
1cc/1e61842fd4a4d	2.3856747837058503	2.82
1cd/b567b565ff15a	3.183275572780759	2.5011875
1ce/e2a98980fa9a6	3.2774952144198886	1.6314375
1cf/7802ce22392da	2.762644045735186	4.3455
1cc/85ce2cc88b099	2.186263095097894	0.7684375
1cd/2115ef35df5c4	2.861760075478008	1.7705
1ce/6a3fad3464e4a	2.697211187878568	1.490375
1cf/40d367d523da6	3.137179947314566	3.553875
1cc/6d076e3fb9686	2.7406859278714895	6.4535
1cd/b8096dac74961	2.8442076527008933	2.7125
1ce/0a6097f1003ed	2.715823252760771	2.843375
1cf/23497b006e0e5	2.0079500880467616	0.9620625
1cc/0994019b4b496	2.7481872788840462	2.25875
1cd/02d7812a60a88	2.1632812391124743	1.126125
1ce/0e3b1f55799a0	2.5633440689366274	6.0531875
1cf/57bffd4db1e9a	3.2204407386967113	6.2054375
1cc/b55e7c1cc7b26	2.99405151378785	2.9640625
1cd/1a651562e77a7	3.3523628279615805	3.2980625
1ce/7ca00537ce85e	1.0838437651047514	2.15925
1cf/b6beab7586a0a	2.586465492465354	4.759375
1cc/dd4bfa8c9e877	2.6035162187321363	10.30875
1cd/5238b7e86eb14	2.310003369296477	2.67525
1ce/447e658a21f2c	3.2227870366218405	5.4988125
1cf/96a2661808d9c	2.7695342556021956	3.4206875
1cc/a5567341e2480	1.0917242393274627	1.5015
1cd/fa79617e176bb	3.019484711406239	8.1786875
1ce/2baa31661af28	2.094335091465634	1.97375
1cf/8e11dcf75aaff	2.7006114199730575	5.5046875
1cc/0780bc75c3625	3.2594697056053263	8.32475
1cd/5a462095a201f	2.721293734284566	9.469125
1ce/6a679a7d0cfb7	2.310517463953445	7.195125
1cf/793eecb05cfba	2.669715395819295	4.986
1cc/64467c0af9e43	2.0026442943786527	0.768375
1cd/308c8c2f0afc0	3.0509589949357943	1.055375
1ce/724869f271c92	3.243721034793983	20.7530625
1cf/52151d603ea5b	3.0687742315185242	7.9731875
1cc/118a50b2cb124	3.2348269011615542	2.275375
1cd/b7a62daaf1e62	3.2610386924971015	2.538125
1ce/13bbe8fdd33cc	3.1777481736162354	5.98375
1cf/d27aae8359c45	2.6805433527989093	4.2053125
1cc/19acf261a1378	1.479879878458203	0.9128125
1cd/de01c57340259	2.225852072348848	2.5470625
1ce/c5e0b4436a8bf	2.1293998227617164	1.586875
1cf/31fbc34be046f	3.136106757637291	6.1310625
1cc/bc11a8ed547b3	2.6899367457105803	3.878625
1cd/a02d41a0b4e83	3.3830450934798555	10.5278125
1ce/26ecf795f052d	3.404365907499618	9.30225
1cf/1b52776aea05e	2.102986358803197	5.461875
1cc/d4d905a3c3c2e	2.7558205732035423	5.8415
1cd/eb617d55fd7e0	3.0051021949441767	2.4505
1ce/5b42b92a25146	1.4568601442854003	1.4749375
1cf/7e423905253d2	3.337277715831551	12.7911875
1cc/2b9d28734a0cd	2.93878803787734	4.2495
1cd/a57fc0b46d519	3.3315684196122866	4.999625
1ce/54c641e56a97e	3.29233120313578	9.631625
1cf/966ac403de9f8	2.9769909084259427	7.5306875
1cc/9d435a2a43edd	2.9422478108350854	5.33375
1cd/db8b65936cb01	3.215114296009717	13.8060625
1ce/d3c34373849b0	3.053625069727627	5.1008125
1cf/c965efeb94165	3.0108086188168324	8.269375
1cc/2464620aa58ba	2.3891757633612056	1.9075625
1cd/4d9ac576ab6dc	2.404592527648403	1.441375
1ce/96208742933c5	2.6642113444860342	6.670125
1cf/1a81252d70023	2.9804510687017887	6.9278125
1cc/ef215ed3e5856	3.060619121884553	2.3544375
1cd/20b5a10c58d1d	3.282011877144285	6.261625
1ce/ea0587ba71abe	2.978562541543792	14.5026875
1cf/f81987bf868c5	2.4309792843598297	1.442625
1cc/ff7132c1ef6a5	2.329758149331538	15.859125
1cd/15bf40c2a7197	3.386843780142781	12.456625
1ce/d3b5649469756	3.0006200354628847	10.4616875
1cf/e7255d5198229	2.8223084229761715	2.775375
1cc/e44db8d213de0	2.330564379441183	4.899125
1cd/6884f37159023	2.6297263402775486	15.7954375
1ce/1629a5e687453	2.6949119342550065	8.3341875
1cf/9f94d0da57c35	2.030495006418396	1.8898125
1cc/3d8921b6a5053	3.0949424751340553	2.595375
1cd/daaa605826829	3.10943010331445	5.84125
1ce/79fa2eb933517	3.1722254975773168	3.232375
1cf/63584dc431a5d	3.167813537681119	5.5223125
1cc/90316cb7feca1	1.6239045491277275	1.3694375
1cd/d2540417d95a3	3.2333433629580774	8.511875
1ce/9d8baae4bddc3	2.3338183320847543	7.1925
1cf/b8cbad4bb45cf	2.9758072732564385	7.3676875
1cc/cc1b58b2f6ef2	3.0731921567402565	4.68
1cd/8d0c003b9b7c1	3.2853699734890123	2.8355
1ce/76e8b5ef295d2	2.076681084394302	2.5248125
1cf/d5b050f90b4d6	1.7614767411087053	1.5246875
1cc/0c29e030ed381	3.200823766941025	13.1190625
1cd/e178da61929d7	2.9341798081250294	3.7371875
1ce/5689b086bfc54	3.015207788233278	6.027125
1cf/fb2a2c4094c82	2.991704467234135	8.622
1cc/93a93d228be40	2.2237880505067444	2.0461875
1cd/7127239546bcf	2.6634703167807574	1.941
1ce/0032af1d57917	2.3374547571571953	3.7193125
1cf/5ca63847e5d42	1.8867169322594064	1.14
1cc/0a344ab2d69a1	2.7073451675384703	4.5021875
1cd/59415c48b3088	1.6786351486682278	1.8590625
1ce/e374174cbaee8	2.691722744464633	1.9419375
1cf/1b636baabf001	3.15154828832041	27.1820625
1cc/108086c4b3164	3.1579693210412327	10.4285
1cd/869ad52b71ed5	3.077896872472274	3.2644375
1ce/21e234321ef56	2.6473745892285736	4.982375
1cf/70835030fd928	3.2359302282203273	22.6695625
1cc/84d332603f493	3.2318586433388057	12.889125
1cd/fc16161cae6ff	2.413881689483805	1.28125
1ce/fa2146e718f32	3.1997151367083756	6.3035
1cf/3e38d5735bf4b	3.3588795710670496	15.177
1cc/7a04c26b98c45	2.495807813687111	4.86525
1cd/2ec9d6f8f13ee	3.4112630146711402	13.1305625
1ce/852ed670e082d	2.275607012876075	1.9706875
1cf/cba7528547327	3.532980601120273	8.3365625
1cc/c5f41cbd8adeb	3.1686274115614763	9.1235625
1cd/93fb828eb6842	2.08055655276568	3.2675625
1ce/5f31b201e735b	3.223055763521352	9.300625
1cf/9f6565039d358	2.9147568848838366	13.7500625
1cc/fc8e316ff9c96	2.3424752593630354	9.774625
1cd/699b84512c9a3	2.486933344684754	2.9508125
1ce/fc14b48df584c	3.193513528930654	5.7229375
1cf/af613a34cde31	2.270987266790618	5.10775
1cc/3c963fc85c150	2.1352174318979764	2.273125
1cd/93dd98dc9b2b8	3.3846363485701234	3.4745625
1ce/d34351ff5422d	1.1109410886337985	1.4468125
1cf/8319648407ee9	3.2149867014564366	8.83275
1cc/ec190b67805de	3.327039361887407	4.6759375
1cd/b5a987d9eed65	2.4091089299100106	2.6694375
1ce/b35f6c14d292b	2.271180745782456	3.054125
1cf/e1ad38872bb5c	3.40746310010301	8.5360625
1cc/54b93d4170fcb	3.342598538950664	10.71625
1cd/7766bc24690b5	3.3399856234911636	11.790375
1ce/2f752f94b223c	2.9018741832685584	11.63225
1cf/47bd663aa6338	3.085714868639276	6.1644375
1cc/0b23618e56a62	2.51087367181964	2.3406875
1cd/603ab63652b23	2.0182999302139955	5.64625
1ce/17def35b27362	3.4330353401870766	9.6759375
1cf/1aebb457d5a85	3.4652761885996037	15.061
1cc/b22f42e952085	3.1552421346371635	7.41175
1cd/9651ea2dcc827	2.7871129561091528	3.8955
1ce/95dcc5a48b48f	1.1254857001815257	5.2101875
1cf/6a5b47e788fa8	1.7835154914710887	3.7084375
1cc/3ff15daf4cd74	2.8921442024350603	3.8225625
1cd/2a463126715e3	3.405850256770323	7.6071875
1ce/ff3b9e1ae606c	2.5603297140767225	4.1293125
1cf/993c9aee33cf4	3.0089290106303093	2.8035625
1cc/26391b1726392	2.225604206901084	3.500625
1cd/7d2ad12fec466	2.8154669298001	2.1824375
1ce/e02f8056fece9	3.1010475028704803	7.0744375
1cf/4fc19c014213a	1.570099370947806	3.2153125
1cc/578d2603c0c3d	3.323962096581792	8.261125
1cd/3df382fc63029	3.513446874225129	21.5383125
1ce/dc7a7cc42775b	3.26557653418293	3.019625
1cf/307962d0c8689	2.6861288152966742	1.3460625
1cc/46283c9b7eb1e	3.1766945677471536	2.8313125
1cd/1bee480ca88f9	2.5303733695652655	5.8496875
1ce/5be42f7e8611e	3.0049255087576285	10.466125
1cf/954397065d133	2.1853554819113197	2.8005625
1cc/7ef617592ab9c	3.2113211778474713	4.939375
1cd/a5a68b46427cf	2.7469862542194883	9.2521875
1ce/7b135f55197f7	3.0624101508793125	6.681875
1cf/3c15a81c386fb	3.4125764877322355	12.84275
1cc/96e696de654ad	3.3777007715146006	4.009625
1cd/1a047f31fd738	1.856718143547947	2.259875
1ce/b83af6d349ee0	2.9841195056789553	5.2068125
1cf/6b310ed95c901	3.340287800274372	11.2068125
1cc/66dcdfeac97b6	2.0852315369336756	2.378375
1cd/233aad8437f0c	2.8273925285229566	4.9688125
1ce/92e4664a37d11	3.242252109089963	19.949
1cf/ac03ff2a68109	2.632768048485203	14.961875
1cc/24572e35177e6	2.179692930289425	4.585875
1cd/9d8d7733f2927	3.1630756856260938	8.071
1ce/4d3acd4f987c9	1.8097877575383525	6.769
1cf/ec260857815f4	3.4666284225311563	7.1444375
1cc/74b65d56c7d2b	2.976203739688362	7.7781875
1cd/7d4afd858c33a	1.4067195630237166	1.201375
1ce/9553f7135f44c	3.4216946161270037	7.3750625
1cf/620dfcf93d5e3	2.5223913424219573	5.018
1cc/d3ea9800a65a7	3.453941801024112	12.7783125
1cd/1a567afc9e20a	2.5508835824561364	1.860625
1ce/c7274a1f1f96e	2.3815334217103463	1.9429375
1cf/57efb58c809ec	2.3856008578534604	3.7476875
1cc/9cac7b1eb44f6	2.9135698520399673	7.190625
1cd/62c2c735629bb	2.1479956581693354	4.827375
1ce/150fafbdaa97f	2.996572365774109	8.7428125
1cf/69c447a1d6a92	2.7748864457326077	3.3374375
1cc/a46048508b82c	3.335210544890434	5.9208125
1cd/6817b7f57bf65	2.7088519683062944	4.5925625
1ce/3297c890b0bfd	2.1659239313611045	6.2561875
1cf/549772ba62137	3.018385353428074	5.74775
1cc/a9d837297358a	2.8068413408448785	6.603
1cd/94f8f194d34ff	2.955935582920891	5.29625
1ce/e7cc5959c99d5	2.6080980182417575	5.6239375
1cf/27ec10aab1732	3.0145878761189366	6.3435
1cc/708c906fa1f24	2.470694472155631	1.9284375
1cd/ba5b1d96cbabd	1.6754860551124204	4.05675
1ce/6fb370f99e418	3.0394143668349387	8.4936875
1cf/69698e01a1f85	3.4045622941785485	5.5848125
1cc/2185316530a0a	2.496121738230861	7.2114375
1cd/269963b4f97d4	2.177963900554015	1.515125
1ce/beaf21dcfef57	3.4105538007359386	3.9895
1cf/3cef04fcd011d	3.091317209221286	8.34975
1cc/e168f4a7715b1	3.2904671665589573	9.4173125
1cd/0e0ceae0f6055	3.149502125216323	3.1764375
1ce/dc9b661fc369e	3.175322488185007	5.2561875
1cf/b302737c8ee76	2.1669217809641	7.2608125
1cc/5b51a72c05110	2.7385874663276764	7.1798125
1cd/035a190e01a55	1.834913224497555	2.57275
1ce/d58117a97361c	3.1321703352439787	5.57075
1cf/738e93e484da3	2.9681979130366205	1.934625
1cc/21d58e56a145d	3.1877502303485996	12.4901875
1cd/f99fc503c4531	2.7597934988561086	7.2965625
1ce/75e57d52aba7b	3.3764021947345113	2.9069375
1cf/a44a4a757eb52	1.2059532462780393	6.8311875
1cc/3fa74eec7f24c	3.2291209667470735	3.8786875
1cd/555d94df5b4fc	3.1214855211399493	9.7154375
1ce/fe43c7000e8a6	3.2584431324415872	5.5990625
1cf/9c6325213217f	2.850321513214244	4.7095625
1cc/e7d473deef0c3	2.7218438066438844	14.150625
1cd/a80d5a6ae5b47	3.468248109991928	9.5845
1ce/7c2aacfb2acd2	2.9905738093305647	2.5569375
1cf/59855058ef229	3.1810326508335143	1.768125
1cc/a5c12ea2dfb60	2.8078044161378006	2.6258125
1cd/7461bd10dc463	3.3651578508945574	10.0474375
1ce/e7ace29622097	2.7903935148971257	1.6340625
1cf/05d74c8a48b08	1.400927410196068	1.694375
1cc/342d469bcb5ac	3.213745949967393	8.9860625
1cd/e0425451ef423	2.685957345143554	8.1880625
1ce/638fa9923b6ae	2.9613068361334145	10.1335
1cf/04622437444b0	1.4444307560870953	2.2968125
1cc/1831e0020bef8	3.379257098871231	10.9189375
1cd/29ab352c21f97	3.0186849992692895	7.93725
1ce/d2d91b5fb50fc	3.4401319572590063	11.17975
1cf/6decf36c319d8	2.503403075641641	5.1633125
1cc/5065a0a627bdf	3.182954443206468	3.8745
1cd/cc2010f114d55	3.2494674772560983	6.253625
1ce/fd964912d16b6	2.636993753727104	5.202125
1cf/23c89c1dd2792	2.8707872266232384	1.7890625
1cc/d2bfe626f578c	2.6108209897740107	3.689
1cd/e43423af0b006	3.1404769720092625	3.1179375
1ce/a0cb40ca15a8b	2.756569786791221	6.4639375
1cf/c3cb0753561a7	3.268308568540449	5.244875
1cc/c4a2e5299ef8a	2.2072472182961027	1.80325
1cd/8ee565c722625	3.2808111104753834	3.3389375
1ce/251481d5e4e78	2.5298607797593307	6.607375
1cf/f6a7f2e000364	2.269882038627879	8.3384375
1cc/d319f84c0cffa	1.9031469850301674	1.0129375
1cd/d19069c133586	2.907113515532625	4.729375
1ce/dfb35448e13bf	3.3561143058445118	5.6788125
1cf/24789c820d887	3.422567390538309	4.5564375
1cc/8b3d40c1d75d9	3.2988550317881247	21.93025
1cd/441b6fa347950	3.2962369132795786	7.1411875
1ce/960848fd83ce3	3.2490916847872637	4.0851875
1cf/e25137f91fedc	3.211775689031189	6.1086875
1cc/33d15a77ef7a4	2.465503408719118	4.3580625
1cd/98ec61563886a	2.726318383863595	7.1781875
1ce/1ccdfa79e1495	3.309949503612253	7.10275
1cf/b0f7dba7f6634	2.9946915461065884	6.020125
1cc/836bfe497d77d	3.3603020101426373	8.804375
1cd/11117195659a1	2.377548116920034	2.8371875
1ce/e57a11bced40c	3.2522254057076765	5.3003125
1cf/cf6d7ecdda0c8	2.7941547492218457	10.0380625
1cc/361bb4fb4cc6e	3.0436619563775857	3.109125
1cd/a12a9ddcd1ceb	3.385627887592868	19.054375
1ce/849e8d9f6e0d5	3.327784045650907	8.686375
1cf/6a960430295e5	3.427130089993646	4.37975
1cc/a5d6d6bcded0e	2.409755856042517	6.463625
1cd/d323c5c9614dc	2.750099710595696	3.9865625
1ce/63cdc129cd0a9	3.3409497916267763	10.5836875
1cf/75dc1ac24d9b9	3.152110196515284	14.1841875
1cc/61419b680e496	2.5800062425917236	3.7713125
1cd/0a8420db2d3fb	2.3101071465360623	2.138875
1ce/3b0cfba104d8c	3.3123533716273337	6.573625
1cf/698a292a1b808	3.0793168484736335	3.493875
1cc/02f657a99fd52	2.6333113775883454	5.1834375
1cd/4cb0f17c7490b	2.934734523685102	5.995
1ce/41bc7648493da	2.1502143286568836	1.0191875
1cf/b67e81ff209f4	1.6047924233135278	2.85625
1cc/d21730f2c57f7	3.2996220372618064	6.5658125
1cd/a532c66981132	2.973662955146725	2.282
1ce/f929e5b749243	2.4184425856860363	1.754
1cf/9dca2364d569c	2.6934801378676827	1.6711875
1cc/14bcb171ad6ec	2.834092361322709	4.9560625
1cd/ffe38fa10d9cc	3.2952697783999736	4.9705625
1ce/eee54287f3307	1.6348873919102531	2.1138125
1cf/753420c5c43af	3.1884176741263635	6.95025
1cc/9438c20ce60eb	2.950917946706603	5.3179375
1cd/621c67b01b8f1	3.437158992491215	5.9080625
1ce/57d70c4a84577	3.310649534821869	4.22975
1cf/6d4ef2a2f5f1a	2.362940165260946	2.660375
1cc/4071f0db3b2f2	2.839027587418142	4.344375
1cd/5f393bda4db63	2.6716067811371156	2.6229375
1ce/582bde51ef7ef	2.310878461128067	6.93925
1cf/ed3e1dd863530	3.3107087118766514	4.48875
1cc/c91cceb131dc0	3.1529566798493947	7.056375
1cd/fb010f4c56dea	2.4482896525827345	7.05725
1ce/721e2917dc5d3	3.031292834473942	4.672
1cf/2a91caf8c89f3	2.5756109652049632	2.074875
1cc/fda4d8cf7753b	1.6960241631012518	3.4569375
1cd/e5543f06b6625	2.1497368080716504	5.4408125
1ce/3231744c3757c	2.29598121060663	1.29825
1cf/468b7cbdf4101	3.3330388216670417	9.5715625
1cc/d15c342e7e673	3.372687134613303	11.40275
1cd/01bc9c17dfebb	2.885109970791291	2.5451875
1ce/2d6c84e67805f	2.458775943948974	3.5045
1cf/171659dfe2518	3.24277283601468	3.960625
1cc/ea0b1daf214da	2.9808477955544466	8.444625
1cd/51edc54d46f8c	2.913841455810386	3.6416875
1ce/222971bda1ac8	1.194390530147209	1.5804375
1cf/f9b151f28500f	2.6980356083441213	4.3381875
1cc/58fa892c6ac56	3.0861354626199007	14.3405625
1cd/0498dc6009ea3	2.912429379929956	9.1588125
1ce/c19adcf5139fc	2.14195738151998	1.48975
1cf/7aded3859e8e5	3.051637750008815	3.1021875
1cc/21f3cbbc4e54d	2.8838935251036744	2.4510625
1cd/b9b3c1449eff4	3.144542346362639	4.4166875
1ce/267b5fac83b1d	3.297320762895017	9.655625
1cf/1e9d4a06c0388	3.2973256723253366	5.5363125
1cc/7415a6e8e8c73	2.308499460745699	2.909
1cd/099041128adf7	2.61903132533442	4.78025
1ce/285ccc680b748	3.2452464210916294	4.936
1cf/f9e4654e79532	2.5712890362809886	2.421125
1cc/93fa8d6ed0dbc	2.9649769264777124	6.0528125
1cd/58ce46ec87295	2.396555371344256	4.319125
1ce/1fdee39d9242b	2.551214700710549	13.1763125
1cf/aa2080bc8153f	2.95437976629483	5.348
1cc/ade3df1b6cfd4	2.352203469596375	1.53725
1cd/4e49d597c928d	3.218005061163082	10.4945
1ce/f6002c09e6d0f	1.0660126817866555	3.9819375
1cf/b42dadcada669	3.1831325803128157	11.4416875
1cc/e0d5799922a35	3.182552640043952	2.561875
1cd/1e720350f125a	3.6293269226379072	8.72175
1ce/247fac954ad7c	3.4049789720891397	3.6714375
1cf/8d66b130b1134	3.0972765084044296	5.578125
1cc/b0430779c4702	2.013152859174473	1.48975
1cd/69147c2693604	3.2365219570656336	7.454625
1ce/4cf2bbdfb4851	3.2463206015799737	6.0530625
1cf/9b49f893096a2	3.427145266263846	2.6761875
1cc/b24ccb25237fd	3.4484037422829945	14.717375
1cd/4297a5e77ed6d	2.3131743235739486	2.792625
1ce/2bd3d994826a1	3.361108472556335	3.741375
1cf/a9121e3b92c26	3.1347617269616155	3.698375
1cc/284d4e56b6a28	1.8900208600293766	1.5380625
1cd/ace2d974cda04	3.2267275030392564	22.3236875
1ce/54b75502de210	3.495978240747384	9.458375
1cf/62cda685fd422	2.5783401156246506	2.07975
1cc/243167d03412c	2.71573959337229	14.7261875
1cd/537deba8b3668	2.6406780195009216	5.4910625
1ce/8b25461a3b405	3.419127617354491	15.8321875
1cf/a57dab394c28e	3.3519891922200586	7.304375
1cc/66af4d5b715b8	3.087692773912071	11.0568125
1cd/afa132c472ef9	2.749090786935321	2.5059375
1ce/77768b706d853	3.207008609628057	13.4394375
1cf/92d1fba782edb	2.6801681748834425	4.4536875
1cc/eb1d52c54f55a	1.7218086120828244	1.7348125
1cd/0951cc62027a8	1.9473404682939734	5.2091875
1ce/36fb157ca439a	3.3552606291654037	10.2371875
1cf/8eb23555e557c	2.8178068984029196	2.1481875
1cc/a75942e2c366f	3.317572705846809	22.2979375
1cd/8564c3cf39187	3.2569665693805696	3.5273125
1ce/2d6386538f22a	2.36960292958951	5.8848125
1cf/45fd87e7a6991	2.2059586572870726	1.410375
1cc/5d7feac3c1793	2.4946158947980166	1.0090625
1cd/f8e2351475abb	3.0809703664618477	4.799875
1ce/5cf43e94d7513	3.0127139321604393	5.350625
1cf/4dbd07ae01c5b	2.3809036344129337	28.8751875
1cc/3d63fad5aecdb	3.176826565547705	2.98075
1cd/b1fe8899580c6	3.2602335496073565	9.10125
1ce/409b0109db80d	3.118868852553574	2.6093125
1cf/bd96245aad58f	3.1703637081192912	5.5005
1cc/e2425e9e9bde5	3.011547915934552	7.253125
1cd/abf64c2cc518f	2.546419007054843	2.3800625
1ce/5978f22da92ab	3.304141072568664	1.9866875
1cf/f2ff4f43cc5f5	3.0158934267274087	5.60425
1cc/f8be9a1f70c61	2.90363868067424	15.189875
1cd/24b5842aeaa40	1.9925482176121843	3.2169375
1ce/603a7a350a722	2.8263414584710804	9.486625
1cf/c70465935efac	2.175759191115138	2.141875
1cc/a78c8caaa099e	3.064733036101105	3.9948125
1cd/e6e9b0e6d67ae	2.113866659193172	5.578875
1ce/a44aaa5f839e7	3.313715798278897	11.38475
1cf/b9b8d1ecacb52	1.447988972263617	2.2399375
1cc/e8c72f18d97da	2.406342567338373	4.393375
1cd/68e6b997cbe79	3.469139068291824	14.6076875
1ce/0524b327c55ea	3.172507981304295	9.8115
1cf/f26fcc355dc09	2.7348455714650686	2.1640625
1cc/6cec29fa8615f	1.5846977602584453	0.7346875
1cd/71508523f8f78	3.297868174228659	12.0388125
1ce/3e62ec8a3b0b0	3.2142350286854136	6.831625
1cf/e4705c672c591	1.8115423362610286	3.440625
1cc/618f31dc885a6	1.8802755215575293	4.794375
1cd/6e566c18289b0	2.425283385697502	2.499875
1ce/1a7a8679d5662	2.8964938558089672	4.3048125
1cf/82c20d6e79794	3.3583629639660684	8.0536875
1cc/a9cfe1739314e	3.0997075163263945	10.9518125
1cd/1791affe36021	2.401050836463741	6.14875
1ce/f63ce64d1e818	3.148175079014901	4.48125
1cf/7a6ae81ce9b0b	2.4767361424931202	1.409125
1cc/b3bda15c1de83	3.4437853392276865	8.0731875
1cd/c860fbfb0dacc	2.5640197287833715	2.21125
1ce/ff8ddb81e2966	2.6580613973458904	8.5163125
1cf/dbd9ca109af0c	1.848441163006057	2.349375
1cc/4d226165138f8	3.151327860553992	12.656625
1cd/e516eb4d7fdaf	3.0940042371525047	8.29975
1ce/6c8dbb6a82a43	1.1527659430233117	1.9035
1cf/839e7a7bf1c7d	2.852060235439414	4.2458125
1cc/29ec085a3b4f1	2.639878529733172	6.2844375
1cd/94197da255a1b	1.6595012158427853	3.1516875
1ce/db100b8ab24c4	1.8918687783463406	4.158375
1cf/eefef45ff4af7	2.372015567092847	2.452
1cc/d86b08b97a87a	3.286428186396901	15.55075
1cd/67cda17c03c4b	2.6021884895270895	7.190375
1ce/e986e59b91107	2.7121974693659947	2.4330625
1cf/3ccfde33e92fe	2.477266541366969	1.5855625
1cc/8c6b4b000e472	1.7922480383000594	4.222875
1cd/7d2572de1b2ff	2.4186119751353656	2.5185
1ce/ab3e2e71e98fe	2.9001243459645516	15.7206875
1cf/6322a04d28d66	2.172030336050946	14.3910625
1cc/e43eeea28f6fa	2.4388063320170055	2.879625
1cd/68bd9392e6bdf	1.3904842380692317	2.2711875
1ce/f95b6bf875cf1	2.6286081607279335	1.104625
1cf/12926799ab1d7	2.693770302428693	9.2658125
1cc/165a053dda801	3.2155913463257457	15.5576875
1cd/232696f78cfba	3.040595316039244	12.0073125
1ce/a9125608d6b31	3.293974062318135	3.1501875
1cf/84daefd13e52a	2.6509011888479495	1.7305625
1cc/6fbec2c6c20f1	3.3289286774858127	17.390625
1cd/28df943385a13	3.3264875904022495	4.6625625
1ce/1ca3db730618a	3.315602770227788	8.9481875
1cf/e1682ad68179d	2.9529639231838636	15.1056875
1cc/69151764806bd	2.7170967633256953	2.4038125
1cd/69a19f9f71d56	2.4718005235350518	3.3473125
1ce/8590fdafa0620	2.9710371056400273	3.6269375
1cf/183554a6b85a2	2.976178293806356	3.6984375
1cc/1a0120ce322a2	2.85197336001714	2.260375
1cd/14f2d5eccb806	3.0516281499393836	3.6243125
1ce/df07bcb49a602	2.8727625833831567	10.9560625
1cf/eacbf60aaea0d	3.2112360236692497	3.799
1cc/f46d8d87630d4	2.383891675094778	1.874875
1cd/6ac0371eaa31c	2.1639490128680223	1.2010625
1ce/9c22f04c2e34e	2.7560673696954887	3.1716875
1cf/1cfde13075dbd	2.9027755812452196	7.823875
1cc/91a95670d1973	2.885699241349258	6.7611875
1cd/0867714aed130	3.3637916901984846	11.2591875
1ce/b60b049910593	2.7779931236104987	3.0685
1cf/3fba5a5daef19	3.167491957060035	7.897625
1cc/aa3471f5d44b2	3.256413780220413	5.622125
1cd/d0a64c6176aae	2.6284469763322975	3.251375
1ce/d38932c69f04d	3.043649950974658	10.78175
1cf/2eff0976d7ab9	3.0104378869272637	6.9430625
1cc/e141834fb703f	2.922179782262423	4.8205625
1cd/1a29c0fb84400	2.21846443813589	2.4095625
1ce/0abf4bce0efc8	3.163155069147115	7.943125
1cf/125663154ec98	3.145701575826049	8.88425
1cc/c26e76e469149	3.194120389593965	4.454
1cd/7554c73a15080	2.7749036342499775	3.366625
1ce/2ba7d249bd446	2.5544580448344267	1.2358125
1cf/037c631d7b9fb	1.8207022818114709	1.581375
1cc/3f285dd30f3f6	3.2453671310196204	8.9346875
1cd/54361aae7ae52	2.7308791134127053	1.6980625
1ce/78a982e422a43	3.4534869769893866	6.0408125
1cf/4c2499f703ebf	3.20557861060488	3.75925
1cc/2bb0ae81661df	2.1798288219529613	3.13125
1cd/a95bbbf9c7ba1	3.1641199637403665	3.0648125
1ce/d9cb4af05e241	3.3536751037924954	7.8671875
1cf/11dd93a5b7065	3.1873033762431517	8.7374375
1cc/1c2534a674045	1.8458161355390201	0.8206875
1cd/bf86243a41582	2.9435146802174432	5.851875
1ce/d074c22f74c8e	2.08738035571966	1.2010625
1cf/f95eb41185e88	2.9982757395605955	5.043125
1cc/671360228fefc	3.250329794393845	13.35675
1cd/07adba09d7380	2.51619149189897	1.6553125
1ce/7fe45cd129b79	1.086088451673208	1.5584375
1cf/aa9dac1e2c70b	2.1530993383727854	3.6720625
1cc/67d0d116ddcc6	2.7432154093534784	5.71075
1cd/bb64753148c60	2.1667227181686233	3.9429375
1ce/d3d4fba15e2d1	2.947699885274234	3.93775
1cf/e61c3890cbc88	2.332622433184725	2.4019375
1cc/c0affba7f280e	3.0644167656170254	10.66225
1cd/f0538f286f6f4	2.860824985853612	5.6466875
1ce/da4850c7f2c2d	2.633700935224283	3.921
1cf/ff6244b10dd92	3.387603704963187	8.4443125
1cc/c0200465f06df	3.371409572303869	5.1526875
1cd/924c40b47abd0	2.108002792068164	3.9606875
1ce/c70b0de9551d6	3.239811739814693	6.05175
1cf/e671e6d25e017	3.339303505143267	4.192
1cc/d4e13c2ac2c0e	2.8887826027307097	2.8195625
1cd/528f4e297937b	3.1821907015529187	3.85775
1ce/6f96d71402a04	3.3364042055255156	6.9708125
1cf/fbe09fa57393f	2.4111206831686385	3.4229375
1cc/ad0c6c6c12560	3.1782573585179983	4.351875
1cd/ee9cbda3fb0e8	2.8394328395371353	8.8645
1ce/56265b564abb4	3.040092824316714	1.707625
1cf/16d05ad1b6743	3.0513722131012186	10.13125
1cc/00b1c59079af8	2.894367647193415	7.2330625
1cd/b2e93c821eed0	3.1597153893846155	13.2141875
1ce/8d5a5d30126fd	2.01369492042913	1.25975
1cf/1872b224184c6	2.577924268990552	7.043875
1cc/679ffdb96538b	1.1107997311839604	2.26
1cd/fc4b9a28e5816	2.6554106096695453	1.9896875
1ce/80f9514f11a42	3.2228089817551293	9.1945625
1cf/68aaa6c4e5b7a	3.032829755530305	14.221375
1cc/da87bcf70cf37	2.0965314252198497	3.1791875
1cd/3bcc736f6d1b5	2.926056209260793	1.0806875
1ce/e9e121de234ad	3.411928922987186	8.43625
1cf/55586cbb41d98	2.768141082709427	13.7874375
1cc/55460c0f56b40	2.899984157876319	8.024125
1cd/1310870ccd378	2.714556682284357	2.1664375
1ce/e5a91f3c6147d	2.037612912729621	1.7585
1cf/4fa6146bc9232	2.8140897496866786	6.9068125
1cc/7efc3502c3401	3.327034565697987	7.0325625
1cd/2618449958045	2.722327812740943	3.077875
1ce/f90e71b11b04d	2.485535688304946	3.0030625
1cf/6ce07eedc2482	3.245145463322341	21.522125
1cc/e643105b73367	2.8745529351534342	12.262125
1cd/f7f0563ec7f8b	2.245811973574372	4.369125
1ce/12913ee3a33db	3.3310065766479613	8.9109375
1cf/a5a4e2bd09528	3.3727523467784666	7.465
1cc/f938b067726b5	2.475321079491114	2.665
1cd/62c8001a77416	2.6373758170814137	2.9249375
1ce/a6a02c0f3e340	2.3954771631350678	2.694125
1cf/5b4fb0ededd80	3.066054664320497	6.9599375
1cc/6cf1e742cda3e	2.096605704313122	3.6253125
1cd/0d7de0d468e97	3.3019318287925934	6.406
1ce/952689e102c09	2.891709700417024	8.8509375
1cf/5832a51555577	3.4163304332659745	3.170625
1cc/247f91b583d88	2.107349407650451	7.224
1cd/d37569a68af4f	1.875709553760754	1.92275
1ce/9e5b2e1ed5d67	3.4047487518826105	15.501
1cf/63620be10dcc9	3.2771745433899397	2.966125
1cc/d739df2b567f5	3.039933692447666	22.907
1cd/4a6161a081c9a	2.917969324315609	1.5976875
1ce/1fa1ea9a86398	2.8744010394983364	2.7394375
1cf/f57354856e2ea	1.8841250959396378	1.1054375
1cc/2c90425321a0c	2.743405843080117	6.592
1cd/7ba3125057654	2.5245540999548597	3.9824375
1ce/6a97b21877f64	1.0981443729138256	1.8984375
1cf/35c8afccbb896	2.331407852853655	1.1535
1cc/ab1832d12907b	3.2908685301381673	7.45325
1cd/38aaa07fdee0a	2.4467832291731884	5.001875
1ce/16e3c41482389	3.4267901439556288	4.9140625
1cf/e980d54b85ad0	2.390730477801661	7.840375
1cc/a6ea117aaf84b	2.7772185529394675	2.5728125
1cd/dceceabea0dee	2.8525018934508073	3.2709375
1ce/62c7075f836d5	2.408790087018827	3.005875
1cf/6e029b171b9dc	2.811227892266315	4.952375
1cc/0fcca1d0eea5f	3.1430496910814147	12.506875
1cd/03ba272aebcaf	3.3504286631226354	10.861125
1ce/bade36beedfb9	3.325696624433163	8.9205625
1cf/4c0d1c572c4d6	2.000859049513818	2.080125
1cc/25a23f4c4ea14	2.543916817041227	4.81025
1cd/e3d301d672e10	2.8157078323960643	1.8940625
1ce/8817468361de1	3.1642511202592267	3.8850625
1cf/5e187025c062c	3.0008142239946545	1.7615
1cc/81decd2b864c8	2.925535227613967	3.1534375
1cd/86363e0bbf31d	2.738818693419826	7.368
1ce/a29b9d6f41336	3.4768305440919383	5.7705
1cf/b8ea961d831d1	3.1359250656608744	11.578
1cc/e60f0dcab6787	1.2194304779138996	4.803375
1cd/d97bfa962d86d	3.222448434609967	9.2625625
1ce/2d18b6f123038	3.293118695646554	6.0339375
1cf/119fc35f2a1e3	2.0720161871458926	3.0806875
1cc/e1ad6696192df	3.3454053835585364	4.79375
1cd/925a5edc6e8bc	2.27609178258255	0.913
1ce/167eb8a644d94	3.0738128493549026	4.7298125
1cf/3ea798fb121f1	1.3715808035780466	0.960875
1cc/1b488b5f33f36	3.4004687088558643	3.9044375
1cd/83031c49f4027	3.2320301002384575	2.5791875
1ce/bfd83b942f07b	3.3384318088634424	8.2636875
1cf/49fcef4658fbf	2.5899200163474014	3.5029375
1cc/7b46b032979f1	1.1365551935434601	2.21125
1cd/255924e43ce01	3.322189692186558	13.6501875
1ce/30e8943a59fcb	2.7940395748798217	10.745875
1cf/1becdb6321e67	2.8742388001726416	10.2154375
1cc/2958d6c4bce1b	2.906350314145398	3.1593125
1cd/239553874eca5	1.8815156105461581	4.1609375
1ce/03331f0d18239	3.0616234621349863	10.9349375
1cf/c66b108eabfca	2.5105892155407714	8.9995625
1cc/f2c7c407c2188	1.6800947500137646	2.6418125
1cd/a59f642ba9a0c	2.3696901029160897	3.7240625
1ce/136a5ca9a7629	1.9080462811398242	1.255
1cf/bedc69e51762c	2.597349382933824	8.6005625
1cc/37b40acae09ae	2.972994912843962	6.5116875
1cd/c5547bd7558ea	3.0690023683985848	1.4175625
1ce/41296e7166b12	2.2315173660727368	2.2416875
1cf/dbe81b1beb3fd	2.1679790199598292	5.75
1cc/597f7686ca62d	2.4760954831798996	2.1161875
1cd/012d77379e5f2	2.3474166466783197	2.4476875
1ce/09163b84942c2	3.272429461411338	4.0103125
1cf/b80b72f8effe4	2.360504927581783	1.6824375
1cc/a4491fafd3540	3.2743803924723607	3.2444375
1cd/603d0666dab65	3.256369099222738	7.5660625
1ce/a9d7f206c112e	1.908953723737238	0.743875
1cf/c55b9cfc43f14	2.2442838664556426	1.6826875
1cc/a18067b07e050	3.0107425636683125	9.05125
1cd/897f1a58d2d26	3.041417555350246	6.616
1ce/1149ee3a2b796	3.176400186898423	6.3049375
1cf/ad4553426bfaa	3.2667375210699814	12.309625
1cc/cea582181fb60	2.0034276504809307	6.5285
1cd/8a2dde4333ffe	3.245333530745412	6.1023125
1ce/b46da8a01670e	3.217085073456066	3.3255625
1cf/43545f0d1984d	3.256208383232565	7.2003125
1cc/609d279aed28f	1.8170007720304406	0.7684375
1cd/e7cf61ff24f77	3.44663735670235	12.7430625
1ce/7c4fba29e9843	2.9577816807730977	2.547125
1cf/b22b383695eaa	2.8654184093981234	2.6436875
1cc/583af428aa2b1	3.227133230401553	5.0926875
1cd/ef69842365a0b	3.267839400098452	6.680625
1ce/4301a10721df9	3.3156489275234318	7.507875
1cf/c73fea475e5b6	3.077989720103212	6.9824375
1cc/e3b9b298cb8e1	2.578392868657221	5.0170625
1cd/2884b0d13b255	2.8719494899384537	6.0879375
1ce/ec58e25c3d969	3.2365663582933837	10.3105
1cf/71c006d4c22ad	2.709892058416663	16.381
1cc/57aa584887871	2.547969736489184	7.907
1cd/d8be2fd10fa51	1.0832838850899982	1.2055625
1ce/315be26e835a2	2.9087334308770303	5.378625
1cf/0a7666a6e1df8	2.643369491828982	1.8068125
1cc/6bd06e0d4c689	3.2943739622173145	5.870375
1cd/7d8320e31b5e7	2.8084721624717908	2.6935
1ce/d2dd1470cc974	2.8207226298767307	10.087125
1cf/80280cd87950f	3.1431338944235576	2.8574375
1cc/0911a1f8f9317	3.239229287132311	2.5461875
1cd/5e6e40bd19560	3.40259147036825	11.9658125
1ce/42aed450e2d99	3.1583954314523055	6.2564375
1cf/4d11db178eaa1	3.2535364627695196	5.286875
1cc/84859fbd9bab0	2.1955113066834633	6.725875
1cd/9b285f80e2ab8	2.303635816950563	4.7120625
1ce/3e219eb4a4249	3.331073763240108	6.7190625
1cf/c9bb4d943234f	2.639377849799716	2.4050625
1cc/04c3c6b084b05	3.3399706728296836	4.2755625
1cd/a537f854f05f5	2.9567509157047596	5.275625
1ce/dc9c7b2fcc75f	3.135848074515996	3.8635625
1cf/90cf3e0ab4c39	1.209328432568278	2.530875
1cc/aa415433958de	3.2012245563460566	3.8945
1cd/e871203ff96d0	3.006510738400307	3.489375
1ce/f729b27ec59b0	3.178839545127686	8.7398125
1cf/9d566bcbe8887	1.8788860289835023	5.3066875
1cc/f904a632918f6	3.1858368515936397	2.8988125
1cd/47e7edc34b135	3.2918014483386813	11.05425
1ce/69bfcc83d2954	3.4570630339568673	6.038875
1cf/8f095f948f9ce	2.320596525061623	13.3045625
1cc/e690150dfe388	3.379159264382586	5.0226875
1cd/5d6330234c349	1.4947974322677102	0.86475
1ce/58628ba379a07	3.4797446812483974	6.8683125
1cf/d3d9e0a021b91	1.9063509339598932	0.7684375
1cc/134766d218ec9	3.0575225023608654	4.6830625
1cd/b3903e8273f0e	2.6613142984415186	14.1170625
1ce/4202f835e3bcf	3.362946449351988	21.099875
1cf/d2802c6a7edee	3.3161447209193926	6.806
1cc/f88bc9f31cd71	2.345842456609475	9.258625
1cd/5c1004e79c51a	2.8067508310480243	7.3823125
1ce/4f2ccce8fdfcd	3.334844369179019	17.5235
1cf/cf69f6a6ef6ad	3.1911428170842373	6.3346875
1cc/dae3f82139d89	3.1921763335048876	5.0921875
1cd/8a73c394e9720	2.5921981291660785	5.6591875
1ce/3467b16c2ab1a	3.090887745751759	2.3628125
1cf/33fae539b2837	2.2079088056504093	4.2491875
1cc/3b5c56941eda6	2.272149322818198	1.6825625
1cd/29b594ede320b	2.650397182076885	6.561375
1ce/55ebc87243ab4	2.6719092003174816	3.6836875
1cf/30adb1ee3119f	3.209199805288872	4.9928125
1cc/72e78c8e41800	2.3404709894607585	6.365375
1cd/e8afb87fc9a5e	3.1185542645372513	8.720375
1ce/b8fef816acded	2.3747695381321234	4.5224375
1cf/01722539e1fd9	3.0434938267341036	14.72425
1cc/62c24d5a62198	1.8422411323915993	1.9934375
1cd/b0e78482a651f	3.3024155266564987	3.3323125
1ce/3af28e368fec7	2.2421006447732923	12.315875
1cf/888813cddeda0	3.388818158084297	16.85825
1cc/57f164d257787	3.2746222614244056	5.93025
1cd/18278c243f288	3.103417514768178	8.82175
1ce/b9ead0ecedfa8	3.176178134562003	2.0031875
1cf/ebfd2857052f0	2.866740060990085	5.76675
1cc/2839362910f3e	3.071307007194374	8.116625
1cd/23c60e9aba4ea	3.4772189267270126	9.259
1ce/4f375fa3db2f4	3.13432144812298	10.2794375
1cf/62e27c818da5f	3.488963518470217	10.31825
1cc/b07367f7f9b3f	2.272083902414638	7.7346875
1cd/f835b08fe8905	3.1422489406391443	2.542875
1ce/d2f4931e0dd48	2.752741498148018	3.46625
1cf/0c82bf495ddc6	2.6338101386839874	7.6164375
1cc/9dfc5c257e285	3.2861634540455333	3.7381875
1cd/11c72d6ee0424	3.4374802971738054	14.7305
1ce/118b1e0dceef2	3.2186830596633023	4.87375
1cf/62ad67d54b80a	3.0376793029703415	2.1531875
1cc/369d4b9149b21	2.439970184437932	7.6656875
1cd/5acfb0acb1ab1	3.2473824266285054	5.1346875
1ce/defbd789286a3	2.4148537006623316	1.1528125
1cf/e39446675100b	3.299151109939406	2.8188125
1cc/7e2252898f970	2.47780307119405	6.8573125
1cd/e0f35085ea191	1.5475777519377434	2.217375
1ce/494f4f8865976	2.467786595588687	5.824625
1cf/a686d71c1d279	2.870499061490272	2.2944375
1cc/1efb300ebbd81	3.2465389215501834	5.392375
1cd/138dc1e2b453d	2.7869736413290522	11.0240625
1ce/ae7016fb27ba8	3.2672880101745996	3.7088125
1cf/73a46388961f8	3.409255132468502	4.2339375
1cc/c6f8d4bc36200	2.473220447312745	29.8538125
1cd/15606b7538026	1.4454331824520865	2.6465625
1ce/e1e92db5b58b6	3.207802066205754	15.9946875
1cf/f80c5cbe225ac	3.2297135337947624	4.0236875
1cc/1cca1f7fdd6e6	2.673012104275611	1.854875
1cd/565027dcb91e0	3.279168861003117	7.28
1ce/4c24308e41fe3	2.127547433415385	5.8944375
1cf/e9cc5aae46595	2.8129312276312186	9.956875
1cc/7874ebe0e41d7	3.3234026868803364	5.0133125
1cd/d7496c990df92	3.2814321111807025	4.62475
1ce/e7fea204bdc47	1.1185137833581966	2.826
1cf/cce365e8fc644	3.0538003425169813	10.5994375
1cc/88e9aea84fbda	2.868244887097765	7.4004375
1cd/6799086709e15	2.2402871713754484	4.309875
1ce/6e7db12c2841a	2.128770843173848	1.354
1cf/4fa6cc3325ae8	2.762586726957235	6.597375
1cc/15b3fdeb4a135	3.038946233380822	13.5888125
1cd/a96d4d0db1ef2	3.2503457509898688	3.9853125
1ce/d1307a9f47905	3.110015748784688	8.382875
1cf/0bf171a082989	3.4010965619179383	12.3830625
1cc/bed3ba18f8cc5	1.1346433713072852	1.7994375
1cd/f5106a867df5e	2.7244444728801156	2.7816875
1ce/207729efeb3d3	2.431876347161774	2.573
1cf/694e8b79c5efa	1.2253450724837913	4.58525
1cc/799ba51a3be2e	3.149920266274032	17.11975
1cd/b4167d655d808	2.4665386514719065	1.68925
1ce/cfcb4c7221005	3.3721024694205677	4.7180625
1cf/1c4ea5846dc17	2.926507891128522	3.46175
1cc/fbf3772ce4d31	3.31940697305853	8.0079375
1cd/a5cb68060f309	2.6769780567772608	23.6893125
1ce/268eeb822a9d4	2.2752344035865777	4.0085
1cf/808a16c907541	1.1017929210218462	4.4833125
1cc/c14441c544655	3.521760975230166	8.02925
1cd/b684784ba46a6	1.8341769979284492	3.4626875
1ce/3b7fbfa33b083	2.134466319135257	3.102
1cf/9cadd7261c881	1.1162357938628376	1.05675
1cc/06a193ac0d835	2.375735626008509	0.7885625
1cd/1cd06b24e7862	2.4830502325896124	2.3754375
1ce/041df50531f18	1.3874991187482808	1.789875
1cf/d50fe56b7691f	3.3588983478903587	3.770625
1cc/9cb72337a3ed6	2.7740270174045922	9.096625
1cd/567167e890bbc	1.5395672059980492	1.62575
1ce/860d83b8b0b4e	3.1198095861693105	5.651125
1cf/d03ca069d81ea	2.8062930582907035	2.2111875
1cc/3102fe1591081	3.257069388271792	8.4003125
1cd/e919bdb10f979	3.4807911257638273	6.0506875
1ce/e912540b3d7e2	2.5815084640551524	3.8984375
1cf/577b5314e18b7	2.5377483451673077	4.262125
1cc/b3f18b94ef711	2.9936675169527596	8.2233125
1cd/fdb347e657069	2.950889869955796	5.34225
1ce/cbb6e6ffd41a5	2.382601210267718	5.6435625
1cf/29c4b0d15fbf3	2.7338817807842815	2.0656875
1cc/d761141a38cdb	3.2803902268768153	8.88425
1cd/3251cfad44b08	1.4674099936611773	19.020875
1ce/6a9d62a2a7c37	3.079875768975855	6.9985625
1cf/a45c7c570d309	3.357486032324605	15.23625
1cc/29c066eb84d2c	3.180209186925567	4.780375
1cd/e693ad7bd2e1e	3.0335785007734226	5.0445625
1ce/b3fc31d5f58fb	3.3523010374140716	5.9945
1cf/22122ade52f4e	3.535825716638925	4.6900625
1cc/68492f54d7052	3.0639742999718376	6.4345
1cd/27d5150d004c4	2.7031081622429096	2.74725
1ce/0dfd21b5429aa	3.0479129025443683	1.8288125
1cf/3a94d32c1c0c1	2.594503664094853	5.4715625
1cc/d67efcb492ada	3.24996634947116	5.567375
1cd/d2ffe9ed4223f	3.057901794513348	8.27275
1ce/82088265615ec	2.0782244726237336	1.6093125
1cf/b8e8c64f6833f	3.199203699545941	13.5478125
1cc/f7a848a7c2ef4	2.3762673519311805	3.2065625
1cd/d45aba9291924	3.0661954951103945	7.686875
1ce/015b4f573704e	3.312589657383761	6.346
1cf/78d4d2f71e76a	2.376775724012016	12.710875
1cc/de4683be0b90f	3.351460559042854	5.3790625
1cd/d4b9ed393883e	2.89486575504141	2.4286875
1ce/7ccd9972b13ee	3.236303868240353	5.7503125
1cf/5e3fb1c7b6b4e	2.7473582144723245	7.674625
1cc/e82cbaa519162	3.3203634428213307	1.974875
1cd/6e79e75694b12	3.1500293349164235	4.5214375
1ce/9f8f64de148b7	1.5585265589948094	4.0089375
1cf/7fb43ee7cfb18	2.6728593149440756	6.499
1cc/5cd88fa284abe	2.395482410152087	1.8823125
1cd/4d9a3779d7d1e	3.2526117374163834	4.6851875
1ce/4c45583ec1832	2.9255743508420324	4.4598125
1cf/50965a4d82a04	2.22638973657254	2.041625
1cc/6048441b8162e	2.782376358974138	7.9286875
1cd/89b3e84b0f539	2.906427415390418	6.42125
1ce/d2daab7097ff4	3.0312448021917993	5.1071875
1cf/db40449547b9f	1.1324248008167346	1.297375
1cc/cc3ae5309acbb	3.4247576153938257	19.062625
1cd/fc3df71f713ec	2.3762935295260226	2.340375
1ce/af031fc940f0a	2.481954937247174	5.937375
1cf/764160fdd0b02	2.717819021118923	2.557125
1cc/1978c33ef9c9e	3.053459885679468	7.2349375
1cd/16fd605e9bb29	2.2182311113007485	2.508125
1ce/6fa1cda58b714	2.347869962339966	5.523
1cf/f622f7fb8f7ae	3.311456837150721	11.2218125
1cc/30890e62f931a	3.2532462919526983	8.2825625
1cd/952b8bc840edb	1.6499856316833519	2.5876875
1ce/d86830fd06cb5	3.1069128559114247	2.76525
1cf/4d46c164ce7d1	3.4203262551147064	4.9701875
1cc/6ce86d34ac1f0	2.876911707928651	3.8565625
1cd/4abebbec6ab54	2.2796098561166516	1.881875
1ce/ee7802815e1e6	2.7700536257830883	3.6751875
1cf/867cc7523cfae	3.5724293637282503	10.5484375
1cc/578612361c063	2.831774234696586	2.1319375
1cd/9e1c442f0402e	2.48897355863874	4.3859375
1ce/a851b0e1a1b4b	3.169497982317757	7.6718125
1cf/245fd931c981e	1.999487411026776	5.5469375
1cc/55aac7c26199c	3.030955490984513	0.6240625
1cd/559f2c82210ab	3.3107304424264528	7.6251875
1ce/69683e22bce55	1.1644476085556141	3.33975
1cf/7e6a525ac011e	2.8561646442979014	13.2585
1cc/0b7453c024602	2.975908424903723	6.22725
1cd/1b36451c708d1	3.2410523519855157	2.726625
1ce/1c443eb3a23f7	2.0521419053143775	2.899
1cf/3e8740eaec0f5	3.270716912912513	11.609375
1cc/68ddc5c072bd3	3.215001334733455	7.1020625
1cd/f42474e138fd2	3.401028622547246	5.5078125
1ce/d94e5df1db2fa	2.6448809584925512	7.164625
1cf/319e7f002f016	1.5357768856780831	1.189
1cc/f208f9077fb83	3.221153904724001	8.35625
1cd/1a06d6014a2ed	2.6498859542784423	4.787125
1ce/7121639fa4b4c	2.2404670967045446	2.019125
1cf/7f3c6fa689f2c	2.4811107573499918	5.5194375
1cc/192c59eef444b	3.4323899954779216	14.2690625
1cd/570da0f5737d8	1.9817938713971195	3.6431875
1ce/1d7b4ec7baf17	3.1461864387394827	3.6564375
1cf/6df074c05d7bc	2.4120899579283557	2.1013125
1cc/c83d3fd008b1e	2.4921744163964	4.5604375
1cd/1ea06e8b254b9	3.33047328665265	7.213875
1ce/4c79673796e03	2.705807620305918	4.902
1cf/7b36ea7ecec4b	3.32447979707055	3.40075
1cc/d7dab63b9330c	2.5707526589832326	2.7215625
1cd/0f48f5e5c646f	3.3706412919957836	8.8465
1ce/17c5c7093b2b3	3.374891005224279	6.0638125
1cf/707398be8c9ea	1.209502090942784	1.4014375
1cc/8d7fef928d2f1	3.1821124102806952	11.066
1cd/19a160f866438	3.1872119618044343	7.5289375
1ce/bf0e4650461f5	3.363486865339734	6.22175
1cf/7cd41ca451803	3.425142623860214	18.6949375
1cc/dc1b3fbf953bf	3.25960625022149	3.7985
1cd/1a92ce97f77f8	3.2424935973230355	4.9715625
1ce/1ff329b92107e	3.4677747108912116	4.44875
1cf/f1e5f89ac15bd	1.1194816823113616	1.777875
1cc/676540d36d35e	3.2026539693467386	20.326875
1cd/d5963793a9e1b	2.4626132098021176	4.11225
1ce/7210faeca950b	3.0073585435880394	3.4123125
1cf/d8ea4c21f8c84	3.2422529763106698	5.24425
1cc/d2875dba89de5	1.9020888906172297	3.185625
1cd/a5151bb620c3c	3.3804184852136028	15.43425
1ce/24ba9dbfe2c60	2.487697712532937	6.513125
1cf/fec03cfb5bfb5	2.9994717807234332	7.025875
1cc/ce9624f635dec	3.020577647167029	3.0320625
1cd/d708347a08d5b	2.7656968327586107	7.2043125
1ce/282e2634c8526	3.184489399994948	3.486
1cf/2194fb2d9c373	3.3391827327425077	7.653
1cc/2aed94aa299ac	3.3990862015031014	8.9970625
1cd/43fb0c456c595	3.115505790094838	4.69125
1ce/1c3e794cac2d3	3.0416596584489617	8.017875
1cf/13b01ddd55f52	2.281754368832584	2.2125625
1cc/013291f1a6008	2.0889954817951666	1.538375
1cd/6b9cc49bc6e76	3.2871924685007152	14.169375
1ce/d69628250927a	2.932206035255915	4.8318125
1cf/5d702df8d5e60	3.496595170085358	12.25175
1cc/813f906f9e849	2.913257711827495	4.2415625
1cd/d0eb6862114a6	3.2943123348099266	6.05225
1ce/8f25844b6f25d	3.1147279339164013	5.017
1cf/1824b91dc9029	3.312872066406109	10.51475
1cc/61c4a7f29717e	3.2821016105702947	12.11775
1cd/11da88d8c4887	2.7574542055234414	5.2058125
1ce/8b77e84bf6bb4	2.9011344753592994	6.1831875
1cf/f2f83fdcf7adf	1.4349985906382485	4.1529375
1cc/8db02509d03d5	3.0843481450402206	19.86325
1cd/81f77a1eef8cf	3.138985372973602	1.686
1ce/9f6f3f253a150	1.1926964044741442	1.24975
1cf/ffc445ed612bc	2.9801724560871334	2.33275
1cc/f17fe67e069d2	3.129904312755097	6.527625
1cd/5fa81dd933554	3.244266273743977	2.6049375
1ce/a3d064c5a5585	2.6044977716983744	3.7985625
1cf/1b5fd5435e285	1.835647376560424	0.81625
1cc/b8ac86b774a4c	2.7144606800746782	2.8140625
1cd/dba1a106efd23	2.6827698395415873	2.8533125
1ce/634e32dede21e	2.8579398022209523	11.57925
1cf/d83ab31b57581	2.646758839923998	7.2945625
1cc/e297d94eecce3	2.6058451462264913	4.7064375
1cd/a300ec17ac767	2.121247659205595	3.032125
1ce/33d876662e749	2.7998517638581184	10.7109375
1cf/c6564f5c7f60f	3.28490487456872	4.9765625
1cc/61a73f543acd2	3.5416214834153483	22.605
1cd/af854dfb26afc	2.580274647140442	8.0178125
1ce/a720bc54538e9	2.651812456171227	11.89975
1cf/2806d8948c2d1	2.8031121078524612	6.92875
1cc/c52913539482b	3.029486711408772	7.6425625
1cd/3e02cf8d07563	3.2767744096741183	5.5814375
1ce/41a6346723688	2.7606406864870725	2.02
1cf/285bf66ac1411	2.4961365556800286	4.368125
1cc/f3242c9b278b1	2.821829526599664	6.1350625
1cd/1ff8ca5d1febb	2.8076091283724156	8.4345
1ce/1b2efc5581016	2.677978066784755	6.6403125
1cf/316271f27134f	3.2145588179211493	6.8369375
1cc/71a1515c5a91a	2.843221441781108	3.6171875
1cd/10b5f7959e082	2.823322510412635	1.7775
1ce/62811f946679a	2.651914881496067	1.4885
1cf/2d72797dd350a	3.0329233026668647	4.827375
1cc/7b75db540ef96	3.1682820072233873	3.270875
1cd/bc06df703adac	3.0647288782419224	4.2793125
1ce/8e3a9b4f1f051	2.821773193072697	2.903375
1cf/51c68092bb7fe	3.2019104701895795	6.9158125
1cc/9170e947f7c8c	2.9668438248886133	2.071
1cd/3f1ef83d32187	2.558851447395676	1.842875
1ce/89b7337116d90	2.3832748437853235	4.943
1cf/2657dd44f808e	1.9015811666756544	1.441125
1cc/6096395dbc8bb	2.6190614449380125	7.980625
1cd/324dfc66b0eb3	3.325865244494951	6.2886875
1ce/83f418b8a617f	2.7102857383838166	6.3575
1cf/f8d95ba3e922b	2.3759786986054023	3.562
1cc/34a1d9f62e7e4	3.017854575222613	3.821625
1cd/515ebcf1dd4f3	2.0452291522909003	1.625125
1ce/da10aeeb32011	3.271667253794443	1.8273125
1cf/fb0a200bb3fe2	3.4687034806845793	13.197125
1cc/9fd436b250eff	2.3472097574914805	6.7779375
1cd/3de7555ddc36e	2.069864400843428	3.4540625
1ce/69fe42962d766	3.2533547009396417	2.3170625
1cf/c7ff3c5a853ef	2.9670615372261864	6.264375
1cc/f8bebbc4edfa9	3.5437909627617157	16.3361875
1cd/019b0cdacaf69	1.323771724717541	1.6814375
1ce/a74211886cd07	3.229251471214752	4.1908125
1cf/c898a2cad081c	2.84953235251862	3.9531875
1cc/4c3267d684309	3.3481162322786435	5.0905
1cd/01d6ac1bc5725	2.9127756177227773	1.8301875
1ce/61d05f9516830	3.138074594327242	5.436625
1cf/a4ca70fbbf75e	1.757061145309206	3.6506875
1cc/c53da11c69e02	3.2209092413523113	5.4051875
1cd/530adcada2149	2.6580075076697263	4.0378125
1ce/d9824c05acd4a	3.066334824234414	7.3601875
1cf/ef1c14dab2e33	3.027234611204238	12.9600625
1cc/03452c0514d1b	2.7944539126067336	7.49025
1cd/1454a34f6707e	2.8699708749642507	2.5304375
1ce/5e25d69b1c987	3.3510020776568927	5.650625
1cf/d863a65170555	3.2945784527332327	8.0673125
1cc/560efffbf8d9f	3.0345979452299736	9.4921875
1cd/c7356e4c47dc7	2.6407284193836817	9.931125
1ce/7e420bfdbd4b6	2.9776298923422306	2.3875
1cf/7df9f217afd95	2.6959801421049736	1.840125
1cc/5fc9315ce6b5b	2.5436411407723893	1.77875
1cd/52eea7ed17d51	3.060479509980978	3.998875
1ce/e3e0256ea16e6	3.128708850116873	6.118
1cf/2c19fceb95887	3.351666237737691	5.4898125
1cc/11cd9b4dabb4f	3.3053487425502324	8.5585
1cd/36f8bdb3fbdf3	2.5137222106745702	2.3084375
1ce/35280dcfd0a41	2.236054829331999	1.63325
1cf/954964939af7c	3.3589248310652864	7.0886875
1cc/75b2a7909286d	3.3400011750626684	9.18675
1cd/7af2cdc3cbf85	2.2146745789543596	4.7231875
1ce/1f52f1cd98489	3.0257913418297626	2.2029375
1cf/dcef7380df457	3.2138713663024094	4.83275
1cc/9e0f480c99fc4	1.9626866607582663	1.4175
1cd/aae15746ac4f0	2.7803925479323937	5.7081875
1ce/faa00c36b77e0	2.858138632911263	2.643125
1cf/e8ccd27f6371b	3.184216462098037	8.8495
1cc/18da0ca83228e	3.093659648481265	7.153375
1cd/54974fae1ff36	2.4599265301074977	4.2969375
1ce/b53168cd87e6d	1.9913519213875646	1.987125
1cf/b4446620edc9e	2.7319826869700288	6.5955625
1cc/b9bc27dfdd15b	2.9907949739742605	6.628125
1cd/52c283c35897c	3.046658517964376	2.9419375
1ce/ac58e1d13b6e7	3.3703599951900802	7.7256875
1cf/0821b1c43d307	2.666866330580086	1.731
1cc/280b19be87480	3.216020774957033	8.8193125
1cd/0febcec7a178a	2.4268678609235446	14.7711875
1ce/ed05afcad7584	3.203115948019835	5.0910625
1cf/c6de7019dfcba	2.959739951131247	6.8445625
1cc/edf12bfa6201a	2.7023014766483393	3.980875
1cd/b857aab53e299	3.401964258949285	16.9751875
1ce/782063293ee91	2.5811250932374428	3.816625
1cf/52c74092d7667	3.4229425903468766	16.363875
1cc/daed38fdd5d39	3.1683699258332045	7.8809375
1cd/69d77730e7aff	3.355325790881276	6.19825
1ce/eee08c32eedc8	2.7471248863311075	4.921875
1cf/593fc3a958a77	3.450033759006942	8.8625625
1cc/5e7ff75c40fd3	2.403846729134423	6.5456875
1cd/788f5f1ee219f	3.3000367971514644	4.7168125
1ce/c81efb8b19c17	3.127832034846348	5.4361875
1cf/400f910d615b7	1.7819031448514502	2.4736875
1cc/78c40eb4ccdb2	3.2234156628880526	11.4141875
1cd/3ae5b688c2dde	3.5056006689552293	10.81725
1ce/eadb974037f73	2.808661019860277	7.0661875
1cf/09aaebd65e7b9	2.55571039203099	2.32925
1cc/f86c6cf8e07d5	3.2319529399153475	8.285
1cd/22777ff4aafa4	2.128334153630027	1.3999375
1ce/68b7c07f07333	3.3689548481367217	9.1180625
1cf/364d1f2ca7482	3.4250755391456105	4.5035
1cc/b238d7a1cdc15	1.658758040648622	1.7166875
1cd/bb5a9c8ecf20c	1.0658087238808605	1.43775
1ce/5558ab9245279	3.4076832358222937	4.288
1cf/5408d4a9c5eb0	2.4402588106266703	3.8730625
1cc/da0d7f831c742	3.3857152011913016	9.472375
1cd/cc42d6d362a5f	2.2592298007901426	2.94525
1ce/1d6b53da5c357	2.7832764721209116	2.2764375
1cf/dfbc4637d3119	2.730080054624727	7.905375
1cc/05ed42911c75a	3.2701106189845746	11.0025
1cd/3cf2f70a0bd14	2.9540894831852125	1.6585
1ce/fc722aedc1fae	3.4298725429452075	10.0668125
1cf/d48b74b8dc1e1	1.6489226420750251	1.2544375
1cc/18a4feedf78f4	3.006992237133534	4.4136875
1cd/d44e8ff41eaac	3.123240998902894	13.3741875
1ce/e954a7aeabbc9	2.8942617509211814	8.448
1cf/48a7460a97cdc	2.484011386256689	11.4614375
1cc/58f1ad4095bbc	3.3251399259482572	18.7835625
1cd/7dc762f8e6c3d	3.0458906738264018	9.499
1ce/985c786a0434c	3.417827329774113	12.121
1cf/298e8f36f98df	3.3109242574893982	6.8213125
1cc/7b1932dc363a5	3.3768337616957114	5.839875
1cd/562b031475214	2.459109439532888	4.9971875
1ce/08f70a768c9e5	2.2527441365171237	1.7613125
1cf/777474cc1fac5	2.4353864304426027	3.6410625
1cc/a0a8765751e38	2.9079657666652268	3.0764375
1cd/8ebda96bdf2ba	2.7525800508135485	1.775625
1ce/d38157460ad34	2.4065686548311285	4.2065625
1cf/72158431f98dc	2.129321716946166	2.767125
1cc/4f6e09fdc20b7	3.1624557952887735	4.26275
1cd/770b403766156	1.115691182752171	1.562125
1ce/63e2f5745a47b	2.952912953654148	12.2270625
1cf/c0ed5d574e52a	2.568512750536589	6.286
1cc/8de35d476905e	2.336459758482974	6.4104375
1cd/e95245d10b508	2.6358032966506726	17.0208125
1ce/b6345158de60f	2.8623170161576765	1.5953125
1cf/9c90c596f4e24	3.227555845550649	5.9559375
1cc/8e63d9deb2950	2.292686569096891	4.9766875
1cd/6bccd8d08ebd1	3.234305334711948	7.317875
1ce/0beb839dfd90e	3.4856027903290574	17.5344375
1cf/46dcc85e6e119	2.823128441521802	6.7954375
1cc/6839cb17507e5	1.802748032751015	1.474625
1cd/751c0102a79cf	2.7415574103712586	4.158375
1ce/0c13121e742c4	2.982119299562128	7.374625
1cf/54f2df276c528	2.552384134106386	2.4904375
1cc/a5b22bc61d3e6	3.110172581244398	3.52525
1cd/e4d163f774aa3	3.4764531965813656	6.4455
1ce/82d9ce70a0425	3.4866956536800067	13.83425
1cf/d3843b1f3d2c1	3.3673755365593236	8.37775
1cc/9c9fec76fae12	3.506812210272094	14.2999375
1cd/e0532d85a7b2b	2.5638434061194153	4.0949375
1ce/637ca9f64ae71	2.166726185690403	7.1300625
1cf/60ab898bfd5a6	2.7599206331211725	4.2745
1cc/62ab78ee299b3	2.3426069567980097	3.2059375
1cd/f6d4ea68e8a79	2.6742207032965397	10.4283125
1ce/c6e80b2c60cc1	3.1614543190931887	3.83925
1cf/8b19e9b5e710e	2.849554525305211	3.56425
1cc/1faadfa1e5278	3.039743626200569	17.88775
1cd/5fdbba1e916a2	3.2910308968261055	6.0545625
1ce/fd710d6867bc8	2.705844912511981	1.249125
1cf/fb5376eff1ea2	3.2936409135802247	6.918125
1cc/fa43c79bf035a	2.706804460900186	8.7056875
1cd/1b16c94d9f400	2.415310598008483	0.951375
1ce/3fa33ce202278	1.1659028558061062	1.730625
1cf/57827d61ce0ec	2.254881212956583	3.9635625
1cc/9b27092dfe7b6	3.3761676471692836	4.7339375
1cd/90f93939afc54	3.001065555215075	6.161125
1ce/3240355388481	2.6142382844547223	2.6048125
1cf/1b7c9bc191356	3.0745444115443976	9.823125
1cc/2ecd675be5113	2.9390394636494603	16.3860625
1cd/9d4773f136dc4	3.229196757336062	9.2595625
1ce/6bab598d288dc	1.1136047716347348	0.8165
1cf/be9259410fab3	3.187404778812248	9.8939375
1cc/1804c45793dae	3.380720158899665	4.7209375
1cd/03eae920572f8	3.0881538168472553	11.236
1ce/087503664a379	2.258614102764873	1.199125
1cf/21dc518e469f5	2.546194737303009	0.76825
1cc/4dc0ae516510d	1.7046700063761877	5.693
1cd/3d2c507039c61	1.9993789272285896	3.7201875
1ce/a61c88be656de	1.1167977942072909	1.34525
1cf/ae6ea482d50b7	1.7433900752768812	9.3353125
1cc/cb6393bab84cc	3.2930372260936815	5.954125
1cd/942fc53eb8dab	3.385693895654506	13.4464375
1ce/dbdfd96441d46	3.422758034449943	3.6093125
1cf/5522733cc4e60	1.106030411415142	3.423625
1cc/fc7eee87786a5	2.9373672553852828	3.966125
1cd/aac11925a3703	2.2565944504019426	4.42375
1ce/283c91b5c0eb5	2.7866097044252682	9.3825625
1cf/07845ce836896	2.607114203688232	2.6911875
1cc/2bca5e7e4820a	1.9267351348206592	2.037
1cd/95bfb850db4ec	2.6573962307196295	4.6033125
1ce/761e6a7215ff3	3.1145474331762086	5.147125
1cf/1b272fdbe3f65	2.7414896648785168	0.8385
1cc/e60dbef3ef068	2.6065458997980206	6.8798125
1cd/8e5fc8f19664c	3.3582524922488686	13.6476875
1ce/c45c09813b868	2.7721853857548586	1.3581875
1cf/4676d3f4acbee	2.9052931912892146	2.6291875
1cc/835537589b0c5	2.355331706831156	2.747
1cd/264fcc04aadf8	2.688654425414674	3.87075
1ce/1bfdacb21e516	2.2328040557331	9.8556875
1cf/49b25660259c1	2.8778971134725433	5.2429375
1cc/69f867f381198	3.3239627977859985	4.8035
1cd/3ffbb70d64a32	2.93192672469585	4.0068125
1ce/a034c07aa153f	3.3707609816377926	5.13825
1cf/0caf2659b5a51	2.0163464901004367	7.330375
1cc/c4c94da9391fb	3.2352333049983724	3.4965
1cd/11f1bd07bb5bb	3.333536779024957	4.3893125
1ce/4bf30387dad32	3.014851888738475	7.1669375
1cf/f238b6939dc40	2.9672908294898246	3.137125
1cc/8fe26598ac55c	3.355641307272705	19.3195625
1cd/b45cc747536b5	2.9875640384645554	7.7241875
1ce/6a42a6c121065	3.396172516812663	10.0249375
1cf/2aa53534315ce	3.059935831808347	8.5961875
1cc/66888d6cc047a	1.7048894237319778	1.2038125
1cd/9b4f1bba7788b	2.7170294806617834	6.64475
1ce/33cc5f19a08c6	2.6375018146283646	2.359375
1cf/a86187dbc3df7	3.532495025602453	19.1744375
1cc/1333343fd3a4a	3.0781715097610656	3.4838125
1cd/84fc6962e6d5f	2.697376258571336	4.5854375
1ce/e7458a6f1b34c	2.40578836332148	3.615875
1cf/b1797c458b603	2.426005129917596	3.0879375
1cc/806ad1cb7fa10	2.785392224258592	6.754625
1cd/86d768a8025f8	3.065594587811308	7.6615625
1ce/288559ddb42a2	2.8904981394254574	9.00825
1cf/5b6a52d678c51	3.0993460516811693	2.0058125
1cc/8e73e21928cbd	1.1958795967918157	4.036625
1cd/8ca04cd77cd75	3.515402111733155	14.8079375
1ce/8225780cf5fc2	3.0043582427817728	3.2068125
1cf/1e164c96ea66d	2.4463747607573145	8.124875
1cc/a039d8574e025	3.311075246354706	5.99525
1cd/6d4f729dca303	2.6353753302544662	1.259375
1ce/11cf0f1790b50	3.38033093805096	11.0275
1cf/4de985f74b662	3.5229908249822586	18.3770625
1cc/72f98d6f78b0c	2.865069828518859	7.0616875
1cd/0b8ec5b51c919	2.180912812621462	2.9465625
1ce/98282de6eb3b4	2.7733022597815418	6.253375
1cf/fdc82579108b4	2.730355773310678	2.8445625
1cc/cad145f51cd00	2.8868116304857034	5.3666875
1cd/7a2acc88834c6	3.243835784552982	3.796875
1ce/be653b6cc7021	1.5761877244915807	2.05425
1cf/1ef3687ac1daf	2.6657185075121563	5.53575
1cc/684cf41d74c99	3.077932552666706	1.5866875
1cd/2ec002ebf9a8d	3.3923964173240364	8.832125
1ce/b24f2de3fdb26	3.051609814251589	4.36825
1cf/c435f513c2de0	1.0709267262135722	1.397
1cc/05e303f288400	2.569292789699637	1.87475
1cd/a2e2b4a1216a1	1.4391314073527353	2.764875
1ce/5b7975262e369	3.075069858238146	1.60825
1cf/00292ff2c87d4	3.3018702687335937	4.4744375
1cc/2caa80840f0ee	3.2400840376625655	11.3125
1cd/104fbdce3022f	2.062473512071272	3.5581875
1ce/9d63ca8005108	2.5752803000565616	1.9228125
1cf/6b69fa5e1104e	3.3527667175717633	6.498375
1cc/1b0e5048e571f	2.8894994375876513	2.0606875
1cd/f7870db98251b	2.5985054951242286	2.9438125
1ce/6f1fccf37d48c	2.7225833574638862	6.814375
1cf/94d744c4f408c	1.8933337198193578	1.5375
1cc/07e907c38cf1d	3.2489966113229705	10.376125
1cd/251f97545909d	3.020406961135767	3.701125
1ce/ab75b7ceacfd6	2.320329434608487	3.2604375
1cf/b1dd257e3fae8	3.0130182306251525	6.609875
1cc/e31478ca038a3	2.8189370662377997	8.4703125
1cd/159ac4f55f928	3.4868135181250146	6.79675
1ce/f88fa789933b3	3.3515884084374	10.3866875
1cf/68cd435166f28	3.3995666059318084	19.142125
1cc/756279cbededf	2.6630828386927026	9.6064375
1cd/38d1153857034	2.952036065215629	12.8079375
1ce/2adaef85ef90d	1.4563358018285346	1.2489375
1cf/fe53283a437be	3.434702397063306	12.5389375
1cc/81291e8309547	1.9603775365827096	6.5135
1cd/d3bbce3a8af58	2.4344090804189498	3.23075
1ce/4dc849d97f84e	2.9809448096797095	4.6875
1cf/ec9d0c3099083	3.0826717549906357	2.1421875
1cc/026cd2dac7423	3.372169175630418	5.2194375
1cd/7bc0066c0da74	2.9130552770063387	5.7635
1ce/93e6970f00b71	3.313123268452498	5.3335
1cf/7ae288a3f3320	2.807660903709531	2.6300625
1cc/e95fa0c92f391	2.0340565407647238	4.2684375
1cd/ab7315b06aaf2	3.368628127258879	12.35075
1ce/0d10ed5eb1a84	3.541249937743328	5.1248125
1cf/1edfdbd8a5519	2.9570918010442986	10.4379375
1cc/75f23b3230d52	1.982011219456367	1.537125
1cd/5a220f12ab3c8	3.2558992235365634	3.2918125
1ce/422d1ac69b657	2.8808460015964217	5.956125
1cf/9fcf0864ce906	2.600170555993293	20.283
1cc/651ccac7dabf7	3.4124973667920613	9.4194375
1cd/ddfbef07c0ec1	3.294260251920675	10.48725
1ce/96e280d5ff57f	2.83882922390362	9.096875
1cf/12c3dae2de91e	2.4370011405618417	0.8645625
1cc/777160995f09d	3.0898363641032103	5.4613125
1cd/bbd4b88538822	2.622573129054754	3.1755
1ce/57d8185279140	2.3256170077673777	1.6501875
1cf/d4bf8d40e34bc	3.140525403542111	13.9485625
1cc/c3040f0dde258	2.37244118968795	5.2624375
1cd/5c39acfaae633	1.5795838978316246	6.224625
1ce/4f6bf5e1b88fe	2.814600033818068	4.791
1cf/5d649a2e6b9b7	3.001039455388726	7.95725
1cc/4f7b5f882a3e7	3.2673187353757904	10.0919375
1cd/396c9df8babfc	3.0779342741413305	13.7638125
1ce/6ee9a719fcf23	3.3298594306193765	13.5296875
1cf/2c30cf7ae6583	2.5502143369079437	2.792
1cc/46c0b70025b08	3.2998543587989286	8.9791875
1cd/9c47fe07e5c04	2.463630576870078	2.037875
1ce/e58b99b9eb51a	3.238023020806786	5.77725
1cf/1777348629a32	3.0218753602830333	4.3851875
1cc/b740e030966d7	3.574214216770076	7.3250625
1cd/742cb67519905	2.762427161375234	7.8404375
1ce/b56e939fed688	3.2930147366876312	3.8985625
1cf/557eddd35f932	1.8270128807109425	1.2889375
1cc/57e927de13178	3.4216341577148754	9.6038125
1cd/caac296867153	3.22172900007786	8.3069375
1ce/5e9eb54296e96	1.703387142204536	1.007875
1cf/02f8d1b50b4da	2.997844538074658	7.8383125
1cc/531b0d53edbea	3.3291889093555045	9.3016875
1cd/15cd7b99e24b0	3.3186703042185566	8.6925625
1ce/f5c1d93450c58	2.594521480959318	2.914125
1cf/e2145eedef8c1	3.041381342262598	7.7955625
1cc/cf44d726e794a	2.8675499673013958	6.593875
1cd/5b5acae4b5c56	3.055716683897632	4.833875
1ce/8abe7d414e216	2.112428496973755	1.7543125
1cf/11e17e079821f	2.99434799055927	5.5005
1cc/10e5180a91c2a	3.010592921104386	5.2630625
1cd/df572095c0404	3.241166289165512	12.48675
1ce/d4af619cc83f5	1.9333320699725995	1.683625
1cf/540a1306949b6	1.1361113655096584	1.600125
1cc/4f9df67a7c925	2.9959563988584486	1.2264375
1cd/909c8c34ef07d	3.211598727582605	8.7445
1ce/db39cd4b9c52a	1.4109630387991816	9.5983125
1cf/6de8bc6cfbf24	2.507163939374324	6.063375
1cc/03f1a3c88f1cb	2.9700099506007818	9.898375
1cd/4f758d9b2cb34	3.4183027756237676	8.053
1ce/87700e7f2acf2	2.4620200180384315	2.4376875
1cf/b2e6377e48d07	2.233404646175101	1.586375
1cc/414690c38f9e3	2.6821140043817744	2.2596875
1cd/9a6d67ba00ca7	3.402913761577158	12.532375
1ce/dd547adf61316	2.82468087837578	6.9529375
1cf/8034b9547b10c	2.201148523935623	3.5039375
1cc/fd4c074051fa0	3.3215990613120403	12.4789375
1cd/122d6ec55c5ed	2.918389151014021	8.2215
1ce/b488983b9767e	3.0568457778419313	18.2328125
1cf/6a350f511198b	2.967039554269564	3.0905
1cc/3188b7925de8b	3.141857167486222	17.881625
1cd/6e59a455de367	3.0786693453725227	6.1460625
1ce/ea2f413c1b3bb	2.702153655404701	4.081125
1cf/7af760184bae5	1.8180136391437016	1.105375
1cc/3aab725fea7eb	1.355126501180275	0.8199375
1cd/6e4711f9fdca9	1.8038502122564506	1.519375
1ce/ed2c8f75fbc2b	3.265768228471633	2.6910625
1cf/03905ada8a9ae	3.3380832109426923	6.351125
1cc/6c2783ff7bc7e	3.444443644716277	11.0794375
1cd/75d916d0bdd4a	2.8508672308625127	12.457875
1ce/fdfaf53091640	3.108425434670219	8.2450625
1cf/b00634ae8c52c	3.369648924931417	4.2495
1cc/1351c4a9bead0	2.135689404056314	1.442
1cd/16a355e8ddbad	2.8514711449692984	4.526875
1ce/14dd44f4f31cf	2.394964619023751	2.500625
1cf/5a30c955b0083	3.4320706336304547	8.2705
1cc/ac051152e6959	3.421517825996963	7.57775
1cd/67436eeb628da	3.117220986080494	7.8878125
1ce/d81c14ab717c2	2.9284717669456044	10.278625
1cf/648417f694dd2	3.0730701966740424	6.641375
1cc/e23ea21475f99	2.517333690575505	5.597125
1cd/1e8cc2c0afa83	2.684198773886409	5.599375
1ce/9f1ab7e2c7293	2.682467525380308	4.153625
1cf/33157a315f486	2.6354790273234214	1.345
1cc/46b69a43bd759	2.1008440083312316	3.124875
1cd/ddd6ae390766e	2.7478188025984123	3.2604375
1ce/c5edf38b3d0b1	3.4105560016644714	26.7149375
1cf/9f549133d81eb	2.496360012786139	3.7049375
1cc/48dd364d50ae5	1.8385915871684315	2.3544375
1cd/2d18a3c011b03	3.0108812933926044	14.5216875
1ce/1c01dbffd2fda	2.6543303925063397	2.357
1cf/78bae62e7e913	2.9046900752534155	2.39575
1cc/594a7a5edee88	3.2469186551759566	6.992125
1cd/bcc1fc3d8245c	3.228846708325069	2.86375
1ce/1149b971efc98	2.513002452425122	3.8841875
1cf/3ec44a0d12b29	2.40895033359369	2.0125
1cc/5dafd4790189d	2.699809740656877	1.982625
1cd/8441e1c9dd3df	3.4049986762875006	5.86875
1ce/7b46aad6e351e	2.3386573603259224	8.487625
1cf/8d5feb3bd158c	2.898994079408473	2.72475
1cc/16ff947780ae1	2.466990771921602	4.1336875
1cd/002c5229f6866	3.053915700911536	13.6318125
1ce/73c3a8a4cfcbc	3.419968793424187	6.2705
1cf/1cbb61c129398	1.5618258332870087	0.76825
1cc/79084e07feeec	1.0861908821076378	4.985125
1cd/fa5aac007d3d7	2.784911234343743	7.16725
1ce/625fd3107daad	2.8552753889692517	8.2830625
1cf/1598ed1fc4ca2	2.576543854432347	6.0321875
1cc/a83be1b7220e3	3.4921487335611774	10.94225
1cd/bf40105ff8cbe	2.5323802662703714	8.9654375
1ce/b504b565e2281	2.5126479854306485	4.7695
1cf/13d1a6c64b4df	3.1597221005326217	6.9415625
1cc/f1c9532415fa1	2.2889838801086575	7.9270625
1cd/a256a83591ec2	3.4447004145403137	8.41575
1ce/4caccf3d0866c	3.2866020448754987	9.3565
1cf/b560d893b9b4e	3.2799841965560885	7.03275
1cc/6fcde05e1bb77	3.0189184339025865	8.77225
1cd/dffb0238288cb	2.8195213771418244	4.225875
1ce/1c34a219e2756	3.239897058896066	5.07575
1cf/b196e1a8f30d1	3.2187152480667782	5.6270625
1cc/3d9395241dbf1	3.115072649981877	2.26375
1cd/8b66e3258cf13	2.2528129648749116	2.954625
1ce/d55787d8d03de	3.586918263322105	4.970375
1cf/0aced26d5e63f	1.8915114993546422	2.360375
1cc/b4f79d9681a31	3.3284673818446064	10.24575
1cd/14888cf87635e	3.0872749603337084	4.09025
1ce/4a6a3ad217f07	3.336046045284655	6.93875
1cf/9d381a875977d	2.7828334104757357	3.550875
1cc/d2a79aeb86d7c	2.593151475443846	2.543
1cd/18ded9305a5fe	2.526485712615723	6.71175
1ce/63990248fcade	2.8988753410841523	16.0445625
1cf/1bd8d557d3e81	3.2489147972536445	11.72475
1cc/7bc98e3d48da8	3.155906762690879	5.908625
1cd/4b6d4012a076d	3.0729327473348023	1.143875
1ce/3c4331c300b19	1.770008291307093	1.3749375
1cf/e123ffb6a33e9	3.2407488488463256	3.4635
1cc/f05f4dfbecd13	2.759701946471249	1.6583125
1cd/474fcc9de1fdc	1.1422875912840351	1.255
1ce/1c0f19783a32e	2.543691264583482	1.2363125
1cf/5ae853a542c85	3.107911631075558	8.5448125
1cc/3525b301f2eec	2.669699333972824	1.705125
1cd/805f59d4b109a	2.789174194543488	7.3275625
1ce/63a5659815c2b	2.887869761840303	13.788625
1cf/297fae1a23f77	2.604976595825889	1.0584375
1cc/1b1cc417b074e	2.928051155565505	8.3074375
1cd/1814922802653	3.038894857157448	2.7868125
1ce/552ffce1f195e	2.2542944309293356	5.1375
1cf/647d031117b5a	2.6121231007032164	5.646125
1cc/b1004a5440f1c	2.5611439871883594	4.528
1cd/4aa210b036b17	2.518477658572495	2.5009375
1ce/0cbe23b83de38	2.460369529595612	2.3365
1cf/64eaa6e1406a1	2.9619955922800334	4.0960625
1cc/ff2a97b959669	3.4402625833125926	14.99675
1cd/f8bcfedd4debe	2.4572442577870244	3.9070625
1ce/6432b6b99d080	3.382982605067712	7.43725
1cf/404c1030f671a	2.7181975420613576	3.828625
1cc/0fbee1f9beaa9	2.4971425312045996	9.833875
1cd/672358adee160	2.924754778527632	3.44775
1ce/d376e654ac407	3.06891266325008	4.8834375
1cf/1ef1c6c8bf4a0	2.508558298806217	3.394
1cc/ca625d18d424e	2.9154027989675213	7.5921875
1cd/552c558f49b70	2.398087887483892	2.30775
1ce/ab93a20bed728	2.8889364339903842	1.9143125
1cf/b54b02e3fcfe6	3.206686448308551	3.586125
1cc/3e01b5e1c7b29	3.0092118700166566	7.6611875
1cd/7dcd0b00af1cc	1.8686465227648446	2.481375
1ce/71d3e14148c47	2.8845811168784565	7.025125
1cf/76e81aa1703ee	3.2103107969643565	8.1744375
1cc/d01a4f7c8f7fb	2.3420043105339126	2.019125
1cd/018dbf293a902	3.365919179136374	5.4171875
1ce/77a696652486e	3.015652273329336	3.8820625
1cf/69d6a6e3aa048	3.175145673062537	3.5420625
1cc/6b00ad6aa5ce2	1.4436791234213886	1.4670625
1cd/16b94d0b99d53	2.38813297026921	8.2171875
1ce/0cb5a7182fa3c	3.0373595798020148	4.39125
1cf/7b08193431889	3.3144910917949444	3.4425
1cc/af02da2f33c6a	3.0683876045263467	8.2176875
1cd/dadb298d64477	2.9814908988537683	4.914375
1ce/8e0e2a66f6b2d	3.232657220033906	2.973375
1cf/5edcab00bddbf	2.1250180743192435	4.4895625
1cc/1f21701fa1736	2.0859340312041494	2.885625
1cd/cbe684bda3e82	3.3528692425336857	16.2543125
1ce/898a156d4e058	2.2291167295645153	2.5363125
1cf/603f9985d42e0	2.964186286090091	5.2529375
1cc/02d0d772dcdbb	2.013415880596017	10.9111875
1cd/c7e45d847b0dc	1.8281745947990988	1.6755
1ce/548161c711b0d	2.49841891566339	2.1455
1cf/5fa90656c94e1	2.6813831524745613	5.8665625
1cc/f7b3e8d68e46a	2.1626563760610673	6.0509375
1cd/9659b1140327c	2.3429281872170424	1.5618125
1ce/eea354159c46b	3.123340054594286	10.7910625
1cf/6d72e1ebb8528	2.5894463438635946	2.696125
1cc/4c289c22421d0	3.1741120945664787	0.9025
1cd/0a97108b209f3	3.1568698985614327	6.60625
1ce/6d5a32aba6b83	3.0940751222889733	6.511
1cf/de2c67b1a5d0e	2.0173296678670893	22.8489375
1cc/1733b00817e6b	3.0173078637835724	5.22175
1cd/83564242bf1b3	2.8461901481235334	2.99225
1ce/0e52f0b14ef42	3.2338859644733002	3.1300625
1cf/a5aed687d3739	2.8605005226580227	2.9579375
1cc/a53a22d3f924c	2.6994174196470966	3.37275
1cd/9bedae35ec964	3.036318562373092	4.698
1ce/0fb9592e0440a	3.1237884420116364	5.66675
1cf/4cecc5f857240	2.3682953828546904	11.44175
1cc/2cced89be0665	3.188851668932474	6.754375
1cd/6e2b87004b37a	2.9884661898780873	3.6711875
1ce/7bfd18f0ed482	2.9272252060513857	9.13275
1cf/5f8c0b66847d1	3.001631071157199	1.51325
1cc/b4568e9cfc845	3.407307063271387	9.2445
1cd/b227073df77a1	2.8514998149250137	8.03925
1ce/b5d994e0b839c	3.3140556631105924	5.9195
1cf/27939675d650f	2.3965634295577507	2.3269375
1cc/4daa8233ffbf7	1.0851202009057914	1.6583125
1cd/8eea30500b07e	3.0456250932091806	3.173875
1ce/abc6f7344ec98	3.372930801046761	1.8548125
1cf/59daaf5512d7f	3.1137480661718393	4.3325
1cc/5480990bd56e7	3.480154105481549	11.2434375
1cd/9afed30c983bc	2.9536884793684455	3.1276875
1ce/3e07e60408419	3.0504181791757743	3.2710625
1cf/df37b05dd2004	3.1414921907537656	7.1823125
1cc/10f3cf6b43eaf	2.3049667873858315	1.741
1cd/51910bf390765	1.1153996396498393	3.402625
1ce/0393c35fa210b	2.5666504005496953	1.1533125
1cf/da71932f3675a	2.6886128787307917	6.2038125
1cc/fe019167227e1	3.054162282642562	3.430375
1cd/59ad1675b1ebf	3.101262287355272	10.56775
1ce/390cf9a03f297	3.1579955594633775	2.297125
1cf/8f074385f4012	2.7011877488811167	7.0653125
1cc/b168d4092a38e	1.7677082445930825	0.91275
1cd/6db7315c0148f	3.4041717504374955	10.514375
1ce/a5f8dd2f6c010	2.15801305196383	9.3175
1cf/958ae96ce2f9a	2.3742688384742845	2.5731875
1cc/c47fc7ecfa365	3.0114958667913023	8.97575
1cd/a830694f13f70	3.4132199396140837	5.29175
1ce/ae4d98de8f487	3.2207197651491235	9.687625
1cf/5e2bd938279bd	2.9500216456113337	5.7549375
1cc/9c706b9dab9ec	3.3541585070085356	12.2205625
1cd/1ecda7707381d	1.684971222262467	2.3086875
1ce/69ab41285246e	2.8357845698997814	4.431375
1cf/ae9402f04e1b7	2.3244331506183746	1.6566875
1cc/4f4763e1397d3	3.2037913610028728	4.6173125
1cd/52ecf11b85357	3.3824055331332645	4.1831875
1ce/795498d30a629	3.4764890089691747	16.4153125
1cf/93942f1fc7164	3.3025478480255956	7.441
1cc/00219eed5b251	2.9308661211154767	5.8678125
1cd/2685e7f9c3353	2.505110832445023	1.5260625
1ce/68d859689965a	2.9781105681402167	5.7825
1cf/7b808d490064a	2.9499855068338094	8.5131875
1cc/961c72773e225	3.176381748112142	8.986
1cd/c73e46a0599a8	2.8981462705388816	10.301375
1ce/d1c433606269a	3.444143121817528	12.017125
1cf/586abc75b41df	3.296584915658125	2.8505
1cc/ac2b14d3f6b92	2.9689192946500556	3.4684375
1cd/7a7f87599f624	3.2471961409246126	5.5193125
1ce/d672563e58e5d	3.528032635425474	8.51025
1cf/9c00fd0d8d5ef	1.9692043031267839	1.056625
1cc/d82159cedd4c3	3.3241414192598726	6.06425
1cd/ca67e9b802b40	1.1181110250685335	5.2105
1ce/f8901b6b8e66c	2.497032671257442	3.751875
1cf/d794a04231263	3.0109324545799505	1.589125
1cc/5ddb677635b27	3.2969371041082276	11.537
1cd/c0714a533bd30	2.3045997607823034	1.386125
1ce/10d9379770448	3.1280690056695217	5.1643125
1cf/e25baddf92138	2.6613854620003856	4.54775
1cc/860684d2578e6	2.484126066247278	2.0406875
1cd/ece44367cc7da	2.42940219170105	4.3755
1ce/29fb48f21a606	2.713991027639348	5.162875
1cf/0503a69f5e3ea	2.273771419598045	0.982875
1cc/b8ec0f20ab47f	2.5949027108052087	1.874625
1cd/823b6c8df98b6	2.9049631649410133	6.6185625
1ce/18c92144223a5	2.34145730365765	3.9555625
1cf/d3d36acf827f2	1.7704242436585156	1.0566875
1cc/b6eb68d137c05	3.2370954194576944	11.340625
1cd/c85e11234caf9	3.3260141645638446	6.0615
1ce/d07026680aa5f	3.008330967033453	4.823125
1cf/aa6de32584aa0	2.8935359826314944	6.9893125
1cc/4ce470a3197c4	3.4865763198174675	18.2920625
1cd/f8673d6228a3f	3.415578012840031	7.7056875
1ce/e1dc4fb7002f6	2.4529660749838973	1.8745
1cf/f88994769b007	3.28773843893676	5.065375
1cc/6c5d2d59ed572	2.305132789881492	7.4555
1cd/4dd06b2fc1c17	3.3874898904301234	12.282375
1ce/4ef1984aaab3d	2.59039688787693	5.1976875
1cf/9d182a90ec323	3.178987913788722	6.345
1cc/61ee9450d3ccb	2.7069108689301795	4.923
1cd/b98ef5eaacf24	3.4139855175858704	2.3604375
1ce/57941ee09df5c	2.5352561054577882	2.217625
1cf/11251c2795eba	2.9015818075758406	2.122
1cc/d6b862c78c94b	2.554900595299226	1.4423125
1cd/0287ba536fa65	3.288534182676822	2.3491875
1ce/25464bf562945	3.3230604531576495	3.8828125
1cf/b6f83389612cc	2.7282332149195225	7.2330625
1cc/f9b1ff44399b2	2.9167004055684904	8.7405
1cd/0e8b0db9d0d57	2.0367167692425165	4.496
1ce/2a77a2c2d5f96	2.565134882891998	7.5493125
1cf/acf8b48a0c113	1.0789614666455267	4.18475
1cc/80f3d4bf6daa9	3.422341636407315	14.8858125
1cd/35e84902a2637	2.4427126351699795	4.1651875
1ce/b344b09d1f423	1.1336566505468724	0.822375
1cf/75860a89c0690	2.7889065213217794	2.3854375
1cc/77ec380750cfc	3.4063188416892363	7.9250625
1cd/80564787333ac	3.1125423459781643	4.716375
1ce/85028bcba06a4	2.5565141249969052	3.22775
1cf/d0f62212100ee	3.226865934151058	13.8570625
1cc/94203b913632d	2.6255326838427253	3.4308125
1cd/68409abbdfc83	2.5897948025136306	3.12075
1ce/b9d8a048a5c91	2.5631630767351696	5.747875
1cf/fd0fbeef0fe9c	2.971808574357514	2.727875
1cc/423cee5248cf9	2.0037250978634398	4.5114375
1cd/5e12e4c90effe	3.0176888355499067	2.242875
1ce/2f267d4ce4f8d	3.211820392244116	2.229125
1cf/ba48922a95edc	3.071330539475511	3.2088125
1cc/d434c642da8d6	2.151193539699729	1.9228125
1cd/3f78ea65b1348	3.354016807770226	3.3765625
1ce/8a89c834c092c	3.0393769449786867	1.0565625
1cf/3cb4733e59be8	2.3676062948394563	3.3664375
1cc/c3c77d5091450	3.0048932047075185	3.436625
1cd/7088dd302a88d	3.449498103048698	7.4513125
1ce/5edea9bda3591	2.9357162383589697	5.9353125
1cf/69038d905cf8c	2.9762851436902635	3.501625
1cc/f0fe1182958f0	2.234357237436329	1.83125
1cd/001dfcd1d8325	2.8882543408735897	5.624625
1ce/c903a9b9eb84f	2.9866905573645894	7.0436875
1cf/1039f987aacc9	3.0009323618891672	1.2781875
1cc/7780c95068bdf	2.02589372334419	1.6838125
1cd/3d90e69c82df0	3.145647475182705	11.25275
1ce/aad57cdc7dad9	2.8058655083493194	6.1220625
1cf/f5ce9144fdf8c	3.071685594121694	7.9408125
1cc/9e6ea980d79a8	3.3179061259399942	3.7203125
1cd/a83e8471edc7d	3.0692991048078584	9.1316875
1ce/d12c12d6f4b8b	3.2779917272080614	4.90025
1cf/d3917ab41297f	3.183578921317211	10.162625
1cc/8c4ac975cffc4	1.5147938876611202	1.000125
1cd/c272e45de49c2	2.9616969873416004	8.01125
1ce/be6f21e38055a	2.5329377535138287	12.8095
1cf/bda825831897c	3.12055174928498	2.5813125
1cc/3369b6d55b699	2.535645960879441	5.0988125
1cd/c7e2ef1df29c7	2.2644260570319314	0.985375
1ce/67fb53b5ab010	3.1073357959947967	12.928875
1cf/a0f7c8fc2b1ef	2.5227390267849676	5.9824375
1cc/7fcba478661d2	3.2161428304552797	10.0598125
1cd/301b5677078c2	2.495209222115675	1.6333125
1ce/f5521c79c0958	2.9520046631946384	9.1214375
1cf/2d75c20feb4ce	2.7913793048582143	4.047375
1cc/55cd482dd9829	3.4065596841639647	6.4700625
1cd/c75b7d2462662	2.897098080728091	4.3594375
1ce/93459d44e7944	3.4262030458281103	10.10625
1cf/e3ecee1ebd4c3	3.16438104441097	4.7329375
1cc/6eb40f2a6b430	2.090510333934433	4.6174375
1cd/0c2c07679efa3	3.4856053758685315	9.9344375
1ce/8f065da0e5354	1.2008121278259236	1.0684375
1cf/685b7723c2ee9	2.4939707578772774	3.4058125
1cc/3c33af178e7a5	2.641983610151623	13.1764375
1cd/783c4c13059d4	3.0170103454146977	18.39725
1ce/7ae38e8f709ce	2.9968815300999023	2.720375
1cf/108d4fb10778f	2.731035652662221	5.958125
1cc/2ad421650771b	2.938790148709671	6.09325
1cd/6dafed1b0b40c	3.2782867914634073	4.5960625
1ce/860adcceec016	3.1872233151354528	9.862125
1cf/3b09ed1418ef0	2.7531437386965956	4.498125
1cc/15677c4fedd7a	2.5285166984275262	2.8889375
1cd/2ad915fdf4d0a	2.611473009319322	1.4305625
1ce/daa72da781c58	3.2443651992468734	5.50025
1cf/a9fb0f6bc585a	3.1383786293565312	4.148875
1cc/cfc0cadb5d0b8	3.1139150197847605	6.680125
1cd/7c3881bf97431	3.1084068569477727	8.908
1ce/60f4c8476bcef	3.286477139251514	5.525625
1cf/d36f59afb0ae6	1.1059060473115383	1.1533125
1cc/d8ab2cb91d47d	3.3768017754077304	5.6720625
1cd/a2747251e16ef	3.1918460096874695	12.4439375
1ce/fa57a8653bf56	2.5616565193686798	15.0006875
1cf/2c093344a9dee	2.7303669593774744	2.4991875
1cc/4e8f74f0d757b	3.448978273208017	8.3465625
1cd/ce9bea4aca485	3.352594196178148	2.46725
1ce/72adcc87a0579	2.431179095945492	10.82
1cf/af2bb864875e6	2.4051864795095392	1.850125
1cc/8af3e292e071e	2.362414394604515	1.8865625
1cd/b6884ad81ba44	2.7162197970367035	12.308625
1ce/580abc7384857	2.0402616561495197	3.4135
1cf/d95a8494f531c	2.7754266193922894	4.4425
1cc/e69dcf0acd834	3.3232329319735183	8.6595625
1cd/3dad33823f669	1.1091815986676843	1.7655625
1ce/6fd8eca14a49c	2.4944832641500665	1.1535
1cf/3ba2470765cc4	3.132713978827971	5.01675
1cc/f78302ac2955c	1.8145185987280346	1.8268125
1cd/f8703463fff39	2.4124613463038203	5.1811875
1ce/45a5768ae1c70	2.10438424848436	4.3338125
1cf/b1ec7f5c96af3	2.8536400432624296	2.5395625
1cc/9914c2caac225	3.238635178622033	7.8901875
1cd/df026d26436cc	3.3274449703021314	8.684625
1ce/1c6cac7183e3b	2.999827180056204	4.193
1cf/e308088ed3f9e	3.426887547837373	2.645
1cc/8a9919c88f7a6	1.9565205184312897	2.1854375
1cd/eb3c89ab6c489	2.9405813612663247	3.992375
1ce/1906930d1d40f	2.876521389158509	2.2579375
1cf/24f1b6c2121a4	2.811122809727504	4.4995
1cc/d541ad8b87113	2.297513146748894	7.5260625
1cd/d4654f6cb99a2	2.9549736930221195	5.577875
1ce/2eb7de98b4e2e	1.7443971408257226	3.7039375
1cf/bfe4bb51f68ea	3.2526665663816403	10.1433125
1cc/a835d4e5cb121	2.9243065811568583	1.2013125
1cd/891ca12155f9b	3.1950880481777615	4.745
1ce/dc4f08045d13c	3.0138583364170852	3.238875
1cf/20c86b949d7bc	3.1940250985849157	9.496375
1cc/589785092d425	2.5880642673134635	3.5664375
1cd/11c7fc99fd5b9	3.3383526412050215	7.431625
1ce/7a3e680ff75e8	3.291971176132914	3.7195625
1cf/a489abe6a63cd	2.5647732221022506	1.899125
1cc/d43f26bb9a035	3.4299084815586856	6.5425
1cd/1a60078e0ab36	3.090912473641507	17.3363125
1ce/bb32e1d34d8f9	2.618000787810951	1.4773125
1cf/54da2dbc6a046	1.8977931683229863	7.0901875
1cc/e7399c306ea93	2.5103143148091718	2.3084375
1cd/2d75b80f36880	3.127408827921543	4.2333125
1ce/790dea69ca6d3	3.3787491524114284	5.80325
1cf/835b9c5238e16	3.032113098154472	6.260125
1cc/d9754db404124	2.9706107840944522	2.32575
1cd/15d3cefbbbdad	3.2297036025367625	13.915875
1ce/03002144fb73f	2.601584097075164	2.134
1cf/bd2caf11282b6	3.339829161791766	14.2473125
1cc/f5e03553ebd53	3.1551401708900593	7.8596875
1cd/9fede0ef0c6cc	2.978244388487832	1.2281875
1ce/2074c2634236a	2.3680572322570472	0.760375
1cf/4187515714748	2.680414540242328	7.6438125
1cc/7540befc323ca	2.436727441319014	6.3876875
1cd/0a28d829dc69d	3.2673421228768165	7.1361875
1ce/28da87ee454d4	3.3155619449233664	4.726625
1cf/847217ce5a9a9	2.6837543393447	3.916375
1cc/e475c1f10e8cb	3.0519111687240743	3.7221875
1cd/688c73c19ba36	2.853494791120028	6.2465625
1ce/e46a4738e9928	2.032937147547548	3.7190625
1cf/1b8d578443ac2	1.1118843738022017	1.337125
1cc/ab07195927ce3	3.2052329996052267	21.292
1cd/628b2dd1fb56b	3.123167027606942	2.4523125
1ce/b84777c56b969	2.911545494324552	2.80175
1cf/69347eed5294e	3.044524018646454	7.9379375
1cc/f693dabc3b32d	3.0912028368390714	7.6086875
1cd/154c6069b35f1	3.3597768344182373	12.62475
1ce/9207e997af5c4	3.175986668613833	7.22025
1cf/d31907aa3e0e7	2.905395071752018	3.7075625
1cc/fa0acdffd94da	2.6272826444659025	1.777875
1cd/5cd12669cb610	2.3584262636174356	5.6746875
1ce/2d702c34427eb	2.9350275266434918	4.79075
1cf/d34deea98660b	2.6831677306356174	6.9869375
1cc/f5acf4f655fa3	1.7506851781598607	3.3085
1cd/83bd99d2c20bb	3.322241135917398	10.5864375
1ce/6ff5561468145	2.824584150546403	7.0861875
1cf/eccaf78a6d8a6	1.9599916116805676	0.7203125
1cc/6067b27496c1e	2.832166208447289	22.9968125
1cd/6196af88b042f	1.9260329431244119	6.0274375
1ce/eee83695c939d	2.3901031476153727	21.23425
1cf/98ecc6762c5a4	3.1840397762903465	4.13825
1cc/dade5cf095e13	3.0298781809268354	2.6909375
1cd/f8595575d09e7	3.015959302323812	4.360375
1ce/b74a1319b34aa	3.308557676929444	7.046625
1cf/94a2239fdd270	2.0860016764861475	5.8155
1cc/b80f7ce07c4d8	2.4495718017657024	8.9089375
1cd/b6d715dab2eaa	2.9419871007418252	7.8868125
1ce/5b1a271ef8671	3.333560884887164	12.8668125
1cf/889e745f20cc7	2.7541666215080087	5.86775
1cc/0f81a2e3f1deb	2.644921853052464	2.0459375
1cd/4f32bdd83b061	2.1702421149838407	4.076875
1ce/5f97bc3e26459	2.896918602201008	4.13525
1cf/c8b434eb370be	3.2617118634903424	5.5555625
1cc/1485f4bda55fe	2.2570141497296388	8.8586875
1cd/7e5f9e25a5c1f	3.0833859558802366	3.515125
1ce/c5bf3a5effb16	3.21952279935831	2.2613125
1cf/a9ed876fe62ba	3.4341881118856397	9.198
1cc/f4e2799c0f11e	2.7907095019276613	2.607625
1cd/19758e0fb1977	1.8890900682333192	1.960875
1ce/01829b740d1a4	3.2874537016126824	8.650875
1cf/fa48a0dcc91bf	3.0830155695411037	10.1649375
1cc/2c98fe5ab1865	2.8956971060589995	13.6338125
1cd/fe021df922b4e	3.138862410759682	3.0293125
1ce/c6321f7ce1b46	2.5778474088476746	1.539125
1cf/b135e2516ba31	2.806072509636549	9.755375
1cc/5c34ea74235bb	2.9046771541968406	3.4828125
1cd/27eb3d73a45a6	3.474824316282525	8.546875
1ce/f3258c36a60c2	3.1282112185163853	6.3958125
1cf/3dd0940d5d038	3.3760112992953557	8.2808125
1cc/163c36e135906	2.0159769633791815	7.8183125
1cd/d03b20bab6336	3.083219892997826	12.723875
1ce/4424b03c4864f	3.343209178384469	4.2031875
1cf/e4197c50c7063	2.9392348338235417	3.6941875
1cc/6b736f36e6d54	3.284280488559885	5.8666875
1cd/d1cc6db9eaab4	3.359696498030462	12.2493125
1ce/155ba51dcbf1e	1.9986621613327258	4.7310625
1cf/cad89df1e651d	3.040913951426068	8.626375
1cc/6c57337450d6f	2.58824744480079	4.4010625
1cd/29c9ecc385be6	3.40938732695165	8.18975
1ce/9a2dfc4912dab	2.9467379206365027	4.958
1cf/7148567a5dfbb	3.359697249716221	8.773125
1cc/050ce9774f842	3.0809710267028563	3.021
1cd/61da4be72de02	3.129175270729221	3.874375
1ce/79b5b45d03f9f	3.306110616317165	11.4925625
1cf/8a87f773a5b09	2.5935191229315584	9.3633125
1cc/d85e9054395db	2.7958651724608723	3.557
1cd/a19705bf89fde	2.369927634435469	3.216625
1ce/7ccbb286df030	2.4718422846053714	2.0574375
1cf/f35bd0e61aadf	3.0320896379545865	9.0774375
1cc/ba7d1f1a9a91b	3.1843417330115127	2.68575
1cd/664d42158087b	3.3804215710165013	7.9195
1ce/fcdf6f7195a7a	2.3048282719313784	1.2496875
1cf/b3e559ed970ec	3.5219439936520742	11.07425
1cc/631020b2d420f	3.1507691945564322	8.191875
1cd/77c9787ed0cd8	3.2133360827787256	24.1388125
1ce/756d4553eb36f	3.28544094521813	12.82375
1cf/3c9c356fe4a62	3.3635968153865616	4.05175
1cc/5c09230a806a3	3.348083877426122	6.9425
1cd/2f5a50b50b204	2.6394809167228135	2.4785
1ce/acf0134aafb83	2.402242353883143	8.028125
1cf/7196d668cac0c	3.1406921983736216	6.6924375
1cc/f379c7f97d61d	1.6378125399700565	2.661625
1cd/4bc5818a7504b	2.7396416846626828	8.7734375
1ce/e4ea1ce5686a2	3.2748944610989	10.377875
1cf/c98763e98f729	2.1643009549508854	9.9286875
1cc/86d343f6f692f	3.0267815819952175	3.2925625
1cd/8d9e6b9d22e0e	3.032359596579053	4.8575625
1ce/bad89810f0404	2.9176185583393712	2.019625
1cf/fdf62fc80e250	1.2176199756926647	1.571
1cc/ece1ab944e74a	2.9401965136518315	12.888125
1cd/a4432a0468541	2.5589171382559663	8.245625
1ce/f8e3bdc7836d2	2.994921834248986	2.9815625
1cf/a8c1776afcb13	3.1100043519075067	4.161
1cc/4d66ae1c9914a	3.3017729695032987	3.832375
1cd/4d7bd7cf274cc	2.5069931368195073	1.461875
1ce/4724d1018a50e	3.3212394953326934	5.1935
1cf/cff39b28881fe	3.0545707709146015	3.308625
1cc/2ce453074d180	3.0071359600098666	7.111125
1cd/07aea45361787	3.1860931969719424	4.04525
1ce/cbf3c99b48087	2.9073046825466795	6.9989375
1cf/573319c593d0c	3.075968013840311	12.3513125
1cc/29c3efad46a97	3.3931230991339976	6.7801875
1cd/eaf10a254aeeb	2.4049809795555928	4.5345
1ce/6ffb7d6f1d929	3.3705534499304215	14.2714375
1cf/b9b59b6a9d811	2.4236166570508257	2.4046875
1cc/889eabeb6178f	3.0998997840502276	3.08675
1cd/ad8f29b115b69	3.0160383134688646	8.504125
1ce/61bf4b07bdb3d	2.590180108936164	1.043125
1cf/02b89e0cf795b	2.5569448947345683	3.629125
1cc/0aa9291f81181	3.2364005492725147	15.6145625
1cd/8087c958cd989	3.2939006514115614	10.3104375
1ce/7ab4e8063ca88	2.0182861883179295	4.4905625
1cf/b55d841a7cba1	2.214350972826739	3.58
1cc/1a190863c6aa1	2.871494276098743	1.1293125
1cd/3b36ea114412e	2.8526268889124893	9.59225
1ce/7fd46dd280991	3.204877374966813	5.165875
1cf/ba2221a03cf3f	3.0483642262424957	9.8923125
1cc/edf783396d987	3.103499806119774	5.477125
1cd/4759d6518f5fb	2.912213555991496	9.868375
1ce/610d9f9dc2973	2.3483175465968276	4.9433125
1cf/0cb4e96e35e12	2.8808356665826715	6.372
1cc/8c2e77990ef47	2.315148768335143	1.009125
1cd/03196fd5e1373	3.434829425374341	6.345625
1ce/c7eaff9b668d0	2.4361358619591265	5.0385625
1cf/92e89f174fd18	2.188984216953191	2.0265
1cc/b60b4c0a026bb	2.4809741050815646	6.1701875
1cd/a46a216bc0797	3.228276060764341	4.66425
1ce/57568d149b390	2.4120939174347247	10.8239375
1cf/1f886f15b5017	2.6665384012540576	1.153375
1cc/c563ce1d30bd6	3.283913385711475	9.13
1cd/2688478e86fa6	3.1475586162831855	5.1458125
1ce/c8e57ccc675e7	2.456069924689767	6.176125
1cf/6c13bf5910f6b	2.6164367240723765	7.8215
1cc/99008838df854	3.0787014501227814	7.16925
1cd/0a2c33149f7d4	2.74818235517098	1.64575
1ce/bc39d4a463768	3.2469281113049275	6.733125
1cf/d9f8b1ebded85	3.0774256807354674	4.1769375
1cc/13292dfe4caaf	2.075603677730137	0.92025
1cd/05da4af712c38	3.0080557824110365	7.593625
1ce/f8cd8a080e3ec	2.3418938832839866	1.201625
1cf/dbb9d1ce72780	3.265164324179959	3.722625
1cc/260fb44db8d41	2.8734315584480443	5.1335
1cd/461ec80fbe633	2.792063076428769	3.533375
1ce/a99e6f3e0481c	1.8482009869170977	0.864375
1cf/0252cb0a38fdc	3.4378261537797234	17.857875
1cc/5e49324367bef	1.7164394264534606	2.5080625
1cd/26a2921447a37	2.557708934740737	3.296375
1ce/f83b21a919d67	2.4949715729812527	2.23975
1cf/0c7a845def533	2.016853005944314	4.390375
1cc/1a9b03339d909	2.624096805000817	7.0508125
1cd/ee0ed3c50d5fe	2.856285681241397	4.0926875
1ce/a59476f7bf5e1	3.1077487293355923	3.17575
1cf/61551d782fbae	2.8892381398819467	5.0469375
1cc/07a3a86f6bbe4	1.733721262707126	7.3785
1cd/a91507943afe5	3.4941613891656753	27.0165625
1ce/61f64725d3456	2.8692043537671097	8.1189375
1cf/0ce1a9bf15b6b	3.0212871443124873	12.3015
1cc/095a13df3e355	3.219214484898362	13.8596875
1cd/ba8c6bea2e60c	3.1472145548659243	12.5938125
1ce/21b648c2ba167	3.05290577211249	7.643875
1cf/b56e7e2c2b4e0	3.476449373884006	13.4884375
1cc/4a327fb1ec704	3.3454824887608274	21.1396875
1cd/cd0268f7f5aee	2.8882193045910847	8.2568125
1ce/1a6b5aef62792	3.1858545420705586	12.2730625
1cf/de0fb3d56e9de	1.930395051444197	3.2061875
1cc/b510c0fe3e039	3.344415921974542	6.2730625
1cd/bf50061199b06	3.3302691286183306	7.1649375
1ce/844023d852393	3.3705187038130093	16.8326875
1cf/bd007d448f32b	2.7487684716687735	2.546875
1cc/9cb5a741498e6	2.332054179742267	3.024625
1cd/82156ab4b3af2	2.7401626398261514	1.9925
1ce/1e5c13a2b0098	2.7614408168868234	6.372875
1cf/546df94005b54	3.387808686682882	6.993125
1cc/0f3ec4f3ea0f3	3.117526377871383	7.07625
1cd/c04fd40854496	3.26324693318379	6.4506875
1ce/8371638fefd50	2.8777184897064823	1.0085
1cf/1f8d2132afe99	3.2077712422056783	7.1819375
1cc/7233858af7c86	3.167465285389156	5.888625
1cd/3c68ad330b4ff	3.453237677789323	6.4511875
1ce/e75ed1cfae38c	2.807973916396464	11.7115625
1cf/9174f781fcfc1	3.083264451247648	8.69325
1cc/022d53e5e1860	3.2825291943630552	7.1033125
1cd/ad49a8013ff48	3.2152020929815146	15.25025
1ce/37819dbc429d6	1.4878772653199164	0.7681875
1cf/39f56a05126a9	3.3372140448993104	7.801875
1cc/e3c7c9d159556	2.705299214740886	6.8280625
1cd/d341c2a93e0a2	2.705771788121849	1.730375
1ce/b159f0d61299c	2.8879210718624466	5.3886875
1cf/e339d1efd01bd	2.5423459786429663	2.902125
1cc/95790978a0bde	3.03245033789954	4.3464375
1cd/72f0cb18ee5f5	3.2569873872856387	5.49025
1ce/54886a0e40964	3.473736182226245	2.748
1cf/d7b8a13945f19	3.1398413517527692	1.5930625
1cc/163b635f18d69	3.1455988828201606	5.578625
1cd/9c365671dc131	2.6511109320287254	4.7881875
1ce/956d17d69183e	2.980805230755677	3.515
1cf/4b407e2c400f1	2.5741511325462234	2.7845
1cc/c722f860f7b8c	1.8125514763922501	0.9399375
1cd/65c5e72784fdb	2.6381033756157377	3.714875
1ce/34af3f78b94ff	2.493959165590246	3.22625
1cf/e629c360ab16a	3.2006921010979283	7.1093125
1cc/a31f16bd5f8a0	2.623606869014487	2.070625
1cd/fbb836c3d1e1a	3.1366769856035015	5.3633125
1ce/9f925005bd428	1.1493968988978103	3.468625
1cf/b30b657143886	2.6119573771132076	4.6824375
1cc/73d8678737820	2.7595200296807394	3.763875
1cd/7788669c4876b	2.6704368784154298	1.671
1ce/a6caa1faf3326	3.2683238595872797	10.3515
1cf/80e57d54d0f28	3.2953243941170665	7.95675
1cc/3a033dc6c3e13	2.884777731241054	2.3108125
1cd/d4173c3d80fae	3.2844206799702405	7.9558125
1ce/a4339c97c21e6	3.252242668171039	5.2165
1cf/ef30eca051449	3.463335976116529	19.8996875
1cc/09a2b6ab09219	3.26510354654553	8.6751875
1cd/ab4662cdfe34f	3.278716065397173	10.15475
1ce/ae9c84a6632fc	3.2591380824054212	7.2763125
1cf/42ee1a790fe8c	2.2790758266593265	1.197125
1cc/b0f7fee0a99a3	2.6302942174491295	2.0240625
1cd/5223504e513fc	2.8889081286848626	3.9181875
1ce/a2616701838c5	1.0892593386992897	2.7673125
1cf/8296cc18fbf78	3.2915379440907584	5.888375
1cc/33f0bced322d4	3.234631271615363	11.3395625
1cd/dae89e8329bce	3.1486055559747697	3.114
1ce/e65805fb391fd	2.403094571596862	2.1749375
1cf/3e0cf8c5f70cd	2.5390981421043164	7.3819375
1cc/56063195d555a	3.013717109962864	4.0606875
1cd/bc15b832f9ed2	3.500803381501124	10.5195625
1ce/bab3dec36cb11	2.2376593134974154	1.634125
1cf/d041f3a9dd7aa	1.2516103126668996	1.609625
1cc/45080dc326c65	3.1582979809672187	9.645125
1cd/ad700a4fe4bea	3.1028702022647137	11.486
1ce/915eb98bc4ff7	3.0753396207130295	6.1401875
1cf/1bda1da91a592	3.178428679847491	6.056125
1cc/3a0eb606a8bd8	2.7698306569039435	3.114625
1cd/31afbb69ea955	3.4743085306058754	9.6545625
1ce/aba91e31573ba	3.1259423099555055	8.83425
1cf/34317fc436e1f	1.9839583423225617	1.2738125
1cc/aa52651044d53	2.297945814707195	2.0200625
1cd/07a38a5cd2c79	2.398869340976222	4.82575
1ce/e9a62be119834	3.3418144546702133	8.48325
1cf/a6e3864c70659	3.2801537750662106	4.34975
1cc/683321ab93e21	3.5027169667383338	10.5046875
1cd/8b9c9d83e9589	3.231013345370188	2.3830625
1ce/4f82a8b87f43e	1.2002345571123254	1.009125
1cf/7b6cc72569b6c	3.054347083322355	7.6925
1cc/88fff9b9685eb	3.2447309778510656	10.9006875
1cd/629f16579bf73	3.2640596456739024	5.7874375
1ce/6aacd410d53bd	2.961840475083317	6.27925
1cf/63712986d3951	3.0318833346662117	4.3446875
1cc/2153f79fca6c3	3.1643271712161467	8.2734375
1cd/1b0bf546e95c4	2.2403681745847948	3.479125
1ce/b0030a200e48b	2.725988846595442	1.1559375
1cf/24063cb463ab6	3.2534318723781155	9.4191875
1cc/43232640375a9	3.253649423642056	6.1413125
1cd/09d8e2c0a3644	2.489123628392563	1.5729375
1ce/6a9b2a9cacfa2	3.5247097383875055	19.6676875
1cf/cc7d62b45e867	3.2725249229510855	6.6154375
1cc/685d0b808473f	2.7884338896800553	5.2873125
1cd/ab3404f19a809	2.5333819616986837	0.768375
1ce/5939dcc5cce21	3.329075232838246	5.1404375
1cf/016abeb29be75	3.066006567121768	3.4666875
1cc/7bf3f6701a57c	2.7145233445025707	2.2383125
1cd/b1dbed841018f	3.2891461746745376	6.7984375
1ce/27625378be2d2	2.750300049212819	3.42125
1cf/8c4afa9715a5f	2.9653097349262225	5.298625
1cc/323eff1d3fdd1	2.6078615629770483	2.9980625
1cd/a053c0d3625f7	3.365572521877793	6.7781875
1ce/31a2b7a977898	2.310314699548999	4.3705625
1cf/5f0c262317515	3.52509058994226	7.1068125
1cc/b5063c5bc5da1	3.4325216012518593	13.0121875
1cd/4ae039191085d	3.2571531398946703	4.9763125
1ce/97e028ee8ae51	2.4274890540222667	5.719625
1cf/9e5a43d84444c	3.239103768282474	4.9895
1cc/630e713942e94	2.9290216986394415	2.9805625
1cd/d1304248172ca	1.0989119943925816	1.10475
1ce/5503a38c8df17	3.333476859114972	4.676625
1cf/d0fb52e69ff5b	2.392865238859448	1.51175
1cc/a077fd2dcabe6	2.2470004818496974	2.2116875
1cd/8829bf0a3caf8	1.1432244247892653	1.0811875
1ce/d13c9b6d3c075	2.848202495598048	8.46075
1cf/6150a84090ebf	2.8894907879422163	4.2815
1cc/f40dfc247d14d	3.4915607454417663	6.53925
1cd/dc37aa7451e75	3.2587905432643494	13.142375
1ce/8126d90b3340e	3.2165140688448233	5.686625
1cf/6994b8576cbd1	1.1245896344579989	5.0749375
1cc/2e491e9dce12a	2.436885055616596	2.57075
1cd/cf2e1fb17601d	2.2648081509181206	1.3111875
1ce/1b8b3e829d09c	1.0954811676789622	1.902375
1cf/1283b635ebd2b	3.0548526359370953	1.9951875
1cc/b9200e8aead87	3.2430913187286587	8.776375
1cd/1341820e2de8c	3.2753069502012346	3.675625
1ce/b1e3cb0a546e9	2.9870262498467666	8.721125
1cf/875e5d9dbe610	3.2857892462052605	3.70875
1cc/1a14324c46802	3.4043541772282637	12.657125
1cd/e3a7386326827	3.386670814364589	11.492875
1ce/2d8fe587c5482	3.2526803382324947	4.6371875
1cf/955616d5d8b33	3.117869882242422	4.78125
1cc/396101afc2419	3.2944044695768517	16.6400625
1cd/1689155e6abfc	3.1511491014069186	4.4378125
1ce/f2a08f87d1b3e	3.322537888868531	4.23875
1cf/74140a940a45a	2.1445304854921954	1.958125
1cc/1d097a6794aa8	2.0879355617244593	1.2013125
1cd/00e50071f2cd2	1.1864081872962522	2.5741875
1ce/b71b5d07bd807	2.8865556940762853	12.9335625
1cf/afdc384c8519f	1.4449094736467514	1.3528125
1cc/ebba5accd0f88	2.352194437838902	1.9716875
1cd/eefddb080b21f	2.990797471087636	8.9276875
1ce/35eb4c58a9ecc	3.2318487048360454	7.800125
1cf/9b96999c87c14	3.3122610821139036	4.65525
1cc/947819d2ce622	3.4130921556798697	3.749375
1cd/d90869d59bc11	2.6626990717164487	3.0216875
1ce/964404e32d546	1.8492211013683981	3.1251875
1cf/4d66263404ef0	2.6137402772268583	1.634625
1cc/481a0d41af575	2.8657469698563953	6.1678125
1cd/d49ed8051f02e	2.7459009013187035	8.695625
1ce/91428c1a481bd	2.5595346911491936	8.170875
1cf/8501aaa0ca579	3.0676922566892113	7.9423125
1cc/cd7bacd1aec6a	2.4212712406898222	4.0728125
1cd/e728d85c3c72d	3.4707893424665137	5.797375
1ce/463447b3f2af1	3.191144876453625	1.3160625
1cf/d8b1e89128506	3.3629870849291863	6.736
1cc/0c19927f2cbee	3.2829581409201056	19.9033125
1cd/abf9f7a7f7413	3.4494771837321863	7.486
1ce/b1ad8db2cc163	2.932951934110777	3.182625
1cf/aef8a1e17295c	3.4083217806234707	26.9408125
1cc/fc64a25684bb0	3.0093403758865866	9.5974375
1cd/887f1e7a61f5d	2.039727472854486	1.8005625
1ce/6b5c1a767ffbd	2.310033235421996	1.008875
1cf/b99c326173e91	2.2487053748095365	2.6226875
1cc/7ded889c0dd0f	2.5762460123540696	14.6610625
1cd/9e38add009fd9	3.1593689246239416	12.1858125
1ce/a16b02a5fc513	2.88471306656473	2.1215625
1cf/f70c6dffff49a	2.0786599349336963	2.788625
1cc/a2f5db62e3491	2.722554086496012	3.4286875
1cd/2ac5af842c779	3.3414984968581067	6.4913125
1ce/5871b41ffd051	1.5858292784891117	2.2364375
1cf/2ce436e85ce00	2.95935025459957	5.43575
1cc/6af307042600c	3.073633367390324	15.2074375
1cd/e4cb65d3aba8d	2.9010667043850273	11.3468125
1ce/71754ffe7251a	2.786572020095608	4.0815
1cf/02794fa1784d3	3.338921305712461	5.839125
1cc/3b4ff630daf62	3.0057737472864043	15.559375
1cd/53ba67ef86c64	2.551489945033548	4.0388125
1ce/6c91d39db0699	1.1175725907735647	2.9805
1cf/a171f3cfe4e20	1.8143249113212367	3.6329375
1cc/a8c4ae011745a	2.65033591955824	1.0566875
1cd/44204984abe4e	2.6586224341820306	1.7058125
1ce/b10b18ca05856	2.7202570110034334	6.751375
1cf/5c0a605e2d021	2.5068741430826207	2.2946875
1cc/b91c3d9c1c072	2.667604657090357	2.541375
1cd/4db014b567f3d	2.782061513430692	2.496625
1ce/30faefef233f7	3.4667533083023363	17.2309375
1cf/280fb35143f01	2.521707370882512	1.5374375
1cc/b9b4e5b37ed42	2.8514796626820136	2.18675
1cd/0f5bd43c95782	2.193678873547947	8.5045
1ce/5cd62dc451419	2.480484697301463	8.262625
1cf/f16e71406881e	2.4795722853511917	10.3311875
1cc/ba49640f5d40e	3.344993618330257	10.9103125
1cd/711830870118b	2.270286689796911	1.5866875
1ce/6fb3aaa88f6fa	3.2511162664935447	9.7724375
1cf/6f4ff47c88ca9	2.9677179924255737	5.0365
1cc/5b662112fd7a5	2.2800697417186755	1.2176875
1cd/e69a33334710b	2.656615525869904	4.7104375
1ce/007150739e470	3.115406245826524	2.1918125
1cf/84f417c8f5015	2.340792716495919	12.4529375
1cc/67f8788e04ec5	1.9720189321588395	2.0196875
1cd/28e14e432e954	2.67615712210417	1.73075
1ce/6fc4751f6b6a8	3.50688013091647	14.2321875
1cf/ab22904575908	1.1113049241124164	6.2194375
1cc/51ae4b4be6f4d	2.5460299062594807	6.029
1cd/d9ab780a33ce1	1.9468090968341705	2.723375
1ce/5815f054b6803	3.131743105573573	17.8413125
1cf/82a41ce84e3d6	3.2161285506909136	5.6196875
1cc/d23ce1516dd96	3.3844637700900084	8.3806875
1cd/2791398610bbc	2.250585427480948	2.4815
1ce/750e8afa3267d	3.480787462585333	18.59025
1cf/13468b5338b94	3.0427807433964507	5.1453125
1cc/b0adefc4a672a	3.3778888198568886	3.173875
1cd/5abe0a31bd971	3.2803445470384314	4.026
1ce/b7bd6eb03b356	2.82079334278685	2.68025
1cf/1d013a48b85b2	2.999252662409552	12.828625
1cc/65d0473d86844	2.7756724466014684	5.0505
1cd/388e2f71bdf04	3.052024946502687	7.680625
1ce/065ea1da227cf	2.7473208313250184	2.9819375
1cf/ba94333137c9b	2.8334345030471115	2.784375
1cc/e9daab9e91d44	2.7853343264837966	9.762375
1cd/485a990b0cf42	3.39406262342005	7.3075625
1ce/c80d5034abd7e	2.845430287369449	12.7753125
1cf/6c111eaa15e18	2.716906424851963	6.1538125
1cc/fd48f2f702241	1.7389261703843062	5.0456875
1cd/d72203543e1cb	3.108373264980987	11.648125
1ce/3d10448468bf6	3.300433311703494	11.35825
1cf/3a351863799e4	2.9487955890537343	4.3145
1cc/b976ad4556ed3	3.0426427522558455	9.1186875
1cd/40d46582fbccb	3.4415356211934918	13.532625
1ce/9a0d53d4c3f05	2.507201421261802	9.8055625
1cf/1dc4287609646	3.062304872368451	18.28625
1cc/2735dcaa0bc14	3.4737099177252464	18.5064375
1cd/fc6f63bd81cb0	2.5776306591423515	4.7900625
1ce/7c082bc6e2d4e	2.3941253123144253	6.2205625
1cf/16629bbbe33ca	2.8397197068981104	5.3430625
1cc/9d0c0c6002175	2.2476421092579657	4.631625
1cd/7642aed71f19a	3.074534297605603	4.1115625
1ce/6dbf6c76f093f	1.0539234900074241	1.297125
1cf/dd24e35bb8543	2.6011099502742567	4.4923125
1cc/13db87239ca0e	2.1338879888090054	12.573125
1cd/3647a556c869b	2.508905649821269	0.92075
1ce/b801527d1c3a2	2.569925098386764	4.2854375
1cf/60b6c3f476eca	2.9145764982148257	7.901375
1cc/60149d4259231	2.2347952779923475	3.736375
1cd/b2a8da42c7f3f	3.3645291770350005	11.634625
1ce/3ce0dd631c2f0	3.123627404590105	10.4283125
1cf/e445bdcbf888f	2.1235566484843615	5.51575
1cc/f9db4e8036134	2.8730114675684426	3.48
1cd/7b5fe983a81b3	1.436554066403243	0.91275
1ce/fa0b2e283fb0c	3.185359596069964	5.8485625
1cf/34a289ea7bc44	3.135065730603246	6.6549375
1cc/fc1ddd6180e70	3.2385947263671007	13.2765625
1cd/83ad5e2f3426b	3.4428820560640605	3.1753125
1ce/160d2161dc632	3.2544385157258007	2.4223125
1cf/eecc7075d7a37	2.886124643338501	11.6159375
1cc/801d6900995f3	2.041102474590553	1.829125
1cd/52e3a010c3bc6	3.1918044219900183	3.3554375
1ce/c1dd8a327d406	2.4422513586756858	3.07725
1cf/5556e74cafcc6	2.751053814639037	4.232625
1cc/54f5113147fdf	3.32914332026031	15.585375
1cd/941062ea3a5d5	2.9093860049447255	9.8590625
1ce/278ba7b616cc0	3.143673429420539	2.267
1cf/26363a65ec40a	2.035986426239079	6.0585
1cc/28a2d60af4e56	2.9436175204562316	2.8530625
1cd/f725667b9e409	3.2237968480633596	6.3664375
1ce/15991c187ff04	3.3224347770825218	3.7130625
1cf/8149f9e29ed7f	3.347773843862583	11.5884375
1cc/37cc9966b046c	2.5792397194670986	2.7911875
1cd/f6d6de2464b3a	3.3656211102642377	6.43075
1ce/2d009f970a1df	1.46180595981279	5.1959375
1cf/747df8872ff5f	1.9357921921252441	2.708875
1cc/0015b9c4600dd	3.413678953680364	3.917375
1cd/8b3a2381f834c	2.9189974403051315	10.69075
1ce/459e4d79a4677	2.545732917197982	7.3154375
1cf/27002bb5d0c19	2.7580909227705734	8.979375
1cc/4093122335568	3.0619199709716254	11.2344375
1cd/a67d7b277e039	3.349109996980598	6.7015625
1ce/d9f29ff54494d	3.019406270641112	3.68125
1cf/aa936aa08580f	3.174143277666141	12.5711875
1cc/ab2a16958ac24	2.3392898053408944	2.07925
1cd/9ea8fcbc17a6e	1.6060380045381903	13.006875
1ce/f6a916887e466	2.4200447562917446	1.738625
1cf/2826792f0a83d	3.1656177953124933	13.0235
1cc/b2bc59ad982ce	2.721834815026951	2.9431875
1cd/e12b8e22f2b4a	2.3919712980599397	2.79
1ce/32026e3489168	3.011833616049828	3.5583125
1cf/6e6d900aa21d2	2.4507195459780204	9.2053125
1cc/8352497740599	3.307027881095941	12.7573125
1cd/edcfe7a0a5f23	3.326037957604472	9.081375
1ce/b8d610d3c34a8	3.495683030797748	4.963625
1cf/e7b4a638a07a4	2.799701819988974	4.5798125
1cc/d1b586d611f89	2.875828938491098	6.1749375
1cd/f4daea3565995	1.9404989306017357	11.00375
1ce/b513d1782996b	3.090809966505478	6.4496875
1cf/61d3ecb1a8190	3.0449960114059205	14.1155
1cc/07b8688dfd4f6	3.2360378395983185	4.810125
1cd/f82cee21497b0	3.3092126393353074	8.5398125
1ce/de7f785f2e89b	3.228545571339346	8.6041875
1cf/14a228c3eb963	1.1163699466865298	1.791
1cc/8add67b639aff	2.4798638277908394	2.522375
1cd/b277281e4d71d	1.6829918568460787	4.6825625
1ce/243cf5fba0f77	3.4195265546929234	8.0356875
1cf/9b4ab9576b389	2.57440834589968	3.562
1cc/a093aeaa7e608	2.4969450448877697	3.80775
1cd/3508d2dfdfd22	2.508634954942969	5.71575
1ce/37a52b4205c92	3.331927691330964	13.935
1cf/2d7e446ae3305	3.283308135565106	3.941875
1cc/0c63d8fe16559	2.9630410651568746	3.8709375
1cd/51b00fe895012	2.5635569902686695	4.1528125
1ce/1eab5d7b9e5ff	3.0860821591705343	7.8409375
1cf/c4f031a5f4b02	3.00313994821239	5.5388125
1cc/5e84bf94359aa	1.916017233557202	1.247125
1cd/ac93400943040	3.164828572766723	4.0433125
1ce/029ed2148dbd6	2.062580952010562	5.02725
1cf/8d5e27df9a95e	2.947205602040694	1.3163125
1cc/cd03e34ea7ef9	2.1832304634462703	1.635125
1cd/d9daee88c18ae	3.2144208967521046	4.722375
1ce/283cb8637a327	2.4354566960339126	11.0705
1cf/4bffca03d6daa	3.2255180326622637	8.629375
1cc/57ead331a8102	3.229880742995421	3.4293125
1cd/5db6728fe0e67	2.4573968627196554	2.783875
1ce/dda88f511fd07	2.0984396656277267	3.1225
1cf/a4fa3ca70411e	2.8583351760978593	2.6989375
1cc/a84196a44b88b	2.146326019011211	8.5174375
1cd/2378b70c051a4	3.3160318563408517	13.948375
1ce/5c63687c41b07	2.6029960909676797	10.4280625
1cf/8aeda3158116f	2.943071781487806	5.4143125
1cc/700fb3c32abcb	3.0817230699446005	3.64725
1cd/c4cda09efa335	2.7251603454762883	5.93125
1ce/7ee85db783dcc	2.9111741155641506	11.4046875
1cf/583b5c261d424	3.2168826991778676	5.2860625
1cc/1c333404f3ffb	3.4008116268233843	3.2691875
1cd/ffb8393a948c7	3.2375985377796392	6.8375625
1ce/fd3ecffe6d150	3.0182163052290707	3.9629375
1cf/57c0ebce13709	2.4773991014181576	5.380875
1cc/dcec76e76271a	2.0454920590880334	4.734375
1cd/5da18d6596b9e	2.6614023893712546	9.1599375
1ce/38a7df2ccee52	3.373800335752887	6.7266875
1cf/2d3a55ac1e487	3.297319984981025	8.2270625
1cc/1cc94edc1fd04	2.259435030304776	2.2078125
1cd/ae17f379a6687	3.3247056073349435	11.7445
1ce/1e65c9865143a	1.1155515276914159	1.9231875
1cf/175954e2799e3	3.441102843886641	4.9956875
1cc/3df52b54a1e54	2.8280354610069582	10.630875
1cd/c28a02de48320	3.0573869449296454	3.123625
1ce/e2d984a5605e5	2.427916246295085	5.2449375
1cf/64258c2cf30b4	2.9182859680566544	7.0165
1cc/a59e2fc6c420e	3.297283182914947	2.0855625
1cd/e4b35387879fc	2.892710979910786	5.4291875
1ce/6d4f196f9f6f3	3.343407310844051	8.8399375
1cf/59c8f67da7505	3.1076863529886407	4.4185625
1cc/47378f127c6f3	1.125479302609255	1.2021875
1cd/9444d773c4ce3	3.1133131261219633	7.064375
1ce/b9fef2b8ecbae	2.793849616615185	2.018
1cf/54d703be4858a	3.2054547765800256	4.417125
1cc/d25d5d8554535	2.1133224461839157	2.622
1cd/5dbb0e8ae0cda	2.9599825971629503	4.6795625
1ce/e6f34a03087e5	2.9250563569853325	4.6780625
1cf/400ba37b8102f	2.529118234351322	7.3293125
1cc/0c548b12638ed	3.2354578554884115	6.0291875
1cd/a8cad1794ba3f	2.2770550859314875	1.4005625
1ce/74d2c2b3f7b8f	3.2826413016631464	3.1380625
1cf/da6c978819bf0	3.2490021795594908	4.6791875
1cc/ca9429d172230	3.3497169826244466	3.9051875
1cd/3e8fe43d6a29c	3.1585100097404	3.813625
1ce/79125a724aab2	2.749156867342534	1.847125
1cf/011f638935891	2.7198409735979596	18.1694375
1cc/54786d641284a	3.1498313108871647	3.565125
1cd/7fb12556ab1d6	3.1057936540485795	6.0103125
1ce/947db9f1ca4be	1.5983630417941952	1.2105625
1cf/3a18a6e69e0cd	2.60103930480135	3.8405
1cc/0e34de3a32182	2.1608541963056322	0.960875
1cd/e7e882a6ee451	2.9672156421351645	4.353
1ce/e31d8542763cf	3.116945072829895	8.704625
1cf/2a9a9992ed3af	2.620497734091647	1.2944375
1cc/39bd62068266e	1.684504782255305	1.731
1cd/496041aa000a3	2.93157543899246	8.0850625
1ce/80c6e22043401	3.008452034507787	13.2093125
1cf/e61a54f967738	2.160637129460396	9.6059375
1cc/f355ad57a0627	2.6052402438358895	4.3221875
1cd/5e6914b4d4803	2.954890796165367	6.0764375
1ce/0906b56355e60	2.770027540514426	6.8435
1cf/809a4c69a0199	2.789464796836885	2.8459375
1cc/8db657f750cb0	2.4943573871457123	6.336875
1cd/6083fd4f2dfc7	2.3557991327193304	2.9584375
1ce/17bb3f537a54e	2.194389113235816	1.7988125
1cf/2b178bd67cc85	3.517928188818029	11.6470625
1cc/739469696aa94	3.434357695429718	13.1900625
1cd/988dacf6ec8da	2.989515570496237	2.13975
1ce/97635972c2856	3.2597955233193647	8.354625
1cf/665e76dfb5bba	2.381477127346432	5.402375
1cc/b32c1b8948d99	2.848414376612773	12.16675
1cd/89be8e2c43b2a	3.3633705740910225	2.3715
1ce/49a4d5e024796	2.818929099910874	4.372875
1cf/37dda4ec2700a	3.1875070219820296	6.6635625
1cc/95003b3ffab5b	2.8187458785870083	5.217
1cd/2b328454c712c	3.077825368418286	3.508375
1ce/8e4e52a93d795	2.47469552419054	4.7225
1cf/d2edcf6da62a1	1.0948035620272385	1.405125
1cc/2efdb8becd1bd	2.8345008452080123	4.2750625
1cd/58b2f2eb498b5	3.447507260239969	12.0514375
1ce/3d090a368ef72	2.5710672024468204	3.304625
1cf/8d7075c2ffe75	3.2806499915272256	8.1291875
1cc/d80393698feb9	2.718862234460194	5.1145
1cd/691231097c01d	3.0317807378801156	7.67175
1ce/6e383f7625572	1.8162217569983157	10.6790625
1cf/a262b90361091	3.28269842181616	4.2103125
1cc/68d90ce9be87a	2.1285792773704983	1.496125
1cd/4511401bd80f1	1.9162015052605728	3.125125
1ce/29d47bd1d19a2	3.3789676075131205	7.5055625
1cf/e83e3b8bf604d	2.6031422011804666	2.01875
1cc/5e06fb5ad5df4	3.309148652132346	10.238125
1cd/833cd4049bb5d	3.166320364547607	6.481125
1ce/b400e01b96088	3.256147220213476	7.477875
1cf/7a889a88251d4	3.0319409696512714	1.77925
1cc/b2a8e02a9b5cd	1.7275972870737129	3.7311875
1cd/5782e82aa260f	3.5098535540115674	8.5035
1ce/621cf3e7ab850	3.17638967453215	9.4688125
1cf/856809dc36cba	3.141988729439492	3.9793125
1cc/4bfd611c13ee9	2.558026371422509	1.9454375
1cd/54709ba498ba3	3.4481186334175433	5.6675625
1ce/1bb1ba9972af1	2.3357998301497105	6.4173125
1cf/1b34607f5c055	2.928786379345148	4.94525
1cc/9b2c23d477c19	2.5400232091131576	1.8008125
1cd/1dfc611e6c3d6	2.230748423628834	2.4521875
1ce/7b5c180418e78	2.9101608636084437	13.543125
1cf/640a38e08e7a1	3.338175525712083	8.477125
1cc/f09918b48cbf7	2.4785515535560583	4.2901875
1cd/10e0fa73976ec	2.349798178718912	2.5964375
1ce/bb56d2dff4a74	2.295449381921003	3.5775625
1cf/b404bda48bd45	3.280303736135412	10.3006875
1cc/0e8efebda5500	2.5095057995059333	3.6955
1cd/da3fe7a82ece0	2.642233330264019	2.0180625
1ce/59d91ffd16b63	2.8407693328692147	2.0423125
1cf/a59ade63830d7	2.8191982226766577	3.3175625
1cc/3131a88e9cb45	2.8365668445145507	3.502
1cd/6cf36e6b8d73d	2.7303954058657727	6.731125
1ce/7f614308ff262	3.0851441247299114	1.97175
1cf/f4a00cdbaf9fa	3.2250057349701184	16.9955
1cc/ad8f4b1b3a3bd	1.1795707457480094	4.8419375
1cd/b7d8bbdb77ee8	2.8755852423338752	5.6841875
1ce/3455c7a84cd80	3.460205668307909	7.392625
1cf/2ea8f673c58b2	2.6092243375884587	2.0088125
1cc/31becef840b03	2.9684872788527747	2.793
1cd/a1bd47060cec1	1.638591408347772	1.05725
1ce/b5cb1eef39922	2.844489939220096	4.0910625
1cf/6d6aff2f40782	2.562013676202685	7.9709375
1cc/6d21d7249d8c3	2.721963640255313	10.7304375
1cd/d19c4843ef3f9	3.1847097258013464	7.506875
1ce/2a4a3f3da769e	3.39230668789354	3.41625
1cf/3ca23a47028f7	3.388858351501542	11.1493125
1cc/a4be139b53447	3.1759916169628717	5.0634375
1cd/0abe198b72cc2	3.037591607602693	2.7031875
1ce/1c1366c2434e2	2.2427254528840557	6.1118125
1cf/659b6d07a1cc9	1.9335334175715269	1.2004375
1cc/6839bbe93b950	3.0298242695575865	10.847625
1cd/1320a9786a5b2	3.3633098021700474	3.8733125
1ce/29b6c1af87be9	2.4191315508289373	1.8265625
1cf/083d698fb277a	3.1708480103306003	3.556
1cc/bebbfb7be3a71	3.442209745820487	8.87075
1cd/cc776a5755aec	3.128640487691481	3.628625
1ce/f3a467eb9cbff	3.2892931632432663	8.314875
1cf/53ba7f0804be6	1.839925753445889	1.298
1cc/39f45f55aaa19	3.166039445515558	11.443875
1cd/c0b594dcaf672	2.8341517681408064	4.33025
1ce/f088d6222b849	3.3388248766112585	13.742625
1cf/212601e3c548e	3.2761895320382872	13.8385
1cc/19c5cbec75b18	3.2697298177318097	6.507375
1cd/faff1a28d8713	2.9237837063995973	1.3450625
1ce/a17184c731c61	3.226216883284515	7.58825
1cf/05a38c984edcc	2.726392370954211	6.72
1cc/1144ffebe61c4	2.93975261763649	5.5005
1cd/5599d81025e2d	2.8772110333047607	7.8174375
1ce/ac508985be072	3.478726247556299	6.3669375
1cf/683d6f2aa0c12	2.8007431054442455	3.72175
1cc/184d876016816	2.7164687433146883	6.4983125
1cd/fddcb78dabb14	2.788754673036396	7.9935625
1ce/4cb3788d9227f	3.137890206643713	3.780875
1cf/30d5dc1c800e3	3.217076263070282	13.4680625
1cc/43b1b0a98c9fa	2.4937290206842246	3.21825
1cd/6bcbefd5b7e92	2.897272366830453	6.618125
1ce/2fbfde20bd9a6	2.912329002089479	3.270375
1cf/ee05951219d5f	3.3606288041577748	3.2193125
1cc/3957209cb10a5	3.292736938428621	11.5781875
1cd/6e60196928add	3.2960883877573175	11.9675
1ce/1005efa6cd91e	3.366527926985512	12.2385
1cf/19db4c981f592	2.5744597040078947	3.3935625
1cc/89a44836e3325	2.484764712106373	7.2985
1cd/7d0981d59c459	2.816826461745167	3.97825
1ce/1dab1c4b07901	2.2404692915803963	2.81375
1cf/3c17566d54e5f	2.95878445651467	3.7121875
1cc/8163e5691c87c	2.987514836753314	3.8918125
1cd/7864b97e4d6a4	3.3980501831923138	13.012125
1ce/8163b95386eb5	2.8329231501054424	4.7780625
1cf/e8f45490d15f7	1.9291484073838305	1.8755
1cc/b51dcda56f580	3.458150352294181	4.538625
1cd/45dd8089d6b8a	2.181872724596853	4.12775
1ce/9c4e9e2b92fc2	2.7861318638518986	4.8989375
1cf/d621aa2ea12e7	2.8490288816473415	1.642375
1cc/7a7effef801cd	3.534428802566448	4.48575
1cd/0bf7f38c91ac6	1.4827693840155376	3.1811875
1ce/a392f02eb6fb8	3.2306728138120775	10.77025
1cf/b65ba2a00cab9	3.246206890488034	3.445125
1cc/38d480b8e0875	3.0457714874407524	4.874875
1cd/b214da7fb35eb	3.140017412868204	5.333875
1ce/860e7b000aeec	3.1556353726316124	5.1790625
1cf/704886c6918f5	3.3951174689220167	7.8445
1cc/56a8da889550e	2.2942943511029785	2.965125
1cd/b4804f51737b2	3.2158279310015865	8.0951875
1ce/5d34db0fda882	2.8201079119723844	4.6638125
1cf/d6dfb5b016c37	2.855577892424075	2.1004375
1cc/d24feb7354676	2.664695358817416	2.4031875
1cd/f9b25f68ae187	2.6737736947156767	4.9668125
1ce/b7466f6413144	3.4142913246563165	6.5280625
1cf/d8b088b76813f	3.1139176139223737	4.2404375
1cc/2a8202624600d	2.662002339153784	5.34875
1cd/304af15d4499f	2.1836726174867724	3.2945
1ce/174c8f964d32f	1.9660465345925617	5.0119375
1cf/be535fcbf35b5	3.120504800137496	8.8545625
1cc/76292ad8443de	2.9423300302171005	3.125625
1cd/929eafd3d1144	3.4661003408419697	7.4491875
1ce/0dbdc11c570cf	2.216784118189406	2.159
1cf/79f2ae3fa0597	1.228365033137816	2.2756875
1cc/4b9b1cd5a17dc	3.4121720280745924	9.0749375
1cd/771383536695a	1.7429444000360477	0.9128125
1ce/89d7080fd6bb6	3.331984935305673	7.941
1cf/270dc174914b0	2.5515202136398005	3.72025
1cc/041dda2d47f8b	2.2658734179174687	3.317125
1cd/ea9bca29e15d6	2.784357943856836	5.0488125
1ce/58d180c07140e	3.243253952267691	9.01375
1cf/8011aaebc3e2c	3.25533329490926	6.1043125
1cc/03db56fcc76b2	2.0915627444135136	2.4831875
1cd/4016b6016ec5c	2.801789481883037	10.6665625
1ce/817a847f2df57	2.514675184405236	13.614
1cf/54d243ed24842	2.104627703045025	4.142125
1cc/240ac5c036d66	1.295597002026729	1.5865
1cd/8b284304c7366	3.1679842083380474	9.231375
1ce/8ac16ec279ead	2.6784891803361615	6.6284375
1cf/61a4a7cd979a3	2.7741889523622003	1.320625
1cc/7c6a2127cdb34	2.8246546653283024	2.5433125
1cd/8ddc732251872	2.996291108029847	6.8266875
1ce/e76c3cd20d7aa	2.1028989328642327	1.765875
1cf/d17f8d49efa6d	2.5536326203910367	5.2358125
1cc/dc40adc4bc2c1	3.1610323131920324	6.4229375
1cd/d769e7fd16977	2.2792841273925233	22.7405625
1ce/b5fdd9cef8fdd	2.1639690942670002	2.068
1cf/1bdd65124f8e0	2.5753637111767773	1.6930625
1cc/597dcb856cf17	2.668787228060584	2.308625
1cd/1f2bb56afb2e5	3.1862069118639837	9.9068125
1ce/5a29c85ad40a0	2.956468250303241	0.9124375
1cf/826ef07ecf2ae	3.2246492612803555	5.1596875
1cc/ce219d3cd4f65	2.718358044237757	4.80625
1cd/31bf99b1da3d7	2.828871126252801	5.339375
1ce/77575b5beab8f	2.7092099644331644	3.8381875
1cf/7ba84e38a506f	3.5932131681022916	22.68875
1cc/e75af5a7268d2	2.9173687381156914	4.7514375
1cd/444127ca1791b	2.876294233619845	3.050625
1ce/f04067cba6029	3.0208085051229605	5.24975
1cf/96ac894dc0422	3.124274860163822	6.2519375
1cc/5aed3f2361074	1.4566668671846354	0.8645625
1cd/4a570806fb6eb	2.9030450386823614	5.702375
1ce/3d1ea3731229b	2.375265325807675	2.403125
1cf/f540c3b3b90e6	2.679005933039718	2.317875
1cc/9607727ade8f2	1.1094320724333089	1.4416875
1cd/33a02edee89c0	2.84105291332192	3.359375
1ce/df95de1b4cdd8	2.482519615697623	7.03725
1cf/9be65d1b2c159	2.0534008034956837	2.062125
1cc/e468f206e0ee6	2.0474784431694317	2.1411875
1cd/643510e592586	2.2513978990380634	4.6588125
1ce/d4252649b7e29	2.700930985267813	4.23075
1cf/fde43c74b944d	3.1296093335890034	6.3649375
1cc/248a0f7a60ff8	2.376762820955504	2.715125
1cd/c10d43d5cc0fa	2.712599403628931	4.622625
1ce/4274cd1180b95	3.2134017296257067	3.9609375
1cf/2b4e5adffc506	2.266598478326068	3.3825625
1cc/477036a234390	2.4237836834356195	3.36625
1cd/ad571b2fe9ae2	2.8291139935108753	9.2068125
1ce/f97a574a925d7	3.295977869141062	4.2715
1cf/0eb8fb9e0657b	2.773257228543008	3.9443125
1cc/4999bcc1f0a55	2.130234355438589	2.020625
1cd/4a3c00d4d3d3a	2.875764561864602	2.3575625
1ce/8ee795b744dd7	2.7304188132632423	6.816375
1cf/d80dfca97e43b	2.9282005640465796	5.73875
1cc/732cbcb93d977	2.765992524988462	2.740375
1cd/4afa8989edb81	3.2971592352067347	9.451625
1ce/da797303ee107	3.145591227034859	5.0050625
1cf/2a89d56ba2070	3.2029173720742996	2.5948125
1cc/aa14d877dbffd	2.773519977386247	5.858125
1cd/3921e3c308d33	3.3281171048447167	5.77025
1ce/dbe59b8bf8ba7	3.0403239290621884	1.528375
1cf/79dfb371a58f4	3.0898561335157915	11.3270625
1cc/400f21c58caac	3.3299645746647566	8.193375
1cd/7973714d05b21	3.4377930786223576	5.328875
1ce/16c712ff6e3ca	2.9542984043662592	5.56875
1cf/30f29bef1a732	3.2045529521981986	4.3445625
1cc/6aaeee9ded625	1.6383306783301321	1.8855
1cd/31ac6a760267f	3.0949886228596455	5.0306875
1ce/a7beea2f18015	3.472852240472615	9.00925
1cf/58ec70c741213	2.4531621196052775	3.3215
1cc/a98b7a1ce5052	3.3931168055801106	11.124375
1cd/505d7d3069142	1.062464812453979	0.961
1ce/cc331852cd06f	3.119724246953278	3.66725
1cf/c65e7288d1d01	2.66653383020338	3.5274375
1cc/c3019cfdf4a6c	3.107356327243306	4.787375
1cd/ce8e4df9a12e4	3.161937394500135	5.516
1ce/a113e0b0a5ec7	2.317453371898366	1.5835625
1cf/a5cbd5a13a61d	3.4057357776705737	9.780875
1cc/a5673ee6e72b2	1.3832560103787692	2.4681875
1cd/81a00b873f8d8	3.1985452870903557	14.90225
1ce/cc1617723380b	1.070594874436287	7.73
1cf/07d4974578aaf	2.7258980213941535	3.5403125
1cc/57b4ce6057146	3.2661141290755644	9.6960625
1cd/7d2697507aa12	2.665506245578064	18.454125
1ce/83532c2dbb802	3.4160964978320334	6.6655625
1cf/d96b8b115d7f1	3.1117924403654316	4.549625
1cc/104901696fd7c	3.371437471513006	11.447625
1cd/0c176a3d0dc7b	3.1638254453705894	4.6320625
1ce/e904c90e08aa5	3.138412602074019	2.237875
1cf/72e6bfc7afd40	3.0199113468335836	8.8289375
1cc/d5a2506c13d7f	3.0986210052160126	3.9124375
1cd/7fc8613553740	2.4872463095222956	1.259
1ce/f519210f616e1	2.8140946828199582	8.768125
1cf/1b115b6ca78d3	2.832278274619037	2.1984375
1cc/5d6c1e3a30897	3.235152907192269	2.97975
1cd/fa4d54f2523da	3.1931642713142168	7.287375
1ce/74892edae0c16	3.3434076508113932	5.26275
1cf/7f5cfec0d9814	3.360015903403116	6.2223125
1cc/9a8f3095eb004	3.3559492397701955	5.7744375
1cd/f9aa06b85fec9	3.3236017932149764	17.8285
1ce/4866502ac86dc	3.468697648191111	5.8044375
1cf/4fe459bfa65e9	1.8297131671106588	1.53825
1cc/4fa864ae03792	3.211730215554485	4.7948125
1cd/3311f06611859	3.465760823025825	4.2015
1ce/a8d73f5e5b90c	2.972448127212783	10.750875
1cf/e9e1d5d27249f	2.4285015563430834	1.6413125
1cc/b5488dd586061	3.453755486549848	6.1900625
1cd/79ae654081e6a	3.4346909586722107	5.96175
1ce/bea62dc16654c	2.5042379242417305	4.442375
1cf/63d76ccb881b8	2.2794097611861637	2.4039375
1cc/33594465004de	3.272221769356346	3.735875
1cd/f2fbcc7c36ca6	2.10260697308627	1.2559375
1ce/74b7d052ee6e4	2.4716551464154124	3.4090625
1cf/dfc7813d7769c	2.5588534297174235	1.789875
1cc/2a6a4fa58b1b3	3.185943761758857	8.293
1cd/a1d8e8d9ca0ee	2.9763453181667945	6.2861875
1ce/77f625e48697f	3.0490609259006285	6.72675
1cf/6182c31941477	2.6274015805076303	2.1704375
1cc/31b7eebabfd20	3.338509527744105	10.9695
1cd/6ce160f0c358b	2.7566711021095576	5.403125
1ce/5866d96caf042	3.311245692941857	5.8735625
1cf/909f2ecc7d7d4	2.7384173955505706	1.9715
1cc/d978bb6217d57	2.468325435290893	6.559125
1cd/2d6e105b2e387	2.979619626886342	3.412
1ce/cd2719ede86ed	2.5251866170915678	8.07925
1cf/17580dadab1be	3.1099914481090365	3.5195625
1cc/89dc37095355f	2.53529099457707	2.2114375
1cd/9f2ccc985b776	3.289204880071944	5.88325
1ce/d168bfab1b4e3	2.8601383605743	4.693625
1cf/5c5a3d701a423	1.0878282357690663	2.382
1cc/f8ade31329207	3.187523286939441	7.63475
1cd/ce1a82b9881da	3.1179565593274052	1.9104375
1ce/a7e375e921ac7	2.962670478019532	3.5705625
1cf/ad03113d88290	3.3427995088196885	23.506875
1cc/fecddd67799ac	2.776343159072799	4.00375
1cd/ea9a0e5cb78d1	1.1911750848432252	4.20175
1ce/dc2b2d9ab494a	2.5846253570194393	11.0394375
1cf/3d7b6504e3906	2.141294836907678	1.971625
1cc/d167ea7be2d57	2.914983643181565	1.7513125
1cd/5e8e0d97c68f1	3.382827978487777	3.462875
1ce/8d077927afb6b	2.697928072409635	3.3378125
1cf/b816d8764dd73	2.955441067608096	4.8580625
1cc/1e4c01d31acb1	2.0399664181727797	5.1161875
1cd/af655e6ab7927	2.6412122502187128	6.1938125
1ce/613e335fa1e11	3.098993135490004	4.5660625
1cf/411c65c532131	3.4249120279207554	3.425875
1cc/5acaa1d0e8f44	3.357886615186727	7.905375
1cd/b3eacd315ab89	2.8541146796486108	12.7925625
1ce/b120092f2b83a	3.1826760884692082	9.31525
1cf/3f366711c8c4e	2.7453413820531734	2.114375
1cc/b6263699f85db	3.1536311294799555	3.703625
1cd/238714d743397	2.9934384824344464	4.1854375
1ce/f0ff5d0ea3da2	2.640110354409283	1.655375
1cf/6da2cf46d1b5c	3.2559261907401917	7.297
1cc/d52202dc2f3cc	2.5981694061264293	6.651875
1cd/3fb1e5155d88f	3.2607547501030463	5.075125
1ce/718fd9997c2cd	2.9496194338388135	7.82925
1cf/e8dedee86e010	2.715035152412593	6.044375
1cc/584a1423f8abd	2.7887308539766438	2.5698125
1cd/adc46c21844f2	1.102914494552516	1.6649375
1ce/a77e3655ce78b	3.350265636605393	9.727125
1cf/780982244ba5c	2.6828701769354724	9.871125
1cc/6160364d309e4	3.555583827090284	14.9174375
1cd/b75f44237a4e5	3.5467503577130572	19.027875
1ce/1240c2439d9c8	3.3615345305712196	3.567
1cf/19cd3e5220601	3.074965543271632	3.3828125
1cc/0fb6986e42e9e	2.3547192853268295	5.08575
1cd/c186e0bca4370	2.2448940572250184	3.864375
1ce/9e03c2d4d2616	2.906847433358096	4.9011875
1cf/87e59a2dcad9a	2.551920474742319	5.830625
1cc/1c849a93511bc	2.454899357311043	3.6163125
1cd/d835ad9e30f98	3.3522458846755563	6.13575
1ce/b379fe5c043e1	2.3060260134219113	6.093875
1cf/6012877dbda99	2.104877003861792	5.8393125
1cc/5e47a9a4cfef7	3.2337697540852566	10.1671875
1cd/c1dbd5959f0fb	3.424437017298342	12.9358125
1ce/5f83b82759f45	3.1816015868469325	20.672
1cf/5cdaa9fe9c431	2.79215279564146	9.0785
1cc/4523fd93e45a5	3.3073423976693306	3.4598125
1cd/0389fd858fdda	2.7753245732586262	1.583125
1ce/bf796c251a1a7	3.2736612319271807	4.0846875
1cf/d85361fc08b19	3.191559475967492	2.3546875
1cc/b8227647751c4	1.6172473719150062	2.9794375
1cd/f385557df664b	3.369662002426191	23.3893125
1ce/b3ed428073af9	2.9942426600944554	4.867375
1cf/13af4ae259f37	2.739535123469035	8.6848125
1cc/a8ab017c6d921	2.667254892878962	3.4658125
1cd/7e25ebafebc83	3.2460110099051422	9.2938125
1ce/b55267df2e61e	2.4346640061498226	1.3460625
1cf/445476c39fe9e	2.420051812207551	4.6826875
1cc/1b459d5710f19	2.822547183843865	7.24975
1cd/1d31145903d81	1.1582263042925647	0.725375
1ce/6e29e07c400e5	3.38527672056214	4.7879375
1cf/896ecbc364e93	2.8868606489541957	5.677875
1cc/27d84daa54c65	3.2287937465415304	3.4465
1cd/6326577131b7c	3.334566995189525	5.328
1ce/520d7c373817a	2.8567451039837444	10.1305
1cf/19ad8d4e1e17a	2.6135523443189967	5.45975
1cc/45cadeb8323a1	3.1178247889307986	5.6035
1cd/ec7e0813e8921	1.9086341515290233	1.58175
1ce/f39eb792d4f10	3.1733616311869723	7.391
1cf/1414310621f96	3.207865428584028	1.874
1cc/bd7147aa88ce6	2.69621501860612	5.906125
1cd/9e29b10ca17ce	3.2703658121762103	7.205375
1ce/42e8b73df6f7a	3.0687411503176407	1.647375
1cf/a29fdb9d17246	2.3208034901131884	3.429625
1cc/d8d8fb4d06302	2.6206408019106555	1.1205
1cd/c222de867b8ac	2.5188965603877542	5.332625
1ce/317f72e28ab2d	3.101843693709952	1.8731875
1cf/04b3908c4ee03	3.305250671160805	4.4415
1cc/0a7451bb360f2	2.6782059821349837	4.1049375
1cd/dc3398f3b2a81	3.289861766266403	7.8541875
1ce/1fb74f45abcd1	2.9667397776455844	6.2360625
1cf/a14150bdf204a	3.3954537057791363	14.8490625
1cc/5ee70b140ab76	3.273990378631348	7.5584375
1cd/e8995654fe88a	2.869560331688977	3.845375
1ce/ac8ea7c1e614f	2.31874773042783	2.47725
1cf/bc857f550f387	2.217370390836439	1.9786875
1cc/9343441d70633	3.2876574219813617	5.2528125
1cd/6db9e76b4a5a8	2.2198570190469393	5.0138125
1ce/3feca1b0df8f5	2.732246754785972	18.5901875
1cf/edfef88a2aaed	3.3533966993035826	6.026875
1cc/a25a1c680103b	2.847807775649396	14.501875
1cd/812a442d52b00	3.0672325735010966	3.7068125
1ce/c406c43c66a87	2.319490686586244	2.716
1cf/32d92ab717200	2.152372129972993	1.394125
1cc/2844a3654f408	3.3636078183202103	13.078625
1cd/f5a543e5b4dc9	2.8690526085436656	1.4900625
1ce/f788b3437459a	2.814312482330852	3.0988125
1cf/306209a650a0d	3.375563376161571	5.81675
1cc/a695aa3a68de4	2.921538538044076	3.4014375
1cd/225d1c044d731	1.602946787820506	1.264125
1ce/1384debebf8bf	3.0373768232990637	3.4705625
1cf/701d604e512e3	2.9421269933334666	1.5371875
1cc/25dbe739c76dc	3.2824799239078613	13.2989375
1cd/1cb633477011e	3.188266760828529	3.1978125
1ce/5ff5efdca1e6e	2.8192237249698433	3.7689375
1cf/5697504ac7d41	2.642637358193579	6.4570625
1cc/19c195f6bbeac	3.1792987962321297	9.959375
1cd/b351b5b9c8fe3	3.0611999360751176	4.1255
1ce/b6fc00eaf9ba5	3.2518266308934596	6.3160625
1cf/109b6298e0463	3.0219690289674057	9.227375
1cc/acd05c9cd7f87	2.310001123979411	1.9448125
1cd/84bc3b39bb1f7	3.184716822423026	10.5113125
1ce/214fe925c9442	3.381840530713503	11.9591875
1cf/75c16c3f1a94c	3.4554229012473336	15.9665625
1cc/bd1f11002c01c	3.148913895037713	1.562375
1cd/2382f73f11f68	3.5035462662846704	11.3813125
1ce/6971ee9283fe3	1.2586694718856564	9.828125
1cf/3a95d92b9a551	2.1233525376609825	3.1255625
1cc/a11e5f0a49d40	3.4856631305775134	12.88
1cd/91981a8379d53	3.5053556129254817	13.3580625
1ce/55ee2445bd251	2.6571551900726234	3.0949375
1cf/283bcbf955b46	2.203524785441632	1.560125
1cc/62801aeeba3ac	3.4030181323711344	11.90125
1cd/54fa0c3a93b7c	3.486495616821264	21.0783125
1ce/adc105af4bc93	2.147483572669712	5.6735
1cf/59612f640706f	3.339620860096679	13.20425
1cc/25ab2fc366820	2.99211964567642	10.4501875
1cd/4a6117049c1c2	3.334986245638927	7.98
1ce/2009489917dd0	1.9764834395438422	2.51625
1cf/988a256207349	2.5936119026829774	0.72025
1cc/cfb509a6261bb	1.1891783674614103	7.20075
1cd/627df5243a234	2.5924634015860324	4.9708125
1ce/bbba3b354dc0e	3.1241896782656724	2.1950625
1cf/31bc0a163c3fb	1.7875924086944264	1.7123125
1cc/b47a1b4941e86	3.539140293664661	14.913
1cd/05b53e79802dc	2.420542417270397	6.5676875
1ce/d2f3414f2c14f	3.2542741624726683	9.7426875
1cf/b770aa7c3e751	2.325498433318177	1.68125
1cc/6a14552b52b8b	2.8862540915058497	8.0234375
1cd/414bbca95e10f	2.9422473786456846	2.8145625
1ce/10ad393ffaf3d	3.2265607564146745	4.777875
1cf/238b664b1ce49	3.2136824847019048	1.8736875
1cc/3b2d4152f3956	3.282255425072146	6.9739375
1cd/869c28b591fc3	3.2049536885245766	5.083875
1ce/05583b4f7b56c	2.945474827680922	7.5364375
1cf/7e290a6d65281	2.757485607830088	6.983875
1cc/4cf5d82620d74	3.2498102392264543	5.4264375
1cd/5b863820c460e	2.388631637237321	7.1526875
1ce/4844d8edc4b2c	3.4433599949941063	18.1145625
1cf/6c49603c09e47	3.3995015846535424	7.334
1cc/b33fe53289e47	3.389730742277049	4.4343125
1cd/cde9da6ad539c	2.0353785912630555	3.7201875
1ce/9e5e5b13d9afc	1.7945728737960518	1.53775
1cf/c7f80da029eab	3.192720433523894	8.684875
1cc/f1313f29d60e4	2.8624326090377394	6.181625
1cd/0078b646c0807	2.9503557218935446	4.819125
1ce/281cb42d50140	3.1865247268934946	9.31625
1cf/1c693833e3680	2.970729972858051	4.579625
1cc/f33616fc6f28a	2.8419846611860105	10.64325
1cd/0b32129060559	2.5776777051199615	4.37575
1ce/e3d3bbd549b1c	3.3659712523453345	10.0709375
1cf/10eb05ba823e4	3.049773629683028	3.8283125
1cc/17e66c9e6a87d	2.2534190110462777	2.922125
1cd/94d0240ecba19	2.6286953063483454	2.7625
1ce/39c9751432bf0	2.725489287359424	8.1294375
1cf/6ab94fa51e4c2	2.4717206980314996	3.5675
1cc/e47c6355a5bd8	2.6164828006481864	0.817375
1cd/1762f7fbd4e55	2.803971308740568	3.9449375
1ce/6bdd4f6b8e1e9	2.7429092728854987	1.289375
1cf/b80788de1f502	2.857926352092558	24.414625
1cc/ad78bc592e7ff	2.4012403727026093	2.6460625
1cd/735bb6fba6083	2.442028500825465	1.2016875
1ce/3b4e7e5fffb22	2.778412394110135	2.39925
1cf/25da0bd66b220	3.2518483465084764	4.28825
1cc/70b12e9e1297e	1.8263818715321103	9.308625
1cd/1efbe66679254	2.486281574460124	3.22125
1ce/c3b15db12d564	3.053098997435302	10.84675
1cf/c8adba718b016	2.76463715766483	5.6324375
1cc/e556922f46f1a	1.9288317734276437	2.0261875
1cd/0502cb4077335	2.354524924055878	8.2011875
1ce/b87e079028f56	2.1589038220679138	3.766625
1cf/1b269fc66ef1f	2.052811747438505	0.9125625
1cc/2d0df79765c4d	2.165358712313991	1.05775
1cd/700c8bb9d9ad0	2.8133658441241365	3.551
1ce/2b16d94cf613f	3.0462014865604297	2.4695
1cf/36b3fbe0f4cac	2.260174574384369	8.908
1cc/3c469ea027752	1.760843731364834	1.7323125
1cd/313a21d2a45d7	2.932841455390715	6.554875
1ce/e881594312ee3	3.3535985339653265	7.981625
1cf/afc232c059f9d	2.0942481715923424	2.401875
1cc/1ddeb6394a91e	2.87256636605259	1.4869375
1cd/5932cad845d47	1.7460564990266154	2.2154375
1ce/5a30a9ad44967	2.3155244122385272	1.7289375
1cf/b38bd50a6b56c	2.797830750178831	3.8225
1cc/9512c6f0819f2	2.5998441275513264	4.9799375
1cd/907d701aa0b33	3.35030520505906	7.8871875
1ce/57078b0819023	3.5061535660990297	4.66125
1cf/95c26b8444e89	2.0931269401722954	5.6546875
1cc/0a09ddbaabdba	3.3482799870475923	9.761875
1cd/94dad14b1b9bc	3.00604486669706	8.8919375
1ce/a99cb20ba995e	2.676087146456164	4.3289375
1cf/47a6d2b8c49d3	2.255659168162091	3.73125
1cc/c0c1527943cd4	2.6224674391538576	5.668
1cd/60e2a7accbe95	3.0686690877340808	5.08025
1ce/7c4c76f4f7eab	1.5328657838082822	2.760875
1cf/f7a6b0aa95683	3.3073622460628043	5.1873125
1cc/be9d270218d20	2.1323716589798836	10.0065625
1cd/87edf9c098c91	2.6914109217325994	7.49725
1ce/5de77fc8c512d	3.0086549227011217	11.509375
1cf/4468efcb7c2bc	3.269899124268728	5.31325
1cc/ca7c737182980	3.0050242265701885	9.2455
1cd/f26361814edbe	3.3630567845404924	5.3870625
1ce/54506bf8760c5	1.8324889158787663	1.392
1cf/bdaee9bb9ddf9	2.877652700286991	5.2329375
1cc/6d7e2ca5f7afd	2.51765777354668	1.744875
1cd/70a60080b4ea3	2.211771348582828	2.4953125
1ce/dacc2b9bf5543	2.4397034377459024	3.072875
1cf/734bca1ed5b1a	3.4301790817105395	5.74575
1cc/77d1a86836d94	2.642584645231789	2.0391875
1cd/bdb50ea5ea780	2.4668714737667927	3.443125
1ce/474be285e8001	3.1981790908862457	7.1355625
1cf/b1fd6f9d1b710	2.508446140058436	9.2309375
1cc/a4505f6b3350a	2.9189355778751747	3.0035
1cd/9c70c66ee24c9	2.4084101800635986	1.772875
1ce/825655d1ece6d	2.3619065026205113	2.7395625
1cf/6df6f36f0d1ce	2.0264300810422036	1.5879375
1cc/8e46f372fc6bf	2.993802994848434	5.6333125
1cd/8788f029847c4	2.7085060633752525	10.905125
1ce/97343bba7240f	1.646137055796006	2.139875
1cf/34668337b3701	2.3471219460089836	1.12975
1cc/f6f87bb3695ca	3.1806404806788233	6.3804375
1cd/24e652c8bdabe	3.1626119919520908	7.712625
1ce/133c0bcbbfa0a	1.1731863082454272	1.4904375
1cf/17db119716a3e	3.3031042763073217	6.4575
1cc/6d4dbd966be1e	2.7104675717202342	5.269625
1cd/6252660460eff	2.725507233813871	2.644
1ce/d1c9a0cec7084	3.445838297577366	3.536625
1cf/86798f5749317	2.360442965625396	6.25075
1cc/ece5e6327348d	3.2062507724045393	6.44675
1cd/6f5db62b1c61f	2.891653364116713	4.1805
1ce/438da75c23f4b	3.3893460450195727	7.3108125
1cf/b7e9ffe40ebc8	2.997209586229617	3.7755625
1cc/26b373c4aca7e	1.99760499017994	2.71425
1cd/86c8da8f18d7a	3.081379356837989	3.2996875
1ce/d9397fb237319	3.0454825758337	6.37475
1cf/719a382274894	3.129675234583624	9.41875
1cc/5adb05929eea1	3.5259167148322033	6.231375
1cd/6e6179da4816b	3.0913625387383967	10.698375
1ce/e78f0d17dd4b1	2.4763164996933904	3.58925
1cf/3c6b9c99f8fe4	3.4259771284862603	12.1858125
1cc/98b1343e29065	3.332908955495602	10.08175
1cd/e3b7273ffbf8f	2.3917221126625927	1.250125
1ce/a92d893249837	3.3530340437097013	6.4033125
1cf/08081eb3aeb6b	2.5411788160062576	1.294375
1cc/bab2d46ef2be4	1.433741294330125	3.0739375
1cd/0ee1d1e135dd4	3.102696024535439	18.6933125
1ce/cdcc0a4b5a515	3.3607488278800637	4.461375
1cf/67912ba57b7eb	3.108798699634843	10.0883125
1cc/eeb0fbee043bd	2.579986593974088	12.8299375
1cd/5c62b0c61c4e5	3.2127041360614195	8.6251875
1ce/c0ef7bd0f180b	3.0026873677074066	4.184375
1cf/0bba4e7dc342a	2.054587240571372	1.9118125
1cc/ea43c515c89b4	2.9575873921515767	6.0541875
1cd/f318d851b165e	3.0045830514825513	3.2418125
1ce/23494bfa4eeec	3.3217570366797786	8.8245625
1cf/406ac11683f65	2.397957972755893	2.5320625
1cc/243ee5c576a9a	1.8098203093699112	2.200625
1cd/aaa45ce10cf88	2.931390119230506	4.07225
1ce/a9235d44f2165	2.6404062932800825	1.152875
1cf/0cde794f621b4	2.397762443076089	4.5689375
1cc/6b80d6b85b0d2	3.085114367472726	2.644125
1cd/471b839abcde4	2.9259738476645176	8.7485
1ce/0ee5cf9a3672b	2.1822605808570366	1.786875
1cf/3345a58261030	3.1539665227723517	2.0181875
1cc/bfc90d42c4e92	3.0988241051445455	6.4340625
1cd/7026e5da491ec	3.173911827910678	17.4105625
1ce/752415ff577e4	1.9806893505281988	2.548625
1cf/aa116b63dc3d6	2.8310890625206593	5.1443125
1cc/1bacc2d37250f	3.0743010495968752	4.9228125
1cd/22d8ca5991f8f	2.8634735182860998	1.51475
1ce/390eabed7f537	2.6269423728460923	1.78525
1cf/74db6e8c38bf2	3.3232096551478736	8.467875
1cc/bd686c1a4e888	3.097416247699551	4.46375
1cd/b5303a1983b1c	2.531057727467333	7.9384375
1ce/82549794aa694	3.1232143033283095	6.4648125
1cf/a239d33a2c6c8	2.349442667581545	1.9419375
1cc/2744fce40606a	1.632672365499765	4.77925
1cd/d4f4acc8a4999	2.2179908872995155	1.63725
1ce/abcf6a5337719	2.437460591700881	5.0401875
1cf/968bb930390da	3.056166832211289	3.9850625
1cc/e29052188b20d	3.2989367024801526	7.230375
1cd/fb382ad447f3b	2.4535686473852367	3.701875
1ce/a9a6830b5a9f4	2.9318597738969694	3.792875
1cf/4c95c10842785	2.5708180135925547	2.6325625
1cc/74c8b778af292	2.5235473706121354	4.1821875
1cd/5b63bcf4fd3b0	3.194367898290873	7.2075625
1ce/7f53ac79c3ab2	2.798966280296583	1.2969375
1cf/80857dc66bb64	2.797410165151073	5.03125
1cc/b705f17f96a36	1.953463547401984	2.644625
1cd/97f42cd9853cd	1.6762137456518384	6.413625
1ce/1e3c76bc608ab	2.9633605963712513	3.7684375
1cf/c63e9fc307bc1	3.3233735151345973	3.39525
1cc/ebda0e2c83c4b	3.0237383660926977	11.6290625
1cd/69aa1ad0d2b71	3.433720904952166	1.8104375
1ce/2afda77de9598	2.7108588611589304	6.7658125
1cf/a80edd12476ce	1.470104636890038	1.0330625
1cc/d4053cf6000c3	3.251720017310425	6.6746875
1cd/e235da7dcf9d5	3.3045714305695086	12.6745
1ce/80d76df36ce24	2.759123081335939	6.1885625
1cf/bdf026184334a	2.279838571588784	1.441125
1cc/112d3cc148bd4	2.8761763026089535	5.3515625
1cd/2cdc0a9b24afd	2.953318838594817	15.088
1ce/c25cbb09d6b02	3.3857964356654744	6.8233125
1cf/e31fbe5484130	3.169441491549853	5.09
1cc/a681c589c1622	2.9893503785221505	2.2734375
1cd/3cbe47b544214	3.426376221181545	6.9674375
1ce/e4ba591326303	2.8764383738337576	3.07875
1cf/886bc7a4be314	1.1231175229716222	2.98575
1cc/2cc6b0e748568	2.6390589752091635	2.4411875
1cd/22beb618ef5d2	2.7526711134078212	2.438375
1ce/19ca363153be7	2.5974890878425296	11.816
1cf/5ff80cb1e655f	2.6075190817088596	8.694625
1cc/bb10d9d658056	1.8205966341399882	4.6920625
1cd/26d457eb6b006	3.0251459340208005	7.64775
1ce/0c4e79dbf8e5f	3.3330560903139785	8.97875
1cf/6c34bf8fd6885	2.5717608980503317	2.41375
1cc/6e2dbffd01655	1.81935607826897	2.982625
1cd/3add26a7cc2df	2.855841955190914	5.09275
1ce/09db79f90a14b	2.9153781782805197	1.9215
1cf/9c47beff15393	2.3280931839352843	4.2016875
1cc/b46746c3822ad	2.555797620422143	5.959625
1cd/c6156274bfc85	2.4741635358244003	1.5553125
1ce/c75bc91ef12e3	3.2586101679051853	5.3325
1cf/832a33ccab0c2	3.049409314974355	11.192375
1cc/ca1c65436fd1d	1.826717938820396	6.587375
1cd/7280b7dcd23c9	2.704038763504774	4.5526875
1ce/73310ca494b30	2.8621514948410796	6.1875625
1cf/da232ffea193f	2.837256443978186	4.2743125
1cc/e960b193ad73d	2.7310287141724903	3.912625
1cd/f0448c5b7e045	1.985611163070429	1.5446875
1ce/a9e8295ef947d	3.468162518866739	12.2225
1cf/77572704b240f	3.122985000204975	2.06725
1cc/bd83b2f4c5276	1.0697209342125125	1.77925
1cd/76d6c154412f2	2.97597023451638	2.4953125
1ce/75ffdd09ad54f	3.067587078643113	7.1009375
1cf/bbf7003f45f20	2.506313688275134	7.4045625
1cc/90167734afa70	3.3412431026491225	10.3379375
1cd/f888eded6ba88	2.723290449870312	1.44275
1ce/d6466c291a054	3.5466753241431173	6.588625
1cf/9fef0048b3e68	1.207117949166184	1.47025
1cc/93e167c4f93ed	3.286377846321905	7.4891875
1cd/df8d369891ce6	3.454551364113652	2.9386875
1ce/0e9d8bb0590ee	2.2777021440049925	6.30525
1cf/df151b455a09d	1.216602541895217	0.672125
1cc/bcb9a390d57ea	3.302063739980405	3.0410625
1cd/5b155d97765fa	2.851181737524629	2.650375
1ce/1beeebfd6cc99	2.7669927440291895	6.978
1cf/7d6d776dc163c	1.8051135888129717	1.1535
1cc/ee0bf7be49207	2.873621033729184	8.93225
1cd/9838a9cc28caa	2.3000572588447024	13.2450625
1ce/3f44cce3cd25d	3.348205288126757	9.4230625
1cf/ce0c3854a2d03	3.4189522841280984	13.674875
1cc/b621a781e9793	2.5362844156155155	1.5144375
1cd/c9431aab732e3	3.2395360741405583	11.2185625
1ce/2d4ce2b73e149	3.0129171358715716	5.0676875
1cf/b92e43630044e	3.4431767461291587	5.4845
1cc/11a6dad1eaf83	2.71736220890173	2.960375
1cd/3f122ce9e0e0a	3.294398557408147	13.808625
1ce/40f3eafa07e09	3.1560118861993263	5.8278125
1cf/ef9904bd57899	3.309525602385913	15.039125
1cc/8f02237cd057a	2.939360468155712	8.9335625
1cd/693a3aa114c57	3.415366361136612	20.902125
1ce/606e7d8a302e5	2.8219693107271207	5.4215625
1cf/ab0a704d29ea4	2.284237251021179	2.7885625
1cc/0b16022556d50	3.2592333464350203	2.1154375
1cd/9dab1b56c4fe8	3.2434372379236645	6.7631875
1ce/4f061f0c46113	3.4694568931305025	8.743375
1cf/5742171905947	2.900021562113926	6.5205
1cc/4ef78a31c72d0	2.3257784550431344	4.9099375
1cd/f2478fa2ccd98	2.1103817780657863	2.2599375
1ce/51b8d6bd0ce9c	3.3923079601597763	5.5490625
1cf/caf2a39d724fa	3.171018572427963	4.717875
1cc/b80beb6515fb3	3.4580863755286653	10.9519375
1cd/d938a30392f53	2.8094969500849625	14.8649375
1ce/863e73c4ea7c0	2.151625174392033	4.6825625
1cf/69b17b37ac909	2.928323008850486	3.269125
1cc/bfd89d7d17c5f	2.2455596690475237	6.41475
1cd/60d2a49854e63	2.7470516491000065	5.82
1ce/f87186b8aff8a	2.694441510934923	2.5276875
1cf/0b708d7a733df	2.884050697622502	10.083125
1cc/94d774f4b26ae	3.001674619410159	5.631375
1cd/f896adaaba8e7	1.0978435473980557	2.488125
1ce/6c52fe22b1bcc	2.4671603532069963	13.0248125
1cf/a930d45945b5e	3.4781860898640278	10.6411875
1cc/f8cd0e50e8769	3.4057058332774086	11.3378125
1cd/c17e1871496ea	3.239097454497241	6.661625
1ce/1e0ad1487a156	3.416382492260125	4.718875
1cf/76c078ebac898	3.3461213296736827	6.00525
1cc/d8e427fb36646	3.185268786737656	11.9165
1cd/4b04c2e2cb7bf	3.495127282544102	17.608125
1ce/1026636dfb2f5	2.3648786421678514	3.4023125
1cf/091fc104c9fa2	1.7841029798352184	0.8646875
1cc/3b5db2a913bd7	3.065747426642312	6.19275
1cd/bfef3764797f7	1.1318199294949476	5.1875625
1ce/9f15d248f7579	1.7979514495126878	0.81775
1cf/bf98ba11642d0	3.5070996031575237	12.789
1cc/f9f80d16e32a5	3.4337820702802238	5.2873125
1cd/dc4c3a66e1be7	3.3195550608633106	13.6974375
1ce/3b6fa84aa1afb	3.440729062963535	11.33475
1cf/aca989a7b2bc7	2.847569735374393	4.5171875
1cc/a09e330757213	3.2460646265255373	12.8330625
1cd/ad59c48875581	2.3326467670933706	5.9020625
1ce/504685810b62b	2.1262878486130377	2.7736875
1cf/e13d207f2ff78	3.422266557537486	8.5686875
1cc/3be8e0e7165ab	2.3916311681448583	1.9364375
1cd/841f774c7e50e	2.765213065981462	4.812625
1ce/c1c4a18c6d502	1.1163859862218197	3.8370625
1cf/1efc3528a893e	3.1210196138203963	4.3888125
1cc/826333ff26cb8	2.771723420694329	7.863
1cd/ed6016b6a0158	2.555318417530478	3.062625
1ce/563166a0bbb8a	2.3220990922236293	5.617
1cf/e28719c35e566	2.8510948479018063	4.0090625
1cc/560865c99c247	2.8967288668499243	3.9438125
1cd/6ddce583b2157	3.1992733232974944	11.2863125
1ce/f6fb655ab4d0c	3.323618139179711	4.8816875
1cf/1c48b78bc0b47	2.0892129013484744	2.3100625
1cc/76b7490946337	2.4253340951915896	4.03725
1cd/0d79e80861661	3.2061611854359207	14.5245
1ce/2fdf38ba8aa9c	2.380237980303437	1.6829375
1cf/2280efdf8dc0e	3.117852198378353	7.689625
1cc/81408c44e94a8	2.510445328170736	5.6368125
1cd/07f065e838dec	3.109175235130372	4.6529375
1ce/7d4068f6ffdac	1.6263397525612182	5.0135
1cf/ec50f56a33047	3.03047034801794	8.9320625
1cc/0fe6c00278b51	3.068248194649035	5.2173125
1cd/237cf86df0bfc	2.2286099855236268	1.4890625
1ce/75c0e38a213bf	2.87555413838585	5.031375
1cf/a01c8a4423840	3.1639067096481597	8.928875
1cc/bdc5eb16391f8	3.005079031774855	6.8731875
1cd/e86e5200a15d0	3.485433144918682	5.880375
1ce/71e1319f56a10	2.7567628050232	3.779125
1cf/65015488be3c5	3.308798841816563	10.3265625
1cc/b83bb6dacbcb7	2.173103514023806	1.2496875
1cd/aa297d1e9418a	2.7374874573986454	5.153625
1ce/b9f3a43999594	3.409196315483745	12.888
1cf/d5d942268fc2e	2.098010042103568	2.97925
1cc/debea3ec383fd	2.286003896562347	4.892625
1cd/df10344b7f19e	3.556585841916477	17.294625
1ce/f350c9283f2d9	3.3227401814470015	11.3143125
1cf/b9277c9b213ae	2.3950451539515467	7.4235
1cc/d7e702c3df32e	2.8181396596530677	2.4293125
1cd/05ae7eaf177dd	3.0755769724316906	2.528125
1ce/9f16d8abae7da	3.118651553393822	2.775375
1cf/e27db6b5072fe	2.8644277544741428	5.6970625
1cc/86002f88dc081	3.2251186300506576	4.02425
1cd/9add731612d02	3.170730966342642	17.9480625
1ce/e4d75aad7eedf	3.0573360931165454	7.8895625
1cf/a42f9d36526a3	2.962511526193103	3.8003125
1cc/a7b46bea2a7c3	2.542691734719872	7.6615625
1cd/90b91d7f3b09d	2.5234100141063722	5.0755
1ce/cc51f70a1d0a7	3.093367815883277	5.5110625
1cf/9bac0860ca052	2.424812451091864	1.0085625
1cc/4536bc7434c9a	2.8223763801739055	12.861
1cd/eab095f926190	3.2558448260006596	7.557125
1ce/5facb04ed2d60	3.267669482636922	11.5266875
1cf/9dc0fa14480aa	3.5034798517992343	11.2244375
1cc/84fca75d074c0	2.394207583386936	2.9940625
1cd/639b34d916a05	1.1040782680566477	1.953
1ce/276ebd3fa57b3	3.2441738446481043	5.4695625
1cf/9700c72d2dcc3	3.370780176412064	7.199
1cc/39d5e460503a0	2.837902440389793	3.5128125
1cd/8741024b89482	3.0792361555635503	7.324875
1ce/96c90db14a828	3.258012182731309	8.73975
1cf/dcb5c285f0307	2.610762332133349	4.799375
1cc/3fa3c9df4ac25	2.7091420501342856	7.4901875
1cd/727bbef64495f	3.3980676209653207	12.511
1ce/9c750a6923fbb	3.4251464849069277	17.2601875
1cf/1a49cc579f354	2.0297601863388546	3.771875
1cc/98d2f3aeab165	3.401418317325077	5.8486875
1cd/0f841a39c8789	2.1582912953241737	2.5824375
1ce/6ecda1d14e2b5	3.2888796921579746	9.2749375
1cf/7f1022b5300aa	2.969793767694279	6.0075
1cc/bc9d103db46db	2.5672228219581017	11.895125
1cd/f63b205163833	2.1989292302649663	2.2513125
1ce/1ae06a0412556	2.777003201941532	6.9704375
1cf/ff807b44ee384	1.3863139134885474	0.8403125
1cc/711410eb3f4de	2.456589255023468	0.9125
1cd/8545ea57ab56a	2.105781749471015	4.7434375
1ce/fbcaea12cc938	2.9217768456157516	8.7059375
1cf/a31919e8f8b01	2.413071681141194	11.40725
1cc/6ec243c33820c	2.3529943754551095	5.7869375
1cd/a4afc9485275a	3.1373663637623186	13.4215625
1ce/8561fade93cbd	3.29603742369228	4.11575
1cf/b53d2bf704922	3.17099628012145	9.4595
1cc/cf84c026c11ad	1.7411971538092372	4.8173125
1cd/22b693b328e7e	2.5714767356772956	5.9075
1ce/e049ad3646968	3.1246816267703186	3.9760625
1cf/008c976d71776	3.0670775235960286	2.3265625
1cc/2e2b0cef1ab78	2.126566685258853	4.701375
1cd/66c4655c1138b	2.9313331836310996	2.333375
1ce/61a1bb89d4f58	2.8213241840671195	3.9858125
1cf/559c71d56f214	3.130783380638865	5.00925
1cc/a3363710fa0fc	2.8220438004682205	4.6078125
1cd/be765bdae1822	2.7312863687139783	4.919875
1ce/4c2c4081012f1	2.8172864596609246	2.5715625
1cf/16a1b9f880896	1.1047645153518981	1.8269375
1cc/b44b6998215a1	2.9340259910399675	4.993125
1cd/2d5fde5da20a8	2.60391319547729	5.538375
1ce/e642a14bfeb50	2.7254711194553307	1.66375
1cf/8bfb38e6fb00e	3.360569473755185	10.804125
1cc/e7ab9c552903e	3.1204965649119423	6.05575
1cd/f4fad4ecee964	3.3627921125770617	10.0933125
1ce/631ac3be5905c	2.5837608243946604	3.7031875
1cf/cb1f0f6b9ce94	2.1257301352364415	1.1530625
1cc/7ff522b9d7812	3.3600057407835173	6.5783125
1cd/d8bff8ed04ea1	2.957719951919045	5.5729375
1ce/b9acb9f19d066	3.3106611681057845	7.6005625
1cf/b1f2767a074f2	3.400205738628483	8.7869375
1cc/4d4230781cfdf	2.168581219220852	6.2940625
1cd/a5cf82094b150	3.436323936058058	7.5205
1ce/e43d0610bd4ba	2.39667572285409	4.6159375
1cf/9da70348680cd	2.459478798140229	2.3694375
1cc/2909b3db2ae63	3.010988266427734	3.884625
1cd/e8c3684ec5e37	3.138251702022737	3.8555
1ce/0625c0f94f916	3.4958215985636714	17.98475
1cf/766b9503d68c7	3.330458844451179	4.5221875
1cc/5d4d9e6780105	2.848084202965653	7.6950625
1cd/79e5dc717f5bf	3.3101973403695424	3.9656875
1ce/272f34463d045	2.1356533003912688	2.334625
1cf/dd4f107d87b62	3.3429623721589676	9.6875625
1cc/b33060210e8b3	1.133000527466756	2.07775
1cd/a7773f4c4c1a0	2.0950982209185067	4.0079375
1ce/23d1321eddd61	3.060812748292884	22.013
1cf/a2ba1fa5133f3	3.0780327570099115	4.1711875
1cc/802ad4f1f9b06	1.4782936458761742	0.9255
1cd/518acc9a941c4	3.263495646351554	4.3763125
1ce/6de7ce23c8e2d	3.2539096122744615	5.789625
1cf/330e3335da9d5	3.074245666528057	3.5203125
1cc/8114076a689c0	2.0355020193371365	1.202375
1cd/c955de49b89f1	2.1250266126261073	5.57525
1ce/91b9ce69262c4	2.4667799676645585	9.8330625
1cf/e2bf418c7eb78	3.2867599750444447	3.1996875
1cc/8d1e01daa9bd9	2.907901950651641	10.2049375
1cd/da59445c1c35d	3.4780679161917516	11.154125
1ce/98186917a5582	3.2511790714988344	8.4198125
1cf/24563e3e4f8d0	1.7342894689461037	2.8963125
1cc/756ceee04095e	3.0829745972626306	6.512875
1cd/48ed85f07880b	1.3005387386294684	1.833875
1ce/1cc3189c9bd9e	2.957930035677084	10.5433125
1cf/c432f588bb211	2.9136117773101726	13.804625
1cc/c3a2c6e1bfa70	2.4967848596044897	11.937
1cd/74f2fb32f838c	1.5749336643627747	1.2495
1ce/47982db78d5ab	3.369812141077429	5.4299375
1cf/9e7e0e9f72261	3.0991480510156713	4.2728125
1cc/45b8eedb42b34	2.1023847310665222	6.511
1cd/3a906fcdd2116	2.9144743544482954	3.37475
1ce/5c77c32036a60	1.178814482639213	2.9866875
1cf/aa79a8f43cc60	2.901776843221049	7.3085
1cc/e994990a7c152	3.357951422860373	11.6300625
1cd/e3042274f554e	3.4631658639939276	4.3793125
1ce/26f8abd0f9046	2.175152739605796	4.7795625
1cf/655d64857d7ee	2.51958347373385	6.752
1cc/3d1c795f908b1	3.102802498933055	3.715375
1cd/4458a6f71773f	2.037932148733824	3.7681875
1ce/7fe6fcd7427bd	1.8460391461581716	0.8165
1cf/6e2c59fbdeb6a	2.5014415627036706	1.94425
1cc/23be707df3dc0	2.618207653349268	7.117875
1cd/281336fc0f048	2.769822407198062	3.1235
1ce/4b2877ad5d48c	3.0135648324706525	4.71725
1cf/a861f57333e66	3.314045938425445	7.317875
1cc/de59092ceb358	3.2177358536796663	5.36275
1cd/e4bde92d770c8	3.5234133520257016	18.351375
1ce/d5441268bb342	2.7544916283430187	1.129125
1cf/8dd63eb58be69	2.658799749908825	5.1619375
1cc/da213286ffc3e	1.5550839346532537	2.635875
1cd/73ba25f7d3ddc	2.861503543712346	6.6244375
1ce/73189da70dd9d	2.9301674023641446	3.9095
1cf/1f4bd1e23a456	2.1859980066780067	2.1433125
1cc/238035181a4cc	2.628923817046676	1.9779375
1cd/86410c20b8b08	1.500355807253253	1.4218125
1ce/57bfb2dec97cd	3.4586015946292705	17.0728125
1cf/6e1d26a42df85	2.9318355994818517	4.7536875
1cc/dcc727024e003	2.428916576630264	2.12925
1cd/1b8f90b89c4ce	3.3684160851325564	14.07825
1ce/877d5ffab48ed	3.262735376939151	14.306375
1cf/a7b8f925653c7	1.0749892006458661	4.0850625
1cc/b313e525a09b1	2.316522155905769	1.846875
1cd/be86b7a452791	3.1349353951303613	7.38275
1ce/7700a125d0ea5	2.2152341432297082	5.4811875
1cf/2379c30f3cedd	3.4518809046708774	7.1748125
1cc/aa006eb0c78bf	2.2373097875647097	1.9248125
1cd/efec8b7b4875d	2.2113834350011268	0.8646875
1ce/0bf734adc0741	3.399947249358921	14.15975
1cf/e4dc66c157d38	3.2979707178836253	8.8781875
1cc/e46007e66266e	1.61268740067925	1.4423125
1cd/e60e18a13b377	2.7200952432715044	2.365625
1ce/1f9710d7493e4	3.063558743816228	7.668125
1cf/c1f04e1bac04e	3.0366062914461103	5.4504375
1cc/eb739da0aebd4	2.979228566467673	16.44375
1cd/f6ddd1ad96383	2.5727349806625894	2.5489375
1ce/26b71b9a886a2	3.4001313154677533	13.6449375
1cf/f69254c9edf8c	2.2827961161969257	1.922
1cc/e37371e381106	3.1049165116002	6.39475
1cd/f5cad6006d649	3.2462147161745727	6.34525
1ce/bc631e53e7832	3.0933217868011362	3.7220625
1cf/d5834d74fdbb0	2.7401024806160663	2.4455625
1cc/7f3162c94fd2f	1.340360488879559	3.4739375
1cd/fbd4ae9417e39	3.254501235565936	3.7203125
1ce/00301c77d2d78	2.245882067661741	3.482
1cf/80e3f69382047	2.59406707045692	2.6915625
1cc/93d9e7dcbc892	2.9989408121553027	2.2775625
1cd/28a42ada80ea6	3.253728201610844	7.475625
1ce/3f94e9acbddf8	1.089717624156402	1.3451875
1cf/61a4bd420d0ad	2.2485297478293598	5.2421875
1cc/637cd8eb49b51	3.0209732092149184	6.9466875
1cd/55cc45657d537	2.3360129266225007	2.0663125
1ce/c346f5ddcc9ec	2.978951749909063	5.6690625
1cf/3a62349cd673b	2.549365569208777	5.2118125
1cc/b2a09cd6cc274	3.1431227880693444	18.913
1cd/fe890d19c98eb	2.8286350388800945	2.4263125
1ce/2c8ee047b361f	1.904278969780989	1.3443125
1cf/ab25409cf05a3	2.6743410329627704	5.51125
1cc/b2538b8a05a19	3.203630288969243	17.4795625
1cd/b0511f6cfac36	2.7187145845603062	1.8230625
1ce/67607c3b7d92f	2.628812718393772	8.48775
1cf/00be284e595f5	2.69576496417084	7.0739375
1cc/55acba5d796f7	2.2934322641883123	1.4965
1cd/d40be59b45040	2.724712543581824	2.3188125
1ce/ae491388688bc	3.2997234061497713	6.633375
1cf/4c4fe70c2976c	2.8291895784058023	2.09275
1cc/eef1b493f0a49	3.0982081581825276	5.3665
1cd/467ec4128e30f	3.364803252274104	3.77175
1ce/7d808ddd51dec	2.221351058282102	11.645
1cf/ac86d3dcac614	3.3438638786540116	10.7871875
1cc/badba16feb2e9	2.9173541926160715	9.8418125
1cd/c974cf928760a	3.1811093982113317	3.21025
1ce/cb7ab2405d448	3.42066521665172	7.276125
1cf/030e2a838a180	3.0993968192745065	6.9546875
1cc/1bca79ebf4698	2.89746435250121	1.3575625
1cd/269d15e108653	2.7665067501670384	4.8838125
1ce/c51cfd5817cb5	3.2158903428600256	3.62175
1cf/7d7fbfe8fda44	3.359926044572592	13.8015
1cc/2df9ad589506f	3.3471285800786292	16.0825625
1cd/a070ff927fef1	2.5581042685853035	6.15875
1ce/c2e55e20f3967	3.1507794630625328	7.6284375
1cf/1e0c03ccf8bf1	3.2783741478039437	7.1326875
1cc/1f9e70852e51b	2.5888783652618423	1.2009375
1cd/8f2c3a3c32a20	2.9550088861533625	3.587
1ce/55f7dfefaa6a8	2.71791309310766	3.055625
1cf/19ee579b80170	3.012216274744547	2.017375
1cc/c21b92c1f65de	1.6155627813387288	1.996625
1cd/a8439576793e9	2.0685580264565018	5.098375
1ce/6b812bc2c3aee	2.34725275935467	2.502125
1cf/a15d27b7be0e5	3.192317775228123	12.8039375
1cc/d1356edfbcdd9	2.5772465980931423	3.912375
1cd/38f12d99913ec	2.8384637429837363	5.724625
1ce/cc932e377469e	2.3428645879965466	3.5043125
1cf/38077290c5e11	2.819227698862775	2.26
1cc/c0b8beb190cb7	3.2883294676676966	7.3586875
1cd/e3de925cf8fea	1.782304599897046	1.4284375
1ce/e71dfd8c4d1e9	3.231319562736821	4.2331875
1cf/9ca620a3d0249	2.9225307514645076	8.6901875
1cc/7bf0feffcb058	3.496119738745625	6.0900625
1cd/e9132dfae905a	3.468265468459002	12.6090625
1ce/a688ef1d2530a	3.2297019872444737	7.18175
1cf/db10f9fbea325	2.579785707951868	1.4409375
1cc/4faf0da8e0a23	1.8139936119761955	1.682125
1cd/5335a6daa5e61	2.5983641301529423	13.106375
1ce/05f2ee83e1597	1.1188757051629878	0.961
1cf/0a10bfa4416ad	3.2606953801510947	3.778375
1cc/a44c933aaba31	1.7384756806323192	1.441375
1cd/b504108b3ecf3	2.614337636284326	1.9295
1ce/edd26861b7ef1	3.1399169592974707	3.654
1cf/94e801a46146e	2.0282969716445343	0.91275
1cc/1392f298e83a5	3.1200948043028522	6.8475625
1cd/19e6fdf6b78ed	3.3099747133452495	9.29475
1ce/db1683baf27d0	2.9981363770085068	2.4686875
1cf/b33f9926415f3	1.8399827374068571	11.9855
1cc/c5c837350362f	2.4978192569158364	11.626125
1cd/09bb3cec820a1	3.34670924071692	13.7410625
1ce/d52871a77f007	3.437013075227046	6.4785625
1cf/3b9b43544888f	2.7906483252578314	1.8505625
1cc/8ff3f4af371ed	2.561585354959496	4.47625
1cd/5d6784b39af17	3.2856477058697813	6.587125
1ce/a138277dfdead	2.1030982948062116	4.1359375
1cf/6df3e1b41eead	2.7660356638764334	3.40725
1cc/0e25026cf0013	3.3104679968117168	5.0460625
1cd/dd5ebf2ec5cdd	2.5506412648340224	3.145625
1ce/6d79e0841a59c	2.797298755043313	1.73775
1cf/cb41df072f8f0	2.963683801139883	1.5821875
1cc/502e94b7f5784	2.2538452229511035	4.9451875
1cd/2c6d6367f7d59	3.0375932196275115	7.776375
1ce/fc092782dc108	2.779120925459575	2.0479375
1cf/905e85e4d2a9a	1.7686928381550284	1.6863125
1cc/97296d812201b	3.2589802469330764	3.65025
1cd/1a3275bdf725a	2.7769474709502058	2.1639375
1ce/d62d62c3b199e	2.4138683550316498	0.68025
1cf/fc67db3649810	2.489070750802562	4.1288125
1cc/2160609ce761d	1.3313363649346948	3.4903125
1cd/b4a52b01accc5	3.349789912101268	12.2368125
1ce/24b469f74f91d	3.2277073266477516	11.2588125
1cf/d348aa54d8c20	1.9309474935714819	4.1051875
1cc/b67235840ab9d	1.6951852508194472	1.346
1cd/b94a2ec7cd3b8	2.8590719737034607	6.59275
1ce/ed7106f362829	2.4521131227725186	3.963875
1cf/edb2f97c5028c	2.0711542613684584	5.6941875
1cc/e98f24304c573	2.8422349054234304	6.27125
1cd/ae867b73ce334	2.775119792084792	19.068875
1ce/129ed0ba07a89	3.0170057577428038	2.62575
1cf/2b13b3a2935fa	1.9686367889415306	2.1376875
1cc/fe2a951f57550	2.8868103760756774	2.0418125
1cd/90932a3754988	3.2777918858263337	3.754875
1ce/115446ea3523b	3.478089346081192	2.046875
1cf/2e920df7406bc	2.5324279924357644	3.0294375
1cc/2c424cdf3097e	3.31958440155485	13.819125
1cd/4209740538bd0	2.4367970632044837	8.453
1ce/399595fa4f72f	2.967353684742556	10.14325
1cf/695183022f95b	2.6928440818292563	1.6834375
1cc/458bb219b7ece	2.9812031299522888	4.15425
1cd/9c794ab6ff209	2.4989452164026162	2.4993125
1ce/cee8bc31fbec2	3.3659386409720145	5.886
1cf/6cb262d96d5f3	2.9813946244710907	2.9091875
1cc/d01b5235b07ae	1.5615994602547087	1.6465
1cd/82e0d49a8c197	3.3280269888065788	8.268875
1ce/c02ecca6a8189	2.2989744664774183	4.01325
1cf/b39a3d7772337	3.147262940232622	11.5939375
1cc/c0efbe63d73e6	3.441046717638039	4.278125
1cd/92d2dd7f8f0f0	2.1425809881061033	2.816625
1ce/404dcf317d8b1	3.2694598105474917	5.3898125
1cf/60a30bb7c1a9a	3.1669442527573173	6.69725
1cc/7d1d436fe61e3	1.1496146579848474	4.130375
1cd/043221baf7bb5	3.08140750716363	6.658125
1ce/9391e58f988d5	2.7609224688951026	2.4108125
1cf/787580da7f6c1	3.138768016531596	9.643625
1cc/07970ac3cc15a	3.0148452834642856	4.1726875
1cd/acb42e39fa75c	3.138301447413248	7.1098125
1ce/733734e1c9e5f	3.3050893766795344	3.838375
1cf/ec362d900f572	1.9694025932102384	1.201
1cc/54a96df1d0f0c	1.2417033208690798	1.9623125
1cd/208a75c52145d	2.8253810702292323	6.877625
1ce/3b2f621a36c66	1.3807702805665756	1.6999375
1cf/2cfe7303a047a	2.4773892440761247	2.4658125
1cc/6f76140e85b0d	3.442793801723083	5.29975
1cd/4fcbe89edc08e	2.0224810858120303	3.41325
1ce/d2da3143ef3ae	1.9433160683360116	1.9955625
1cf/42fb7c264c6b9	3.2177969071062678	2.0738125
1cc/5ff7a099d6307	3.204015336407766	3.751125
1cd/f9c8981486ee5	3.3444551207013253	5.5876875
1ce/be90b8054b0a1	3.286539409045514	9.7819375
1cf/f74c602efe74c	1.3972178306755183	2.773375
1cc/e0d53b0a2e68e	2.9535692530691193	5.9119375
1cd/48c31d95f192a	2.068524191680194	5.0000625
1ce/9cafe83ba871e	3.1579194680939264	9.0911875
1cf/4f1feabf5217f	2.8266983090590987	5.3560625
1cc/fc23a3ec874c2	2.4142087461065525	2.0254375
1cd/61ecb2b80e361	1.1234212955145408	3.9408125
1ce/2fef65b3a4d71	3.0015880744138785	7.40525
1cf/5fec35bcd5e4e	3.3980515146076606	10.297
1cc/2e7ba2dbbb682	1.1103734511228933	2.54725
1cd/db892768b4ef7	3.168295486106608	5.0046875
1ce/4cf923e146920	2.921082679552295	8.3851875
1cf/06ecbed633efb	3.1760736223376065	1.4793125
1cc/ed760f117870d	2.433827468110975	1.981375
1cd/8795958626980	2.8642862689719046	3.907875
1ce/f506504c275ad	1.5153187270241621	1.1039375
1cf/2f510a1549bb7	2.890726761779926	5.885375
1cc/052984c192fb8	2.8712228366127057	2.5059375
1cd/25c9ac7a3dfcd	2.073186354489994	1.947875
1ce/0fa5a92d91fc7	3.04720717585784	4.4551875
1cf/452acf59e2903	2.895129438860573	7.6015625
1cc/5220c8cb9d8e5	2.612134055868963	8.6615625
1cd/ab53f1cbdedaa	2.518891317590457	2.3458125
1ce/4dbfb89b84358	3.304361125286911	7.1951875
1cf/4f5706102770b	2.827478705966447	2.1585
1cc/adf02a75c77e5	3.4656583515898016	4.0616875
1cd/0b5a796a2f3fc	3.295761405537853	23.3084375
1ce/e9754adda2dff	3.1670129051602425	12.70925
1cf/191b4265c15c6	3.153925168837138	2.9445
1cc/2a7a5aa8a3011	1.9920578637848876	1.259125
1cd/75476f05851b5	2.8460965970839296	1.5744375
1ce/4f4f8379ed895	3.368659078874116	6.9344375
1cf/23205c9cc8682	2.403770019751017	3.8098125
1cc/7402fc3646b65	3.4036242319459125	9.898375
1cd/3bbe2c62f59cb	2.809054125218837	8.626875
1ce/9181d41d173d6	1.942876335605607	1.754125
1cf/d4b66bdc17656	3.1335277848724905	2.5314375
1cc/9d7bd6bb1b72c	3.240576080335163	5.9146875
1cd/4dc0e04fef958	3.2302740018867717	6.6298125
1ce/e83e785c1f961	3.06083935284236	2.84775
1cf/6b34fb2fc6775	2.1488396667504843	1.201625
1cc/e229608fe7eae	3.093604876644287	5.8021875
1cd/db8074e45d00d	2.3088371455045027	9.90475
1ce/ecf9e488d9af4	3.0355952960635775	1.5375625
1cf/5564027316a1e	3.3372979334214583	2.5710625
1cc/d26257b1cd657	3.250834949572788	9.536375
1cd/cb336dc98ef5b	2.7025736556148203	2.773125
1ce/fa9d784275082	3.27316952441504	4.8143125
1cf/45506515ad256	2.6642791706920264	3.1895
1cc/83b27fa849d1c	3.39174583751017	5.2586875
1cd/a731a15abbcd8	2.9855847752579696	3.044375
1ce/01c862a827729	2.6528213896876958	3.3165
1cf/2cce53fa8c439	3.0417144253696358	10.4350625
1cc/840b453d482e9	2.4687544479050887	3.7494375
1cd/e81a0c00d4d03	2.6869646752659753	4.3473125
1ce/5d35411528c05	3.113101790073299	3.350375
1cf/a8b9d1c162e4a	3.4844047471855752	6.1933125
1cc/f60f5e490192b	1.672692648851178	0.768375
1cd/abb67c0acf414	3.269673130252119	4.3508125
1ce/c3b790e4cd989	2.9906093339335165	12.9629375
1cf/1e6c149521050	3.526600286766764	14.51175
1cc/3057d1f77637e	3.146351628694211	4.5995625
1cd/861d6a2d3d758	2.90850766192467	2.5010625
1ce/6cfa207e0b023	3.2832937429868885	8.7754375
1cf/89d1f37268d12	2.575984034172471	3.7028125
1cc/906ac30625fe2	2.270658519539856	5.7461875
1cd/0f3b93a92cd51	2.002864728745019	5.6975
1ce/bdb6e288032f2	3.19986374507533	12.7336875
1cf/e59a10166ae98	2.829672066438568	1.7794375
1cc/d9cd39b414299	3.447304093859349	9.7278125
1cd/49e53b8d285b7	3.200633658687009	2.6924375
1ce/6fbe7c912c571	2.8785750510888017	2.7835625
1cf/473da9fce101b	1.7906662311245576	1.8533125
1cc/da7a8eafa32d4	3.516160210709564	22.8969375
1cd/c2bd6128ef197	2.8861602684921834	1.8059375
1ce/9896a3ad088be	3.0759337616789235	2.93275
1cf/91f24410c1a3f	3.2689786812349335	12.144
1cc/4100445df0b5c	3.119921296125721	9.4696875
1cd/fdff22f11d9e6	3.289586039209134	8.3751875
1ce/234042f624c7a	3.42404588498266	9.00875
1cf/aa60ad6e9f89b	3.0374336121490937	6.453375
1cc/f802c8f592064	2.896765134571838	2.370125
1cd/54b5dbc28f0cd	2.5859277938107303	1.909375
1ce/46384042e5bbc	1.7604799338363226	4.057
1cf/5faba7063f039	2.640680349418366	1.4248125
1cc/0165468bb1579	2.9237134142645473	7.684
1cd/9fcc8c61265ce	2.8097631449101153	2.9148125
1ce/5e229c8edbcbb	2.6302284194380503	1.152875
1cf/efece3130c469	2.7327858048237403	6.7966875
1cc/6f2b4b2c48688	2.690378284013124	2.0415
1cd/0c726762c91bd	2.410989796692913	18.5329375
1ce/866fb2a8f9f12	3.1368626845423915	3.0815625
1cf/2165a68f187dc	2.7311800691723764	6.761
1cc/0b1af33bf47a1	3.4951998987365505	7.4574375
1cd/c3c923a668b36	3.2093209039973947	10.66925
1ce/5d781c705fbd9	2.834981740906772	8.1638125
1cf/3e41333164764	3.1680062314997013	7.771
1cc/05915a34e2c86	3.1236903028275043	5.167375
1cd/acd28dddf0ec6	3.2650915843630224	7.336
1ce/ce6bfadf786e8	2.0624844624187673	0.9605
1cf/fccfb6de289af	2.466952001725584	1.2494375
1cc/fdfe8e7b234ba	3.343649428059576	26.08225
1cd/fe061299e3a18	2.683560649318778	6.680875
1ce/d2c62bc740870	1.4773383367481927	1.0571875
1cf/4fd818a4ea5ee	3.396313468460043	4.993375
1cc/4b4968479b415	3.1631632332565087	8.592
1cd/7fc6bf6138794	2.8474950223806847	3.3440625
1ce/23be6e00c2d62	2.1756538891613935	3.005625
1cf/0fdbd8a6f8c1a	3.383565708141425	8.957875
1cc/c5ef995043918	2.91059930101245	1.2169375
1cd/32eaabae2e0f4	3.121209914637099	11.7839375
1ce/e38d9ceb4880c	2.2557370160687262	3.27375
1cf/6010a790ffbe0	2.580652538191949	0.840625
1cc/7600ef7486ce8	3.076826255225062	9.363375
1cd/d56924deca855	2.785229962124375	4.8035625
1ce/55ba09a244a85	1.7779340186036623	3.50975
1cf/018fe7ed64484	2.5999559002234287	0.8248125
1cc/8ef5f1f748308	2.8138184038627454	6.8565625
1cd/589cbbe2e306f	1.9943872555071667	2.9129375
1ce/bfb14829b359f	2.886840870158259	1.9535625
1cf/671b454c44213	3.4099765002397233	8.4621875
1cc/f98dd15fe67b7	3.118469645330003	5.978
1cd/ac4c763a24856	3.0743355344772416	6.6560625
1ce/fd8276604e373	3.163511345428842	4.1926875
1cf/2e464ddb84ef3	2.791069438379372	1.634
1cc/a23174827898a	3.266587230004545	23.7034375
1cd/8067289a1464b	2.8224622538422457	5.2915625
1ce/e9de256385808	3.1187489700573834	3.8293125
1cf/64550277b87a2	2.5931629732997856	5.8029375
1cc/dc5f616dc89af	2.0474303736762747	1.5368125
1cd/a0734db2350d3	1.5861715270940044	1.298125
1ce/dc5ea65294c07	3.307615198237078	3.188625
1cf/bc529829b1e94	2.478289617228345	2.18925
1cc/79cbb288eea5c	3.0303994243469936	5.9611875
1cd/b12e4ffe092f2	2.6923180450886988	5.13
1ce/826c3fb5fdb4f	3.0379650240937135	5.9015625
1cf/790bf033272eb	2.2919836473913127	6.2085625
1cc/5d1abfe754859	2.070868625433934	1.7180625
1cd/baaadc84fe790	2.8176723308989957	6.9843125
1ce/e76f661c35d13	2.3187362944913215	1.42725
1cf/861ea488e8da1	3.3707383779486393	7.2859375
1cc/95c93b6fab587	1.1002167457494914	3.913375
1cd/d0a157c315b0c	2.625549955436324	2.3535
1ce/015931d9e13fc	2.9703159894757665	3.3655625
1cf/628d10dcfc044	2.670548363771248	3.8443125
1cc/077c5e7c03597	2.605275591470414	2.1654375
1cd/c143c2bd10aa3	1.7290895311262353	1.6346875
1ce/61679abf5ae87	2.7442244822696247	1.87925
1cf/e0a17df0903e0	2.1826580444878223	1.986875
1cc/0ced06e31e2d9	2.7317181713082537	6.0790625
1cd/9cfa208284998	3.4687212083211114	9.70625
1ce/b59f7b7c01769	2.636785999533145	3.124375
1cf/f75db03833368	3.0264065741131034	5.482
1cc/b7e8d85376f22	2.483278134244698	8.2071875
1cd/6333fb9e34712	2.9360195701017764	2.074125
1ce/e4db4961db0ef	3.3279354416506113	4.9094375
1cf/6bc78b23ac12f	2.917798829894398	7.74725
1cc/846ce4852e6aa	2.4908890720080064	4.4411875
1cd/2eabd13c31e31	3.063274247782347	5.675125
1ce/bdce478508634	2.6494940079839955	2.44525
1cf/1cb4e76da3d0d	3.2664136621612845	6.4441875
1cc/c723c4c30efda	3.215834349611711	6.08575
1cd/1b9e9b01a650a	2.649174365316847	1.933125
1ce/1709820474006	3.2842834165366077	3.9849375
1cf/e6973a0bebc4c	1.6724811505196484	3.7201875
1cc/53756d9f43f91	2.773078939302317	12.0173125
1cd/1e73eb7a0cd5d	3.2186401260755684	2.4800625
1ce/8ba42e9ec4131	3.4695702884172848	7.353375
1cf/ad6ae8f588e47	3.228040714391804	4.6683125
1cc/79b8ca5357620	1.7162787872590377	4.125
1cd/d5ec03e3924f1	3.4919006712813276	7.2154375
1ce/c23ff44656c27	2.457344886008873	2.519625
1cf/d8c5ce99bebdf	2.326375290520775	2.456125
1cc/e9c4c65d7e63e	3.4119080696046082	9.699625
1cd/371df9a12c5cf	2.546936618105548	6.459
1ce/e82c43d8266d8	2.8157042940979222	1.3971875
1cf/3c07acc8627ad	3.1972158168055693	8.1270625
1cc/76165c58b3791	1.8794851025590287	1.5605625
1cd/31a5bd3d4cce9	2.6804844287774117	9.503
1ce/2a43c6b787916	3.053760970462286	1.710875
1cf/33b54ddd2d747	2.8493067479036474	2.6630625
1cc/ba20f1e9d5fd5	2.466793626518503	2.8519375
1cd/3a693f1c65d4f	3.0500540007220254	2.7220625
1ce/bd6be121026ef	3.206160011126146	6.3836875
1cf/6a65483230dbf	3.066301805752129	4.2168125
1cc/ba1cef293261f	2.7602337894680935	11.288875
1cd/11e98f4dc0e2c	2.0538884105563406	5.5938125
1ce/be7aedac48ba6	1.8693794827019017	1.0085625
1cf/a5566231eacd2	3.374401000729358	7.001375
1cc/6d2f7ae7cfab2	1.3460275921354847	1.1533125
1cd/d9ba7fbd1318f	2.8530554765219955	2.7900625
1ce/ecb226ddcc82b	2.597683707238508	4.2508125
1cf/e87de1e02d36d	3.3385140845319503	11.1129375
1cc/d2e1a612f5984	3.1209562591559563	2.640375
1cd/612326e5bd5ee	1.9979014838652853	7.762625
1ce/7663e0d999aa3	2.41915899794509	5.2271875
1cf/28c6b5b17ec55	3.04290502128802	4.692875
1cc/4572e6903ad59	2.6412470700636055	3.7391875
1cd/72b06d3fa8341	3.2067958147014384	2.97875
1ce/a28070ab9a350	2.07937552025904	3.35025
1cf/2ee9d9895207b	3.1093977981301846	5.7775
1cc/fa9d6500e179c	1.8981695868603088	3.401625
1cd/d3f49a061e95d	2.579158646143429	7.1890625
1ce/5b7980cb3931a	1.0890570559387942	1.1293125
1cf/958424db2a152	2.879249221508562	5.8850625
1cc/662ebf6b856f1	2.915662945795883	3.7684375
1cd/b4af9ec6c30e0	3.384397664320744	18.8376875
1ce/751dd7df22a56	2.078956662810607	8.9131875
1cf/b59e4429f3180	2.932839969412697	2.8835625
1cc/36d1844297d4a	2.6104059961013637	5.3464375
1cd/bb43ade6c5639	2.7842997794342965	6.7525
1ce/0878685aab93f	2.5831718286950123	2.260375
1cf/1074cf5e8fe6a	3.202233759360232	10.2024375
1cc/c4a629ebb5d0f	2.255439736521152	1.58675
1cd/9fcc0d8d43326	2.5618022212581364	2.4365625
1ce/0694b652ec4a5	2.0025323817420624	4.8760625
1cf/98389579a7fa8	3.060477736012021	9.52525
1cc/de3a202ff0ef2	2.874320079608368	7.315375
1cd/8db6c22ac9cf6	2.8216866589584386	7.1075625
1ce/a9b6b99cfc5b7	3.4600542259772653	3.3413125
1cf/13f54ea84f12b	2.856784177724548	4.0891875
1cc/b3f9e201d32d1	3.3829081227303	11.2364375
1cd/955b1e80ff039	2.3992223906870955	4.5204375
1ce/187fc4b236ded	2.6338970923343386	4.920625
1cf/11bcdc0ac4490	2.6908418499325437	2.6616875
1cc/fadf99ddbd4b3	3.312547697779194	4.873625
1cd/dc68b8a1f8651	3.244876556696941	3.8734375
1ce/45dbf42bb9f74	3.077414295970841	4.802125
1cf/5adbee29daaa9	3.2588126280071115	2.06425
1cc/a2a7955026a97	3.2587835510694325	8.2593125
1cd/2b45312f41282	2.3430981206565886	1.800875
1ce/ad8d5635f565c	2.5145039738457915	3.9206875
1cf/bf81230177316	3.186842330474354	7.8948125
1cc/0a2c0b8a1bc22	3.466841031364415	8.6095625
1cd/2bba80e872672	3.036932642519741	4.441875
1ce/bb025a804fede	3.487695106050353	6.85175
1cf/a1d22b6c59376	3.0490608194782176	7.9700625
1cc/edd568afa8e1b	3.033567012740472	5.1299375
1cd/8cf8f6ebd7ffd	2.7837233459231787	9.493625
1ce/914fe8015f95a	3.093486884464544	8.6959375
1cf/1b2cab579fc5f	3.0078354093345308	2.8045625
1cc/bf548d7815f88	2.939813727342191	4.3054375
1cd/ccc0b86a90285	2.569261365435172	4.6835625
1ce/0430a2f3a638b	1.8624666994149062	1.305875
1cf/16e38057442e0	3.4813913517645894	10.1044375
1cc/7a3e1b0e01083	3.027395486319122	5.0690625
1cd/06b857104a6ec	3.341809487035504	11.738
1ce/8e7c021671e79	2.520348510385011	2.97025
1cf/0622cb91a3fa9	3.419038081821637	17.3435625
1cc/8249b084536be	1.7020766281604707	1.768125
1cd/4a3a9950037b3	3.4354275436751958	6.3628125
1ce/21c28e430e1f2	2.9457075017478696	4.9765625
1cf/abbcc1be3d55b	2.7644471365551957	3.95775
1cc/f53dde9012512	2.228481207138107	4.08425
1cd/9639c237d1c3a	3.3130442087847163	8.5434375
1ce/5f66da875c47f	2.367277244495631	9.5459375
1cf/0add0719dd3a0	3.153305712865327	4.7681875
1cc/6806cf6a4bd3f	1.69414341846946	2.9440625
1cd/6efe71200b7ff	3.3488819942003722	15.09225
1ce/3cd75fa83482f	2.126476956132535	2.503875
1cf/89e1d53d46645	2.1421479425157752	2.2675
1cc/ac2336bf2cc83	3.327070587781711	3.127375
1cd/c6fe9800d17c3	3.2164274309263194	4.7690625
1ce/7c211f1f8f173	3.074291710608011	6.988125
1cf/606c2cf910480	3.191917632319658	1.9729375
1cc/16c2f25148ac9	2.705048833575249	3.8173125
1cd/50d176ddbb4fb	2.6446434226496702	6.069625
1ce/c16f048b881a1	3.2419771156648416	3.4880625
1cf/25e64945a84f6	3.5384393549127617	4.120375
1cc/6a752a4ff9865	3.007233009605671	12.950375
1cd/c396ecbe3b70f	3.2738384803752028	6.093125
1ce/5fca4c1f983a4	3.134113755335239	14.44825
1cf/77b313f4442aa	2.583122067186434	4.001375
1cc/a79fc3c78ca1b	1.1084352716247647	3.108875
1cd/e7bdfaf8b3ce4	2.913826965000391	2.47675
1ce/d3b301aee7116	2.3965553302258504	7.4710625
1cf/49321ac06ea67	2.3267779220513427	5.6676875
1cc/8361a8638d5c8	2.8072420447511854	1.0088125
1cd/7ab64db1d2382	3.0210085736947323	4.4520625
1ce/92cdeba47b113	1.920217650514151	2.9328125
1cf/d95b3372dcebd	2.871224173934286	2.1038125
1cc/483306cf72ee0	2.6362875004776916	4.167875
1cd/0c98f9fab3045	2.1756579961744285	2.35175
1ce/65dce028cc7e1	3.436001932492656	7.88675
1cf/ac57d28510849	2.514471239752812	10.602625
1cc/74ad9bdb67e10	3.0984325726571966	7.193625
1cd/f84e58f3191a2	3.5792468404248736	3.6326875
1ce/8e75bcbae8650	2.849316491085567	2.198125
1cf/d345b346de239	2.959402362804398	8.4145625
1cc/58cdf2010890e	2.91166442303979	6.151875
1cd/5de594a4f1ae8	3.2819998801881574	3.7129375
1ce/5eeefff3e6f18	3.027711809713138	6.07025
1cf/7c5c1ef544c53	1.8741857469781429	1.2015
1cc/6e5b074ecc7d9	3.4019153880850292	13.9900625
1cd/7eea64623c1cd	3.410292157645682	7.8920625
1ce/3dba92b19b143	3.2232798076204836	6.08075
1cf/75c5ba9c2c404	3.3776169417861763	4.5510625
1cc/7c92f9d0b4ee2	2.2803454615530403	2.052
1cd/0ca0ae2e8b2c8	3.2983327424163438	2.6070625
1ce/a1d9569181b92	3.4298413700136665	8.9004375
1cf/b1088df285337	2.972056081376985	3.5831875
1cc/3b37bad787b2b	2.335341888172959	2.9634375
1cd/1b33e7d9b1334	2.411642473762863	4.0886875
1ce/9b9059aa3390c	3.2132779230159065	3.9203125
1cf/3667f9cb3b16a	3.405146556280777	4.902
1cc/84ce48c466aa7	3.244083950422353	11.385125
1cd/b702bb2befd89	3.3386985909721214	11.98825
1ce/d3fdd00151b77	2.788331649314703	6.5515625
1cf/420861f12754a	3.4301554284660076	4.664375
1cc/a1ee7680a1778	2.777008274002432	4.7905
1cd/162682353db98	1.4659363094844604	4.0409375
1ce/e58abc272dfe8	1.3369729426827819	2.3834375
1cf/c097a0f7ec25d	2.3680514564982817	2.69725
1cc/ac7cfb8a3e6e6	3.0477574959822076	1.24975
1cd/107474093dbc1	1.8030731172143402	1.6315625
1ce/0681b701d6ca4	3.134719726295651	11.128625
1cf/eee10061ea25a	2.279353312460033	2.35525
1cc/05e45612ed93a	3.106265172617701	4.6058125
1cd/802643fef1088	3.0727478583892704	3.14925
1ce/3f0ee0440c44e	2.2989334923602143	1.442
1cf/156daa552bbca	1.1838896365441751	4.923625
1cc/6b302e84c071e	2.2131565691797492	1.168625
1cd/9f1f81ae1fbb0	2.1638956940972323	2.6439375
1ce/f4018122812ed	2.6835195844444875	10.6139375
1cf/b9eee927bed5d	1.0478238840508003	2.35075
1cc/5d284860e6cb1	3.3144302415173037	12.39375
1cd/111c9ff6959c6	2.906985380224541	4.8751875
1ce/d7649a8e41a04	2.963838135111545	2.52925
1cf/761b5984412a0	2.1043397857735795	0.9124375
1cc/fadfb63708e4b	2.7037781849368008	0.7201875
1cd/a5539b1016b2a	3.157260801166185	5.20875
1ce/84850d6918856	2.8023643341225193	2.6919375
1cf/9339d69fbefa4	3.2983062990521947	5.8104375
1cc/6881a1d76010e	3.5535678945528004	10.6
1cd/1e6a54428a485	3.3508699667478474	11.11425
1ce/2e98837f599fc	2.0357496290369634	2.9316875
1cf/09a0aac37ef87	1.664674599225706	1.3548125
1cc/26cb0f444ffef	2.802578806987355	7.6495625
1cd/5c06d2fa446e2	3.0464641548501192	6.18175
1ce/9d96cb3fc0cd7	2.293383862408732	2.26625
1cf/3e8d0be31bde9	3.135025441864594	4.2674375
1cc/c142e74ecd8dd	1.0595203020342303	1.8239375
1cd/2b8116dfbb76f	2.6969498691046905	3.0415625
1ce/de7942131c7b2	3.0005664208755016	4.3961875
1cf/7e4840ebbdedc	2.941179457586091	4.6394375
1cc/71365b9d5e384	2.7653587181397663	4.168875
1cd/3ddf1ce1086f4	2.799416854059782	3.4670625
1ce/097c6f34e2f43	3.163750275758357	7.9578125
1cf/0eb81b784a9f5	2.9559214959403977	7.7955
1cc/5c5b08201ab73	3.1581473782144514	6.4599375
1cd/7537f7ebfebe1	3.494090585574168	13.4630625
1ce/6b30002a82d5f	2.601933598055253	2.12475
1cf/e18899c12129e	3.1046299451588344	4.6333125
1cc/bf24132ea3ca0	3.079425010326993	6.999375
1cd/85a1b45e18133	2.0489829962877506	1.8273125
1ce/08666546818ad	3.1582909704655635	5.676375
1cf/aa6db5fc838ba	3.10331631449921	9.014125
1cc/232d3177309c9	3.036682924674899	6.314
1cd/12a2c45430255	3.2218233435596018	5.5806875
1ce/44489efcf327a	3.227031834257519	16.0303125
1cf/66886cfc991fd	2.648406698352241	1.596875
1cc/883235ac2f137	2.6322897519714155	11.8033125
1cd/2064b81b454ff	2.712294541352605	11.2628125
1ce/2c76735894671	3.0640093427439385	7.788
1cf/a0159f55e856c	3.1877707607405115	3.847625
1cc/c20e22c01c363	2.51670235545362	1.63375
1cd/e751e32a8d4d1	3.321614788004497	6.174625
1ce/2699cffb273b8	2.9280460273681888	5.1619375
1cf/9abd7de9dfd6f	2.8589452859220144	5.235
1cc/158e66a65e9d6	2.3122504370252672	4.2655625
1cd/a4abb36f21c9a	1.2059325094550977	4.0570625
1ce/801239fb55def	2.660737798343999	3.4628125
1cf/c7c0977938835	1.106684011352154	5.392
1cc/5f1ac1d292fe8	2.6915593777324744	2.1408125
1cd/6cc63da9a8797	2.5376587295234865	3.558375
1ce/9d2374cd71790	3.321533413552399	4.8995625
1cf/0595949b244da	1.9461871744317656	3.6703125
1cc/ab9f66a0ac46c	2.7577880106022907	8.31825
1cd/d1225c56736d5	2.5612942123516236	6.7374375
1ce/d414d170530b6	2.6818734191964966	2.258375
1cf/d36df80eb376f	3.283058443413515	6.2654375
1cc/5fc24b84edcf9	2.9370240973373734	6.223625
1cd/55365fc7f285f	2.288184285019248	3.123875
1ce/ca30a1af854c1	2.2089666307403726	2.26
1cf/859517c7ac85f	1.4360740775617793	3.3329375
1cc/5edda56cdd241	3.0252478089302572	8.0999375
1cd/f375d2b2f7781	2.680350206866145	8.0299375
1ce/2dcaa9abdeae7	3.437278533708051	5.6461875
1cf/6590e6feecead	3.1527074532268418	2.355125
1cc/7b72073282170	2.153488362858689	1.8770625
1cd/e2aebc43a0136	3.5230821043881826	11.3255625
1ce/ea884a04df133	2.9726822589146757	7.30375
1cf/0ef71341c4b33	3.2820338680445893	5.6403125
1cc/a89350eafb90c	3.041720363601549	8.6711875
1cd/3e3a047af5a55	3.1838896422574376	12.131375
1ce/6ee68e4878b85	2.0943944889806403	0.72025
1cf/cd74d52985c24	2.356360336412236	9.07225
1cc/1f2806d32771f	2.2488212148295545	0.917875
1cd/d0ae094bc7833	3.360758641921983	11.9101875
1ce/a44394fe03c09	2.541092023636347	3.498125
1cf/680122f1cc20f	2.205601482506066	1.0085625
1cc/e43bf54bfa88e	3.2570448680366813	19.928125
1cd/aea8d6ef688ae	2.617739936089779	8.546875
1ce/b80e1d368dc99	3.4268305249696422	6.2295
1cf/1239d04679ec8	3.0944047762059808	7.338875
1cc/fb9c95646a53b	3.5072565203399204	7.8511875
1cd/1576af31fbdf2	1.9357680984798649	1.4130625
1ce/6359958358e41	3.004606318473541	6.8345625
1cf/e83757b956d12	3.3195242497974458	4.6118125
1cc/9202fd37d8b23	3.297312678558242	3.77
1cd/7b7a720289104	3.41345683393371	7.2355
1ce/1ffcf679fcab3	2.405813936281203	5.9809375
1cf/0027dd58b8e21	2.3899542041880246	1.874375
1cc/b5f5e066f963a	2.915292814693512	3.854875
1cd/0c09fa381bc4d	3.351945054947189	2.624875
1ce/47d996ab14924	2.896013310965532	4.7771875
1cf/9d2053fed4271	3.2584086150998774	6.1661875
1cc/1182749e037f9	1.1061496920174774	2.9908125
1cd/a40a0b48490b4	3.2891820592585717	7.4796875
1ce/567f707212a16	3.296754567364885	6.780125
1cf/a00b00c324f92	2.859826297937096	5.1095625
1cc/7f27663800e6e	3.094598274753646	2.5101875
1cd/86879e95f274f	2.0886027810802865	1.4186875
1ce/f81ae2cadb0ba	2.87835938572911	8.2630625
1cf/2d88cc1e8d912	2.1427012200346534	1.68975
1cc/affa2914cdb40	2.2196595932956047	1.6230625
1cd/633261f458869	3.362043750578826	4.0924375
1ce/de35a5557daba	2.82097836859401	4.6584375
1cf/a9008601255c9	3.2181978724739	5.3139375
1cc/1f3c87ad9b58c	2.2806783447722827	1.3580625
1cd/0e3b935cc3d77	2.757272746617436	8.4984375
1ce/ddf7ae3c54a94	2.1690514833481886	1.1535
1cf/944cc2704bc5d	2.521096875913183	2.138375
1cc/62f6358f8ff94	3.332170134724995	16.2495
1cd/45c61208f0226	2.529149756619028	5.8510625
1ce/96b7fd55006cb	2.283005070866845	1.2975
1cf/1ddc4123fc323	2.5950658396033295	10.6445625
1cc/8795d8d1b2fe3	2.8191417315272913	8.058
1cd/e9dfba950e06a	1.1659696967326354	1.47675
1ce/2ac7ce56208a9	3.3671208510704354	6.022375
1cf/e7c80601e237c	2.578717197402795	14.039625
1cc/244b160a0511a	3.241486822663183	14.7700625
1cd/21aa96668984a	2.382748415716355	2.4204375
1ce/66c9402979862	3.113432908033456	4.7744375
1cf/6fca8f80a4fe2	3.0484792180090197	2.495125
1cc/9bbaa13f2cec4	2.962373668841615	1.5966875
1cd/083917986cbb3	2.700540297683702	4.34575
1ce/23de3f77d57a3	3.153508600175421	10.5549375
1cf/7d7a32aa87366	2.874138908531106	3.4134375
1cc/36f0a4e842238	2.9370705507566246	1.9189375
1cd/fed454f665c09	2.3703977388465023	4.4285625
1ce/16395d02570d4	2.37486516252678	3.0466875
1cf/725bacc50858e	2.1403379969509673	4.105375
1cc/b9445ce5d0851	3.2781832168063527	5.599625
1cd/85748330bcef2	3.3859056099477787	6.9401875
1ce/a7251f8d08321	1.3523512254344914	2.3671875
1cf/b94989bd4085e	3.2229508815982615	3.872875
1cc/569436b8ed779	3.2212581079698404	11.5965
1cd/37a1afd316820	3.1826276504692492	14.080625
1ce/636ebe0549f2d	1.9829017779371292	3.1505625
1cf/e121b56cc884d	3.175534979020268	2.5175
1cc/d3f88e510b7e6	3.1656640817638433	15.0910625
1cd/5b326cd89c79e	3.1562791674306903	4.44175
1ce/77cdb363e8df4	2.6312533808237837	5.6766875
1cf/6c91446a65972	3.3414686822918127	7.132125
1cc/a2015f338264f	3.204282859424999	18.464125
1cd/a27d825eecc2a	2.821124842030562	6.85475
1ce/16807fe940ac4	3.0595236689069205	4.6934375
1cf/4b2f4d0630e2b	3.240733356566733	7.109625
1cc/5b3ee3b5bd96a	2.1333486869314005	5.6193125
1cd/defc51b3cbc17	2.773238040457959	6.8163125
1ce/a1411a0b822d5	3.167443397137017	3.644875
1cf/f29bb55357f12	3.544695110351259	8.156875
1cc/81d181e5366f4	2.7079660062695656	5.2334375
1cd/9b7b727deb68c	3.080398434123535	2.2375
1ce/be7189ce38165	3.4122341694546217	9.2530625
1cf/e62c44e66525f	3.521406074394411	9.2858125
1cc/1680ff029d2aa	3.2686054899147137	10.87975
1cd/f15d73efdf6c3	3.2724715696250795	6.0075
1ce/0b3ea04a9b6dc	2.8857788240161897	3.5555625
1cf/32d85dbd4aac3	3.265443475862494	4.166375
1cc/0070852cf5549	3.1120560550011622	8.485125
1cd/b49fd67c5b7f5	1.5821286218239927	2.8036875
1ce/ed3493479bbe2	3.485236972861433	8.1160625
1cf/c05035742c49f	2.703592800760457	3.19375
1cc/c5a6df376f229	3.2176520087531193	9.526375
1cd/c088b7e69a7fb	3.2447046115754015	9.793125
1ce/1636328b41f7b	2.6554306878534124	0.8646875
1cf/ddc7c27769e0a	3.076089432251149	4.933875
1cc/7b1f0716c70a3	3.2073981705793946	3.2744375
1cd/55a2310eb0a29	2.681893784859401	5.972375
1ce/adc74b29452b0	2.9441809634817124	6.6833125
1cf/bf3549c8760b6	3.3437226922254446	9.7464375
1cc/05c30281343b3	3.3406356919954256	8.03075
1cd/5b6ede5ecf692	3.3790019329792256	9.2535625
1ce/5c4c7c796f339	3.47091026190217	12.308875
1cf/5da34ad1ec1b1	2.9207916118178754	5.8268125
1cc/7e68391f1e6b7	3.0195909844347666	5.7566875
1cd/4858e3e5bad3d	3.330316326080093	12.8488125
1ce/aeb6821317ccc	2.8881189293216236	2.8320625
1cf/dd820d5b70263	2.71333094341992	2.16375
1cc/3d7eff9b36e20	3.305564450633487	3.414375
1cd/0aa15568e1ff0	3.3399669487003187	6.5520625
1ce/5e881f4b83345	2.503075738065129	2.6169375
1cf/fd9539290adb2	2.354594389035544	3.535375
1cc/5d5f7c309a254	3.14124592381349	4.29325
1cd/91288ac501707	3.4367468233597793	2.99275
1ce/9bdcd4115476b	1.2158605290519215	0.6240625
1cf/379a1a94c3b79	1.8308025106869898	10.25975
1cc/20da87df5d2af	2.059172031100634	1.4186875
1cd/2f9d351e68241	2.6080036712258754	2.340875
1ce/86e00e7a6170f	3.0291048343810862	2.01775
1cf/4ee0cdeabaa7b	3.0915510253569427	8.6598125
1cc/72a0f884f8cda	3.3703317987315344	11.8776875
1cd/fb0244c84e52c	2.7001976158939383	1.9199375
1ce/82cb3ca7ed5ba	2.813365416884458	1.944
1cf/c2ad3d127143c	3.2939919010722085	8.787375
1cc/953f89d2120c8	3.2815495466276148	9.8591875
1cd/1f2ba3e5dcf96	2.481753174853228	3.1221875
1ce/64b76a087cc39	3.3097425569057535	8.0389375
1cf/d03c6a963191b	3.0686237946183326	4.7704375
1cc/8da236c2b094e	3.4002674456903814	12.4153125
1cd/f0434e528cb8a	3.126993785136628	2.3875625
1ce/4a2a787c65649	2.8535078781581826	8.0151875
1cf/c16c97a698c96	2.7934705289800106	6.8645
1cc/5de494976b69d	3.0427374510059564	7.61875
1cd/55e05be3c1031	2.8068328249149874	2.2725625
1ce/344f4dab0ce83	3.143012469284044	5.335625
1cf/1b3d16832a842	3.218285954413311	4.4391875
1cc/ce664199c816c	2.0488127319441483	4.1528125
1cd/1cb03cbba86fc	3.0670172366476462	17.505
1ce/da4282f45d6c3	3.039129027364015	4.6836875
1cf/ddae8b47434d7	2.831244418671939	9.014625
1cc/a8e8220e0137b	3.1284586286936307	3.257625
1cd/7de6ae2db5c50	2.7110614778495026	5.608375
1ce/e308fba6c8434	2.0460471433020304	3.5244375
1cf/b9deb534a3734	1.1253121736120388	9.3345
1cc/ae9b8451c14d3	3.262578963458888	6.585875
1cd/d0f43432899c6	3.2215399450380184	2.367875
1ce/a095ba5f7486a	2.9922390908543433	4.701625
1cf/f4282c8c7736a	2.9043315410212465	11.25475
1cc/14efba987dc00	2.2213163034330017	6.223875
1cd/2895963393bc5	3.3587655506218606	2.68775
1ce/a160479d7a01f	3.2192293505073883	7.47525
1cf/2f305f5d56a53	3.105107176896859	5.5679375
1cc/49d19f191b2e4	3.1514660483780492	5.90175
1cd/c44c2b152cf7b	3.1532085095230697	2.6116875
1ce/294725c32e0bf	2.802511100859152	6.779875
1cf/57acdf4c5925f	2.9364867450375423	3.6240625
1cc/b18b4549ece96	3.204577905650029	15.239
1cd/1a855d393adc4	2.8809334819796364	8.6591875
1ce/fce2302f970de	3.297472720574139	11.9694375
1cf/33d04565be4d1	2.9712943856446485	1.5473125
1cc/555431ad5a624	3.077833707437831	6.7465
1cd/1277f96212f35	2.265194401477834	6.75825
1ce/51073b1a11723	2.687313971636433	6.651875
1cf/246e69597d26f	3.232668898542802	7.5773125
1cc/ef0a17bf86a29	3.326585934407862	7.1680625
1cd/e18f41bf82a2b	3.423815280410483	9.439875
1ce/551b563a81224	3.409461087306459	8.489875
1cf/e1b122c731bfa	2.7388514236209436	4.5913125
1cc/17968afc66f52	1.4961937445058415	1.4895
1cd/c800029458ee8	2.2054046072541436	7.351375
1ce/79d37fe4f92d7	3.298872693446047	16.9381875
1cf/0a0d98847ffd6	2.514482676506049	3.1750625
1cc/4cd40ef59f842	2.846427696437369	1.8843125
1cd/78047ce4309d6	3.3457186492352506	9.5465625
1ce/1139f587d2f67	2.5089576419229647	4.5340625
1cf/e71220301d4c6	2.493877095711667	4.23475
1cc/8a0a894908302	3.092240141781059	5.6729375
1cd/8e4c9ce7e3298	2.5857342077674894	3.416875
1ce/76f8604ba0234	3.304242442031312	3.82875
1cf/f307dee4d588a	2.9786828374114944	14.2165
1cc/010af3a1a2aa3	3.373056742126949	13.3125625
1cd/df4eeb5706cbd	3.3038653430062217	17.6095
1ce/ce4d52fb23960	2.5167919488423194	4.090875
1cf/2dc631a391664	2.089032825726965	5.695125
1cc/84e2d577616d3	2.450749385596494	14.000375
1cd/f57a51b7d56d8	3.015661124689642	4.81575
1ce/101a0a101f13e	3.275794429504675	8.599375
1cf/26c9f04d976d9	3.1411293791255765	7.890375
1cc/2cf4a9dcf30bd	3.4314433532233295	8.1729375
1cd/13ae24c8f0831	2.653562745227989	1.9474375
1ce/a24a6532cbe03	3.482639702163803	9.278375
1cf/5d7f171a3ec54	2.708030195728518	2.669
1cc/1568f839da183	2.1649854417956993	3.9126875
1cd/7f4fd3c891335	1.3902060549852153	5.358125
1ce/cb817228c53ee	2.9016508273540067	2.7156875
1cf/416b34126fb47	3.3548872584313996	5.7758125
1cc/57d2a7707cf67	3.166978448348944	5.8621875
1cd/f40b279bdf654	3.1690754434882007	9.9566875
1ce/8e1f33a96e97f	1.0880055357815828	3.1179375
1cf/5e25d4be6f4c2	3.0263046852500923	5.2713125
1cc/61c999adabf3b	2.8379210548174245	3.437
1cd/bedca94f8d33a	3.1631095477563784	7.210875
1ce/6182c74a94c4a	1.6870314998361142	2.482375
1cf/2e2f1ffee4fec	3.205089090214237	6.2779375
1cc/696d75942678c	1.5922505700739746	3.7736875
1cd/c7c8198eca8dc	3.24053117742893	2.4225625
1ce/f968497b7e8b6	3.0198828744854183	8.1500625
1cf/faa8b1c5ca760	2.7472513611417617	4.363875
1cc/3387e51542479	3.1721999406345347	8.53675
1cd/a8d63977fb916	3.3432795241191147	4.6000625
1ce/aba19d2281335	2.505529170896042	0.9205625
1cf/7bd15e49f65b2	1.6479718176223415	0.7681875
1cc/1c4f5b28c6365	2.3251605841535112	15.3199375
1cd/aa5f21d2680c5	3.3699996796780938	4.4669375
1ce/1a262bdba6c0d	2.6881568282957766	3.084125
1cf/44df1aa0ef23a	3.3494418886873762	12.1151875
1cc/b2cf5ce7afe01	2.412559478786696	1.874125
1cd/e6180e751b0c3	2.762799950473661	2.180625
1ce/fa71954486193	3.083745830627333	5.0776875
1cf/7d4b8ebdaaed7	2.4436949237078682	5.3538125
1cc/57896c7f644a7	2.3775103005408758	2.875625
1cd/ee23573347c42	2.9801252049550984	3.6544375
1ce/3ecf839f50cd7	2.5742197482135856	12.5409375
1cf/0a1b27d20693f	2.739944432134172	13.8748125
1cc/1e61f59c40e1c	2.4766898631774126	2.4984375
1cd/01e23106adbd3	3.292340710320463	11.2700625
1ce/8d47f3301437b	2.4388776644912498	1.9236875
1cf/1cecaa97b69b3	3.141210370986883	3.2735
1cc/6b45df1b83e38	2.5413097894642607	2.1126875
1cd/6a38d695749a9	2.53438051085059	1.7654375
1ce/726307515f236	2.3214392099553502	11.769125
1cf/5b2204b4852c8	2.9139914438819723	1.92175
1cc/96def93752b3a	2.648232443002883	1.154125
1cd/184dec6725970	3.0553974375302393	6.3921875
1ce/9f5b4a35607d2	2.358836269244698	8.3504375
1cf/e9ff9470a1f5c	2.045261189317391	3.2533125
1cc/923ecef5c84d7	1.9268243980018862	1.081375
1cd/544c2e7fced20	3.0599619921602974	10.1675625
1ce/99de8e3efcb25	2.561723482042198	2.2810625
1cf/b13379bcbe8b8	2.8432772379604443	2.9005
1cc/d77c8d495a047	2.8905853246790527	3.249625
1cd/ef42b8edda542	2.515926293587685	2.3075625
1ce/487f31bb78b78	1.8230129744538037	1.4418125
1cf/59e8d5c0f6b5c	2.8851382628867586	5.9301875
1cc/6cfb5f314e1dc	2.9085335081612023	8.547
1cd/3b7a6ea62f2a0	2.08042248379594	2.5948125
1ce/15a67f46cb385	1.1828756845111157	1.105875
1cf/3a82658b002db	3.105653236976536	4.634125
1cc/567072cf92bee	3.3773772718863557	15.9278125
1cd/d39468103e39d	3.4179825807459934	6.798625
1ce/128b861cf1818	3.3532507817593995	4.942
1cf/d8e16cb04bca8	1.5782974921909256	2.73275
1cc/7d7ab84915a8f	3.1796550511007338	9.735625
1cd/ef1407bab4de2	2.9012612191135765	2.726
1ce/0ab90f15d4aa3	3.2252282454507086	8.7624375
1cf/7fbae157b6cd6	3.2159235363320398	3.03325
1cc/ad06e240b6424	3.284954641630469	3.6485
1cd/e40a8bf169f5e	2.0161389678920023	1.20175
1ce/c05fe373453e1	3.3672652132031824	20.3165
1cf/03aa02131f95c	2.418194047235774	6.867875
1cc/9ee2dfac362c4	3.424160907386209	13.1515625
1cd/8222fc469d882	3.39889442239133	8.50725
1ce/21dc1f9675e5c	3.247203854101327	13.95
1cf/a768019673486	1.5893370437389858	5.690875
1cc/ed6405900473b	3.31148886479547	7.8404375
1cd/e4df18d066b1c	2.877682998383372	8.2195625
1ce/f0b879ddb8aeb	3.117888714396864	5.750875
1cf/813b798734643	3.236654034063787	12.5526875
1cc/e4fdbcd6ac832	3.35285320288874	5.9646875
1cd/f1be43f6e5c61	2.6254928696315845	2.634625
1ce/64246bec87307	2.8707738279706785	3.9118125
1cf/78660966f8137	2.426336472841478	5.55125
1cc/1a4298922b58f	2.7509397361384167	5.817625
1cd/fcc93a1a18b6c	2.649275045335543	4.0381875
1ce/602f36acd1708	3.3007630883502546	9.2178125
1cf/d9833a7f83a30	2.8869506059263266	3.0444375
1cc/1f6a900cae989	2.5111575163143742	4.061625
1cd/7a315314352ab	3.2100628238567843	2.122625
1ce/d77b9186ed69f	3.287055363083342	20.1881875
1cf/140ee0dca67bf	3.0940942316123023	9.088875
1cc/2d6d11a653ea5	2.837181351593072	5.459125
1cd/3ac274efd37de	1.7022772926404113	1.92225
1ce/c4573eb0249dd	1.0997059895869599	2.64225
1cf/6cd2aac8c3df0	3.392571988041762	11.1821875
1cc/f6d92915450f1	2.151386136820102	2.9939375
1cd/4d56ef76a0c04	3.3094055299645255	3.91375
1ce/14ea789b4b078	3.3007443870370876	2.78475
1cf/4d55baac24ca0	2.381135231706386	2.9213125
1cc/579a18f147ca4	3.015442598302784	10.1161875
1cd/92e1ad6d70c29	3.3043729663308996	9.576625
1ce/b53340d265584	2.4721236713146064	4.39425
1cf/58b7011fcee8a	1.841714655079507	2.0160625
1cc/80562dfa38d96	2.569522333041074	4.14225
1cd/ddbc47d3dfff2	2.9923194771110255	6.6493125
1ce/f624d84d13d25	2.7995059709066887	4.060875
1cf/7556019b585e2	3.3132966961111094	11.5983125
1cc/be654e7a514fc	2.9701692736520307	6.2428125
1cd/a2c6a84c326c3	3.210886302625223	3.9255625
1ce/923f65a5f020d	2.3749721119427454	1.4415625
1cf/47c4f2eab0881	1.13761515656506	6.3896875
1cc/a35d8ac97d923	3.4054518921964174	7.6961875
1cd/767ed97eb00f0	1.9274631948771168	4.158375
1ce/f4173439f2a1b	2.8858831330082886	9.5500625
1cf/b30525da4c104	3.161970581243457	5.570625
1cc/d2f5db279864c	3.3851254256626384	10.525
1cd/24f344944319a	2.505283653948142	7.2038125
1ce/02867b2fafef2	2.725749334817341	2.0829375
1cf/960b5a87126ed	2.4248236839024297	1.3966875
1cc/c18f3a0490f05	2.772129141392642	7.1989375
1cd/089256471b14f	3.3948175400131135	8.5753125
1ce/a5a068a10f859	1.0735234912964164	3.3621875
1cf/74ea7f7e35971	3.4202328596257963	14.5390625
1cc/9acb7fd71f8db	1.4806411672839201	1.930125
1cd/26300ecbd7bd6	3.1048245802016585	10.522375
1ce/e87ccf2398f40	2.4838059726513833	3.4974375
1cf/9573e555095c6	3.4887167936317303	18.1878125
1cc/1cb8b0fa403ee	2.1176873725368557	5.079375
1cd/28ccfa49228c6	1.5850558503153584	3.2158125
1ce/2dedcfa826d6f	2.579029836709271	4.72075
1cf/1a538626afedc	3.514880858127757	14.522625
1cc/9bf238c892f22	1.1241519745072734	2.9030625
1cd/b365c77edbcde	2.9588034219859987	8.124625
1ce/8ded93192cca8	3.3596576202492274	5.7675625
1cf/197685213b71b	3.2677059984702996	5.6733125
1cc/bcfe7e2a8f041	2.7808445352156963	1.9038125
1cd/83300658eddf7	2.862116804884953	8.9901875
1ce/5a8103117a66d	2.7853795316442427	9.6021875
1cf/07873b2adb57f	2.6873904820805414	2.39875
1cc/b001cda1ec376	2.9119357406807533	4.790375
1cd/b013b781d4846	3.15775398614627	5.06225
1ce/72f819be1675f	3.393508270199265	8.8051875
1cf/d69dcbc1f022e	3.1775184862829002	5.235375
1cc/4c214ec13c2af	3.310230994825792	5.0948125
1cd/4bd78ffff059e	2.7258241072101406	2.908875
1ce/a87e20bf1a254	3.524766538660771	7.971875
1cf/bc7be50f00b1c	2.514586979760105	1.996625
1cc/f8624efa67675	2.957182264799969	4.8469375
1cd/c7a048c316fc7	2.6482058303094846	7.019875
1ce/b0614dd4624c2	3.2719147203996575	7.740125
1cf/0984c5aeee8c4	3.045362440769945	2.578
1cc/f3b8dfcea9733	3.414335141231797	6.409875
1cd/80ae3dcf6798e	2.9977188094429805	1.944625
1ce/b38039749ecef	3.3900662676235203	9.830375
1cf/5dbb0605ec6ac	3.0443534805961154	1.637875
1cc/1598cc9aa8a1c	1.0331563258944336	2.5304375
1cd/37ec44fbb00d2	2.3018804046671115	7.934125
1ce/5d10767951a3d	2.8096477614455426	3.3853125
1cf/3614c4f7a5d7b	1.7478703322493927	4.96975
1cc/de7302ecf12a5	2.441833243164219	1.2120625
1cd/e82428b182343	2.433685446411332	2.681375
1ce/58b529506b341	2.2360139418498277	1.3479375
1cf/d97c03e56356d	2.753287939405388	2.624375
1cc/e8b87c91d6a1b	2.5576872200688716	6.457625
1cd/6ac466a68a44f	2.5201736251060596	3.5285625
1ce/43f93f98748ad	3.1928334724075023	8.0731875
1cf/12f034695895f	3.3449930140743938	4.622125
1cc/0d3f547197fc9	2.779153073253007	13.6193125
1cd/7207b475c5bbd	2.5063872630858333	3.4355
1ce/5c1d0f7e1e7fe	2.481160594183853	5.002875
1cf/c200b58c24ac8	3.5319348147282312	10.6413125
1cc/5895f6745df76	3.0664922586146846	2.4281875
1cd/71b0efe5fae37	2.9387695379032364	5.3971875
1ce/f4e465c4f48a1	2.4147194575897974	1.341
1cf/1155beabb374c	3.1122763185891764	7.0856875
1cc/5c82d084b576d	2.804836654461718	13.0169375
1cd/af56d924918ef	1.9603253419725042	2.4513125
1ce/e19fc732fd81c	2.8351262496938094	7.728625
1cf/e0c7bf2d33926	3.285906950633128	5.5819375
1cc/fd9123c67a61c	1.5914565836389722	9.220625
1cd/fe35eca2b2889	3.1881288228181464	3.7538125
1ce/24b22510cb515	1.9593188571180635	5.17475
1cf/352d474a63be1	3.2853178714840707	8.3708125
1cc/225a476ddeb5d	2.26230828583605	1.0815625
1cd/2fb9484a00ce9	2.3069743420261695	2.3859375
1ce/7a7b3eb2532fd	2.68636140649503	3.1468125
1cf/5c9239e49eb3b	3.2809320415918166	10.7476875
1cc/08b89c06669c9	2.9667975785304477	9.9394375
1cd/fc1df298fee7e	1.5798697940565518	1.4668125
1ce/e1ea2db18b067	2.786710229981849	8.497
1cf/d07f5f9e0fd48	1.3591628738842283	0.961
1cc/bd0d6e34251b5	1.119075558841717	5.4985625
1cd/5d607e4d05c5c	2.7820090553702315	5.0989375
1ce/8ea96a2e3523f	3.065794765170828	9.416375
1cf/cc2ed8d93566b	2.5792392269599524	4.847
1cc/fca1d3a1fee67	3.1998466725347745	9.3676875
1cd/d1427946b3e93	3.1853753489946635	10.15675
1ce/b8ea95f15a08f	2.6787775006733083	4.7075
1cf/e27fa8c1ec2e1	3.0131667809533575	8.82025
1cc/9780967260be2	2.931089900885612	2.4998125
1cd/1eb693881768d	1.9059108969870138	5.07225
1ce/639f0bfdd6d87	3.0643319291640445	8.0938125
1cf/fe67a86d77790	3.2231836431160366	2.691625
1cc/efc74fb25ec86	1.164968489671848	1.48975
1cd/62947091cb68a	2.9746781081294222	0.9849375
1ce/d6ee80cc9ce1f	2.9317456535572766	10.7770625
1cf/7b0462522bb24	2.2622527590440806	4.6219375
1cc/b945cd70e7ab9	3.319319005090184	9.1733125
1cd/85f08b914a030	2.558483143580925	1.1158125
1ce/8d2ad074a015b	2.8421603955533286	1.8574375
1cf/a638a17c329e5	2.3924907244576534	0.8266875
1cc/00d81790718e8	1.8958695470643139	4.69475
1cd/936c4ea8b8fbc	2.4785571155857635	6.1628125
1ce/3638c3ebc3323	1.9742082635355356	1.2013125
1cf/95678a652dbff	3.2142990723822105	7.916125
1cc/c05df4a81eaff	3.4912908559226117	18.2994375
1cd/c9cc27ccabac6	2.531736317398309	1.5921875
1ce/45f1c6b4267d3	2.679831085319352	3.6463125
1cf/71a2cbf08f250	1.2117112468385594	2.1636875
1cc/9e43b48c78655	3.1271024369843183	3.763625
1cd/e882060bc6ed0	2.254288104349598	4.932625
1ce/a2fd386771068	3.2802826863025962	12.7965
1cf/5d4a23a992bf3	3.447742384103515	6.124875
1cc/e5316b87a5b2f	2.8877185058217654	2.9618125
1cd/b6d2060712db2	1.5801560764933225	3.0954375
1ce/a3cb3c6615003	2.8603091105822935	3.4119375
1cf/0edf87a2162cc	2.922168481681073	3.699875
1cc/6b84a96f67e0d	2.7789919908837724	3.9205625
1cd/bedc53038067f	3.135604823002938	5.45175
1ce/44659101e0c92	2.8945357059108203	3.6565625
1cf/699dec47cf229	3.227769964227638	6.4125
1cc/8c61cddae1b79	2.4337749774910296	6.129125
1cd/2dbbc04cbe6b9	2.4413686796940803	3.2968125
1ce/530ec06ef9134	3.101160806704264	5.3584375
1cf/6c79df8fc8e89	2.5792856650135025	1.963125
1cc/19d4931318775	3.063821524428328	2.59875
1cd/e546323fb8ad4	2.9963499073133217	5.7260625
1ce/33de00d7dcabd	3.0396667304132006	2.5505625
1cf/525b8c274393c	2.3490028082013614	1.442375
1cc/fb6afc5675b36	3.237237591732237	6.096875
1cd/3050638ae5066	2.8916588195712207	6.47175
1ce/732f27eb6bf7f	2.8763042460831394	5.6204375
1cf/e5d6d1aa8ba1c	3.092916010582801	1.9285625
1cc/0a0b9d85369a9	3.111810866848572	7.7619375
1cd/1cad66df24b24	1.6095455100266227	2.0
1ce/ed920bb541af8	2.9511437214480445	6.160625
1cf/e0d02e658b333	2.3094287904605246	7.217875
1cc/af1fc202dd661	2.721991792897892	8.049375
1cd/274b5623b4efa	2.470272204819375	4.1053125
1ce/f5106c4c5f35d	3.142885889640222	3.2214375
1cf/5adbc1976ea10	2.9320152115803286	3.174125
1cc/5431b7b73eaae	2.8851422062256282	4.9045625
1cd/fe5f760580202	2.3168540142304015	1.0573125
1ce/98c2bddce2b67	3.349273184048294	7.316875
1cf/ca61c44210fae	3.4673463147000736	10.990625
1cc/3110e0c4df8f9	2.173008379993086	2.37575
1cd/b374516a464a6	2.9008342370246143	2.46725
1ce/8492bc97a9c08	2.9230869199250096	7.293
1cf/213909f74be55	2.8595311390728764	2.8640625
1cc/4c4ea52b05680	1.4753247495243698	1.4085
1cd/f4fe66f814020	3.3349017309495026	6.392875
1ce/502752dc68448	2.480585795309973	5.566
1cf/baf2db8941a55	2.5773624729844355	3.98825
1cc/e2824febc8638	2.5676990458274327	4.0809375
1cd/4fe58560a95b5	2.547781495189901	4.9456875
1ce/7d6016b4361f9	3.377721249370891	12.4226875
1cf/a5a24ff21c8db	2.1203506243123895	2.0675625
1cc/dc0d68066d780	3.478709112494966	9.96325
1cd/83d3c4ccf5d63	2.5955755092172135	2.4778125
1ce/6e5109be8d75a	1.4885539222488948	1.3456875
1cf/5eb11929087b0	2.921513531240754	8.403375
1cc/1f23b21de71f0	2.942527684992833	5.9835625
1cd/3a2bfa92c8f62	3.2578439078741597	3.459875
1ce/266b3daa1a8c7	2.3615761852024457	2.082
1cf/79eed50eb6911	2.9634335164847103	4.2583125
1cc/9bf5a5337dc6c	3.2734660311554284	10.1261875
1cd/5c557f254d694	3.150458965351984	6.4195625
1ce/8fa9348b100e4	2.7040517406976896	6.0918125
1cf/077c98fbb79e2	1.5768815377681171	0.8645625
1cc/6ed7ff0c45d2a	2.3757896428002	0.9125
1cd/47f4ee4fa1ea9	3.2299071133458446	3.427375
1ce/8b470309b1aa5	1.9538778109251789	2.363625
1cf/15c8031c11f3c	3.352050836878639	8.757625
1cc/a894b3296b709	3.0851133477615216	14.5193125
1cd/a61548173de20	1.1086181699324313	5.115375
1ce/cdac5b98d26ec	2.8894382199830906	2.35775
1cf/7e6d9570a271d	1.8839877223519648	2.927125
1cc/5703d60b71830	3.465766722611618	6.7844375
1cd/b906d78f00929	3.3244207919321296	6.75125
1ce/9cbb08738b765	2.435288143296816	3.6926875
1cf/f34c209e712f6	3.320937641734865	14.283375
1cc/b9654e1af4b16	3.0527572133893055	1.6576875
1cd/c30e9ac99c52b	2.6877446770512146	5.643875
1ce/0af31c6846310	2.600366229730883	3.5171875
1cf/8f78110d03873	2.9668885282339446	4.2636875
1cc/52a2eeb11d414	1.9958517848970891	5.8380625
1cd/da7236dbbaec0	1.2571365530545235	5.8993125
1ce/6573a1338d784	2.5069924283141525	3.223125
1cf/70a83e0a47666	3.261429613891718	7.5335625
1cc/6063f6c03195d	2.9893992929892295	2.9505625
1cd/d8ee548556bcf	3.3173454087197856	4.411875
1ce/f7b14d0ad0acc	3.559074278127826	17.4195625
1cf/4acd19b8b4159	3.2125928348881203	6.52075
1cc/8ddcb61239b0d	3.3609212829269897	17.4985625
1cd/517d5b66669f7	3.2428753220340356	11.2928125
1ce/c0b4947efb9b3	2.98564941244497	3.4521875
1cf/5074ae11268d4	1.6444656237852198	1.8631875
1cc/3027aeb3d3baf	3.173123030701774	2.908125
1cd/1b740844d53cc	3.1584498426222294	6.657625
1ce/857109e148cec	2.3877362959871493	5.2123125
1cf/2d7276f71d682	1.7320270468721088	1.31125
1cc/6379145266b7a	3.230362224124408	7.145125
1cd/43e953633eed1	3.2582747271084225	12.243
1ce/378eac021fd6f	2.6049118893581844	0.7683125
1cf/f3e122416b72b	3.0432137480160186	7.1830625
1cc/7367ecc6a1d5f	2.9145633188868074	3.05625
1cd/73d34ba826ca5	2.063781542987365	2.3185
1ce/3b83dc861d026	3.1886226662135178	6.7356875
1cf/b008388ea666f	3.3190508039626643	23.7603125
1cc/5d341fab19754	3.104141068312075	13.2595
1cd/6c0dbd876b1e0	3.2360267515224157	9.8613125
1ce/c04a4ad9a0a16	2.578329690169402	5.9235
1cf/d1022a79dc0d4	3.1434477076286655	2.5021875
1cc/3d47fb77037c3	3.2886083243686	3.899125
1cd/ad31a5437c704	2.789526020115619	4.94
1ce/fb33af27e7f82	3.2945794895770626	16.7835
1cf/e5c0706899f11	2.1717180977967034	7.3275
1cc/82f8854b6e6ec	3.408473670519198	13.6804375
1cd/dbb7dad4c25c0	3.004472779740682	1.970375
1ce/5784b110eea96	2.7784214693252416	3.084625
1cf/037707cc4d540	2.83113044484153	4.28525
1cc/216f67ac887b9	3.2359333316220646	13.9035625
1cd/b84996863c9ee	3.007284120006813	7.2610625
1ce/54fae88172d23	1.6771491635767264	0.9606875
1cf/fde207f2f487b	2.106672006092619	5.7620625
1cc/81f155a3b261c	2.819077932615786	1.3409375
1cd/4406a16640c85	3.2124702827412235	6.0034375
1ce/7f39055751112	3.3168744183923766	11.1401875
1cf/c7623f618f9e7	3.0043443171826065	3.933125
1cc/726f437d79173	3.104289271071246	9.362625
1cd/286210c325f9f	2.4157347630647585	8.5568125
1ce/2c5125f27d0a1	2.031453887516907	5.6803125
1cf/618effb5ed733	3.2362865876589977	7.3633125
1cc/ef9eb6aa271c6	2.377488044896776	5.286625
1cd/ccbe6532226b8	2.6323439193398883	3.5274375
1ce/fe54c99275bb3	3.212949647827113	7.03675
1cf/ac54e1b2cb3d3	2.7327800728368556	8.071875
1cc/2c7db83a4173b	3.309810678427295	10.4084375
1cd/ef6b27313a0cf	1.8960080313167853	5.941125
1ce/75e7787904bf1	2.6065295667489803	3.1596875
1cf/986344c0245e6	1.8545831731913407	1.6815625
1cc/3b1b86648d60d	2.725220889783622	3.6336875
1cd/ee4b61401c3d2	3.33691433339896	5.4024375
1ce/c2d64371c421a	2.923626671859986	14.1541875
1cf/7d76e5467399e	2.3986302116610396	3.6728125
1cc/25b2869ae3713	3.1660090988594427	6.72875
1cd/e5a3cfa66b02b	2.002899012417646	5.4808125
1ce/3415813f36f4a	2.9946506913453117	3.260625
1cf/53158dd6eb8e3	3.1779536880908315	5.5291875
1cc/a9ab516b6ab12	3.216834706450689	3.146
1cd/ab217f7b43ebe	2.8254881554209383	9.13425
1ce/adf7b02d3c984	3.3864876942736637	9.9775
1cf/d8195bf2b03ca	3.4322997324395863	7.7200625
1cc/7440218695b5a	2.6823776430209936	3.9799375
1cd/4f01406206f7c	2.936536442310541	5.87625
1ce/4600404270cb0	3.399151491429488	9.5683125
1cf/769ea678c80d7	2.6212871236554927	5.6695
1cc/3c6f828b3d227	3.0791053841954676	9.4408125
1cd/724e19bc7d978	3.0521031278314004	9.72325
1ce/8a9064c66782d	3.4744300236631216	11.4720625
1cf/3878874658b97	2.794311199029583	8.311
1cc/1f4c4bb1151b8	2.27111882265794	9.1354375
1cd/c1561d61546ce	3.3080179179980007	15.977875
1ce/aafb03573ff51	3.1812875146009625	4.08825
1cf/293ef96ad3c05	3.2235196336823235	6.1591875
1cc/9e87183de6276	2.543489031004686	7.6350625
1cd/a68b009e2e03d	3.238736811028163	3.07625
1ce/641b1a5215090	2.0101062303713295	5.6629375
1cf/f0a60e826f50c	2.789874011401452	2.8226875
1cc/9e0c42a166490	3.10647319841467	8.110625
1cd/6e744f084a324	3.422509498001936	9.1398125
1ce/6fbe5d90f7715	3.324686430153893	13.4411875
1cf/c86b68be4e860	3.057632268359572	1.6323125
1cc/b83baca41f153	3.074064249659287	16.423125
1cd/76fb09ab95339	3.0448798281342606	7.1135
1ce/2a56c67e4193b	2.281265559605529	2.0678125
1cf/68f5e2dc59b2f	3.1564550511954907	9.1286875
1cc/b7ead649b0787	2.280081386390018	5.6954375
1cd/6c61040da1a20	3.316135577276151	5.215125
1ce/ce184a4193062	2.3202408193866164	7.218125
1cf/7ac183818e6a5	3.131462432966522	4.8848125
1cc/927b50c1460ba	2.5915829818413427	2.33075
1cd/d41e124de0aff	2.2296593307869204	5.5633125
1ce/4e2ef58c90759	3.360878283882859	5.0395
1cf/dad5e62e4d531	2.4290224680852015	1.8168125
1cc/3a01244904740	3.409502637142796	12.2095625
1cd/63ba1c8813a19	2.449722402948927	2.6395625
1ce/0c399e979fea0	3.4649375663995543	5.6070625
1cf/c99a694e8e10d	3.4276880088649953	3.964
1cc/9e83624f2f064	3.3444369832769905	7.695375
1cd/62aad8ba9d137	3.2810734646046167	8.457875
1ce/e86d6d13c629b	3.097999406392188	9.1555
1cf/2c3cd0b223779	3.1406857866265816	12.1651875
1cc/e74a5375c9906	3.115804787893069	3.4196875
1cd/7de669e19a720	3.2147034059286326	3.007
1ce/78c878aa4b882	2.7395536748939113	5.125375
1cf/f7f019521eeca	2.641077567734856	4.0749375
1cc/dc68b05d69d55	3.335736105333596	2.7385
1cd/950e05579d098	2.5773754141552554	7.3074375
1ce/2cb1f3ce551a3	3.1344544679014246	1.9221875
1cf/7f37e390ddb82	2.2833463495896447	1.2348125
1cc/dc544eb94cb88	3.081653523074532	10.5638125
1cd/15807baf1e692	2.8756865825300513	1.909625
1ce/3b3c8c55c51d5	3.493918900531216	10.3165625
1cf/4782b93b0f910	2.976620745926144	2.6974375
1cc/8f9581baf9e82	1.8198806026704395	1.05775
1cd/e231f696156a6	2.3378637940493916	2.21675
1ce/b97fa57b1fc26	2.949433166893703	2.9571875
1cf/1d25335ee8f88	3.2064211714474937	6.1255
1cc/b9ec1b566e9cf	2.7786406831794586	4.297375
1cd/525c48ad08dbc	2.944872780583083	7.384
1ce/4b6920dc50666	3.432886221745842	2.715125
1cf/10b3435ceeffe	2.377844789175578	3.22275
1cc/589706bd0c3ba	1.7615027026251917	1.104625
1cd/c3ee0b3a31dc6	3.1063672894162506	3.60675
1ce/e7bd64f88668e	2.748194859603442	3.9074375
1cf/60b1a89a6f1b2	3.234650853935995	10.3585625
1cc/dfbfbe7009bda	2.5486078411307327	8.9315625
1cd/8529162493769	3.033317568845405	1.618375
1ce/f93cac7198f30	2.728645217281969	4.6785625
1cf/6f9f88a289bb9	3.0957915585976172	7.2284375
1cc/0a80bc208b1a5	2.4154258435292033	1.8193125
1cd/a26ee38a4f6d0	3.199459505933543	5.560875
1ce/06476d73ce317	3.0871359591003293	15.037875
1cf/df8d9582f574e	2.5960296778412504	2.1045
1cc/23a80e13ef3bc	2.9825369327249747	1.1736875
1cd/14f8738a56e35	2.176274643669086	1.58675
1ce/24f1f16133679	2.5905092038973554	2.6455625
1cf/c385900bbcef1	2.8583517475414015	4.5660625
1cc/6d43355326c8c	3.361509423750401	10.5710625
1cd/f386d8d58709d	2.9728341252712616	12.5203125
1ce/46611143de1d4	2.7104275649262974	5.4998125
1cf/fc989e0a4aff5	3.0234299713378023	1.1526875
1cc/62fc69f4d1662	3.2262234452231593	9.441375
1cd/d996fa413da89	2.9187405460718097	7.681625
1ce/7641477c57bcb	2.590986168935465	4.0198125
1cf/f51a50346a88c	3.390687979142817	12.4803125
1cc/9fbd31754fc32	2.516076233809114	4.36875
1cd/59a9453f9e0f5	3.1677636756340988	12.8078125
1ce/b859852616ec4	3.4419415659473627	16.207875
1cf/26abedc9a0f04	2.8552007372764936	3.6255
1cc/07f6f62213188	3.3966373140112456	17.847625
1cd/92177d27bd159	2.4704240426286463	9.3071875
1ce/b8ce5d7f2228f	2.113257634771238	3.6341875
1cf/dcce97cb6de9f	3.1797481403836647	3.512
1cc/7dd375592e444	3.266180672532524	6.922375
1cd/fef075845f17c	2.4002005900818246	0.960875
1ce/a594cac73c5a3	3.0926325093085576	11.9541875
1cf/fae1af8952a17	2.6520369445321674	1.261375
1cc/acc3591157b56	3.385306072812885	23.890625
1cd/b522390e58031	2.8085880899457956	5.116125
1ce/6161d09cf2209	2.8121489139920968	6.7813125
1cf/eb5aa1dcf0b00	2.5344743524255486	5.73325
1cc/e73270e0af21b	3.327184001596584	10.2890625
1cd/18a8d50c4f21e	3.135505385833034	9.30675
1ce/8812fe17ea738	3.340587836699536	7.639625
1cf/e7e2d99185795	3.339671994007102	1.2973125
1cc/fc7f058f5db04	3.012315375251116	13.941875
1cd/4222a7e019de1	2.233860175270962	0.9025625
1ce/2d4967efcede8	3.191035761480159	5.4465
1cf/3a5419683ccfd	3.128030975472435	2.90475
1cc/dc5ef468be06e	2.4979118646247778	1.967625
1cd/2111d3ef5cf42	2.2470943592706134	3.8741875
1ce/fb51a161222f2	3.305941065302487	3.9474375
1cf/5da4c3eb29f2d	2.479040350957438	6.040875
1cc/cc63d7f0b2698	2.953815214757705	5.4681875
1cd/79b473365dda2	3.2279071663185643	6.6285
1ce/890d5decd9dc0	1.8353431699792282	1.3718125
1cf/84588edcbdc21	3.3076521932073897	12.265125
1cc/9508525552321	3.026705494444095	4.01975
1cd/b1ab25396b73a	3.119621103346831	17.7900625
1ce/88b21038a3f4d	3.551687860457881	10.1853125
1cf/c57a4f3fd768b	1.349900728290361	3.124
1cc/d2f4ccb785bfd	1.0818655210790118	2.3910625
1cd/2af9d0b7b2f77	2.9950906381000024	1.9819375
1ce/0c7e7d233c048	2.3383964583781145	20.0749375
1cf/a97938dfd6446	2.641286001581026	5.1659375
1cc/70602c470e6d4	3.2731844957884753	4.3710625
1cd/759cc6f9c5854	3.2622888830866033	6.001875
1ce/2769855232654	2.0231708715931194	3.110125
1cf/fc826abb10b7e	2.238265403677481	2.87475
1cc/70ca14c35f78f	2.84482633023222	2.2475625
1cd/bc982ca15e158	2.477701149320563	4.235
1ce/d24b98c42624d	2.2879502473726907	1.009125
1cf/71da7060cdb5c	3.179298654152935	2.363125
1cc/0eaeff40288c9	2.544588190727877	2.7003125
1cd/48394ebe5951b	2.3934664430252424	3.6055625
1ce/97bdc589ed444	3.1955031167532777	18.8644375
1cf/8c70a0595d782	2.4321300332590776	2.2013125
1cc/a8d556c6768d1	2.972255951537168	5.3039375
1cd/e992f98b7209b	2.4087485190177267	4.4736875
1ce/c14a0c1a017ab	2.606337063843392	2.2128125
1cf/b893e9c1a2659	1.9017287420062352	3.1225
1cc/313efd99342ba	2.108603237010971	2.2244375
1cd/cf7fab8b50c22	2.8810478509178274	14.804125
1ce/30b6f304301b2	2.16517516615506	11.29875
1cf/2ba65ab680662	1.5140522852418394	2.5153125
1cc/357d3d7ef3441	2.9032369668667948	2.3863125
1cd/64d241a803f43	3.3545807348960683	11.98375
1ce/074e13b1f7227	3.091741986126468	9.6075625
1cf/7d33907441e00	2.980095674754563	2.690375
1cc/2b337af18dfe4	2.3244818279762725	6.4029375
1cd/2c65d46ce8617	1.9911149179467675	2.643
1ce/fdb08d4d25971	2.9432045381989234	3.677125
1cf/3d4f45e40fce2	3.294618822352247	1.997
1cc/21d7cce1d5771	3.1792624517440795	5.561875
1cd/0297f8e6b9e12	1.0744596069931807	1.1054375
1ce/5ac38cb986e94	3.015500187147668	4.8588125
1cf/68b8531f61d08	2.947069988438829	3.3963125
1cc/5c57981f9a9b4	3.2524164270274434	11.321875
1cd/bddc56ae6195c	3.179274297894098	6.5250625
1ce/13706a881f22f	3.489181292602346	7.7365
1cf/cc98cfb34dd83	2.4494506937198297	4.71625
1cc/e5e41d12ff9fa	2.7349577162941197	2.932875
1cd/536ab7c5d3a99	2.3495947522329836	11.866
1ce/2e3c11e17e360	2.9309681718769656	4.646875
1cf/8aa9f7c007652	2.79697313937074	3.424625
1cc/55529155cdfa6	2.6977805134516433	8.2548125
1cd/718b7e1749517	2.819287000576798	2.2830625
1ce/1861b61d41118	3.4065139325854705	5.3068125
1cf/dca1d4489dc9b	3.2615530287926515	20.6308125
1cc/73dd10b4e4662	3.219905136423785	3.7635625
1cd/4498ce055e54b	3.332089849831088	1.7745625
1ce/34d3ae494fab0	2.3280132192177234	5.0891875
1cf/92895ae377a5b	2.9782342434673623	10.253875
1cc/336a816c5f0fa	2.8516350649860174	8.2085625
1cd/4438e34f62b40	3.2685842045428672	8.669625
1ce/234297ab2ec64	3.308536288509805	2.0051875
1cf/22b8d3e493d26	1.8987767503133497	3.1534375
1cc/a09e0cbb199b7	2.055078570737478	8.4425625
1cd/13b382c70b4ce	2.499520954172973	1.2214375
1ce/ccde67cb251b1	3.0290129534932544	2.2559375
1cf/d3cd62ae9ea36	2.9981897027240443	2.0095625
1cc/b632f0f914bb9	1.9490639963550218	0.7203125
1cd/0b53bbd930e7e	2.381199763596278	4.01675
1ce/059f45013de96	2.8276186224483957	1.8215
1cf/2cd95eb468fd3	3.2186265773216576	6.231875
1cc/d98a40c108a45	2.76349623115593	8.382625
1cd/adcdb4ae73b11	3.0702030736095405	7.6793125
1ce/eecda3a47c5f7	2.576121546753197	3.7091875
1cf/dfcfccfea6168	2.9025768723594707	5.18975
1cc/e5330aa0ca722	3.2917754498571044	18.438625
1cd/13bd906c99dfe	3.469642400519671	15.8761875
1ce/98eac54cc689c	3.015881044524372	7.8433125
1cf/12289ede33c22	2.296120530100995	3.7658125
1cc/89cac5fe2253b	1.1284191300261095	2.466125
1cd/9bca44d3c21bb	3.1475498178839136	5.083625
1ce/9683207a4e56c	2.7998422931604368	3.9053125
1cf/05e24b80bd2a2	3.2772969203225797	6.97575
1cc/d83021dd184bc	2.806677480196149	5.9805
1cd/540a346bd88cb	3.4617547114397107	9.3260625
1ce/b430168255b7a	1.6465651615633017	1.4195
1cf/be1c411a3a1f1	3.1383726932944866	4.8919375
1cc/8fd54661b0e00	3.2138522361136177	5.106625
1cd/ea67dcb365446	1.9015397115056878	3.0181875
1ce/717e4f4706095	2.018361370796077	1.04075
1cf/a0b2a3f0a2b87	3.1604977717692564	10.576125
1cc/d3fe26a9e9801	2.963860157761129	1.8518125
1cd/a0658cab6d4e5	2.685584951730632	5.1638125
1ce/0660caf273e42	2.1759212735114923	3.575625
1cf/da11e6f88092f	3.0393701692093127	4.25625
1cc/433dd783b42db	2.582355800156413	9.5715
1cd/f4f4140e6f5c2	3.319513692722667	11.085
1ce/6330ae63c22ff	2.8222539582079746	6.0339375
1cf/64f169d28c2db	2.3008110952523486	3.411375
1cc/1c48b431f3cb8	3.111413907789661	8.5290625
1cd/2247131550615	2.742813772319756	10.805875
1ce/004ab9cf3c573	2.681081828862634	4.1516875
1cf/1f1f0c39eaaf6	3.280001866707743	3.9850625
1cc/e786abf91b352	3.392562182527482	4.6868125
1cd/cf8620ce66304	3.2558322473627723	5.4306875
1ce/860ee5ed025b4	3.352827942967052	8.842875
1cf/8d3521aa28f6a	3.274618543452949	2.573
1cc/2743018524fb4	2.7148530523366405	2.8843125
1cd/733717dcba83c	3.2388071108002934	15.6340625
1ce/fe54783d4ce86	3.375852197616319	10.6610625
1cf/2444cc6908b9b	2.8530336233117586	6.5105625
1cc/6b1758275bff4	2.068403795070752	2.0534375
1cd/7ad8e27cdac83	2.8218904011408563	11.466
1ce/e23fd7892db60	2.393033427124116	4.1045
1cf/850f56d0ce486	2.1697016424710562	1.017875
1cc/a2fadbf05b5af	3.467502837845185	5.5796875
1cd/186a13e6ccabb	2.968715201027291	11.381375
1ce/807a041ea52e4	3.062394200904907	18.705125
1cf/d60d09245d093	2.6773011296444325	11.2900625
1cc/14d974732f98d	2.088802343585832	4.373125
1cd/7adda382f2ada	3.3339168788874898	19.2354375
1ce/beeacfb45aa1a	3.5287378129804354	18.7183125
1cf/afe454230cd22	3.1887582484888695	6.98725
1cc/842eb4ec44dcc	2.713963146379561	1.0839375
1cd/e08bcfe55b8c1	2.8793441092753143	7.4396875
1ce/dda69b01c085d	3.2567740118505957	4.8038125
1cf/6b25c1cb04ab1	3.0442950672369276	6.9834375
1cc/db48b3e42240a	1.9747126137403082	2.395375
1cd/6b1565df0b368	3.0635379253870396	3.4210625
1ce/d9315f93e03b1	3.309591827951166	1.677875
1cf/457cc439281f1	3.190710364144226	4.42275
1cc/f0381ec2f9987	2.828735314499758	3.4891875
1cd/85f2a93786615	3.0841158607086996	10.1209375
1ce/81d62cf8d246e	3.131998764306205	4.80375
1cf/ed55d0c683433	2.957366191295175	9.9859375
1cc/e663f23158945	3.106672994866526	3.948125
1cd/b67daec59c354	3.074393921689355	3.7895625
1ce/3370357b04529	3.139289045927076	17.9876875
1cf/b02ee43c3f20a	2.346138456325759	1.0814375
1cc/5e9c07398b1ac	2.1951971713146383	2.8625
1cd/5f38d4f2f619d	1.8956796521648693	0.7443125
1ce/cfc673ed1e9b4	3.0702558337564883	5.7939375
1cf/270a3ecbd59b2	2.3086351259115068	3.396
1cc/76ecf0a79569c	2.6045678201738087	4.36125
1cd/25c6eb4bd488d	2.528220039211095	2.8205625
1ce/cdb1423bf3f60	2.6512305972750387	3.228625
1cf/1ce73ba7ab126	2.503327231358291	2.601
1cc/05bd67ab7df48	1.1118656101780058	2.664375
1cd/57bb38dbe6bbb	3.1512950476835435	1.5700625
1ce/b25fab3ce397f	2.830798948464405	5.8291875
1cf/6552a1bef53d3	2.5957056823333278	4.4259375
1cc/45450e0fad48a	2.2264859861469377	3.5600625
1cd/2ae7cd90a39e6	3.078264285528738	7.6468125
1ce/1db6ca408ebf6	3.3234094466340074	10.082375
1cf/ddb59d31e33d6	2.6953714169681016	0.72025
1cc/41632c0f295dc	1.822594140083226	1.4839375
1cd/6bcfb35ac01b0	3.08100134343639	4.3850625
1ce/776bad8194ad2	3.009771396048484	7.0713125
1cf/a6e782f540463	2.4856485737555625	10.096375
1cc/49ce07b94184a	2.5096362498623046	1.442
1cd/ff000fd6095ed	3.1662958014312146	4.52875
1ce/efbc2b9775c0d	3.0062998448502363	6.437875
1cf/79ff19d97ec1c	3.0382296554316874	3.8954375
1cc/c354c32ac8555	3.211073321785328	4.1509375
1cd/4824d966b8967	3.054937762540408	7.9141875
1ce/5e1f41e13a734	1.1073619483206356	2.5625625
1cf/b7c5697244d8d	2.8011376075490375	6.5634375
1cc/7efcc6fada75b	3.421206955255246	5.9576875
1cd/d91a303e06340	3.291903956082853	7.8669375
1ce/c0aa294f3a1b1	1.767711777783593	1.3928125
1cf/4509d9bc4702f	2.5068922727271197	4.9565625
1cc/b543d13fe7db3	2.7809608312257117	0.8646875
1cd/105356758d1a3	2.899337749681747	2.496375
1ce/96f9c70747f6a	3.3281716286997165	2.8225625
1cf/aa2a8766a9597	2.467387055922762	5.859375
1cc/30153795f36f7	3.311933217772002	5.168875
1cd/babee88d2e3a5	2.2875590127476566	6.2549375
1ce/90570f327edcb	2.6971888677877893	2.54725
1cf/6fd16ac76bcc0	3.2227769409077824	6.9909375
1cc/6cbf6199bcaf5	3.234003995547504	6.28575
1cd/bec406d9e3ff7	3.0592565882019644	8.57
1ce/998bdab376488	3.040757955628891	5.523375
1cf/19e4de83afb3f	3.049306110998895	5.740125
1cc/e779a4f727822	3.0985961495890644	10.99175
1cd/56b267159d21f	3.315803581536605	7.709125
1ce/cf1019b7d470e	2.824687017205101	3.9705625
1cf/77992ebada8e6	1.6995116826726484	1.39425
1cc/f3b669f9248ff	2.7735555328964274	2.531375
1cd/b9eeb6055cd09	2.5940558354577994	3.0030625
1ce/e424c931c83ed	2.7265946225567785	9.24575
1cf/506773ae994fa	2.6027476177587077	3.1389375
1cc/850393ddf5860	1.330185784769945	1.53825
1cd/1e0e8e64b68dc	3.259971373108307	8.006625
1ce/3e1ce2017ad61	3.4900143468459404	8.710625
1cf/9516f60432db6	3.3697555358336886	6.241875
1cc/511d61d2a3ad8	3.1771845985977936	6.3243125
1cd/59fd7e0fc0e31	3.373125875441302	9.8736875
1ce/0cbb19e9d8849	3.292414529477166	5.92925
1cf/d48eaf7c283d5	3.3752547880227977	10.55725
1cc/c15dc1f42a5f9	3.391216620656332	10.921
1cd/f42682c83edc6	3.196361256004509	7.251125
1ce/133715cd2866e	3.17429603411466	4.6995625
1cf/aca7b9feca246	2.886219727304855	1.9153125
1cc/2ac65bd90e116	3.278361057403949	8.2570625
1cd/4d4d23380fb61	1.8423370774606989	3.7684375
1ce/a34d814e759fa	3.2791045414784787	2.0620625
1cf/73a2c2d2f4a91	3.2321422318193047	4.5325
1cc/68e8d11ed2255	2.5795769541016997	9.1655
1cd/6e9a5d34b18e7	2.3811934796234215	3.1455625
1ce/c4ef6a618fe74	2.9121779325152404	5.4295625
1cf/384de228b8970	2.872602000236981	10.1183125
1cc/3d84c4a1fbf2a	1.3978219277067705	0.8475625
1cd/fe79af38d5d2f	2.66964309052123	6.6735
1ce/148512eeee638	2.207400746620062	7.7455625
1cf/73170be233592	3.0749639294134763	5.327625
1cc/5e82a2fe54f9f	1.8951769981732811	3.2200625
1cd/a126d3ed31a7f	3.317129325254783	8.9339375
1ce/9095279b7e1ac	3.051674612284019	3.921375
1cf/159fdaabff77c	2.320175620052906	3.7636875
1cc/13ab89ea0b48f	3.327815585614007	8.6488125
1cd/7a2e64ea0d6cd	1.736569074841693	1.8108125
1ce/af12d3b68417b	3.328301473524903	11.4651875
1cf/bfa7c02e3038d	3.203976658323653	10.953125
1cc/7117d8bca18c4	2.717613855842243	2.2751875
1cd/6a99421c09e85	2.9552707338952304	4.6588125
1ce/84c20b9eb7a8a	2.3962704720679016	4.225125
1cf/f10d8a391c592	3.3835348925196373	6.3078125
1cc/d30e2d584f032	1.9445785577720032	1.8411875
1cd/a06b38d25a970	3.373762115649261	6.706
1ce/826afc6e5d560	1.3139592166377538	1.4046875
1cf/3555b4b4b8d99	3.1649996377238283	9.321125
1cc/e5c63d45513b6	3.257828370498881	13.528125
1cd/e0e11acdbd98a	2.870673632153106	6.7336875
1ce/5973aacbb2198	1.2123925665901008	1.2224375
1cf/200c496690c6c	3.04643327066817	3.269
1cc/2cb7a6074bd52	2.170813925619035	8.0519375
1cd/1c4b3951bcf04	2.7047886352109156	3.291625
1ce/2278a43667e92	3.410849055565697	6.3666875
1cf/23964e80a9c78	2.9478102534787336	2.7710625
1cc/60212eba42f31	3.2029228809677743	5.523875
1cd/b4d0448dba308	2.40282193795266	2.7934375
1ce/dd91b6128490f	2.8959613363693637	2.47725
1cf/6e400086f844e	3.3542613639754375	3.2680625
1cc/e816fe45cc905	2.204325770376012	2.0034375
1cd/96d99cf578ef3	2.724314514083827	6.5108125
1ce/c7187cd2a0356	2.341694422224118	5.08075
1cf/138f2c0a97705	1.5206759809467865	1.224375
1cc/ece2cee95d5bc	3.2743577886643385	11.669
1cd/c85a9f1a39140	2.3815246540681843	1.72975
1ce/cae3a98fe9d2d	2.832726881839541	4.8546875
1cf/74acceac03122	2.4226095382920505	1.77825
1cc/f47be651c8220	2.4699994288878995	5.4860625
1cd/f11020630aa28	3.2790568780592206	3.797125
1ce/80348d526c892	2.881213079259318	3.842375
1cf/718e09e9008e9	3.1843625695922952	5.8145
1cc/66e0328da93b4	3.239707880529869	12.4215625
1cd/a9b0177f1ccfd	2.063362228928207	12.2460625
1ce/88397510fca26	2.9994120800176702	7.734125
1cf/d78e1e9045385	3.2303192646557677	16.1811875
1cc/2325737b05fa8	3.0656169617811013	4.7
1cd/54e46abc68a45	3.1726107537193795	5.0733125
1ce/83e0831a04900	3.0252698027442126	11.8665625
1cf/fba7a73a1111e	2.6528295423227397	7.47425
1cc/b5e7017f3d3b1	3.1626642149439	8.197
1cd/97d60416a5982	3.2297751884414176	10.4920625
1ce/735ed051b4589	3.441403238507459	11.835625
1cf/c3448d1b41f67	2.19153742663733	1.585375
1cc/74bdb785c4346	2.0759519537432642	4.8399375
1cd/bbe2300e89426	2.958777358212232	4.9505
1ce/f5c9b5b11b7f2	3.404114049368109	6.8965
1cf/0149178833b65	2.3436915362298385	0.9719375
1cc/32f76c56706ef	3.4652142268443336	11.612625
1cd/5082464f5051e	3.2773021952117234	9.748875
1ce/7004ea3878579	2.978704346041642	4.6721875
1cf/8d26c997871e5	2.204161473702873	3.3493125
1cc/35941d240bd32	2.8597262600980957	7.0768125
1cd/5716b708f202c	2.9977970529337825	3.820875
1ce/f7cb9cddaf1d4	3.1003529616589134	4.9766875
1cf/931aa7fcab1fe	1.2545117599456914	2.718625
1cc/522475cce7f3b	3.340753581552147	11.6090625
1cd/ba029c81fc8b2	2.6644677823777982	9.3676875
1ce/cfa3e4dfc0cf6	2.7400765546793537	6.2068125
1cf/0dfeb03119751	1.0844453990295981	2.48925
1cc/bdb48e85fa0d6	3.394268658155665	13.88225
1cd/d66a4ba039ed3	3.490380059348444	6.3966875
1ce/df825e647c3e4	2.4558164608857376	5.1155
1cf/a08c25c6e02ee	1.9361783774852885	1.545875
1cc/5cdc3dc5d31ed	3.532757917368357	7.7174375
1cd/e5091f5268c6d	1.6241473285411219	2.2274375
1ce/d9ce913fa9608	3.3338598708950684	8.223375
1cf/a20a9680649c5	1.8939071092988422	1.903125
1cc/f6593c7d4831d	2.668421687294341	1.7161875
1cd/f9d01f07ea1ed	3.1684242121007298	3.13825
1ce/c57fe16e5aa42	2.8649481122600697	9.737875
1cf/9070d40afcb7e	2.841916895061512	1.0964375
1cc/3c2245141737c	3.0070004758357527	0.768375
1cd/eec26aa2a5863	2.835300540298706	7.8443125
1ce/be4f77f61098c	3.236215916641141	11.330375
1cf/bfe857029e888	1.6450138415313693	4.633375
1cc/3ae746b5f6cee	3.390029320519103	5.693375
1cd/05a110ecdbaee	2.3837704469116794	4.7815
1ce/0905cafbfef33	3.075626089900636	5.6144375
1cf/f5e001a63047c	2.1644339334632816	2.7069375
1cc/5980b27ed127e	2.9534837522006083	14.4538125
1cd/2a73f74486fd8	2.5522094781363207	5.73875
1ce/a41965caf6f79	3.4817706012069864	18.104
1cf/1bef659c36788	2.9998405243505926	8.937
1cc/cdb4ca7e5bbcd	2.4865464439690523	1.624875
1cd/e5652ec9014bc	2.069029826152015	4.0610625
1ce/e1ad7d10a1f4a	2.1093636783003706	2.751
1cf/55f388c8edd5e	3.319022546747162	3.5610625
1cc/a48d63b3d9fbe	2.993513035383484	2.06825
1cd/2638f126c0a49	2.788200592180152	5.170375
1ce/71a652771b147	3.0114187059930595	4.572
1cf/392ab2cd24b3e	2.247241978063326	1.70775
1cc/bf69f0891bc90	1.1085705553998677	0.849375
1cd/7f12702502e97	2.776636321725441	2.08625
1ce/1187a25544cef	3.1322528944112094	6.510875
1cf/e6496209237c8	2.528098203764715	5.560375
1cc/004853115cdeb	2.806950324772701	4.2795625
1cd/533dbeaf2bfb7	2.483095348828479	7.4315625
1ce/6eb8be062d20b	2.9510783347142096	5.209625
1cf/005a3a8c4bb15	2.9861980523662695	10.523375
1cc/7c790f0a3d6ac	3.3479442386938745	7.32975
1cd/14481df7b380c	3.529676108462298	9.079375
1ce/7a97e7db6f144	2.4501631136611977	2.7856875
1cf/0b92fcc98fca5	3.486388130913438	5.785
1cc/01710c06da16c	3.3909347251713235	23.2025
1cd/828c83f74c737	3.204360921776125	5.8865625
1ce/2d4bc865dddd9	1.1048348095296376	3.1283125
1cf/874ef88568827	2.855291853060568	2.410875
1cc/809e76bd2a2df	3.137774182964991	5.3835625
1cd/7fe0a71a7c9a3	3.0201135774786096	2.602
1ce/a6d7b4bada91b	2.579824394499771	3.7203125
1cf/fa016e9c25eb7	1.1302644279472025	2.8688125
1cc/cb51537567c53	3.4581134027442295	17.96675
1cd/fa094909d6a22	3.3055311418399325	7.9386875
1ce/bf4a2f628e9cc	2.0259961016320784	2.426
1cf/bd4119fca19c1	3.010549811647355	5.3661875
1cc/754a2ff1fedfb	2.308713916145691	2.1309375
1cd/7f6c2c2d86d38	2.4073829112984626	13.0355
1ce/011f117ba7ae8	2.884770000541232	2.3375
1cf/7434d06302f40	3.350259822667052	14.91575
1cc/656315589d577	2.8897522454354174	3.1416875
1cd/36ce19013dfad	2.0192658909596273	0.7931875
1ce/808f03ba9b8cf	2.407982653381964	1.4415
1cf/643a73a0a3432	2.9456148394174035	1.5455
1cc/405d4e21a5cd3	2.0782271349734223	9.0596875
1cd/5f9146430d6b0	2.7249218236074535	11.676625
1ce/2e8512d83d9a0	3.4226868892631765	5.364875
1cf/26a9ec3463b1d	2.723854620726692	4.040125
1cc/930c0ca1dffc4	2.9056346207266417	12.1553125
1cd/bd73ddd009f83	3.4272647480751957	4.4828125
1ce/e8c170a120952	3.2023596884244476	6.597125
1cf/754decf91522c	1.871293681710642	4.4318125
1cc/13a07623262ba	3.222719032929408	4.7890625
1cd/fb4168a6e973b	2.900389799490275	13.024875
1ce/ecac45591f1c3	3.054316303213389	1.92175
1cf/b3a0c2b2441ab	3.081360413131532	2.393
1cc/fa1041b790e07	3.234587978087738	4.9055625
1cd/2b923a34637b8	2.991313974467065	5.9968125
1ce/540b0e2df9a7f	3.2965745994529208	13.170625
1cf/94533f9c0aa0c	1.8842336529850379	4.0713125
1cc/12959ee6d5da8	2.995975166803415	1.8745625
1cd/d3523cbb9611d	2.9662539994662476	3.305625
1ce/a2354d5dec0ac	3.2418843052377624	7.279
1cf/9d6dc03eb1b07	3.1065908883100977	5.6406875
1cc/61fcf5a6f45bf	3.2650566725015002	5.8141875
1cd/3ae89b72f789d	1.4219613109033837	3.79275
1ce/ca542c60c3ada	2.360863985845827	4.599
1cf/230e9578975c7	2.506377360893874	1.34575
1cc/60181601170c0	3.2952410191319723	8.2634375
1cd/bf70303a79191	2.8113736113678107	3.001625
1ce/92de6786faf5b	3.334540215853354	9.9414375
1cf/ac86b58eeb3ce	1.7327855715112754	1.649
1cc/6c22c30c50561	2.940029385535019	4.4904375
1cd/d051ec367fe4e	1.1820360628064872	1.152875
1ce/b31582fae3fe9	2.9720125472939642	2.740125
1cf/45583d3fb2c07	3.0205876230595727	3.3690625
1cc/710291a2b969f	3.267911185812812	4.8016875
1cd/a53b931333c6e	2.920170853649904	3.643875
1ce/1a854ac8f65c0	1.5459177189165936	6.508
1cf/16502b7a238e4	2.9101730919008717	6.390125
1cc/f38886271b3db	2.92174261540671	1.9329375
1cd/b03ea65a813f7	2.846908858968553	5.5004375
1ce/9cf74c7b418aa	3.373492459416276	10.7143125
1cf/ac246878a1b7c	2.7799504755657107	1.492375
1cc/f71d04751965a	2.5229535497584354	1.7215
1cd/2aad1773a38a1	3.0306439445041904	2.74175
1ce/bf923824c9a40	3.2731091728859303	2.88475
1cf/ac1ffc9210025	3.1472928206967747	5.806125
1cc/78ece994ecf31	1.9437762452894902	2.2025
1cd/0c732d04f328e	3.0888338089280363	3.674625
1ce/ca7c4c73829b8	1.6836177434850277	1.7168125
1cf/aad88be5b5b19	2.9380175403315416	3.39825
1cc/8f8173c80ff42	2.7295557745595516	5.0268125
1cd/13e4f21166685	2.905397978604905	1.126
1ce/89f2bc8f1cf7f	2.771892359866314	2.67
1cf/f625816fd4f96	3.216127697677302	7.037125
1cc/74e97f5812921	2.5204141282054544	0.9976875
1cd/3a5be24c8bc1a	2.0576864432302675	2.4424375
1ce/629b2124d999f	3.053571428509635	2.6469375
1cf/e5e35385a4df2	2.452586358833806	2.4658125
1cc/f373a0f10b5a3	3.3123379261863466	5.3255625
1cd/12023b2f4ac32	1.099483654521166	3.9378125
1ce/05ce2192da5ba	2.3395637896306303	5.331375
1cf/fea3505a71255	3.064118804198687	6.7043125
1cc/a15aa1192e850	2.9092713087677815	8.4086875
1cd/0ef17f64f11e7	2.4896579503173344	2.09625
1ce/2a69f4ba17223	2.36463195906767	2.326
1cf/7149462caaf3a	3.030697674667293	6.4424375
1cc/cd620c1a41115	3.068615233990617	5.3839375
1cd/67aade991bb78	3.271307583265687	12.8584375
1ce/4c59ce5039aeb	3.4710698687205492	5.9194375
1cf/4f3d46fef9dda	3.167726007794965	4.8744375
1cc/7ec6257466019	3.111809181329693	6.318375
1cd/063fb9ba60320	2.9661803058008065	1.296875
1ce/1ecba9f37cc75	2.8226383251989833	5.6936875
1cf/78a15d405f7e5	3.0513533620589977	4.680125
1cc/dd4a2381c2856	2.387427055208069	2.5789375
1cd/d70c6adf2a0c2	2.9564978469282464	5.0040625
1ce/9d96170a735ea	2.816467494043329	1.7403125
1cf/f53920f297635	3.1701134339655748	1.7214375
1cc/6377520c3a6bf	3.158923159035923	6.677
1cd/c30f417c44b7e	2.7615994262402164	1.5865
1ce/1575d11bbf7c4	3.4154631846985946	6.3264375
1cf/a86687c87ff43	3.5403088314882636	2.601125
1cc/20dff9a88e977	3.512424965107711	7.029875
1cd/8b3c0d4885bb6	3.3118302364055827	8.699375
1ce/8ab7c066c224c	3.5401364159925452	11.712
1cf/6c21e4e353e5d	2.8774197354008058	9.39875
1cc/19abc80fa33f6	2.369780119874083	3.2061875
1cd/1d6788e2108f9	3.4905126300184586	13.396625
1ce/7597121009e5b	3.1115223711711346	7.46025
1cf/b6b47ad566078	3.133665161021829	20.698125
1cc/869e97b51c6e3	3.441086022749414	13.308125
1cd/35b6e2557b50b	2.107212528376233	1.7143125
1ce/da9256fd8321d	2.8426891381276542	4.2794375
1cf/87c91fb99c452	2.327000248131544	6.3131875
1cc/53c23c48e6e59	2.1489248558311105	6.09925
1cd/40edf7a3ebb18	2.412427447241808	1.93325
1ce/31bad5a7520d2	2.9889556466828218	10.28725
1cf/3b51134ea5375	2.9291915930887136	14.27525
1cc/fd9ca508395d8	3.3446374792524423	10.6384375
1cd/7ff0ef6f586de	2.7919470559930253	1.5255
1ce/8de77a92e5615	3.1478204773189717	6.458375
1cf/57499957ad41e	3.3027830343679554	6.7771875
1cc/c5460320b47a7	2.702242019927116	3.7539375
1cd/a1b09d0118a2a	3.2920490589285776	2.6121875
1ce/4248c4d98a410	2.316866682399479	1.586125
1cf/f08104702fee0	3.1937350653239993	4.392625
1cc/532746de43827	2.830061688126035	2.259625
1cd/6ec736d88ef80	3.1116444035523165	2.0990625
1ce/3129af0510207	2.9977409434682296	6.8665
1cf/de75e70b89d5c	1.5634603905327171	10.7581875
1cc/a42cbe8580bb9	3.35853660702321	7.31425
1cd/0df240b7c4224	3.1925786214018497	3.872
1ce/4a0a78d35cbf4	3.2367362937705138	3.326875
1cf/3751fc0326b04	3.299524670240642	5.943875
1cc/bf12d9ca5c720	2.95997483683866	11.6895625
1cd/8b2976e0cb98e	3.4879351699691785	6.939125
1ce/16d4727211f3c	2.5122263169484333	4.329
1cf/646256f9e7b95	2.856786895628387	6.779125
1cc/86d2b4a050158	1.674215818291244	2.3801875
1cd/8a758f6ef40e7	1.1129524889838927	3.0634375
1ce/781731dcb9335	3.315818008989101	12.5825
1cf/b7b3c34fd4718	2.446397539443177	4.61625
1cc/500d3fb4cefa5	2.7781112354504747	1.6588125
1cd/94d8e83df3cbd	3.281927293275327	7.608875
1ce/ce4ed39f434f8	3.0097477451842445	2.393375
1cf/f0d782ff6c8ff	2.932284188140556	3.9029375
1cc/e23547aba5c9c	3.101026653812312	3.8934375
1cd/c023f328a4eea	2.3617150393242223	5.597375
1ce/fc5f1faa6e39d	3.008082508117931	3.173
1cf/b0bb5a8cb7c68	3.185195308559393	26.4284375
1cc/7605ceab010a7	2.8620230754386293	2.3161875
1cd/cbd9d7be5de6d	1.3310173130477827	1.32125
1ce/b35b84c0e2c5c	2.883034275158328	1.2915625
1cf/d1a47eeb46f10	3.3272028625050956	3.5209375
1cc/2a7eb16e6fd28	1.5979889158405827	2.34925
1cd/be0c738722eeb	3.107803777698661	5.2198125
1ce/69688c6231f70	2.923457752562004	3.5399375
1cf/ecb94b4098a75	1.3849070096318952	5.4040625
1cc/6bcc86278b996	3.03115299662033	2.8259375
1cd/ccd1ff73cbbfc	3.134895015538787	4.614
1ce/0eb4e82a9590c	2.682341280850683	6.326875
1cf/2d9850cec9656	3.0384940776066123	13.992
1cc/c3b1eb02da270	2.943725077603178	6.413375
1cd/add9aac6ae012	2.1855423212236276	3.846875
1ce/41951e9cc8693	2.1053489884886396	2.1818125
1cf/051881ad3b58e	2.9366965865255374	4.8604375
1cc/7f81b2ce4519a	3.067813389153343	5.0036875
1cd/152770315c1a6	3.0533775159400025	28.9384375
1ce/3c911ad4b6872	2.1366205613391265	2.5974375
1cf/bc090fac0184f	2.371598653400459	1.8705625
1cc/b39d6547d4f59	2.697797912002309	7.1870625
1cd/79e9863a2adf1	2.9728888033268883	8.387
1ce/b4fd2282c8a9a	3.215750097976817	5.396125
1cf/d27387fb4fb0b	2.290654932372771	2.8936875
1cc/36ba0bd6c73e3	3.188925719977034	2.9574375
1cd/927a7560dea03	3.0221485393945327	2.967375
1ce/e25a56794773e	2.9460895219666337	4.95575
1cf/59c99f138613c	2.307552741934567	1.1371875
1cc/1123f8c796c21	3.230447832065117	16.4069375
1cd/8cf1b62dba83d	2.672340304628793	4.665875
1ce/03ad470bb89d9	1.9442211476850937	3.66875
1cf/dabc21aced712	2.6372094789047567	3.4375625
1cc/3afc310bcb367	2.5534719079049473	3.7559375
1cd/a2e2d4e6b756f	2.891290081655406	7.647875
1ce/7e3c22a649fe0	2.6896894329804706	1.73
1cf/400388ba039d3	2.6918873769930376	3.768
1cc/0858c99aaabb7	3.1835471496312158	10.6816875
1cd/e336ab80ffcdc	3.0692376087871716	5.3266875
1ce/00fa1fdc244b9	3.3002285994332956	12.814375
1cf/b10c8d7caa742	2.5519744661732666	5.3675625
1cc/7c2536637211c	1.6703657726184085	1.6350625
1cd/a790ed6962227	2.845032895467556	1.63075
1ce/857bc429663c2	3.3926772416906075	11.132625
1cf/5ec29235d0773	3.1414537527682977	2.3545625
1cc/8f387d734ba1f	2.821469063892968	6.4244375
1cd/d6f1bc412145f	2.815067139530788	4.7275
1ce/85dff748dc065	3.3508267852817415	5.07225
1cf/7de020c1c7ede	1.9257713206088374	1.9591875
1cc/3ea646564ab96	2.9449219172917047	5.6356875
1cd/d1592ac2d8bfd	3.108995151574782	6.8535
1ce/f3876da62ce34	3.116166751779108	6.4144375
1cf/ed0241ed5291a	3.4230643704955352	14.988375
1cc/7d9c7c2cdb512	2.5166981894942957	4.4535
1cd/5f561ecad4594	1.1405328959720848	2.871875
1ce/780416758dd44	2.572219390104758	1.7220625
1cf/a0ed81f73cebe	2.5455536409221913	4.4341875
1cc/d4547c7dff483	2.338312867809908	6.3048125
1cd/a3f78f135acd2	3.0541566399412687	5.5318125
1ce/09195af5344ba	3.0709385681686943	5.7608125
1cf/e3cb71ce2d49c	2.9158434159009383	6.7976875
1cc/e8b79f0d8baeb	2.110636819267783	10.76625
1cd/c5410c09451e5	2.252569073260159	1.33675
1ce/b1f8321d04883	1.5643576262596894	1.0916875
1cf/c113ae6745de8	3.026333378911749	4.1094375
1cc/dc5a40442e311	2.329861260494757	1.1051875
1cd/75c4ed38fdcf1	3.325055177717632	5.4391875
1ce/fcac21809bd6f	2.797259674447207	4.6715
1cf/4f9a5b125e1ce	2.1143125413325743	2.0718125
1cc/ca424742639a9	3.129665821328577	3.432375
1cd/46d7c27c0b511	3.0952619243885797	15.1958125
1ce/3d0b2ff1a6757	2.5930535067297047	1.51
1cf/c02542eb7e3ee	2.0632361590196946	5.62625
1cc/47dd0366d8323	3.378713229306574	13.59925
1cd/5f7f39dc5ef1b	2.7853489666235385	1.6335625
1ce/3000e71e09d04	2.7590071534333056	3.96075
1cf/71898ec18b0a3	3.2491761043480096	8.1885625
1cc/bc2e36d067ba8	3.0088383353032153	1.695125
1cd/60f83d652b040	3.0516394289625093	4.8819375
1ce/96c3230b779e9	3.440353930473179	6.39225
1cf/b4180cf10595b	2.682102059285821	3.576
1cc/c448d78668fce	3.384777133027175	11.272125
1cd/a4e705b39bde4	3.458846504129309	3.323625
1ce/7b8acf1d9300f	3.1869888574923677	6.1723125
1cf/65ca61c602a96	2.9859349471088565	5.246125
1cc/48356d0c96443	2.6631619758233316	1.247875
1cd/24f04996ea3fc	1.1098445434610857	1.58525
1ce/8d3bb9922a24c	2.907179767469569	5.762875
1cf/bb07805907d5c	3.178143308670188	3.225375
1cc/f101296814c8f	2.420900675349441	2.074875
1cd/441068acc3851	1.1222377925780682	10.18525
1ce/87aafe0596d05	3.2977673939095737	8.4763125
1cf/e77cfdc8ec298	2.5459931545459433	3.5590625
1cc/381720546873d	3.1559305808100553	9.5844375
1cd/38c6553aef25e	3.2254243979145656	7.25325
1ce/5787661635285	2.0451738181309715	7.95775
1cf/ce726bcafe863	2.8706006526764876	2.21125
1cc/6e2f1ba775b56	3.28450522992312	9.9820625
1cd/c553f595b0488	2.272307675059744	4.13975
1ce/4d41d40f2856c	2.7098002852908016	9.8695625
1cf/9bc1ecee73a78	2.887889847936099	2.403875
1cc/18b37ec6e3656	2.598826478534607	4.0930625
1cd/f239f25540b64	3.4996407168633894	7.2125625
1ce/a1a7409920316	2.779497338294479	12.7336875
1cf/ce4c25c9918cb	3.2054241529855108	4.3324375
1cc/b2351955c6296	3.1201318776396136	4.6336875
1cd/95a84f9ec4a02	3.317476032928957	3.1740625
1ce/fde18e64790c7	2.4732913948418385	2.2700625
1cf/37e4b92faa11d	3.165571391663881	4.5659375
1cc/062adc4b1187a	3.033663180970107	7.7324375
1cd/3c30a6433e8d6	2.541930279811943	4.275375
1ce/e8aa367be67d3	1.1325088499608693	0.9604375
1cf/8a84ecbfe6d46	1.096977126601912	2.91075
1cc/a0f69dcc12a64	3.2496761456059393	14.5141875
1cd/48efed1fa1ddf	1.9523630971965393	5.1865625
1ce/82e599a343286	3.015527180299148	3.9411875
1cf/8f7a21a5f9e21	2.6736812167019797	7.7875625
1cc/56d796156c4c6	1.4761531011739144	1.008875
1cd/c2c6d54236000	2.9542917650851135	8.9035
1ce/f77f0b904caf3	3.126332827850612	13.809125
1cf/b2eb0aaff7dcf	3.4660240710597585	7.0183125
1cc/fcb31785f9f95	2.3251016553300023	1.7659375
1cd/cd4f5204a3f0c	3.1059452427363916	1.6198125
1ce/2964a44a56a84	2.2784327456635185	3.6425
1cf/09b1b408251e1	3.4933981955744713	8.212375
1cc/0808d5d32b948	2.7477142683317592	4.66075
1cd/e7c66500feb71	2.992776738055381	21.3554375
1ce/aa18c2d82376b	1.0914310350304266	4.3728125
1cf/ff3d406cc96fb	2.2239574014702166	2.844
1cc/26a58ce41fd8e	2.9822293654947822	2.7670625
1cd/6aa31ad608607	3.325505063270902	6.9343125
1ce/eb1676ac15121	2.08397915579976	3.76825
1cf/664033b9f5d02	2.931842161298244	7.170875
1cc/851269467f366	3.414081232455671	4.6168125
1cd/1d682a8e47bfb	2.8378907310053942	3.928125
1ce/78e8754a9f268	2.7377222812069286	0.9125
1cf/ec630bb701059	3.2217621239636225	3.39425
1cc/5951cde30bafd	3.318248052651809	7.6925
1cd/322954392fabc	3.3489328187544074	16.013875
1ce/7f86080122a75	3.230106071710495	4.35925
1cf/53dee72dc3a0d	1.3197286794507994	1.070375
1cc/fc999a8aa81ff	3.1271163263660284	3.061
1cd/12026b788b5c0	2.3540307061738406	1.057125
1ce/cb7009b0d826d	2.9534991625048757	4.002
1cf/fe9208babff3f	3.5323443539565496	9.26825
1cc/a09657b0e358c	2.9563724725395724	9.153875
1cd/9d160d166e5b4	2.332627582190677	3.3013125
1ce/a57305d4706cf	3.4888301627820755	8.40525
1cf/37e388c58bb7f	3.0887807600956223	3.1666875
1cc/a859b0aa453e4	2.6208305884949494	1.1083125
1cd/18c586b4df1ba	3.017899889694595	3.5605
1ce/5a051ef6ea531	3.1501511954953427	4.796375
1cf/a301d12fc5559	2.2178665250491365	1.6764375
1cc/ef3850c776c48	3.0202168160609255	6.1456875
1cd/fc6c672818009	2.9433629880039853	1.6344375
1ce/f58bb452f0de0	2.042228915920285	1.664875
1cf/b52771d5d5287	3.3994038503669897	9.2854375
1cc/97724d59f9970	3.181647860360735	17.58025
1cd/13b4d81d74dde	3.240568022163156	12.2855
1ce/17014309fed44	3.094133672136229	4.281
1cf/9fefbc546b5bc	1.0349182307904476	4.518875
1cc/72f8b4244da98	2.718630568771547	13.39225
1cd/0b8ff5b82f553	3.304590936266851	5.7254375
1ce/da5dc96e297af	2.289415497948449	4.704125
1cf/5bf32356524e6	2.430711003207755	4.298
1cc/62cc1072ebe37	2.5660153626864295	11.2913125
1cd/63a7d9c8c4111	2.941387600703374	3.517375
1ce/10b3a77fa15dc	2.2763007778466355	7.598875
1cf/2b619d3f09eec	2.6175317797309687	4.317375
1cc/4d66b1f2443fa	3.26470305570341	2.788
1cd/55be5a3adaac2	2.8981003835097585	1.6575
1ce/f994d36244ec9	3.2636279439673457	6.6191875
1cf/4aa94b8087e57	3.146066025817703	10.8496875
1cc/c24d4ebd1157c	2.2807763792953097	2.1034375
1cd/8aa11a117f712	2.23724688697446	1.9238125
1ce/1dda3f2e4ea1b	3.1555180083893517	13.312625
1cf/2a1222d8bbf47	2.4638709442911293	5.21025
1cc/e790cfef844cf	2.7026007216951755	1.7070625
1cd/f52d5f4edb8c8	1.68677598705855	5.5755625
1ce/9259fb7891b22	2.362404350941388	1.7395625
1cf/1e1e90c37cedd	3.4498145899935344	5.422625
1cc/60e13d3cf28ef	3.213267591412042	2.59475
1cd/061accf7920ca	2.882117480676139	1.490125
1ce/8f9b445961b6e	2.602369634912326	5.2233125
1cf/bb925e33d6698	3.063571559310791	9.366625
1cc/485646c9cb8ba	2.5225002586367613	7.9326875
1cd/33e4205d07c6c	3.3348275993190484	7.0081875
1ce/a4322cdb08aff	3.1104090775033666	6.179
1cf/65ae87293f874	2.8466732664944225	4.166125
1cc/7238ab84611f1	2.6845442159881014	4.799375
1cd/ebb60b39388de	3.352731965227365	17.8949375
1ce/68a24e818029a	2.5879260214240447	4.018
1cf/521cfe193b805	2.466620335606502	6.8255625
1cc/18303718e2d13	3.420916853827659	10.1976875
1cd/a0f7ff3d3d06a	1.099671783255353	1.1811875
1ce/186f632d3ed43	3.02624790368582	1.2623125
1cf/cac6b7a4b4ae6	2.7292232527471962	2.022875
1cc/377efb9dceb49	2.7141354245106477	8.6775625
1cd/8d96dc81b59b1	3.035693645607876	5.073
1ce/380005269d95c	3.337569244894913	9.642875
1cf/0a2c83e6365a4	3.1677336919639667	4.9296875
1cc/4086a15cedc02	3.005928931248361	3.6865
1cd/418dfc858e1fc	3.3732520605410836	9.378875
1ce/dd53f58d82e8a	2.4754194171693085	17.7015625
1cf/74504475871ee	2.5830845930178934	2.40075
1cc/754408ba6be25	3.1189785018548566	4.585875
1cd/7663bab087f5c	1.894487450140781	3.7201875
1ce/7aec3ade4fbd8	2.824744571960381	5.9118125
1cf/31d4866c7b5f4	2.2184296268374784	5.57525
1cc/f42b6b33101bf	3.202355155289065	11.5469375
1cd/d702d3c8d9814	2.688856347031109	7.490625
1ce/45ea9ec6614cb	3.1235768527435313	13.194125
1cf/41a333e0dff36	2.1374505875782406	2.5365
1cc/4400cd85644f2	3.28829859406356	2.024625
1cd/a06c6b706a990	2.161692847815978	1.489125
1ce/54fc82c33fcfa	2.1846061034907476	14.428125
1cf/c71a1da2b5e2f	3.135092070139302	10.263
1cc/4011d7370a5a5	3.3427866656115297	3.4824375
1cd/b8d5bbb69e55f	3.169002254033815	3.456625
1ce/7cea6e98cb498	3.1522661265825986	7.4998125
1cf/88148be46fe5c	2.310387315049218	6.224625
1cc/c0460c283f5bd	3.1751575652537225	2.865625
1cd/5fd55143fd651	3.390488790762848	6.44275
1ce/c9af0eb62d2a5	2.7940364649780625	7.1049375
1cf/59eb23d2aa2d2	3.4857232053968965	4.9651875
1cc/adff6ed959c4d	3.1783920947854307	7.08875
1cd/643de4589ad62	3.2638368877597115	5.2179375
1ce/e0bc7febc7393	3.2246689343526866	7.4083125
1cf/95aefb3e2124a	2.3511156291305935	3.8889375
1cc/6d7f5537d5f20	3.5226927882677628	23.2481875
1cd/c31292666a6f0	2.0434455062002477	5.194125
1ce/69c00da59b65c	3.1761076338150525	6.038625
1cf/8c1604988d2a7	2.9844971789011456	4.5130625
1cc/4527e303b6ea1	2.406176279853225	4.33175
1cd/ecc57853e1ce1	3.3773717620966233	9.8205625
1ce/c0d797b47d8a7	1.3732390646636894	1.516125
1cf/c0c6bba6f78eb	2.5493980754534857	8.814375
1cc/6b49059f8d7f4	1.888219972942806	1.60425
1cd/f5a66e337a160	2.4693608302524246	8.982125
1ce/a10ecac7a497a	2.994649429476401	5.834875
1cf/875b5ee6d9826	3.2951149617367137	5.4451875
1cc/312b5ec9fffc3	2.9167033430988827	5.4520625
1cd/c839d26c408a0	2.6327612801494937	2.270375
1ce/dd9d07a6c82d7	2.228844598437721	1.152875
1cf/9580e40112614	2.682155795224754	3.5853125
1cc/32f8f7808bc7b	3.16247255361921	20.401
1cd/145547947fa92	2.870258726100094	4.0080625
1ce/513a7e093f491	2.8628399391458172	5.3411875
1cf/d2049b19d71cb	2.481449820983658	4.366375
1cc/7e7d8a530c074	3.1198578507167647	2.69125
1cd/8209772230849	3.2103535617262176	2.9714375
1ce/61b27621120ce	2.229869443000615	2.3036875
1cf/4f0e761eb85ee	2.439073178588303	2.7595625
1cc/4285a1e6bc83b	1.7799559919882226	1.992125
1cd/1b591271dc7c9	2.2024071398426024	2.7909375
1ce/39fb5b76aa561	3.0367750233597706	5.79775
1cf/33e251c6dff88	3.3471265092268	4.948875
1cc/89e3f41986437	2.1396937391424515	1.2495
1cd/b8f797ef5831e	1.613421003802281	3.266125
1ce/2a476445a8d18	3.4390909559838474	15.395125
1cf/166632ce8443f	2.7570876084082716	2.84625
1cc/76f6c675941d7	2.857326036743643	6.0225
1cd/83ace627e59b2	1.233420929013512	1.7779375
1ce/216605d9d4051	2.9512119317994157	4.7290625
1cf/e39a8b5e10de9	2.5219409980336414	1.0088125
1cc/a63bda910446b	3.4162266318123	8.2
1cd/400a6fe82b15a	1.1641086470398951	6.8774375
1ce/41a3b6a6f6022	3.281438352018102	4.4364375
1cf/639a7f16bc386	3.030089516697254	5.8516875
1cc/3c35de4358db7	2.535870002477932	4.41
1cd/e7a4325b2f75e	3.224095588708898	5.5809375
1ce/c75fb532b0142	3.0196839830900326	5.9335625
1cf/42f4cc5d707ae	3.373132138769674	8.4915625
1cc/89924421b13d8	3.005078293554621	4.4308125
1cd/3a1f8a249116a	3.3776631504717463	6.6671875
1ce/fb2dc5be7d343	3.446808008077005	2.3995625
1cf/3045c130184c2	1.9147605677259112	1.5375625
1cc/59f46c5341626	3.347964052564016	17.867
1cd/4aefda4703027	3.2552032536410542	8.142125
1ce/816623d730525	2.902867680151483	2.2159375
1cf/5d4d9ab4a80d9	2.5989765523213655	13.364
1cc/5ec60b0c1e676	3.1605660905344193	7.3208125
1cd/f0d4b726cbf89	2.8224409955127534	1.009
1ce/6cf0518096804	1.2192947205082203	2.256125
1cf/7444056b12594	3.0205315315603025	4.951125
1cc/25870028aef4a	2.8237635180537257	3.6894375
1cd/3fd99c53b57d9	2.79031316022351	6.4785
1ce/8adf9ff4a7863	2.685395703895034	1.6865
1cf/2265dfd777cce	3.1284303563703406	3.8700625
1cc/2a5ea12d1add4	2.9822191537675913	1.4189375
1cd/28404e2a74f81	2.6880615302558213	4.038375
1ce/220b7d7d47fbb	3.0777169974635585	2.9651875
1cf/590cb18ef4b3f	2.8279275716835266	4.0945
1cc/48119fff7dcc6	2.831377795730828	5.79375
1cd/1eba294ae637b	2.2568289759717994	6.22225
1ce/b58b47f28f38d	3.2661678019315197	8.8655625
1cf/f663131ca2106	3.1712429932147606	5.531125
1cc/81cfa79b66c2f	3.3577736481610168	6.3913125
1cd/b29205a3f5fce	3.208663460556474	14.648625
1ce/21ea51fec7c0a	3.3781504124738366	6.45175
1cf/a5d59888dca87	3.0618828324434015	7.5501875
1cc/94ce29c98dd85	3.2723713481962657	16.42225
1cd/9f844fe936343	2.2027154550647725	5.150125
1ce/af41aa5c1806f	3.342379204735256	6.903625
1cf/f727b6da22336	2.497823955349824	17.885875
1cc/f4b771fd4a701	2.9132677296483793	5.92075
1cd/396a6a4820217	3.445427515688872	6.727125
1ce/3639b91571943	3.1149588092493676	5.7951875
1cf/16c6c73aa5da6	1.7488066995479237	1.057125
1cc/2cace14dda99d	1.2911859673831025	1.83825
1cd/5b272a5dbc956	3.5590028896799657	13.848
1ce/b0f5ca0b182f1	1.7684512607629748	3.47025
1cf/a8df8764a6fd8	2.816287970443477	13.060625
1cc/9c832b91a5f10	2.789390289425746	3.466125
1cd/59ec14f682621	3.091605331147636	2.2458125
1ce/1c5f2fee55096	1.0975408610195685	3.025375
1cf/40ae774ed4166	2.1513363285666975	1.79475
1cc/8fcddfb8ed6b8	2.647534190466465	2.0995625
1cd/ddd4109ff6e8a	2.875416432856425	4.5941875
1ce/72cfa228eab83	2.2885240484064817	2.267125
1cf/a4390b1dfed33	3.0441599876904832	7.36825
1cc/f1921d048e8f3	2.66442273323985	3.174875
1cd/0e8bab67b6619	2.655969545653581	5.9838125
1ce/4ff5f846686bb	2.9876826836293406	4.5263125
1cf/a3688c79c3617	2.6216642010186613	5.567125
1cc/3e9e2bfb9f53e	3.309520598373783	8.2439375
1cd/5e760eaf3b835	1.0975184397204254	5.7880625
1ce/810b3b294b80d	2.1187360948917795	6.877
1cf/1d14f5424fac0	3.2475052302709564	2.61675
1cc/553df965a0362	3.1494454264453595	2.416
1cd/d855fe5d50055	3.305050179774894	4.0106875
1ce/f6cefab04001a	2.3722763207890574	1.9323125
1cf/d54734cbe5228	1.5927487393172648	1.1391875
1cc/9d22c85c77882	2.4781186268005575	5.1245625
1cd/b46db59ac8757	2.5312030486161543	2.294625
1ce/273e2394e76e0	1.4706883766728196	5.7405
1cf/14c129d0fdb09	2.8421518101380276	3.682875
1cc/683faddab24b2	3.2077121120186423	5.1484375
1cd/beb372137d301	2.5496726565713397	2.4748125
1ce/364725afc2fcc	2.518472596062368	5.284625
1cf/141c8b70d79e9	3.1808321355448217	3.672125
1cc/39905c6584596	2.739205363099979	4.0324375
1cd/cbb6aaf5f90fe	3.332630321933489	15.670625
1ce/f0795cd93ccea	3.0280837634516486	8.1645
1cf/a90344262d4bd	3.134184710539458	9.9926875
1cc/355ec4d00c590	2.7616090542001928	2.88525
1cd/5ade69482c652	3.29881227983549	7.018625
1ce/b4736712af5d7	3.2690530311230215	8.177
1cf/618b5da563dd5	3.36050560801037	5.00075
1cc/c52b65557d117	3.0062428759692232	6.3344375
1cd/29d3036102dad	2.4785588203318003	1.7255625
1ce/741940623db34	3.003562528490025	18.6548125
1cf/0d1cfcce39ce8	2.7941459506624278	9.4595625
1cc/2702ae4002532	3.398404921692528	16.2505625
1cd/95a8e2c642ef0	3.3700427940828748	5.7594375
1ce/7128d67f07a23	2.771212473288993	14.1268125
1cf/fcce1203f8625	1.7600534376006784	2.249
1cc/2085e2a1d8081	2.096542846210856	2.5200625
1cd/700af3288af47	3.3272807765669725	4.347875
1ce/204e7232a6638	3.2008562170538974	3.414625
1cf/08d207bfff395	3.281156027818031	11.9853125
1cc/8b7f07f59b3be	3.043418111352698	4.365875
1cd/25ffd8d9bace3	2.2156970155501545	5.0525625
1ce/b57b58cc619c7	2.0024120471602447	1.3244375
1cf/c493f25bbf5a0	2.8179630055653146	8.8876875
1cc/a34be9374ef2c	3.379672089361757	11.2971875
1cd/eb6937e949c04	2.835408797808015	4.14425
1ce/7490d43a52580	2.7690409899379578	1.2976875
1cf/06466bb7eb566	2.8630007931819117	2.9585625
1cc/7d26d879d7a62	3.351122008265776	6.615375
1cd/f593cbff7ade0	2.4044537636995384	1.490375
1ce/811fb8a6e2a50	3.3531342854268034	6.067875
1cf/825f1a0755ea9	2.6533894404550202	3.5744375
1cc/36f0ecc7b4946	2.7032111132876024	5.595
1cd/3d6d3b259e4cb	2.571770800961881	1.7845
1ce/3cae83fbeb4c6	3.187035966011235	8.0591875
1cf/8a0ca906b312e	2.831976443827893	3.40675
1cc/da4972f5e7ee0	2.7856349849806348	2.0816875
1cd/8f37d6d72b2ac	3.411832507777902	9.3480625
1ce/48857fe0df3d4	2.62372163778826	0.93525
1cf/7ce37e2e4f5f8	1.7329382757986789	1.2978125
1cc/8384606820cac	2.0120063316975925	3.60775
1cd/f535e6087a005	1.8346062043676106	2.3213125
1ce/d29c60fa3048c	2.803929435576619	6.4440625
1cf/79117dacc5da9	2.9594174521266137	5.89325
1cc/bc400d9c82142	2.6915139343454246	3.1686875
1cd/1de4743234a45	2.8077106399662273	3.0761875
1ce/abf8b46ad654c	2.425965484112855	1.5374375
1cf/54d941db039c2	2.571990357719789	2.7638125
1cc/15e58172c975e	1.8458408802552073	1.28
1cd/20fab023dcef8	3.0715694467722523	2.4820625
1ce/b8eddf662a74b	1.0859846368638708	0.771
1cf/2dfd76d899849	1.7206452966561763	1.4416875
1cc/a5ac34dea51b5	2.4657346294525944	2.6366875
1cd/76c0f56c42e00	2.877753129869006	4.3625
1ce/f58b023f9275f	3.4042066163878966	4.97425
1cf/cce50638e57ac	2.4567225867654052	2.010625
1cc/73a3bd1d18d95	2.255750525730116	4.18125
1cd/48a3994eae701	2.8901287596169634	4.0515625
1ce/c4aca745dd753	3.2815522576771747	6.382875
1cf/40fc964cce695	3.219633083842532	11.2868125
1cc/0e781c4e6e7fe	2.9653480395427154	1.4145
1cd/b0f13a48b236d	1.6803364039169644	3.225
1ce/73200c6726ff4	3.000553753159693	8.908
1cf/0b57dd6520fa5	2.933958895915669	12.1259375
1cc/d4bccbd966884	3.032650199438529	6.9510625
1cd/34b453e0e8fa1	3.2443078548246493	7.69575
1ce/b47210b5da6f9	3.2167945471796857	4.0659375
1cf/89c333e3f2ce2	2.50862183600903	4.376375
1cc/64177176a9e4d	2.410298659568634	2.39725
1cd/396dde5ec4e8a	2.905464693354794	7.8843125
1ce/a81931f04bd5e	3.0221255977301786	5.5775
1cf/70efdbed5486f	2.6298643262757055	9.0250625
1cc/153e32cd6051a	2.3832531689177134	0.8169375
1cd/34174b355740c	2.2849062712365344	0.975375
1ce/451ca01d57e03	3.0652553383200662	4.6999375
1cf/91c25d9fe8f0d	1.105903117566785	1.8553125
1cc/2284409bd3726	3.1033237536290628	8.786875
1cd/696a817f7ef96	3.477495043277379	24.579375
1ce/3d5b1e9fba429	2.349336436591276	4.900625
1cf/cc7babe417ce5	3.3562985870468967	11.096625
1cc/3ca00b2dde7a0	2.788323006378446	2.2195
1cd/64bfeb2350031	2.3524748524115426	3.9741875
1ce/565acc8f0f89a	2.253156297672636	4.2974375
1cf/0d910bebdc427	3.2894445369120517	7.8333125
1cc/38435b2f89e9f	3.2873396704330027	5.6465
1cd/2f5c0f99076fa	2.615319749953171	6.513375
1ce/6ccacafd044e0	2.8635582775908355	1.75625
1cf/4be3bb297b07f	2.037106924633309	4.3093125
1cc/e1543bdf9cd4a	2.957804869362735	1.3001875
1cd/0fcc06d40ba24	2.1250334900118713	2.7990625
1ce/ead3a2a904cfb	2.192079436502176	1.0239375
1cf/9e78410ad57ac	1.8128885485470525	14.9561875
1cc/6cad87ed92f23	2.849329115545291	6.817625
1cd/4e20dfdd0c22d	3.4451022144574677	11.7396875
1ce/33788af705931	3.2018902501936966	12.029375
1cf/11d919d591f78	1.1037549456165276	2.693625
1cc/2cb8b24a1f317	3.130341028557682	7.738
1cd/090e1cbb840c2	3.3151524097962217	13.1016875
1ce/a9a6f4aac6cc9	3.3507679823739083	5.4415625
1cf/e826917b1c1f1	1.946350127676173	1.4821875
1cc/0857baaeeb7e0	2.4535157313240226	4.20575
1cd/980d18934197e	2.2804660451426715	0.865
1ce/095fe3448d2e1	2.183968297117846	5.0480625
1cf/52d59bc42c993	2.4729621277958582	1.2490625
1cc/02aeb387ead1e	2.5450126358168936	3.5466875
1cd/01aa8556e3b03	2.5611631205794807	3.768375
1ce/046c512cfd417	3.465743337101957	6.3168125
1cf/c386db0a6da76	1.8665327836539136	0.86475
1cc/fa46cdf1328d4	3.342905354518294	7.0141875
1cd/f655ff23314c1	3.214289380867727	5.3055625
1ce/afa9a3e1458e1	2.7052492301965256	4.5245625
1cf/14ed4cf9b1dc5	2.9539527545482294	3.0819375
1cc/118989cdf0a9a	2.9725320447730756	5.40775
1cd/043ac803b0be6	2.297261487801324	1.3454375
1ce/328885e080859	1.7316558174770937	1.57425
1cf/1d9b95b80c9ac	2.8857079228840594	4.6163125
1cc/8cc928f73a238	3.054705355526388	21.9979375
1cd/7f72aa608e4f6	2.074767516790067	2.2744375
1ce/c2b22f5192a1a	2.994537677363671	8.3136875
1cf/1c77672b956d6	2.7761996878045467	4.471375
1cc/2f56b77161741	3.333385563916774	20.712125
1cd/76ea64bbeaecd	3.0235214645692716	5.886375
1ce/5477d4c392ebc	1.6706884652619627	6.0576875
1cf/25ea6bb9aea50	2.793624395199523	6.513125
1cc/ce10551bd056b	3.3130340433935035	6.6168125
1cd/3f0e4d221c136	2.9549781351572415	6.6025
1ce/436ccb8cad3c8	3.3098297979255484	5.900875
1cf/7da85b5938599	1.1058700243999378	3.056
1cc/c43ff2b31b0e0	2.314998353340359	0.72025
1cd/4763903622209	3.3953031764019737	6.9400625
1ce/5673788bcea06	2.68079208022902	2.325
1cf/f378f506f09d6	2.9179049413566145	2.243
1cc/1407ea20284a9	2.4562891870288808	1.248875
1cd/298af03c25b95	2.704051620945337	1.94225
1ce/1ff3c410a6436	2.986832329213229	7.362375
1cf/056b1081b7599	2.3186452313548616	2.6933125
1cc/f418f833f7cfe	1.6193471024831152	3.7473125
1cd/1dd4ffb01d919	3.282017266976057	2.435
1ce/05abe810240d4	3.1826940101326047	1.8746875
1cf/57f97a1da092a	3.459770329730765	16.804
1cc/6720815edd0a0	3.3664689764265048	6.928625
1cd/c44e2d601f8e7	2.890904632775651	5.1179375
1ce/c829b22b9dfe9	3.281462316827028	7.3230625
1cf/23164b4f16714	2.712285913064856	6.4495
1cc/fdc6cd74a697d	2.962082768582856	4.13875
1cd/6d291a20d9168	2.806214711407367	4.933375
1ce/4b4ee8f83e21e	2.246041871267907	5.196125
1cf/a7cb4970d77c5	2.7208901222096706	8.0698125
1cc/0eef117bdad3e	3.0933936211120923	8.3389375
1cd/0a8b0471dfcc2	3.538185148948542	13.89275
1ce/fa183fb7fd0a5	2.7614957299308687	4.192625
1cf/b1744a554d258	3.138879851096314	25.099375
1cc/1f575c057df4f	2.93804313564562	1.6128125
1cd/72886af6bc76a	3.431861183203902	9.1944375
1ce/ee9f97c1792c0	3.1811971055952775	2.932625
1cf/80ee99fa19540	2.910891380038624	5.2223125
1cc/45a6559f34826	2.184948545188649	3.8181875
1cd/4aa0c288c7a0a	3.3610301200797887	4.5163125
1ce/5fa144080974f	3.41677717167489	2.8959375
1cf/e08dace4af8bb	2.5952621041859607	2.8195625
1cc/a06899e10fc7a	1.8516271707476255	3.845125
1cd/ae86b9a173c0f	3.464257179734393	12.222
1ce/2704e982be413	2.681428480442908	11.7748125
1cf/4297819d2ba6c	3.2586803584349653	7.3384375
1cc/b752cfff57fcd	3.0707327677849356	2.8784375
1cd/21d9549ecafa3	3.0788424395117038	1.3865625
1ce/1de5fb1766a8f	3.2761471233286468	5.9661875
1cf/bf5f851767d78	1.8998656666346367	1.6818125
1cc/7044ee2ad22e6	2.4336720047006772	1.049875
1cd/0d16a7530bca0	3.3095743778381417	6.9113125
1ce/d3b46690ed647	3.1615997671685347	9.2858125
1cf/58afaa5ca52b6	2.698668023134946	1.687625
1cc/0ad7e0c3be791	2.62729048577516	13.7215
1cd/b91840d2453eb	2.763901854262736	2.917875
1ce/1d9137109d023	2.6677187389082824	10.537875
1cf/a2badafa46b50	3.1102543254396786	7.2539375
1cc/5da94539b415b	2.5031005977284293	2.3489375
1cd/3ff18637b40ab	2.3916715033387055	2.758
1ce/9955d4df57657	1.3218976954894792	1.057
1cf/c51180900a07f	2.7687342406660473	1.4899375
1cc/d49eb5e2b398d	3.2249021758347722	10.53625
1cd/7854c35f23a59	2.7864884567786037	3.446625
1ce/780f35e15b619	2.8814544325917173	5.048125
1cf/f268d1e8e6c95	1.514727412485472	1.65
1cc/d1473784e9737	3.2882274279156403	15.108
1cd/521bb59705463	3.0223799567127934	6.13875
1ce/78765adf3f8f3	3.017026682895922	10.3578125
1cf/f59c4c75bacac	2.218183778684381	1.9084375
1cc/225774eee0708	3.162173984963399	3.178875
1cd/eb5fff9e8ee90	2.062194401715177	3.685
1ce/0b6bfb73ae226	3.462065624190465	23.870125
1cf/a2b1f48af3027	2.21339443302481	5.692875
1cc/24f8b73499932	3.2417834389489086	12.9938125
1cd/1bdba00de3f61	3.3096082486644183	3.9060625
1ce/5f298eeede78a	3.3512200773449443	9.794375
1cf/f59cfdbaf7363	2.201387766365463	3.33425
1cc/383f2de9adb0a	2.2782633155199443	1.6605625
1cd/7d953d2097459	3.374404037125636	18.7785625
1ce/b28d9152a75ca	2.982020971391361	3.800875
1cf/7fa6bf5a56822	2.3123168339178912	5.5040625
1cc/62d0aa0676599	3.0480937585268952	7.007
1cd/83c5b5847469d	1.9651887106752168	1.516875
1ce/ee78305dbd566	3.4013834750701224	14.0565625
1cf/be76b0806ef5f	2.6650149787296633	5.2201875
1cc/5793511b6a662	3.4321350642315656	4.3485
1cd/3ee550cc20d9a	2.799811413028309	5.8579375
1ce/3a7374f09f8bd	2.7273107304303807	6.4376875
1cf/bd1a24997498a	3.585059893049935	6.0555625
1cc/ec2249e2354db	2.857532141486423	6.6249375
1cd/5aa1e14842aaf	2.834121552600898	6.2556875
1ce/376bc51b098f6	3.2853114544632604	8.89225
1cf/644c3d76df7c0	2.0569216872550915	2.1695625
1cc/1028b311566b0	3.447329873625965	13.4321875
1cd/d2d60fbdfebb0	2.6557227045202447	6.7545625
1ce/1def0cf01a805	2.0379959711404836	2.5470625
1cf/36ff0ad2dfab0	3.429575808645827	6.469
1cc/3119205aa57df	3.0133267972632645	2.923125
1cd/8d7f977f729c3	3.4163620212298005	3.425
1ce/3e4866957d20b	3.0640057661883278	17.21325
1cf/8c0352508790c	2.395179471137161	2.9460625
1cc/cf560b4fac3fe	3.1369201172752943	8.6553125
1cd/8921f2ac6f390	3.0153197604569337	12.138375
1ce/3dd82435f7593	2.343371793805754	5.6421875
1cf/1a66b2bc9c57a	2.209837026588266	2.510625
1cc/d5ffe37fd380d	2.0714839958622724	2.8164375
1cd/82291c20b6bf8	2.504821007344087	2.498375
1ce/316dce4a33dd0	1.7974911998293701	2.1594375
1cf/8b45cc45df7f3	3.3087716147281023	15.37575
1cc/bb36e722cebd4	2.340662423862567	8.84025
1cd/a916db42bac57	2.1798179791108376	2.0898125
1ce/09165be7f4256	2.583332764770825	2.6206875
1cf/970d5116cd706	3.1685223428790383	4.6214375
1cc/fde2b974447ff	3.011803271994289	3.904375
1cd/5910827cd37b7	2.499894869882573	4.5903125
1ce/a714a33d29331	2.427149354569518	2.0354375
1cf/808c0b6ab9281	1.1351375834636546	1.482625
1cc/7a81022f19d6e	3.013818582242326	2.8239375
1cd/d14d6a48ad7b0	1.9997395907475297	4.9255
1ce/859c579085b72	2.952257649166159	5.8855625
1cf/0c7e5e4412b91	2.2430924831429206	1.613125
1cc/2dc1fc589baf4	3.37953307900845	10.8381875
1cd/ba3b8835109bf	1.982137694955058	1.3453125
1ce/fc22ef6d6104e	3.274570498477193	12.8553125
1cf/1d866ba7218db	2.694925993862732	1.8018125
1cc/aa531fcef0d2f	2.726392786302972	12.13
1cd/fa1fc4314e358	3.278226324577685	11.0343125
1ce/0c9ff1368f6a4	2.9106004105643106	8.3166875
1cf/b313484000aa7	2.053529684334488	1.7256875
1cc/11782b8b123bf	3.0043925802970186	3.6561875
1cd/367d9afbc18a7	2.999258031864108	4.0295625
1ce/64f1949aaa0d2	2.326436147954715	7.2488125
1cf/b0c7b9daddb52	3.3819298620643794	10.0085625
1cc/fef903900e1ac	3.0948347429843532	2.5345
1cd/722dc76275815	2.5540680743039132	2.1145625
1ce/45e9ab70ca578	3.431566266057974	3.9046875
1cf/5d3442cef2fa0	3.2842045788626035	8.0029375
1cc/f1cde8c70cadf	3.2336337031014	4.5985
1cd/e2d8567bf652f	3.0800172133048695	9.1848125
1ce/986dda004486b	3.522214577098825	8.2374375
1cf/c3d66095d150b	3.261109584986398	3.9036875
1cc/5742f845a342e	3.273349288621261	5.7596875
1cd/106395f97fdda	3.3164583517428086	4.91175
1ce/5aa7a59a30c32	2.7503567281987475	3.3648125
1cf/9d1c410e3d0f1	3.337313608559286	7.5956875
1cc/59abb6f6c0fe8	3.239350192216869	10.2080625
1cd/4070117d9d52d	2.395150036284432	0.960625
1ce/b115afa5f284d	3.447548794556657	6.860875
1cf/9583662ca5bb0	2.6582716752704223	5.104125
1cc/389dd47a3d79f	3.141584753717162	2.9588125
1cd/9d0ba4251731b	2.5562235946779013	3.0285625
1ce/90feeb73191f8	3.0290800874316712	2.5705625
1cf/89cfc3403c22e	3.0852609884381645	2.6575
1cc/372f0f372a289	3.388046131565425	6.200625
1cd/1ee097c299de2	2.814202988989336	4.6341875
1ce/527c6e2b2cf24	2.439504684260463	2.815625
1cf/4f53a25630d0f	3.019874157989343	4.608
1cc/b86833488b127	3.073093261335245	4.4211875
1cd/d7be15a44509f	2.71747481373906	3.79575
1ce/57afc25403334	2.1362154146399797	2.5475
1cf/ad73bc541243d	3.458529459695178	9.4649375
1cc/c8c89880cb85f	2.758935165406991	3.88925
1cd/8c45ef780612c	2.0988893141977187	1.28425
1ce/9acee000aa428	2.9468343700576005	5.375375
1cf/8181634e2525e	2.857191361979492	4.1119375
1cc/f2855cac7ca7f	2.279826621788776	1.15325
1cd/25b9d26ef9404	2.369547465467276	3.32075
1ce/0b9d90015ce25	3.400243716545472	11.3068125
1cf/44a279a033faf	2.8159049290238527	1.370125
1cc/987de44b2fbaf	3.248676652796516	9.6354375
1cd/87407d6cc8187	3.2753570057706787	17.4113125
1ce/c3dd7c4c16507	2.3715177418047007	4.9699375
1cf/5a010044b3fea	2.550659483887127	1.970875
1cc/ccb3aab99f1ed	3.121241618171597	17.2465
1cd/bed1b0ea7cb98	2.848926383233265	8.857125
1ce/e4d8426aaa710	2.5584381435505406	11.2270625
1cf/16dca8da65728	2.774817912656353	6.2056875
1cc/2709163759eac	2.954842847354239	5.045
1cd/53ad1e72dfa12	1.0997889214222765	1.0085625
1ce/1ae1f1c4ff924	3.236545479978955	2.0104375
1cf/ebe86bce20434	3.3505402249139347	8.366
1cc/f030ef4dbaddb	2.960705453839173	6.096875
1cd/addade8fbde0d	3.4333858326952513	6.97
1ce/3861ea3d73913	3.016280272323134	5.00375
1cf/d62783e71d65e	1.2454577439203591	0.8646875
1cc/c4b63797c3667	3.2633112217969447	2.544875
1cd/494dbe83c2e9f	2.0682102077442694	1.6646875
1ce/12769bae5a1fb	3.1621328658218353	17.4714375
1cf/db2710cda11a9	3.151470427054027	4.6515625
1cc/fac3348489ec2	3.41677600479748	11.505875
1cd/16bd5c97c3010	2.8979734439487026	7.0485
1ce/5b18504a65b8e	3.163956293837694	7.6358125
1cf/87766a501f2b1	2.330829392990025	4.0393125
1cc/3c1dc8ce9e554	2.804448888766011	8.4165625
1cd/305f80b53296c	2.782967762351538	3.2435625
1ce/7720af06172c8	3.1855769868777384	11.40175
1cf/d9743d4b6a6fb	1.5156847850378692	2.020125
1cc/2f1206146d76e	2.2418388072633415	6.0089375
1cd/2c1440a2e3b0a	2.7603841968614238	1.080875
1ce/4edaad16bfa7b	1.9037100822270212	1.93725
1cf/0ef7b3ba9decd	1.4305153560280754	0.6240625
1cc/d75bc01caa6af	2.7257494218380467	1.1383125
1cd/ce078387cbecd	3.32060969870005	7.38675
1ce/592318eafee00	3.112335803254221	3.6741875
1cf/b0f6d8e021278	2.0233279087522513	0.720375
1cc/63e28d7f4903c	3.1574927351769113	2.8283125
1cd/984f8481ce417	2.867825959172382	1.66475
1ce/2fcc8fe8f1117	1.0791690432177683	1.39375
1cf/98984d255db4d	1.60626334223578	0.7203125
1cc/ddbd976503eb5	2.415076502605849	4.3031875
1cd/0780deb0612dd	2.869309731504545	3.8106875
1ce/d4c2993b241ac	3.092875839103193	5.7838125
1cf/b85908198c746	2.947562486891481	2.1395625
1cc/0a9b921f9de38	3.3669254225946723	1.9659375
1cd/439a55c123475	2.5140588691513748	10.7433125
1ce/e603e20bc1b45	3.136074934580074	4.182625
1cf/849c32a9a45bb	2.6752827519330826	3.8955
1cc/e09f97595668b	1.8712002488952195	4.977375
1cd/e8b18d7a74176	2.9302669488080078	7.2689375
1ce/840532444bc58	2.679185003146636	10.58075
1cf/84966e44b0918	2.910972877002785	10.4019375
1cc/a56c8763f3991	3.34388731680983	4.0679375
1cd/377427070a1a6	2.4447284740129667	4.4423125
1ce/993cf5484dd01	2.326030906382165	1.2326875
1cf/8fdbf8dc0d2b9	1.4189394432404636	3.295375
1cc/0f20700b64c17	1.946227787917585	3.1733125
1cd/7450ed33e2d4e	2.0416896451005098	2.834875
1ce/56d3a2f60f064	3.1670916211958167	5.8423125
1cf/9660c4e7887d3	1.876166539263646	1.7690625
1cc/9d291427fcc04	1.4761603021596679	0.86475
1cd/4a9b45e2277e5	2.392020145112334	3.7291875
1ce/6aae7926561d8	2.2644240208900914	2.331875
1cf/76b336ab1c069	2.497767363200417	1.5199375
1cc/ef146bf77ef11	2.99879401459819	3.7145625
1cd/7d47c28783198	2.2867000256262306	1.7080625
1ce/1560908e9da72	2.640045261139986	18.0934375
1cf/30b072b271750	3.340718070867331	2.3558125
1cc/4bf7394ebd877	2.8526595130233767	1.731
1cd/94a64b76341f4	1.738169903365134	1.7791875
1ce/66fbea345662a	3.0608304604748735	6.6566875
1cf/50438290bafa9	2.6185865867298377	5.153
1cc/8e21de511c1bf	2.4700171657595305	2.612625
1cd/bceea830a7146	3.219783941447645	3.660875
1ce/ab786634283cf	2.972770239659267	8.1898125
1cf/2d5551858f3be	1.3497336312781203	3.288625
1cc/512aeb0c154cc	3.33177341938348	5.7056875
1cd/a431965b656fd	3.3018810977727875	7.002125
1ce/2022f98937be4	2.316336967752333	3.0880625
1cf/3b4d7c5e5e4f1	3.1844044178325257	9.110625
1cc/cd85c1021d8c3	3.0936997610005394	15.44725
1cd/14cc12daadc75	2.9711133372548084	4.7615
1ce/10a6277a6cba0	2.9557099725243274	16.3266875
1cf/800a0c40c7252	2.7522769537548983	5.096
1cc/891ee8e3c32c8	2.819231046347446	3.6920625
1cd/2795c2ccf4ec5	1.9914883991763357	0.961
1ce/369255b0c46bc	2.6177809079890726	10.97475
1cf/aa9ff817b4d28	2.9912248133772925	4.653625
1cc/d6d36b0c2865c	3.444954128387303	9.21225
1cd/e7be15d8db960	3.321055369798898	5.428125
1ce/8bc1fde04b07f	2.0041737600780296	2.942125
1cf/f8d159cf85e5f	3.181966179501721	8.426
1cc/45f11312545e2	3.4147267103903514	3.320375
1cd/8a32fe367456f	3.2147234362189954	26.1885625
1ce/65a9a1c982f85	3.449044796755949	4.7749375
1cf/101095aca3ac0	3.2655645819375616	6.58725
1cc/ec332cfdf1753	3.4402118468041225	7.0020625
1cd/05d77b5ff30db	2.6161842251424616	2.8250625
1ce/30480128b2d29	3.0617322677174132	4.1195625
1cf/50ed85b265d42	3.435106261826998	6.373375
1cc/84d0936bee5c0	1.1983652825691449	2.6195625
1cd/59a010f2cf8a7	2.7048632260368732	4.33425
1ce/57d953ad4d05e	3.2571194990338954	6.820125
1cf/0f4d8bc34eea5	3.380215506716477	12.5986875
1cc/671a591534df5	3.288060027818602	5.1491875
1cd/f1da4149e871e	2.510498628873796	6.2688125
1ce/203a72ea70cc0	3.2473971652701628	6.3256875
1cf/f43fb6d421edd	2.684575536492398	4.426875
1cc/c1dc1550683fe	3.0633115843539716	4.6640625
1cd/f92ab4f49a34f	1.6757684760603386	3.1941875
1ce/cb616ebb3b2e3	3.1106434480545406	6.870625
1cf/a599257ec3b59	2.9062069544319167	3.520625
1cc/8832ee273e3c2	2.0075834761734335	2.0480625
1cd/4e050d59bd528	2.441153637565656	3.48
1ce/63b048d5520b1	3.2773969012948148	6.075375
1cf/4d65e3da408d0	1.8273021030871088	2.5593125
1cc/4d94a9f8716a5	3.260134486382902	20.49475
1cd/8199cc0b9115d	2.5600024405995643	9.8473125
1ce/6f1c4fb6dcecd	2.9300948099639776	10.6344375
1cf/9e52dd3670ec9	2.02975972767849	4.1730625
1cc/69d74d1370c25	2.987944475952371	12.958125
1cd/7bb680b19f8f4	2.4259870290527563	4.0140625
1ce/7e5f2b8971115	2.56840464734428	2.15475
1cf/56329ba8379c0	3.442796404367348	7.866875
1cc/ea35751494e9f	2.8508065577694817	4.437625
1cd/973985b9f4f14	2.7109840257128788	10.1063125
1ce/1b42dd322da9e	2.8162755344348436	7.35125
1cf/bab37af3dbe5a	2.0488631135642654	0.912375
1cc/bb321c674a9f4	3.4169003796232964	6.389375
1cd/44109bba33477	3.139716891243457	2.37625
1ce/729bc0160f196	3.050436147176482	2.38025
1cf/74e5a6f06c685	2.8411447431580603	2.14125
1cc/d5884a9f8bb84	1.4856193687990888	1.1126875
1cd/df4e13022d225	2.99087246120014	2.5658125
1ce/f64b6f0e094b2	1.1176783438002655	1.8545
1cf/0159918c2c660	2.18613086525425	0.8646875
1cc/a461321c3e5ba	1.8009652312222204	2.6723125
1cd/ed0101f3d500a	2.680064469002113	3.1000625
1ce/db1dd45dc17d7	2.0809481680971884	1.634125
1cf/aab2f1268a064	1.6416945515227614	2.5685
1cc/ef51df9da1f11	3.274582991208375	5.476625
1cd/c5fb115551ecb	2.868644446456327	2.3998125
1ce/f0aaf18974572	3.0239404675642803	4.8805
1cf/d6c04a3429a50	3.0934727101950217	5.646875
1cc/3f9147709c8ea	3.429256324792754	5.24825
1cd/f2157cde3cfa0	2.878965093521242	6.5191875
1ce/afdc971d0ed43	2.905309530792681	5.69175
1cf/fd6cd461f317a	1.2913084520210683	4.0088125
1cc/586820b42bf80	3.2058321945535413	3.5379375
1cd/2f8311e942e46	3.1622509321346244	8.90425
1ce/9df1771d6d4f4	2.5686010346526937	3.3114375
1cf/5f46a63b6a5b7	3.3386688499546895	4.9670625
1cc/fa4399d83c337	2.4346190281260096	2.7345625
1cd/5919a89d4980e	2.5753984811199833	1.5376875
1ce/c9fdb2e9e700d	1.7078223032445563	1.2405625
1cf/ba522ebf4123f	2.3260926481845328	2.309
1cc/c06f0d5a3877b	2.282713705576957	1.803625
1cd/440119cef4086	2.9623670534631366	8.6110625
1ce/4b4ae977c4176	2.785211781671888	4.013625
1cf/21c0558b862c9	2.434703166401094	0.9124375
1cc/21b084388bff2	3.4223465262703407	10.3798125
1cd/bcb3ccc0c36d7	3.347202398971972	8.601375
1ce/c6f8abe479e42	2.5055742951101103	8.2885625
1cf/85490797f8a4e	2.3290444760322777	1.4188125
1cc/74117f193356d	3.3139858258792105	16.883375
1cd/20d7742745eb7	3.429152278099496	9.978125
1ce/495eefdcf6aab	2.947576712152089	10.246
1cf/6e8bbfcc55314	3.250085115793385	2.1216875
1cc/31642c815d284	2.9705721940058085	2.9535625
1cd/0b21f9e9c0b72	2.4671421304183347	2.1504375
1ce/f4b09cb43313e	3.2947956460404604	14.2834375
1cf/e4d6592e524bc	3.045650932490337	12.9238125
1cc/978ac50a95dc7	3.2214566169667074	7.2220625
1cd/44f180d31d0f0	3.1394869171653887	5.0996875
1ce/4616ac2915e11	2.1583010906090245	1.1050625
1cf/3cdc937f1c6d4	3.2000732008471977	14.0545
1cc/f285d9ee4a80f	3.117046881324905	5.7869375
1cd/4efb42d63442a	3.107294741160036	5.7126875
1ce/1b56f8991fad1	3.2957090878331345	11.806875
1cf/61ca26e017bc5	2.4902459539324577	6.06375
1cc/2c584dd2a61e9	2.2506655881149014	4.088375
1cd/b355fd3567ae5	1.9197500164740653	7.8299375
1ce/4260160e282f4	2.5753050729849885	18.3815
1cf/09440dbfd99c6	3.3406026179707413	11.34075
1cc/0c242ea8f88b0	2.0092832860515584	0.7203125
1cd/d71ae6628e4c1	3.121963398528349	3.3694375
1ce/a476a05b66500	2.6109685486832865	3.329375
1cf/ee5709c3a0fc7	3.1412581096023913	9.3800625
1cc/fd0847f098f33	1.0884722810936494	1.522
1cd/f689d887f5d3a	3.419434888864014	10.2316875
1ce/eff12a6060158	3.4387968317631685	4.7551875
1cf/3fe3ff74e3186	1.1114842062951111	1.6018125
1cc/9c4d0a0368115	2.6295398765153832	2.9743125
1cd/34017794700c7	3.348839829905439	1.7310625
1ce/a7f257819f357	2.722547612282119	5.706125
1cf/36fac13ceecbb	2.2415993620749255	1.9951875
1cc/d77612b161355	3.0087262317102756	3.74425
1cd/f7def88e7083d	2.883037280817641	3.96925
1ce/157b8d0ab49eb	3.0323693140549097	7.894125
1cf/5cd060a47fdcb	3.152300216705224	5.227625
1cc/9a42377378ce0	2.674721221620577	2.14475
1cd/16b150e9a366e	1.9827104515223484	2.8335
1ce/f14e8bedc290a	2.939811142815898	6.0833125
1cf/1eff17750595c	2.5820034602711965	1.8263125
1cc/372068e72b36d	3.100962540645067	7.455375
1cd/fbfcfe02d694e	2.427322880082887	4.2465625
1ce/53a4817e28493	2.386471626677847	3.68225
1cf/b3682badc9f64	2.9419047300257213	4.2553125
1cc/616ebd1c6a081	2.723935903852535	5.2641875
1cd/08cd3f4c88aaf	2.5578786613359847	2.6861875
1ce/fbe5b22520bba	3.1744688459828687	4.4705625
1cf/c5cbbd8738cd8	3.2877417216891494	23.6725
1cc/ed0b925d33c9f	2.916576893523442	8.5813125
1cd/054586ed676bf	2.6771109766358263	2.921125
1ce/73074215c2b9c	2.9634080564166725	8.294
1cf/aa4965eb77b5b	3.374949263630468	11.2563125
1cc/e3239c40db414	2.5059309243835552	3.657625
1cd/f4fbb579388f9	2.2274274185740297	2.29125
1ce/db5a3085705e2	2.5679009161306547	1.971625
1cf/dde81f7cfc8b8	3.3829723210874496	7.191625
1cc/81511755ba03b	3.4105323119387205	4.3760625
1cd/dee96700ad674	3.137712395495451	5.7475
1ce/3178c46e85886	2.5183316550652233	2.8515
1cf/a26351d617343	3.045053704680563	4.3755
1cc/648915b91d763	3.2511137994813843	2.641875
1cd/999b5993a89df	2.1365288255519492	9.1255625
1ce/c020e1cc7de62	2.845125165202017	1.6865625
1cf/efe9f0a2a1a1c	3.078818987022378	3.7685
1cc/003f0171ba98a	3.186117249554467	3.642875
1cd/64797938e56de	2.882184256902908	12.3688125
1ce/7ee86ca1c498f	3.346659047843915	4.876125
1cf/0b68f35912cab	2.0442936430895724	1.9639375
1cc/fdc8128a04b1d	3.149433055736449	7.97925
1cd/90a5614dacc97	3.2088809020153315	8.466125
1ce/0b91c4c62c78d	2.3104979866739432	5.532125
1cf/68b24382dcdc0	2.4095999514016655	4.4935625
1cc/a3939260cb760	1.1276377736252483	3.0164375
1cd/b5c5a70d5fd59	2.684607230369471	4.9674375
1ce/18fc44c5fc290	2.8555082549137234	3.538625
1cf/9ba0698db7960	3.200707301822191	8.897
1cc/1c40719cb2f3a	1.09977003580936	2.1225625
1cd/b8fcf097eed80	3.2032701549776967	5.064625
1ce/cd88486134740	2.895113719647209	3.7910625
1cf/3f3242b79db68	3.238160583171149	11.6645
1cc/33b6188c34457	2.776759897499226	1.7441875
1cd/cf1b58695d6a8	3.162148512062236	2.555125
1ce/c4ec6d73b77d8	3.204580434669506	4.319125
1cf/d330ef0a37c66	2.26269964498611	1.3280625
1cc/7d16fe09ccb00	3.4187247768225597	10.9535625
1cd/0fcda64a9f3e8	3.032023466844102	4.8641875
1ce/7f6db073c039c	2.325397446783802	1.6630625
1cf/83bacc685d2c4	3.0481094627755394	3.175625
1cc/223eed9c50b4c	2.7498588393102517	1.449375
1cd/224c8aa1805b6	1.9477737934169745	1.5805625
1ce/44df5c197477b	1.837854823266302	2.9920625
1cf/886ca4a9c54ca	2.4579698218520947	1.2005
1cc/5bae4623a4247	2.8407745981602575	7.5215625
1cd/969e0b1e1cd8b	3.425250879505112	14.2323125
1ce/220e071e47a63	3.3658195043479577	5.4269375
1cf/4994761cbc167	3.2350621734400633	6.673
1cc/108520b8f8f8e	2.156683399888966	4.9796875
1cd/038f155b8c257	1.4230519043241874	1.87475
1ce/1e660077051d2	2.9538906657127764	4.7295
1cf/dec1c8857ce8e	3.0556514426008445	6.1305
1cc/a38062f4323a6	2.791736995839728	2.6206875
1cd/ec77c6fc12ffd	2.406716833683127	2.4815
1ce/998168497cae6	2.1070144664755457	20.5769375
1cf/97699f9616911	1.2409141769524648	5.798
1cc/231b5b6980033	1.9814564422262557	1.43325
1cd/f26417f448d6a	1.1636363729681538	5.1151875
1ce/949c0dc5da71a	2.23852052507333	3.8046875
1cf/1c5bc2f2c7b25	3.3888193701071248	9.4108125
1cc/0f633e6623f07	3.174797959977522	6.2755
1cd/e8935b37ea92d	2.761377197534554	3.37675
1ce/1a7f2a73a3f5e	3.3193078370457343	1.9906875
1cf/2cc03e6dda5e3	2.994528123847531	2.156625
1cc/7e41015dc10fb	2.69731056814556	2.794
1cd/438f7175d0677	2.969671883777998	2.403
1ce/2b42e589cc895	2.723962367172712	4.6151875
1cf/74801f9ca57f7	2.6790052376797613	1.2023125
1cc/91b851a52946d	3.1814755582169503	3.144875
1cd/0cabc783ec8de	3.336749756977203	1.874
1ce/0f46b4890c7ce	1.5893988094602722	1.6210625
1cf/6921c63a2ecb2	3.0756299187032217	6.973
1cc/f91040f5c1946	3.2385864747636868	13.5655
1cd/49bf1984876b5	3.3193515651486436	5.273125
1ce/b6ec9c1683eff	2.3573982032241814	3.72825
1cf/fd090ccd6a51a	2.8945126956912404	18.8188125
1cc/cba40eb456abe	1.4793562436881598	2.7275
1cd/05ecea2fcbf40	3.272169135928307	3.0919375
1ce/b47075dd459ce	1.084315883291352	1.27625
1cf/310143bd96175	2.116663627477644	2.6480625
1cc/16aca97e7522e	3.1288426963019256	5.453
1cd/5364d39a90e36	1.6102501405734948	5.0523125
1ce/4fabb6a20d779	3.2322313014422592	12.012375
1cf/07fe61e3e64fe	3.410965246657189	18.8588125
1cc/fb308ce410aa1	2.4015776647983436	4.372875
1cd/155ee602277ff	2.539717510249241	2.1145625
1ce/ab8ed1b9a8231	2.9703293983509758	5.2678125
1cf/8e53d9d6f2ae3	3.3579910915314244	8.0768125
1cc/186525ed57471	2.751332384339753	3.1983125
1cd/f5db1b056bb16	1.536328677140126	3.130875
1ce/e0eab4bb3bb46	2.4066107276809268	5.16725
1cf/bfa9dd282dd5c	3.454333984716306	8.7368125
1cc/769d5708fbee1	1.9256141291326605	2.8013125
1cd/9b85dcb534e11	2.8668303093925465	7.2175625
1ce/14ab41faf2400	3.1081366175308967	8.0683125
1cf/e46f465ee8b08	3.2024785490486005	22.391
1cc/a6f2e968ad560	2.793652957733834	8.7110625
1cd/003b3523dae85	3.061693366252223	6.8916875
1ce/b3ee3d02af999	3.4443393363263577	10.5463125
1cf/0c61283358773	2.851444554053426	2.802125
1cc/37d0ab1be8447	3.07527444886272	16.559125
1cd/94d47ea5ea2de	2.708949864913667	2.0655
1ce/89977825dbcc6	2.9558096596577674	10.222375
1cf/47c8c03bc92d3	3.0783188519093145	2.1016875
1cc/2f5999d6de761	2.0641552945591806	2.9073125
1cd/e76541f44ce20	1.455053589523256	2.0499375
1ce/166bfce0582a5	3.0137551579591784	5.395875
1cf/294abbb5c0ad1	2.614368144148652	4.5376875
1cc/b799b0cc8ccdd	2.453406610514193	1.4904375
1cd/ba3aa877cbeb2	2.9962355685211333	6.945
1ce/af0e710daf3dc	3.2527312950342586	10.2325625
1cf/4321a57824364	2.941240108505206	8.1210625
1cc/5b50e3df31906	3.1324235070642774	9.26175
1cd/c56bc523b7fbf	3.25158776223896	8.5213125
1ce/aa1e943e5e8d8	1.7711004359120046	1.2400625
1cf/ef6c6c95403ad	3.342151401048491	8.0039375
1cc/645ef7bf9fc66	2.8925836271791616	2.4524375
1cd/1c3fa3d54df13	1.8102890095787685	5.5679375
1ce/19c038faf5205	1.6798035094314276	4.72875
1cf/3564a3216d532	3.328249602977753	8.6899375
1cc/f5576cea47643	3.4979883612750133	6.757125
1cd/efc9e12d32e3c	3.3404537594707286	4.7908125
1ce/692ffd52f91da	2.787180547021161	7.3475625
1cf/ec78faa5430b6	2.762308058075467	2.8926875
1cc/adf8d1c4a855e	2.432172420314217	1.97175
1cd/755e63aa3e62b	2.95186757822468	2.5465
1ce/6a9cb7e90fef2	3.0360833932590165	6.0345
1cf/088856119fdc4	2.3754928394655326	4.82175
1cc/f552fd4842785	2.7238344861339923	8.67775
1cd/07244bc4f299c	3.192272658618446	6.1529375
1ce/977018f3b6033	3.1556995531498275	5.7069375
1cf/2cabf9e356963	2.5670102205157193	2.97475
1cc/f067ae14d1f7d	3.2794873152903175	14.152
1cd/907160240a992	3.0917979443019608	2.7775
1ce/30c049b3e2a7f	1.1072950088726172	4.7779375
1cf/9926f957700d3	3.040736506490792	13.7444375
1cc/33bc7fe8468ac	1.426393589445168	1.2321875
1cd/bf3ed958927de	3.0544998091962023	8.514375
1ce/85644a35fab52	2.345558533192735	7.660375
1cf/adeba9f7866b2	3.211550109683021	6.616375
1cc/19127cec73c30	3.167635454498425	8.351
1cd/0a7a1701746d8	1.465841113899913	0.8679375
1ce/094cae9fac23f	2.8810714858613093	6.846625
1cf/14919c1d7bcba	2.8845302896843106	4.4188125
1cc/646208627928f	2.933840451084079	3.2869375
1cd/eb5c9f84b2201	3.109267565594106	5.1071875
1ce/5a051b40cce13	3.4991970432833828	2.98125
1cf/9aeb34fce0cb3	2.7648822421653465	14.9646875
1cc/4d0c05e72d148	2.418022649783783	10.806375
1cd/c0580253c1d53	2.0417790752343734	4.9229375
1ce/2f95e09a0acc4	2.834544960059001	4.8051875
1cf/6fd1dd199172d	1.7588036664784044	3.889125
1cc/a022262d59f09	3.1823270059243964	4.3494375
1cd/8fe18171fd529	1.8076645409271312	2.675125
1ce/64e6354519ef7	2.3949374429717425	4.366
1cf/8ff55dd44df63	2.2506635264742587	6.7513125
1cc/d2602f82fe90c	2.4807540912268307	2.802125
1cd/8ea9eac971cfe	2.823554739097268	4.0088125
1ce/8b8232b1b0792	3.054269788241209	2.67125
1cf/48c7a616fe100	2.039452460377285	1.3300625
1cc/b6eb2e26fbea5	3.197557329479312	4.201125
1cd/24354ee2725c4	2.5116016955028133	1.745875
1ce/82b0b51693e53	2.2103578116452556	0.913625
1cf/90a8b655f4d4c	2.6402616926750304	3.768375
1cc/74327462d0d32	3.062843549819256	2.033625
1cd/b1edf2cc796a5	2.49686489120198	4.12275
1ce/304ecce3b287b	2.3414790578662954	3.1756875
1cf/7571d357ffe0d	1.8603920225118968	2.5588125
1cc/45578c48c4ae8	2.520471333827355	2.8844375
1cd/3b8380276af0a	2.737112984020732	7.141
1ce/3dde729cdc49f	2.183725520994255	6.4866875
1cf/c7b082f1feea8	1.5691149065645102	0.7684375
1cc/dd35c600f5337	3.096060939771712	3.366625
1cd/f88884843199a	3.1024656070480985	6.830375
1ce/1e51b979e7264	2.9755236121486766	5.693
1cf/fd45fc696b6cf	3.0864083262710995	5.1716875
1cc/e26162137eeb1	2.838983578869935	4.06
1cd/7b7d50e83651f	3.2155043835071795	7.668875
1ce/362d073cdaf99	1.380195193171323	2.709375
1cf/66ed9e56c4c6c	2.7180571364041124	0.9875
1cc/2d0005fee7e5c	2.9889782385025363	5.5125625
1cd/7355ca7c48ed9	2.828610802902143	10.4951875
1ce/e9b9de79db36e	2.776657532142793	10.138875
1cf/3c84d16d60f8d	3.083091866439414	3.343
1cc/172ef1937d150	2.4532338180881106	2.6226875
1cd/a20f81ed3ea94	3.400560959651222	14.8336875
1ce/e082e2a14b996	2.8695798714355094	8.7930625
1cf/3008743f58e62	3.3324990320103924	2.835
1cc/985bc9986f772	2.0199153188529704	1.5855625
1cd/fc8865077455a	3.1892271662640623	9.9953125
1ce/93bb649764511	3.228895848858269	7.869375
1cf/59cedb02f02f8	2.9624398635876323	2.2553125
1cc/b16dec79bb4ad	2.7880106998229524	4.9175
1cd/cd51020ab0744	2.011905102634677	4.8871875
1ce/b5573499f634c	2.425535217964511	1.5141875
1cf/2dd4e54e65d9d	2.001772181621132	4.363875
1cc/847a18b95740b	2.5458636044770433	20.7501875
1cd/08800c8d30084	3.2875415224979023	7.192375
1ce/dedf75dafab49	2.459892296077381	2.310375
1cf/a41a561a2763d	2.930349072792072	9.7450625
1cc/58ae06796d165	3.199276741508563	2.879375
1cd/2fc56d22713f1	3.4029462453340584	12.9225
1ce/4f2833a69fb39	3.3217572004800444	7.8589375
1cf/5abdb8474d862	3.2589293947002247	7.40275
1cc/23c4a28d69b73	2.7355760222384338	4.625625
1cd/4933202f17d5a	2.6361958699111114	5.0635
1ce/ea677aa5aa5bb	2.8266760093567753	2.10475
1cf/354552c06e309	3.3944903011871443	4.8444375
1cc/403fe21c03627	2.275287505365216	1.8261875
1cd/0cfb448da2644	3.4193997394146685	14.6535625
1ce/d21496108c489	2.5515542048832476	2.8670625
1cf/7d6909c0cf21b	1.2614145060135655	2.422
1cc/b4002ca9b31d2	2.8312505235334124	5.0544375
1cd/48ff077252249	3.535987827480639	4.307125
1ce/1665f411acb3a	2.7728015854320223	3.793
1cf/f1cea572b91f0	2.819519709682009	5.6481875
1cc/14299d188600c	2.869712038151197	2.4484375
1cd/7e3915379f2e8	3.4022826862825	8.483875
1ce/86dea136aa611	1.1035487004925704	5.9315625
1cf/121f005f98034	2.905291883124711	4.764375
1cc/45c88a919cf13	2.54419350308118	6.78025
1cd/52457d1144feb	3.4106112077209736	7.52025
1ce/42fcbf4f5e8a8	2.5232007673611254	6.7500625
1cf/e79960ddfc276	2.733569526894793	2.7445
1cc/4ef7a229ee7e0	3.2265668252729163	7.439
1cd/544e9985bae48	3.130888337580315	18.996375
1ce/e50b81d44e9f9	3.0820248562358867	3.446
1cf/030fbe6b8f1dc	2.4886551217433586	6.3271875
1cc/b30f81781ea02	1.8190919559399765	4.537875
1cd/c688f5ee3f682	2.755287845465192	1.806
1ce/f445141a97397	2.9878267029572503	10.7440625
1cf/7689f16f62a0b	2.246681665376333	4.17075
1cc/65c0c218e6f8b	3.0714596216159578	2.0180625
1cd/2601a2314c070	3.084149973614659	5.81
1ce/6ff5d5af76726	3.1016369454282295	4.023625
1cf/c1ac8c4bf4b35	1.4259223454308945	6.4719375
1cc/f122b99279fd9	3.191622254060547	4.2093125
1cd/84a032a79a753	2.8689153130092055	5.7416875
1ce/8cad3fb7cc8ca	2.9073363949080884	7.2113125
1cf/fe2591e74f72b	3.2255212094021894	2.6473125
1cc/6d64434e91570	2.196929976268576	1.8415625
1cd/2645f54927de7	2.557454608784492	3.109375
1ce/534d8d16e8e58	3.1131717092545506	17.254625
1cf/92bb7cd45a8d7	3.189650388605538	8.3240625
1cc/c8c06ec507ae5	3.453490682107214	4.31025
1cd/74fa36baa8784	3.404673867070755	8.8839375
1ce/ae5d9963d5c4b	2.711692981299197	7.31975
1cf/ae6275e466127	2.2716425005776664	2.383875
1cc/cf799c59dc6d2	2.293488879369835	3.3654375
1cd/bfc07380cafbb	1.0729791268279805	6.367375
1ce/4de85a665c4dc	2.9628132579934787	4.14775
1cf/0b3b236d33e78	1.8186748146738354	4.3085
1cc/90a0654216249	2.0285998084469323	2.9664375
1cd/9ea78d62a13b3	2.7828830895940477	1.8743125
1ce/21f322827d1a3	3.026397245745329	1.638
1cf/16bffc281b483	2.366249310082924	17.3955625
1cc/bc4c30f2145f7	3.24332306232826	2.9330625
1cd/165e3275d4b02	1.9107699016271753	1.7784375
1ce/fc402f5adf403	3.222171011668129	6.8504375
1cf/9acf49983733c	3.068923557561398	4.6666875
1cc/fb2198797ddab	3.121913791291803	4.379625
1cd/9f31fc56f49e0	2.0683280845876983	1.0665625
1ce/536615592b9a8	1.104732521308249	2.2130625
1cf/21a854d52f648	2.4478926796180778	4.9073125
1cc/6596948ba9731	2.9445951321612234	5.2628125
1cd/d08bc63465453	3.1186138070650005	13.357375
1ce/cfb48da1ba5f5	3.1135004107857434	4.672125
1cf/f1d8aa4fe0c78	3.4113801869885614	8.52775
1cc/483a20266015d	1.1292303549409617	5.8151875
1cd/dbf5d7736f42f	3.5328079843182145	5.943125
1ce/9ba928a0be21e	2.433026031237869	2.8675625
1cf/861cd4d6f55fc	2.185001526657244	3.2585
1cc/0bd4ba7561597	3.2519011060942233	7.197125
1cd/f2b95384a2426	2.2633820818806387	3.5035625
1ce/ae020525642e9	3.1342130775260326	5.333
1cf/71905688c1ab7	3.0938304816774655	6.5251875
1cc/9b40be5c2a535	3.438816799018961	27.873375
1cd/8812e55c01252	2.584327140331098	1.41775
1ce/8863d1a8017ef	2.607460810113361	3.4566875
1cf/905958e819ad0	3.285298708463296	3.4583125
1cc/1d5b0c8cc0496	3.376883643671077	18.9768125
1cd/2e9370e5b1613	2.547610018802758	1.1534375
1ce/bec03784bcfc2	2.0879532858356553	1.8573125
1cf/232bed477c9d8	3.3145012419158393	5.06375
1cc/9145522c32e79	3.051064848363048	2.1990625
1cd/a01321f35e9af	3.413137014622859	16.85675
1ce/5769febca8b5e	2.5293280706570926	4.2736875
1cf/f61bb34a239af	3.0185727259393667	4.054
1cc/eb5606a54f971	3.463121272425709	22.2045
1cd/0b06c83d22aae	3.1202721571202927	3.7271875
1ce/43a826150a2ab	1.353076128408316	2.2521875
1cf/d3ff5d788943e	3.1513971753188694	9.7418125
1cc/cc328169825e8	1.741679971191472	1.77525
1cd/aff25c72b6630	2.7111910821256098	12.45575
1ce/380f070ed32b6	3.3350636634547315	9.27625
1cf/aeee5e56cca2d	3.138166908923088	2.7708125
1cc/97f70a690a3ae	2.6559587228693067	4.3800625
1cd/a6e62cbad3802	2.5443220990302167	1.066
1ce/7b8ded1d8c4e2	1.8314540448997538	1.5621875
1cf/0ad396350696a	2.9238681198680605	4.792125
1cc/e53d6e7621d8c	2.3673865436203867	3.7016875
1cd/2dfe018959878	3.3282544272615313	8.65
1ce/4608c2aec8ab5	3.4732673730404766	7.8283125
1cf/76b4a00aabdb0	1.2498617834034593	4.1099375
1cc/63ed812a4e9ad	2.803568123984872	3.4193125
1cd/13cbf05a6f012	2.609586848943209	4.4175
1ce/6afe235576372	3.3981106026377184	6.0506875
1cf/c9ad4cf7ee560	3.1265353464273953	3.26925
1cc/bd46f5833ed58	3.2106518553030114	4.143125
1cd/2582e42354ffc	3.206970515163612	15.4531875
1ce/eb73a4141a18b	3.045291005015296	6.1536875
1cf/ad71b3148339a	3.5039935577253454	12.92575
1cc/80ed1149271ba	2.934568887090884	10.500125
1cd/941fbef70bce0	2.5866012185711154	1.37
1ce/a1ca1580acb5d	2.1576962664461656	5.09725
1cf/c77e88b95d4b5	3.398422760296239	5.1488125
1cc/90c4d49e81871	2.666798583745212	5.018625
1cd/654e12958402e	2.2152028154755308	2.8008125
1ce/db4d6f557aeeb	3.097047612660767	9.2930625
1cf/8d64bca99e7ae	1.929015086531146	0.67225
1cc/1a39a63b7fabc	2.489118358166068	5.032875
1cd/7787fdcfc6fbb	3.3052377522551804	10.0941875
1ce/109551f6303c4	2.997250398947413	5.858
1cf/644acee1fcb6b	3.2047087612424416	3.872875
1cc/4b8e9ccf50b22	3.2839043955986584	2.93
1cd/5577b3097a5d4	2.667164079240388	1.6819375
1ce/6395f5da320ba	3.1009556885266707	6.15875
1cf/ea9ee2350146f	3.2002192818383266	9.894125
1cc/bc9bd4c05a87f	1.578698013699716	1.2038125
1cd/958c034ed36fe	2.422836109343266	17.886875
1ce/a3fb4a3e4e286	2.7951695823990903	6.3915625
1cf/965fdfce4cd75	1.8650642879838908	1.0804375
1cc/e578b315a1084	2.3485273025014233	6.0265625
1cd/8cfd31dd7be52	3.456276377036485	9.80025
1ce/79012641e62d6	1.731552753557074	1.2759375
1cf/713878a4ef297	2.497714559642663	3.38525
1cc/297677f6bbb4e	2.398715450142253	1.8750625
1cd/09e46db13ee6d	3.1235634140980957	7.2975625
1ce/69b963fb41526	2.352167086818361	2.018375
1cf/6d2c827ab5718	2.5062161662350895	4.6116875
1cc/7cc8c0ecd451d	3.2424096781215317	10.73525
1cd/3239ddfca1a99	3.0968792984261233	5.6063125
1ce/c53b1f11456e7	2.3817752108866928	2.379625
1cf/af0a9362ead80	2.850230520476887	3.52625
1cc/8a1d6e7deebe3	2.780403829290164	7.3238125
1cd/b491d039d81e2	2.3021434944833894	1.752375
1ce/d36c66cfb7c7c	2.6275174933314407	6.0826875
1cf/9b76c77ea31fb	2.8003141244468712	2.5293125
1cc/73379b6ea4539	3.2667667689607853	7.1671875
1cd/a12bf887a5fbb	3.1157677568014415	6.302
1ce/c121e9764f967	2.576226278882017	2.9944375
1cf/718c08bd7d0ce	2.618231020102322	2.963
1cc/7b30bc4e0efd4	2.217182547213001	2.278125
1cd/ac2a249c9535e	3.3589845913125775	10.92275
1ce/cfcd96e4612a1	1.9289830519399216	1.0849375
1cf/533b6eb61c8b7	3.1939548271500713	7.28725
1cc/479a037090561	1.8101689376663423	2.3671875
1cd/11c91a0b60fe9	2.9383858089927495	5.8845625
1ce/cc090ec7f7db6	1.8349820736953435	1.709125
1cf/6f724b3e7fc63	1.7618739645533317	2.258625
1cc/619e73622200e	3.2413100269962984	8.0014375
1cd/6d8be66595bd4	3.1003379892914023	2.7746875
1ce/e60e67c0e6354	1.0350095941721056	1.850625
1cf/1c93c3b8eb67b	2.4853923972697554	2.695375
1cc/cdf979c4ad759	2.9298813458827344	5.054875
1cd/5f4f45885394c	1.2911026015853966	1.63475
1ce/0eaa55fc67065	2.4012713430448973	2.0533125
1cf/efbe75342dfce	2.4031055899020988	4.6093125
1cc/07103d82c0c36	2.9639171633014434	16.2098125
1cd/d42f47368607b	2.7696019976024733	2.28275
1ce/3c14ae584bb05	2.7145798526218066	4.6619375
1cf/f099e9c329cde	3.455115190629661	10.326375
1cc/a47218c90ee3d	2.9289735053025368	6.2975
1cd/4818bd336e3e7	2.9444133143470954	8.994375
1ce/b772844a0836a	3.2106998283049872	2.8445625
1cf/7c1895b5e7b5c	3.3062117342327455	6.089875
1cc/3c08e433d1ca4	3.4359633852263123	11.6895
1cd/bffce8d906f4d	3.018729283408436	2.30225
1ce/4ef4d7457fc87	3.3862289833794037	6.9590625
1cf/6a1c2f4e71153	2.615802171658281	1.7210625
1cc/cdc359e2950c2	3.2733842258893753	8.8903125
1cd/b9b78fa37721e	3.1504034522216244	2.9235
1ce/9f9731077b39d	3.1015836231730805	3.195875
1cf/511cfe8739a06	3.2304514924554426	2.15675
1cc/c926dc4309da6	2.045533441731805	4.7508125
1cd/de64cc6588ba2	2.9125049905675473	4.3790625
1ce/1cceff1ab13f5	3.1170535362788003	2.790625
1cf/4da80ff2c6c3c	2.821390563343627	3.79675
1cc/1df4b8fa521b7	2.2977734795109988	6.3824375
1cd/428049dff9839	2.7979488816905724	4.648625
1ce/57efe9570a12f	2.915525427913387	4.883625
1cf/75d92ac5dc4ae	3.0509073760720544	8.353375
1cc/b3337a1ede526	3.3093858239273066	7.393
1cd/b6db6111f22a8	3.036740556197536	2.429125
1ce/c2da1ea306607	2.380863881721584	1.050375
1cf/960fd17866ba7	2.5782386261661285	3.672625
1cc/3f9f20fe8b6f5	3.3996796965235334	11.93075
1cd/543766cf8518d	3.258697575988549	6.986375
1ce/ceb2cd771c999	3.004237220538372	6.2700625
1cf/30b8277ecb34a	2.107850872657655	3.7506875
1cc/fda98be992dd1	2.123936089233108	1.948375
1cd/adab9334bf648	2.84986391601044	4.928
1ce/4c7470875371d	1.806135347616938	1.5866875
1cf/b78820b38e2fa	2.622026277958047	3.992125
1cc/c9b3635d4d214	2.6945578671783097	1.5930625
1cd/c724d7d1d6b9b	2.2222781643382046	2.2873125
1ce/43115b05184c4	2.628044417248722	2.7851875
1cf/a071135dcfbf5	3.360896122643962	2.5585625
1cc/8c420f7338df3	2.682355130897323	12.7976875
1cd/b6dd096ff7f40	2.7005492856259776	7.040375
1ce/8d61bef4a1957	3.191934134026335	6.3926875
1cf/9e83876b9e0ec	3.319502194053279	6.8263125
1cc/0fb76fbe865ed	2.788936079913021	5.452125
1cd/62948186194c8	2.019572467715927	1.2833125
1ce/5e1a3532dd191	3.1072779257352168	3.890375
1cf/72af37e3e5969	2.9260411434092983	7.2828125
1cc/8d14b212252e0	3.1832925565646772	12.257125
1cd/ccc4c5cca898e	2.40829181645268	0.76825
1ce/7619a502b430e	2.577923072261945	8.4493125
1cf/267c7837a55c0	1.1453411439839278	1.553875
1cc/84cf0c7e8be9c	1.5107424159339824	2.540625
1cd/0e7b650aeff0b	3.1317554181125233	5.606625
1ce/97ad4c088bb73	2.924144929458648	5.221
1cf/e12c226aa3f7d	3.3572810312641286	4.8731875
1cc/9e9e245f99c83	2.987817492696276	15.4521875
1cd/8c6154eaf5562	3.241619732414104	13.107875
1ce/bb15aacb82786	2.705069845880619	0.9609375
1cf/ec8421ad04c8b	2.5822545154811958	2.6915
1cc/93a7320b3e1c5	3.1680690881145415	12.288375
1cd/6e5ac785afd88	1.1292069467032146	3.171625
1ce/7ef2635762770	2.6698033921001985	9.059875
1cf/87895b05168d9	2.998415732527935	1.2010625
1cc/69f4aebad606e	2.7577312829276424	2.2105625
1cd/621e3351db5f0	1.882947756717273	3.6923125
1ce/c8dcbdb07c2f3	2.8430764963346196	5.096125
1cf/2f886b7d2105e	3.368712512958544	3.1029375
1cc/4b83652b07471	3.237135668828548	10.0925625
1cd/af0eaa7eea26b	3.2256842544799853	5.4228125
1ce/ed19fd766103a	3.233657922915856	8.867875
1cf/41d637b61c36d	2.4207018428168934	1.2134375
1cc/0f9414a9e7ac0	2.4566682878018677	11.675875
1cd/885f0f9403f53	3.187360716981375	6.731
1ce/1c9f867379405	2.5488201161572754	4.0735
1cf/64746804ded54	3.1683194379441795	2.3905
1cc/5966c7759ac6c	1.2752484506914255	0.9131875
1cd/0bf01738ac59c	3.2797352520729253	6.362625
1ce/3638ba8983290	2.7361612793016765	3.5275
1cf/e4a596805cd63	3.075137855104057	4.301375
1cc/88ae03372b5b3	3.0386201012107525	1.8721875
1cd/226ed5560980a	2.8200253444328816	1.9901875
1ce/b3ccb2807881f	3.0300690072899052	8.69175
1cf/5682dd24bcb87	2.570995873214522	3.415
1cc/c46a8228c3e3e	2.9408625923177865	4.87575
1cd/e28ffde7de77a	3.1087221247831307	5.9815
1ce/f2ece7b0e9ab6	2.7528518911971087	4.9733125
1cf/2a1b72ec4423c	3.204305324283107	7.186375
1cc/7e56265af151b	3.3898775516752018	10.309125
1cd/80ee106ac11f8	2.499796961605619	2.84625
1ce/87d72bdee9a8a	2.3004040801458645	8.8243125
1cf/f4549052f2cc9	3.2281545955986886	5.6740625
1cc/c735144e98899	3.3422988489090555	2.6265625
1cd/c0deca27fe3e5	2.499603101812345	3.556
1ce/915f5ffee23c2	2.8698431041184	11.7874375
1cf/9809313a6dcf1	3.281500865906688	4.9818125
1cc/13cb066f93199	3.036754770314805	12.6913125
1cd/fe3f49a6610df	2.214583247544457	1.7385
1ce/c421617aef2a4	3.022692326535083	6.8176875
1cf/678999d9d6629	2.6035605099901726	2.9581875
1cc/848dfba2068a3	3.2358577655745058	2.8834375
1cd/0e5635e69fae6	2.5338608558793285	8.594625
1ce/73e6aeab9a6ff	2.2631112898670738	5.797875
1cf/b6d2270e707df	2.7495414360344195	5.125125
1cc/9ff180e97a11a	3.044487926323924	3.72025
1cd/998106da06399	2.8702348844385104	2.0621875
1ce/20c1fdc9f308d	2.157935811776705	4.87425
1cf/74185672fb19d	3.336390618248774	9.952
1cc/0ed043808e742	3.3611468354114735	5.20275
1cd/e6ac3b192c404	3.351019209149277	5.601625
1ce/ff453fb711d03	2.567984512160162	10.0428125
1cf/c8bb7d4522376	3.016025208138152	6.6381875
1cc/650fa6f1755b1	2.7197850529920755	3.550875
1cd/b3e161251c3ee	3.394100262445508	13.249375
1ce/c1f9ebeae61cf	3.125742233713383	10.445125
1cf/9ebb692ccbe72	2.4398612062546263	2.9218125
1cc/1f567837acfdd	3.4153335957457154	6.6919375
1cd/6ead0718cc519	1.0856382697156748	2.9325625
1ce/a512a9a9373ef	3.1005949348520634	6.6059375
1cf/72e837c16a1af	2.5450142439877568	6.221625
1cc/63d68bbc7dcad	2.8127614567562644	6.320375
1cd/0f5ce52597f14	2.1557927095834124	1.018375
1ce/f2af5afdc4e87	1.6673672580983034	3.9629375
1cf/db060d1e25ef1	2.849194772254832	4.8950625
1cc/82e30aba93ebe	1.8573595681033213	1.0856875
1cd/3673670e20c01	3.305136597451834	4.9650625
1ce/dd14347fb225c	2.7558612530175437	1.2458125
1cf/e4ac29a0f2250	2.8238392634114806	6.796875
1cc/5e516cf9c58d6	2.8447039543188386	3.125625
1cd/cdf24dd8a40c7	2.9557693724355807	10.8515625
1ce/a63b1e89ccea0	2.570120666041765	2.7336875
1cf/1ad3c05b8badf	2.877939607476369	5.9178125
1cc/8da74742fb163	3.2094605174489006	4.3465
1cd/16b5b8016e340	2.3414859090649114	0.9700625
1ce/46349d957a15d	2.749746941534847	5.11675
1cf/417959e0d7b44	2.8113976223643107	2.727625
1cc/ddb98e2830ce0	3.289566673328074	3.7305625
1cd/cd25a845d8331	3.4474308053084797	4.0324375
1ce/ddfe2aa3437c2	2.6185462488218074	2.847125
1cf/66d1444acc8c0	1.1384167846199322	2.092125
1cc/6aa532585a652	1.9922020630612984	1.1531875
1cd/d364dcbbd55ed	3.311063289570423	3.1020625
1ce/75859b3338480	3.2386961828812497	3.6491875
1cf/c412e3be6217e	2.1296273397629313	2.56525
1cc/5d4feafb4e302	3.3803503426823376	18.02025
1cd/914b4e462c032	1.1140777475232837	0.7603125
1ce/1f10e73346c6e	2.722371425100031	2.8915625
1cf/b2ac1cfb20442	3.5157270097011777	5.465125
1cc/c99f5e7b97805	3.112247937232077	13.0084375
1cd/c9a02a06eb736	2.8189016183757123	9.0944375
1ce/c4d90625ae262	3.1396554448649088	5.099625
1cf/145c244e225ac	2.5969945867702586	8.5338125
1cc/d05ea4959a662	2.769333729595542	1.3466875
1cd/0ab707eb282e0	1.0830440651046342	2.8863125
1ce/aa3decf9e5511	2.587183659623458	3.3039375
1cf/d4330c1b4eeb4	2.4795983705103724	4.87375
1cc/fd283f8e77426	3.392347994040473	4.596625
1cd/2c543e1626345	3.4567583726315805	14.557625
1ce/66b5dfb5d0109	2.2817468331086856	2.7013125
1cf/8c1f78d729083	2.8519445992969326	2.857125
1cc/d9ef5039467ad	1.8488152739949513	1.3890625
1cd/284b7c6e214fd	2.429331948311323	3.0440625
1ce/4414352b9fbc1	2.712096697546791	6.5254375
1cf/3e251519c7d75	3.0824691374621866	12.45025
1cc/aff8386c6cf26	2.6144225872349454	3.2986875
1cd/83409f6ff903e	2.8318379668554776	8.64475
1ce/5a7e1d35edcb8	3.3152882326050035	4.99025
1cf/05ac4e4ad0151	3.358430782330173	9.31775
1cc/c20dee76c0c6d	1.7483164913688176	3.9135625
1cd/5f7d281edbf18	1.9241989267279802	3.6515
1ce/b319aae5edf61	2.8801549130062387	2.816125
1cf/19b8366545d51	3.065548015634486	25.4723125
1cc/bca7a378103c3	2.595744479408944	2.4999375
1cd/ac10dd6e9fada	3.209149662936227	10.0265625
1ce/f123042383e6b	3.4162075613308063	8.864125
1cf/fc1f02f8395f4	3.3110437479281725	6.124625
1cc/c421642d19bf6	2.645027164865208	2.59625
1cd/e094bc1201aad	3.2335432564485505	5.9711875
1ce/12fe1846d8355	2.979936347835216	5.3265625
1cf/7ed77c8fec72c	3.124285927872915	2.8581875
1cc/6fd9ed49e4814	1.826724996552499	4.8449375
1cd/c3fd36b36e3e3	3.0032740663237396	3.3680625
1ce/11f4e31afdde8	1.9256061809268208	4.8230625
1cf/98286ef68c258	2.7513531974671763	4.3714375
1cc/dae2b56461eb3	3.1555658632759	1.9199375
1cd/110dc317d5abb	2.517167532970985	5.0018125
1ce/e8b36c62645ae	3.3445525266297444	29.223625
1cf/eb7a06f4c87f6	3.3936219632177242	7.688375
1cc/c49eeda3c074b	2.6778658503896793	7.174125
1cd/79b3a9ecaf2d0	3.213560373639704	4.6246875
1ce/839a66da7cd20	3.016660098157941	1.5375
1cf/3086622fc5890	3.2603769960337017	10.446125
1cc/d0fcc77bc2781	2.70641581828254	5.0519375
1cd/cefffa7616a03	3.3009653127827043	2.005
1ce/53350a31b323d	2.457505428762748	4.40125
1cf/86045fabcca14	2.1738211670293235	2.9793125
1cc/a3e92b998ba9b	3.194570680056478	10.3000625
1cd/69012aa8846f8	1.8109028400985414	2.6446875
1ce/4d68f78697909	1.73402284046765	0.8163125
1cf/4346f6e8b48d9	2.432564038262467	1.8915625
1cc/59a2c3e2fd124	3.044633447741733	3.8806875
1cd/6f61988a43428	2.8030145300644107	3.0899375
1ce/ba64b7bfd759b	3.275921082128993	2.9593125
1cf/c520e16af240f	1.4643634624961712	0.816375
1cc/06b12323bac01	3.400419731821278	9.4590625
1cd/cf0b1b6f2d587	3.1373698231916687	7.5064375
1ce/4b21ccb050f19	2.697107187967127	1.685125
1cf/18632facc4c93	2.8708227391766012	4.7446875
1cc/5c8ea2a994a7d	3.0204597958197734	5.0268125
1cd/9b28887212a52	2.1081122419032408	2.8335
1ce/eeafcec4ab159	3.0410424649098204	4.3085
1cf/54d519071e9dc	3.096749737158656	5.608375
1cc/4ee9baba61c06	2.933450022580341	7.370375
1cd/b1bba8f450f10	3.3991757155852653	19.7918125
1ce/343c55100ef19	1.0061194789673187	1.3936875
1cf/2e6dad982a164	3.246459028193531	5.08125
1cc/643e980abe671	3.3482423871671023	12.7754375
1cd/291b805928da1	2.410731341505055	1.633875
1ce/58b138234f6f1	2.941843516679897	2.67425
1cf/f1d09484a3440	2.2373882827524927	3.9905625
1cc/b840d76ed962c	3.0394620588662398	5.0060625
1cd/dc7ff8b699cc1	3.2426065073546466	8.4484375
1ce/b6089a6d57ad1	2.6036484753498526	4.007
1cf/30bc3d8d49ac5	2.9877469018557585	2.2235625
1cc/f2038c387b314	2.73593920012005	2.4395625
1cd/d3ac00c349667	1.0847047733471697	1.400875
1ce/ff28008b141d4	3.0499259299197714	5.31325
1cf/e1f10a0f546c3	2.7380839235775034	9.880375
1cc/4f505726f9c18	1.239892703509919	0.8644375
1cd/36bdf116ea778	3.1376410487708415	5.9126875
1ce/2a461d5fb902a	3.2322889318604733	9.1055625
1cf/c5d171fcd74ae	3.3515646314659406	10.320625
1cc/5c1ec4b9f0437	1.091241549433397	1.0084375
1cd/6833e1135499d	3.343720300932317	3.7021875
1ce/cc96f84c3d5ab	2.831380153288737	10.8065625
1cf/dc153c58cd55c	3.335682817082904	9.092
1cc/118ce2898a801	3.147258220786888	5.84675
1cd/2fe444da5b9bd	3.0172645669508116	9.55975
1ce/b8adc2c68a45a	3.189581320799159	4.0484375
1cf/1ca0dfa1a7ac2	2.762805606599047	3.1703125
1cc/3b7a6b58d6c43	2.67591943190736	4.087875
1cd/c5b384d89189c	2.9139471813122726	2.403375
1ce/d827f7883f11b	2.3112286253422165	2.1715
1cf/6e2adbc88eb4e	2.618430497104044	3.655375
1cc/dde6b6982c38d	3.069959415359744	7.2100625
1cd/2f09dd5ea5057	1.652450070879811	0.768375
1ce/ebf4bda070064	1.7630203859993925	4.5165625
1cf/bd1ae5ea467b2	3.3894076107871114	9.3534375
1cc/71cb77d639da3	3.1878623050845847	12.9318125
1cd/8ce02fc48ce31	2.70315313191635	3.271125
1ce/c9b27775612a7	3.4196239233545804	8.30725
1cf/a9e369e9217f6	3.5788574091212557	3.9581875
1cc/751c5f8a3550e	3.1166851531572974	5.30875
1cd/575657a1b3bcf	2.15329173429074	1.823125
1ce/4d398a67fd23f	2.3198271121792216	1.4784375
1cf/c1c8294f5fc4f	3.262792050963554	19.5298125
1cc/a7dc3cbdfc4d0	3.0556966182383585	4.1050625
1cd/cacfcb509f31b	2.7163822822812373	3.8291875
1ce/b39572ba0c6d7	2.925625761702799	1.9545
1cf/7ba80955d756c	3.2848695593223725	3.974625
1cc/1dc04be69de10	2.9653399377675282	8.835
1cd/7082f8c4a1f20	3.1848464311488973	2.421375
1ce/a3a9188f03c3a	3.4506774215496434	8.54975
1cf/5a4ea6e71e604	3.0007334996704773	1.153
1cc/f507db3e80f51	2.9957777733997157	4.9060625
1cd/ab62f36b7a8e2	2.528371438823643	3.063
1ce/658979232a799	2.2783748879504713	5.016875
1cf/c9037c2aaccbb	3.0822425966557176	2.2106875
1cc/2a014c4f456d4	3.17469709126773	7.74325
1cd/91d81545ab627	3.215072752535768	5.130125
1ce/ac12c9ead128c	2.0155776236755796	2.2106875
1cf/b6f6ce01e906c	2.5720778113289953	6.72025
1cc/b4bdcc8399838	3.1889218179016536	10.9755
1cd/14cf60cecd7a6	3.0030133362078963	3.1085
1ce/9e02008b482ef	2.8079470428063256	3.9643125
1cf/570d67728d61f	2.6080020399992017	3.247625
1cc/42f54ad90a433	3.3735630772974154	7.134625
1cd/bcf88198ccaf0	1.9152560512406376	9.1263125
1ce/a9d0445ab8df6	2.791584417426322	2.5318125
1cf/edad1fa329bfa	2.691531747324811	9.6689375
1cc/6614b1ec2369a	2.97416937625008	4.5059375
1cd/7397351eca757	3.399030936862519	3.5435625
1ce/f8f79cea0fb59	3.025682906361799	4.29375
1cf/0cf6dbec23e55	2.5931537842221712	1.2329375
1cc/3e0571f0b4aa4	3.159770584416666	3.31125
1cd/29dd4604648f4	2.0397785170674845	2.0189375
1ce/dd3372e3cc3b5	3.2776583647902537	4.8106875
1cf/93e98eb0d20c5	2.888453479231454	4.791875
1cc/266fc9d6e6407	2.734231449331202	2.593125
1cd/fd40011b49f4b	3.2792101952138824	10.3366875
1ce/f043b20a2ce26	2.2940755320689745	2.055875
1cf/77a2cdc0f22c7	2.4171651860278245	6.199
1cc/71e1748467f51	3.29419711245587	4.941125
1cd/86b14ca6f3839	2.598149559699934	1.519
1ce/cb4d5f5a27999	3.024841893123326	3.57375
1cf/4d66a301b44d4	2.804291590854604	6.8078125
1cc/bc924dfb8112c	1.7548665893136066	1.201625
1cd/badcda745199f	2.8249071146024987	13.64675
1ce/481509ab81a8f	3.498213663874452	12.005125
1cf/559d7837a1658	2.8383995116530065	2.3333125
1cc/ff0d1706d3f40	3.257460427170905	8.5016875
1cd/421467a417cca	3.364456505142801	6.146
1ce/5a33ed56b3eb8	2.268022110649343	0.6240625
1cf/536fbdebebef9	3.395471443949918	8.317625
1cc/420ec36967be2	3.3283892882647836	7.86675
1cd/48c3276417712	3.1337763138038324	15.478125
1ce/916aa1d275a63	2.008141422651058	1.2501875
1cf/a950886860f3f	2.0764820917068905	7.47825
1cc/8a9fb758ae327	2.830157056491348	5.064
1cd/1c2de36ada334	3.1960534617430545	4.3929375
1ce/fdcfb68d7dc99	2.2350724207243706	7.0175
1cf/35552b21b5eec	2.3421717690917645	2.212375
1cc/2b599b475a957	3.2020942149200216	2.00025
1cd/3fc53a61624e7	3.0635220927280016	4.257125
1ce/ebe232ad3fa2d	2.991695420267392	23.52425
1cf/dbbd4894a32ba	2.8891494274654157	9.4995625
1cc/155b2f62e3278	1.6836661230650432	0.9605
1cd/ee38829d8b21c	2.1486367856449546	3.1485
1ce/d502a404d565e	2.826848932055169	6.560125
1cf/58bd4404f0dd8	3.2291459313468964	6.537625
1cc/9d147bdae4e4d	2.4243882966508767	4.9705625
1cd/11aa955a7d823	2.2315500217351683	4.350875
1ce/7f7a8706df48a	3.293052657266459	8.93475
1cf/a861db3f16335	3.1726517289002274	2.95125
1cc/d31dd2fbc31ca	2.4954938927406887	2.3805
1cd/9ff69e792b1e2	2.2524139207189755	1.802125
1ce/2632a145fd3c1	2.5935686328224024	4.530875
1cf/2f954945d644d	1.060447970270332	1.8738125
1cc/872894bf93cd0	2.857104199972513	1.295
1cd/dab8b9616c32c	3.2504118996322595	7.030125
1ce/3ddfcd8e7cd90	2.769507860451566	3.453125
1cf/6df576ddbca6c	2.7933326101995544	3.273375
1cc/5656897992010	2.8415478917378434	10.7901875
1cd/5095ec47d9540	2.8328616545382275	8.893
1ce/7ffde1ddeb6b8	2.6753388072647626	5.24075
1cf/ff9e29ba60444	3.4988119045999007	9.63625
1cc/5ba915d9c7b3d	3.4304752546374444	10.8996875
1cd/37b2659bfe8f9	3.3104740709860203	8.8624375
1ce/22716ed5cd17a	3.3000624898939273	7.418625
1cf/9ac49c4a2027e	1.9060914139601408	5.8606875
1cc/bd4f43579ddbf	2.3924613102125547	5.7544375
1cd/bbfee5f1fda15	3.3399193498520368	12.23025
1ce/13c5d42ab81b5	1.8157692465086968	1.0534375
1cf/17e2f92788966	2.700535443489323	3.3819375
1cc/1c158a71b0bc5	2.574172213102721	5.16325
1cd/86093581431c7	2.571879032396546	5.8465
1ce/390e13310068b	3.29204415669199	5.25275
1cf/c2de28d7c56ff	2.762519747728754	2.4301875
1cc/7fe87764f02f2	2.741839229494858	5.81775
1cd/7c7c72d67a827	3.2706432858472856	15.8575
1ce/bb2649950e730	2.6871230202023613	3.605375
1cf/cc455eda4dc31	2.8210807686559103	0.8168125
1cc/d1d6a05708ded	2.9109980004920524	1.6031875
1cd/acd812fa9cab2	3.0386350074469646	4.3748125
1ce/5b661e595f8df	3.0420926555686907	3.9433125
1cf/7abdee7d4d540	3.3343662262461793	2.840125
1cc/84a1e11762162	2.3036563560979366	3.778375
1cd/80415f7d35b28	2.8251158830501013	4.4305
1ce/ee9ee9b5b7756	2.279194547049872	6.2615
1cf/e8caec14b3b96	2.685082322699388	4.82825
1cc/be209821ea9af	3.0816897602748217	5.7593125
1cd/a8e1ef24fd871	1.8129772228214367	6.1924375
1ce/5272be9d5fd82	2.509779860414497	1.6366875
1cf/6b2bece099ed7	2.7663125627893894	0.7810625
1cc/53234eccfb3ac	3.2242472447446415	5.384375
1cd/91996478660f7	2.2297574876795268	4.9130625
1ce/1af848d030fec	3.386327278989493	2.6931875
1cf/6572da6336620	2.458730910752284	1.9721875
1cc/86444c85a7bcd	2.6869080728180856	4.24525
1cd/64736a7a4d353	3.2750385652149916	4.413125
1ce/51aa8cd679c40	2.6629597448265048	4.1015625
1cf/ec26bd09661c2	3.292821482623856	5.2141875
1cc/960c8a2979435	2.5916945439403274	4.2018125
1cd/aeefdeaab856d	2.9811511694289954	3.7660625
1ce/4d979f702690a	2.7744594155634528	8.9059375
1cf/686a380d22265	2.2097477278891273	8.8451875
1cc/dea42af25e83a	2.270549374995813	4.5851875
1cd/96f7279e5c8fa	3.458264240339724	6.900375
1ce/5b69ff1e501b4	3.28760939567585	20.911875
1cf/c9a499975e841	3.1677569421991936	2.1630625
1cc/034c645ea277d	2.9216712067599766	9.6428125
1cd/6dd7f48349b21	3.163492847543486	6.9286875
1ce/f3198dcf68b92	3.0924518200547526	11.4535
1cf/1cef8ed52fd0b	3.2167013039543866	8.84
1cc/c04516b3c1c0f	2.8746273762746233	3.7001875
1cd/dc0e200c8c58e	1.7429056967886758	2.5963125
1ce/40f32a437fa0d	1.3407381020109204	3.7180625
1cf/1dc41dbdce788	2.224820588463924	4.9329375
1cc/d83ae8323928c	3.033801533453758	3.984125
1cd/3b884968dfda1	2.7699549255386238	9.9126875
1ce/f0aafc5b3ec47	3.4222672475362392	4.761625
1cf/578a2997743db	2.6975455512651023	4.346125
1cc/c7d98d83323e5	2.435227985792811	1.6816875
1cd/1cb4b04dd8c29	3.2038964116385693	6.2278125
1ce/9f329fa5bd2ac	1.8955044604655882	1.0086875
1cf/3ce9c82f3b535	2.7009475884846856	1.2413125
1cc/845e453456bd2	1.9139303143132604	1.72175
1cd/f8c39725b0124	2.65859317825512	4.4828125
1ce/69e6ec0db3f19	1.4285792869458895	1.02375
1cf/92df13d0ff937	3.2008858778042684	9.295125
1cc/3a9eda08ec3fe	1.4513917010300683	0.6240625
1cd/1ef41bfa6d351	3.2657464060552748	10.10475
1ce/cba63e390d958	2.9911387855074736	5.6346875
1cf/525d1c0fabe5d	1.5270126155516108	1.2974375
1cc/a269afd2e29d5	2.5564765334112147	15.429375
1cd/86cb7032dbebb	3.1533397616689447	8.0231875
1ce/af4c165726b12	3.104301108004519	7.6461875
1cf/3563c91628434	3.3285391061090657	5.1290625
1cc/c4f93d511ca96	2.864422482699932	2.5468125
1cd/69fb8986867fe	3.255329558482769	5.631375
1ce/aaf5635c592b2	3.3861225178479564	10.472375
1cf/ce4d2c1e888dc	2.915644747256834	5.9604375
1cc/0b02a149c720d	2.901675277134521	3.576875
1cd/2af35f8ddb8be	2.891685027286279	3.110125
1ce/9c8df49ae6d36	1.8877045957672018	1.610625
1cf/479db96a694ff	2.75015086352938	3.6890625
1cc/37db34fb2c66f	2.984408673282705	4.2488125
1cd/e5c753f7f7c56	3.098708118678308	4.8269375
1ce/42957e9c1cc3d	2.8448875398581817	4.698125
1cf/bc026c2044ad8	3.3339933969345665	7.22775
1cc/eb68142148066	3.0299834797333043	3.416
1cd/a39e0dc5fdb79	3.2644744619314277	3.2855625
1ce/11faf29072ed7	3.3679139379890515	6.457875
1cf/8e538b72a8947	2.9437280464931854	6.784625
1cc/2df546d6d6344	3.1979135026128684	1.503375
1cd/f636f4ed26eea	2.9837876492196465	3.8871875
1ce/5e979dff62623	2.181659168152214	1.850375
1cf/f3ec86394f0ac	2.6763731142147313	2.6429375
1cc/4e0682288fd3e	2.190611392611108	1.009125
1cd/4c496c6b759a8	3.436255464014132	14.4731875
1ce/3f9aa30739b6e	3.44693968682411	7.0805
1cf/4384dc8686fe2	2.7523811198469033	12.501875
1cc/a41a6189e7e64	3.192144511080158	11.161
1cd/281470311a17c	3.3757173233551385	1.5853125
1ce/7f4040109bc4c	2.776607548167397	2.0693125
1cf/fe0d29f7435f4	3.116652525389003	14.0821875
1cc/0a208fb24e3d3	2.417308382599146	3.4023125
1cd/87da6be1a6de3	2.898303712913336	1.78375
1ce/99ec70d4b6a15	1.520339589306466	1.558375
1cf/44b71f23f238a	3.2485256317273676	8.054875
1cc/4e440a51360c8	1.8284749188517817	13.3525625
1cd/9a8e5a9f1f4ac	2.182927583394957	1.00875
1ce/7fcd0a36f3161	3.18766120564998	3.4123125
1cf/2a7b807d5beee	3.0684359466333397	9.1235625
1cc/9b462d07670f6	2.3271759836996124	2.0643125
1cd/0803e12d06276	2.517196068909522	5.8805625
1ce/61130338e3d47	2.678808771605426	9.2709375
1cf/fa1c0ed1bb373	3.0136872963108177	5.5590625
1cc/7d896236e7bf2	3.366200409522443	6.8610625
1cd/2a06bd8b4f14c	3.5560927850401933	13.715125
1ce/bcebfd7f70152	2.3114819167574794	4.567125
1cf/2c8b3d437d931	2.9581293937827717	7.45975
1cc/0a24f31f1a443	3.3004420161885437	2.645375
1cd/e502c3f67d2e2	2.973632838279854	8.6793125
1ce/5e244befa3f0c	2.325186693566741	7.467125
1cf/b2f11d6181c18	2.9324579521717546	10.696375
1cc/d68c05865c31b	2.1975516841605343	2.8739375
1cd/c9a2adcb59700	1.91317395197437	4.6033125
1ce/bdc023a00cb8a	2.4725807673024454	1.9000625
1cf/f1a5fa2f08d47	3.41394645203169	7.693125
1cc/70f9a0c087ce7	2.915292127213853	6.5141875
1cd/55bc8ed1a680a	2.5907353000746043	1.615875
1ce/78ee2f1e74787	2.6320938287495226	3.3165
1cf/cffc5cc310c18	3.117957700225125	7.7599375
1cc/f7f7584a28074	2.6385689511350088	6.087
1cd/744fad3dfc100	3.221049360359992	3.7800625
1ce/df127a5bd0e1b	2.285535396185901	1.1529375
1cf/da23e67d31dab	2.89483623112885	3.625375
1cc/5dfc344f478cd	2.6313585321248745	3.53775
1cd/297bda54229cf	2.4481842325367245	4.5
1ce/3a83e5db464dc	3.3835743545421586	12.511625
1cf/47ef4c02ef0d5	1.6741326553750546	1.7108125
1cc/e8d6c9da7637d	2.7409339167787783	6.9883125
1cd/53a06a32b9ac7	2.565800712020643	3.1695
1ce/dc530b2f05e75	3.317556064475872	7.9058125
1cf/ce1d9d173c40d	2.5568947092422443	8.4505
1cc/ec97a817f789e	2.3517752411983306	6.4885625
1cd/37ecd6c0dd6ff	3.1906777408804023	16.772875
1ce/9c7792c4bf261	3.1279692603151825	4.3030625
1cf/66b40aee76121	2.985879876705264	7.3365
1cc/89b287342a10d	2.38436717965737	1.8040625
1cd/4f8297a287964	3.026241164412926	1.093625
1ce/f56087d9e9a24	2.391911524623985	11.4061875
1cf/388c164fb972c	2.0003144433855766	3.0601875
1cc/b2e38ea18c677	2.8758264002392346	4.6633125
1cd/2e9ea92242f00	3.2035389712828453	5.8449375
1ce/f63220d64d9d6	3.457328347456046	8.8159375
1cf/300af871597b3	2.2096684369329886	3.7315
1cc/8bf30ee11f922	1.3778329843763615	1.8759375
1cd/be0709098681b	2.493767625511243	3.1025625
1ce/2bec428c28417	3.569238113757622	10.628625
1cf/451e69a518407	2.8032450766910166	1.6221875
1cc/4929cf77d3786	2.8324433162747797	3.181125
1cd/1cd11c2860bc7	3.395316419994629	5.3345625
1ce/77669cb700e4d	2.0979167351388615	2.988375
1cf/05ce8b94039c3	3.1893852209826434	4.0884375
1cc/d9945d4f89404	3.1799758496593458	4.0755625
1cd/67dd6620055ab	1.1571619169468847	1.651375
1ce/4957d8ef1012b	2.647590728912868	6.537
1cf/7fe03e2fdd4bc	3.475493682612036	3.2496875
1cc/0cf81c31814bb	1.1417493709250057	2.26925
1cd/3844d037aa23a	3.4066931636874087	9.61525
1ce/7fcee805592b4	3.2444758272485843	15.013875
1cf/c1dc97d965740	1.5475225804273174	1.104625
1cc/581ee30c16934	1.992722480771714	4.8800625
1cd/2d61f4cdfae3a	2.927493933226652	8.7018125
1ce/9c4f5d7337c90	2.600237796500692	3.6971875
1cf/20d2b4d64207b	3.015630250942124	8.6713125
1cc/0436fe9e2988c	2.1170376598854803	6.64975
1cd/67a11ea1c3afa	2.4726842173370116	7.9325625
1ce/b9eaf9b533647	2.8298861962875925	4.183125
1cf/25a10448c2b81	2.0458358902761296	7.7670625
1cc/f1144b3ac6f39	2.896945812566971	3.07775
1cd/84c1bb6757627	1.6714222627319977	1.9865625
1ce/3174d9e515fd5	2.265903912499893	4.225625
1cf/8b368d7c210ce	2.8906859804388296	1.904625
1cc/ecdf0e90d4dd3	2.489470769145237	1.6815
1cd/5b61999f2bc1d	2.8309291594983703	5.60025
1ce/b2fa0069d64b8	3.4777684587906923	13.8891875
1cf/74faa7d2742c8	2.995267093036462	3.481
1cc/82798c0c5fce9	2.8207094501633283	4.7911875
1cd/0e4235505392f	2.9689223551709554	11.680875
1ce/5850b28b8a271	3.1955861754808743	1.90075
1cf/113213cc8c29c	2.6615503960998175	3.7974375
1cc/974495901ec4b	2.2558332663355234	2.5361875
1cd/3751c5d6cbc57	2.3621400718862944	3.4278125
1ce/92d0bce769940	2.4032421795332817	13.1543125
1cf/5e1bc75693d3e	2.108718175996705	1.3461875
1cc/5c8fdacd306d7	1.794223472537872	5.117125
1cd/75fc1e7e0a523	2.4995447448277175	2.7375625
1ce/15c6b1d80f668	3.344604891675039	2.37025
1cf/66645bb26d72b	3.3036147172657957	13.037625
1cc/219ce261dbdff	2.984490310174268	3.206
1cd/67587600df5d8	2.897358052145481	4.1891875
1ce/4d84b15b9bfa6	3.2409169685308328	4.479
1cf/7fedb8073fb4d	1.10788471908465	0.816625
1cc/d104ae79899e7	3.0031149362252005	2.7926875
1cd/b3db792a6575b	2.7306572147026253	2.6006875
1ce/9baa68db40472	3.3891038964587095	7.2099375
1cf/b0398286d7f63	2.6852647460837438	3.76825
1cc/59f3597cee79e	3.163725689891914	7.5078125
1cd/dcc04bef1483a	3.2380505959024446	8.4963125
1ce/75ce0d751ed46	3.2231736214658455	1.6344375
1cf/40b862de5e329	2.917438055303821	2.8863125
1cc/cc1decc7b6dea	2.6719336821977446	5.645375
1cd/2d59ca2cdb543	3.2380237489680566	3.6351875
1ce/7093d285d0cfa	2.6366093447621486	3.2243125
1cf/9fc4d7c30f739	3.460841373954118	8.511625
1cc/93fae0bc36569	3.3872250114300373	5.8228125
1cd/b5e0677bf0cb5	1.214174150004889	2.236625
1ce/d7b1409c40734	2.530685943707386	11.49825
1cf/2c50df2fda14b	2.9463124617036773	3.0050625
1cc/ce6ba28eded1c	2.2356568989723216	0.817375
1cd/b1bfdeeaf42b6	3.0996818310071084	4.0506875
1ce/59163c31d4921	2.3365924348439306	4.801125
1cf/c995a9dd5adba	2.349158837283278	3.5115
1cc/45ef3b18033d7	2.4420412618000262	9.58725
1cd/81feec4cecf65	2.7213789439936473	5.6635
1ce/555e4949faf8a	3.4338441720810957	10.65225
1cf/067be0e2d7810	2.9944990696028784	8.438875
1cc/0d85a8f9f3a95	3.210579383537396	5.9381875
1cd/36e4a33ec273b	3.0073609720935224	8.737125
1ce/ce0c8b145bbf6	3.2832436300427092	7.15825
1cf/10507011bda86	3.0473738857984896	9.8443125
1cc/33fc2e1d45088	3.238285309108147	6.548125
1cd/d76481921832f	3.228350117051868	14.983875
1ce/bdc12b726f3e5	2.6742515439718235	4.480875
1cf/2e5295e0bb1e0	2.5583196556576073	6.921375
1cc/dd116dde7814d	3.312947723402031	17.599375
1cd/3a15bc2891e89	2.4899817223835328	7.58225
1ce/64e84168bfed6	1.7782885818436636	10.42025
1cf/c6e8c5d8e0ac9	2.487141345594651	1.7296875
1cc/17889a7beaf57	3.3693062487983907	13.5325625
1cd/dcbd3667e5d95	2.6404676949950505	3.1720625
1ce/0f1118e634d41	3.195710423384582	5.130125
1cf/13268a57c7591	3.436760306933	8.2203125
1cc/f5c8b7520b868	3.353583448763665	3.656
1cd/845309487688a	2.4633669195831382	2.14625
1ce/03e724047ef47	2.896583177278579	2.4516875
1cf/d74c1da5b01f8	3.0276380509907526	7.4435
1cc/45a76e793c307	3.2663057773635926	7.0683125
1cd/f2d297e12c268	3.3394165760229484	6.0903125
1ce/b6ecc53a6dd1c	2.9726385635376364	3.6075625
1cf/2bc87367b03a7	2.129979532877533	2.4936875
1cc/bc01e24dd9acb	3.1251732490799116	10.464875
1cd/96b4a8730c30a	1.2775776131813399	2.1158125
1ce/f258642207a81	1.4639329942568633	1.5381875
1cf/fd8edd6d7e899	2.9855740776472324	6.9813125
1cc/8e2428d8d4816	3.4789096217846414	10.04875
1cd/a8ea96c8e822b	3.1079691747574736	4.454125
1ce/c8f8f9a099aa6	2.5185028717998357	1.489125
1cf/10325e99d9e49	3.1645422888896526	5.0029375
1cc/1ee8f1a29ca7f	3.106281472831621	4.8893125
1cd/1c3b20ce70795	3.4645351821809083	5.101875
1ce/99ae8d645c494	2.217463188594342	6.2991875
1cf/0cdbf35e642f4	3.3116899066024925	15.746375
1cc/85c7e042ae23c	3.188216185560035	5.0701875
1cd/0eb9ef68f1dec	3.262979135130933	6.8188125
1ce/0db97e50e62a0	3.2711089347485083	5.8965625
1cf/52d33fd76f3af	2.815462516661141	6.616
1cc/f2ed7c1b0de15	2.499240516637174	8.763125
1cd/0e05044490234	2.9098808744933278	2.916
1ce/651daff29cec7	2.883138398861124	2.2101875
1cf/a47737093b5c8	3.218474632577241	3.1753125
1cc/159fa52b7daa4	2.955112434044349	8.8775
1cd/c39e7cc639843	2.167059063094656	2.439125
1ce/7ce6e29cd38fe	3.2209925712626526	6.9201875
1cf/eb9b580edf2d3	3.107506055078539	2.100125
1cc/12e72cdb46f05	2.598516562556644	2.0209375
1cd/a0d323cddc320	2.7162330408241115	1.747
1ce/1f6d98bf8b47b	3.338165140947848	7.253375
1cf/3bdad244e07e0	3.36069914820537	15.0739375
1cc/a6b14c2de5e68	1.851834208951201	1.4961875
1cd/e0ea4b28256f5	2.4931021768814077	2.16825
1ce/4cabe3c853a11	2.5162727405478806	3.57025
1cf/21e97c002023d	3.4578525880132567	8.0023125
1cc/a32d103a28756	2.8231283628780295	5.9905625
1cd/7c5df84dc9999	3.219832707953397	7.59075
1ce/8533ac4a6e4ac	2.519762194944415	3.2024375
1cf/f39f2c2bd16b6	1.8642227998358167	2.35425
1cc/900beb476a7c6	3.2357248761665502	6.86425
1cd/3577c64504411	2.853892824932887	4.117
1ce/3e6f308aaccd1	2.0496613240509753	1.7296875
1cf/5a2922e54edcf	2.7121110440224676	7.329375
1cc/691a4d70f27c5	2.931155957349805	4.9385
1cd/08c54efebbe51	2.2747834918667236	3.41925
1ce/b4fb342478334	3.2884486468407825	5.75125
1cf/4e8914fce3f69	3.2485887359993497	4.3528125
1cc/7c0bd5e6fd589	1.1011699169301414	1.69475
1cd/8f8ae815bfde6	3.4257014679173152	3.433625
1ce/426cd0d53e089	3.1722963579021513	5.4380625
1cf/9a68c38987d45	2.7378939819454327	8.3931875
1cc/b14b4c4093d02	2.5615742270022683	1.0330625
1cd/6820da6ed2e94	3.4601195229649058	8.5926875
1ce/fe8be8f85a1ad	2.346271565441254	4.302625
1cf/fc410fb3cbc1b	2.8681268127822306	6.4703125
1cc/b71175576ef89	1.2008184397251738	1.4904375
1cd/c3a47708f67aa	2.551334773478587	1.510375
1ce/bc0d924bc2591	2.3618067367022233	3.5094375
1cf/a8e45dd902549	3.059835758151713	7.7471875
1cc/056a458106f2a	3.0188049324381883	1.39325
1cd/0c250143353c3	1.3316384139236508	6.187875
1ce/6e2bae90aaeea	3.4133877516478015	9.32875
1cf/10e2b61ccdfbb	2.1176282363537178	5.269875
1cc/4238632ac1660	2.0598460511075856	7.54825
1cd/f4418cacbe707	2.069296463169807	3.7063125
1ce/97c0a3aa7d3be	2.9689825547334325	11.4794375
1cf/eddfd91e9717e	2.7089535005139136	11.0830625
1cc/a4fec57e0d127	2.9898980377755606	4.0175625
1cd/3401f2d85fa66	3.4935093527363663	9.2850625
1ce/5cbb7259407ad	3.007811532493258	13.2928125
1cf/ff39f8213c751	2.139618151427655	3.1050625
1cc/702fe7a2a6bed	3.2899925237757275	4.129125
1cd/41d34418355e8	3.1312229602728356	6.59275
1ce/dd143cf4b34a4	3.4475500010696236	7.398875
1cf/43e76e7bd6ca0	2.76516906381916	2.8456875
1cc/8cecd5fb50a78	1.3413865567770782	0.912375
1cd/a408a456e8835	2.6766471307221136	4.0374375
1ce/66e58648ebbfa	2.7961733106882423	13.6753125
1cf/44ba38b76b31f	3.019352439093222	5.7391875
1cc/b3e3a0b5dd606	3.163146266238468	5.5271875
1cd/77ef4b0494ff7	2.4739889491513063	5.392625
1ce/9c1430d409c18	2.6885246517855497	3.0965
1cf/269a387e3e6c4	1.9563246984036378	1.393625
1cc/3d94ff35f0dee	3.351313045001406	14.3223125
1cd/38bd917b4018d	3.4326856430322867	8.2406875
1ce/2a12f9af04855	2.3911583907963525	6.3028125
1cf/bf0ab732b4fb9	2.5621871830451366	8.89275
1cc/2de7b78765e9e	2.9257921522564336	2.29875
1cd/b4bd43bf5211c	2.7712584734583534	3.4946875
1ce/a0982bf10f765	3.3112652217163503	7.5948125
1cf/38adbfa26cba5	2.577261446774284	5.2045625
1cc/0c0c4afd616ea	2.581713504111103	1.1774375
1cd/f302f969f098a	3.3572405208543024	5.0805
1ce/9c1d166117a42	2.4026908341975077	2.5120625
1cf/393f8fcbd2d45	1.6652186581689226	2.070375
1cc/b112c763cb84f	3.420416527002144	9.7609375
1cd/4eafa602c274b	2.6842389383173506	11.487125
1ce/85a73ee0d9746	3.113261291129911	5.538375
1cf/e0929e010530a	3.033701708819555	5.9439375
1cc/b1d88b2afa62d	2.976645596959117	3.2378125
1cd/dc1389ee8d185	2.8932126663594793	8.314875
1ce/e8f373a084605	2.330336536295882	4.4689375
1cf/2ef274cedec2d	2.049397200757763	3.88875
1cc/ccb952de08be2	2.2874852732934126	6.3234375
1cd/6e977b64b7ecc	2.3016040418391857	1.4348125
1ce/c01ecb4e4e5b2	2.535545210847473	1.5371875
1cf/54ded7251c606	3.355084968010274	6.1423125
1cc/43a2541d336e3	3.16669216007353	9.3355
1cd/3bdca8fc8e8df	2.429920685948599	1.9475625
1ce/07fdfa46f45a5	3.196742685197055	4.2225
1cf/5e45a593d3db0	2.818565561341854	3.3458125
1cc/dce7b5b399585	1.3683974608763363	1.8278125
1cd/9352a67c128a5	2.936814977466496	6.3281875
1ce/747e56bb51cbf	1.1460396339545	1.8989375
1cf/358963832db0b	3.1707052538552816	23.2316875
1cc/322f13ab82500	3.1957620208485973	9.39775
1cd/ff8db2ac71f62	2.422184398661578	1.05725
1ce/4efb19b8d232e	2.373918689546148	5.2098125
1cf/f5b650dd2a7e6	1.0981817731945291	6.2335625
1cc/2af0aa5b4ca05	3.1352931984935286	2.358875
1cd/a2ce53ce66b70	2.1519995297364996	3.1205625
1ce/c58648ca92ae5	2.73866378389058	1.402625
1cf/dc604f3ede017	2.8983543695263014	7.2094375
1cc/9844eb210241a	1.9121482082201064	2.5711875
1cd/80447d0028ed2	2.1761597237149437	1.60125
1ce/128057a09b2cf	2.916023127743981	3.6439375
1cf/cdb0140e223d9	2.106287985367168	4.2488125
1cc/e369d5c051700	2.8797120087864867	8.715125
1cd/2a115f96ec7b0	1.811356202126866	1.882375
1ce/e78a0948c444a	1.4087420088159872	1.5385625
1cf/e357fe57e4ef5	3.199452894723282	5.1814375
1cc/a9fb156158a4a	2.6722008202853367	2.46575
1cd/97c65d9bc91f8	2.5272153139040494	1.424375
1ce/43fb22cf819b8	2.8960662685129166	5.499125
1cf/406dfbf3f444a	2.9785650163464896	8.817125
1cc/e3a7163b13252	3.215838343168489	14.323875
1cd/577c8fad36715	3.1089180471112154	5.2099375
1ce/63c54fa381fbf	1.9104627786658839	1.129875
1cf/0d47739618eb9	2.4563574226718456	4.9525
1cc/8714f2e9500cd	2.9720385240857663	2.52475
1cd/6e834bc463483	2.5479391799457765	3.079625
1ce/ed50265c8f710	2.5655327154038545	3.7798125
1cf/7c9b74802218c	3.6474515840295	16.7125625
1cc/90be84df7620e	3.417814853974742	3.94225
1cd/f465541b96df1	2.7121686843037742	5.253875
1ce/cee8151238c52	2.896337962596192	4.1439375
1cf/a25c627005586	2.6786115739684786	10.5766875
1cc/8ae071b7034ee	2.890955138309415	6.536625
1cd/56cd4893899d9	3.294560041266944	3.3206875
1ce/f617124d47d2e	3.2934949912049234	7.8788125
1cf/7ab2f3458b2e3	3.13484536263728	3.73325
1cc/62c3810088d8a	3.4046019833657457	6.6503125
1cd/1935e8133bcc1	2.7976755770045556	4.348875
1ce/48a13be877c0b	3.408540524958586	12.6255
1cf/ea35815eec23c	3.0126297463268985	3.545125
1cc/e36c09be12c17	3.365074102949356	11.521625
1cd/72c20d428b385	1.96146488934203	2.3404375
1ce/fdebe7f111d62	2.1574336332801898	4.5065625
1cf/f8b8664a0a755	2.27635884807386	1.2010625
1cc/6bd9624207957	1.433345401314374	7.7136875
1cd/dd8c0c65a8d1f	3.1559625866815386	5.1775
1ce/3c2aaca624aa5	3.6399841325369424	5.3421875
1cf/d16db9bb5062e	3.2396821532083813	8.3039375
1cc/aaae7de39c5e9	3.3416048880993254	10.22675
1cd/6b32349bb0ffd	2.043926303000304	4.2529375
1ce/6741014b82cb0	2.893344564976046	5.6225625
1cf/11281087037d4	3.2022613577781613	18.061125
1cc/6d7d96f68e320	2.470468081793881	1.7938125
1cd/756e0098e0fc7	2.723508945335847	12.530625
1ce/9abfcebfa80d9	3.174926592271149	8.17825
1cf/a7046b09dab3c	3.2802530672966626	3.8996875
1cc/57bcb2a1652df	3.129297408513984	4.3285
1cd/3becaf474b5ab	3.276653103304883	5.0244375
1ce/b8b769a7c3e6f	2.858155212167098	1.7378125
1cf/448c3be4fb26b	2.906008519998865	4.644625
1cc/5996a31ae0b47	2.5020757881372266	2.465375
1cd/49a5b826eaaea	3.2480123608801104	4.6485625
1ce/77e539c433406	2.847353650942765	5.152625
1cf/082ff65440818	3.3079939113640475	13.2708125
1cc/3d43e9d907cb1	1.974211961171953	0.94325
1cd/ee741ecd4b0f8	2.945114107357255	2.8385625
1ce/f4f9ee24decee	3.1879848850489365	9.4785625
1cf/80e375ca7e3c6	3.111693890001505	10.3333125
1cc/2e0ae2cae0d83	3.0533515369742505	5.0895
1cd/d6af5fa29ac9d	3.251027943675314	4.4970625
1ce/272eaf7c25bab	2.9711217980600044	4.0605
1cf/3cba200c0aded	1.8247648996983148	1.51625
1cc/ae8d3cb8102a3	2.6946345832269003	9.725
1cd/48a376b186071	2.486076963866118	1.4555
1ce/6c8217851b0e9	2.7046653318178193	2.0225
1cf/b110c41ce265b	2.324237133937826	4.2075625
1cc/baf0f368c8685	2.652661734121524	6.5076875
1cd/4d624e9bc55de	2.6842250455517074	9.794125
1ce/6d9121f6592d6	2.995753058854842	7.7919375
1cf/9e232b1b4d2e7	3.184304946425713	2.93025
1cc/174a07837931f	2.149438475516837	3.0835
1cd/dab65e0030bef	3.3481899509010495	8.1729375
1ce/4be68c17ccdb1	3.4296583347063887	8.651625
1cf/8a37e2c354f71	2.749853149573678	1.9850625
1cc/d774b175e36c4	2.394037018588831	4.744625
1cd/4b89014fcd43a	2.870957219668876	3.697875
1ce/ab853ebc46f2e	1.0765700248497785	1.3455625
1cf/3ebb3dd22af0a	2.8765643975339343	6.341
1cc/67999f0e6b412	3.071560384525594	13.664125
1cd/802ae5b92160c	2.7212596352677	7.3655
1ce/8fd3cfd9f0044	2.6231009760672497	8.7785
1cf/6c38bf884d298	3.211942600197083	8.8491875
1cc/9779572553a60	3.127720261249355	2.532125
1cd/b3b2d6293d708	3.3714458132166882	10.503375
1ce/bf644965278b6	3.249070283512419	4.930875
1cf/cce7df4fe01c7	3.0269000430045847	2.6679375
1cc/75d51703eadaf	2.6973729710914847	4.7545625
1cd/3bcc0523c5607	2.036658093674799	2.218
1ce/95e02a97e9344	2.5859770639552586	1.768125
1cf/ca2088a74aebe	3.270863909707375	9.3731875
1cc/c50f9166996fa	2.0733694542952543	2.4783125
1cd/94e9a1f5422c2	2.832262204358259	5.391125
1ce/20b1fddc29db8	2.430838870172074	2.545125
1cf/ccf1c7cfb31da	3.076494695571044	4.3874375
1cc/3c7201bd5e465	2.500295876617334	1.92775
1cd/77f6bc29082c0	2.196844290543102	5.1355625
1ce/f7d28aebc8043	1.9562044458762597	3.7983125
1cf/1edaa8a3139cb	2.6369341022301636	3.44075
1cc/cf669534e60d0	3.3105095477187776	18.7488125
1cd/ab57f1dc84990	2.3543545308671177	3.017875
1ce/6dc24e8154883	3.1532425481370323	5.729
1cf/0a59229f17a90	3.2637582628643984	4.033
1cc/7e8e036ef4ea9	1.0937158399032523	5.6760625
1cd/ca55ab94f84c5	1.200562322473574	3.7480625
1ce/f6028906946d9	3.0741113071104245	3.170375
1cf/b0955d77ffb61	3.4060137275252513	6.8966875
1cc/8483d2a4a195b	3.2099088509384064	6.988
1cd/1023b3fa0f944	3.2652680684065607	8.734625
1ce/eac4e4d9b03f3	3.1332340839485155	4.723375
1cf/8b948b80a4555	3.373632833137459	17.11075
1cc/c8ee93155c1b7	2.371453429940661	2.54375
1cd/9c010a1b0fa3b	1.7711759007962102	2.6601875
1ce/2ef98ceec15aa	2.354810803065781	1.92225
1cf/a8fa91c024060	3.1936554739920857	4.27775
1cc/dc599e15d2b8d	2.6686850918843232	2.4025
1cd/e00e70ff788e1	2.396123066443717	10.6985625
1ce/7ca1c1e4eb8fb	2.589260759492864	5.0624375
1cf/2ecd0cbee7360	2.9603334318529084	11.2029375
1cc/586db075cb1b4	3.2561555417813395	10.2931875
1cd/47af1426f59fb	3.3615311004041653	17.2973125
1ce/34655cecd7b51	3.0930501176134046	9.3445
1cf/d02120b931162	3.2026107657522385	6.817
1cc/e992dcec55beb	2.4440670027175586	3.8746875
1cd/57fd4111c8171	2.5725990577293913	3.7096875
1ce/bea89a28ee6f2	2.8836934049462064	3.7055625
1cf/78c59187ab55e	1.0593015810585273	2.162
1cc/78fbebfa872bb	3.155196309713909	1.827125
1cd/23be9ea612483	2.047408309379108	2.362125
1ce/3f07d5a9fa8e3	2.9311504270507904	6.500875
1cf/9b50616928109	2.9706967672631714	5.0590625
1cc/56888f01c5c7f	2.352248704028555	5.7389375
1cd/7961e259019bb	2.864734516389416	14.1625
1ce/38c051f66dc04	3.40139115354805	5.2926875
1cf/96bf2cdf57492	2.8256135999241727	1.9090625
1cc/2eca6212708cc	3.4007275767281255	5.1416875
1cd/6fde1f6ab1e1f	2.6636942827391255	4.0386875
1ce/09f75812f21c1	2.592561160322425	3.872125
1cf/2ed31ca19bc11	2.990736771677656	1.1614375
1cc/ad2a4c29d8323	2.705543988962911	1.375875
1cd/baec1abebe7ed	3.170434145796286	4.3943125
1ce/52357cedbe5e2	2.3248519940205874	4.3516875
1cf/e360d5a352e3c	3.002019375041783	6.9865
1cc/7bd42a1c25182	2.629206210646444	2.772625
1cd/7a68cdd7ead62	3.1760021342752114	5.3655
1ce/ec364dca3aa99	2.837655492462855	1.762
1cf/1aba8763c2502	3.223270661834907	15.2959375
1cc/84e5d08fd9c34	2.733512551805106	3.456875
1cd/2bda532993d3f	2.3171848209322268	4.080375
1ce/33862d6fb92d8	1.8737293270666966	2.0344375
1cf/cee2554a85329	2.788916047212661	6.8908125
1cc/a664641412954	3.116353392887737	10.051375
1cd/372472e6bad13	2.5066926611023037	1.35175
1ce/f62c45b22c85a	2.0136044154802764	3.240125
1cf/98761a2c334d7	3.2310990965845128	14.497625
1cc/98c2f6a0c43f9	2.978247269421802	5.4263125
1cd/efd531bda546b	2.838550720100764	3.622375
1ce/13a28a96e483b	2.4528121841175534	3.00925
1cf/b9ab6a0a39f4d	2.533422470947746	2.135
1cc/f568ea62897d2	2.591298350547634	4.9465
1cd/4b9465c0262f7	2.6875383666178743	1.105875
1ce/bb2114c506578	3.174037847562911	10.788
1cf/5b4033fb99e6c	2.7907586057472966	8.2094375
1cc/aa5d1cd12133d	3.1712749810090357	1.921375
1cd/568919767a986	2.4284425167929977	7.329125
1ce/dd84250ce3082	3.1091809792249685	8.1519375
1cf/8068e0daabd53	3.33392621411038	2.9179375
1cc/7bde4fffcea60	3.2974899524455097	11.1903125
1cd/726b35b4e8247	2.9146581047335878	10.771875
1ce/f02cb461dbfc9	2.5535304887598196	3.485625
1cf/4757159e1faf8	3.3729813965544935	4.5889375
1cc/b49f80bbedfcb	3.130764401560591	2.0681875
1cd/4d5af534a30e6	3.1430388311012982	3.66575
1ce/204ae18828ece	3.2280353913746644	4.2205
1cf/c3e921711871b	3.225335226547193	5.833875
1cc/3d4f16a0a1503	3.4057466575576174	17.9136875
1cd/aac88fd98a309	2.6612728318326595	1.2653125
1ce/4fa3a116698d4	2.660555502259393	3.9375
1cf/f5d2d9895cdb1	3.0583908290330184	1.174125
1cc/1ce4e6536b856	3.2476320019373155	11.2758125
1cd/c025db6487f9f	3.0450546413546173	5.35075
1ce/4505ed9360f00	2.3965454558638535	8.64125
1cf/24df0a4cff9bc	1.15873738848371	1.3445
1cc/44bfbef6743ae	3.1914708583419737	7.330375
1cd/c6107db45a960	3.1040120348873232	5.71675
1ce/bb5431c704daf	2.705317781489924	4.61275
1cf/c5350cc9bedfe	3.049146626603364	10.1413125
1cc/edcc587d453d6	3.142545919477822	16.7588125
1cd/af1fe1f83e1cb	2.64372722855762	1.9501875
1ce/a6ccd805b63e4	2.855362541215785	6.5220625
1cf/ec0150024f14c	2.5769365490829665	1.6375625
1cc/f32d897e645e2	3.239468832027651	6.3668125
1cd/7ea3fdb4e2ba6	2.9715818162495715	2.54925
1ce/c2994bca1c200	2.2336566652016865	5.2814375
1cf/f5c4dd6fdd754	2.6973184677313933	4.8135625
1cc/35c379855eab3	1.511245889603929	1.1539375
1cd/e7e68c545b730	2.988052702415894	5.5285625
1ce/9d2f2fdf6063b	3.21862398880118	5.3289375
1cf/c095514740c9a	3.3242568404792494	4.7706875
1cc/4a9695249b688	2.899147408365676	1.250625
1cd/b8ff78c7d9736	2.8001938944670925	1.2609375
1ce/7f0f3559aec47	2.622688985793797	5.8665625
1cf/5f86f450757aa	2.657621972348907	1.105375
1cc/301a54f4e68c8	2.0835212223844257	1.3816875
1cd/52bf24116f891	2.7980694975879885	12.9648125
1ce/464323f92105f	3.1774149623190002	5.964125
1cf/7094e6e6d8b24	3.123277706327176	7.9018125
1cc/373682aee6fe5	3.27929325207102	9.3764375
1cd/16fb1776d0106	1.938763805984142	1.265
1ce/049080e909c9a	2.694921122453401	2.547875
1cf/5054792fb244e	2.8093519436105536	4.6050625
1cc/25543521dd862	3.216297132725181	1.9794375
1cd/8874d743f46fe	1.7037105335028848	0.9854375
1ce/df9eac215f513	1.8791714484564832	2.0679375
1cf/94041122d5b6c	3.268910933137512	2.3048125
1cc/f3147a004dc9c	2.3513193150790923	3.1129375
1cd/6c14358a4f944	2.904488730229421	3.585125
1ce/b9a4ecf1b6acf	2.386469578434307	1.2009375
1cf/929ca55e60f02	1.2734926390748318	2.7648125
1cc/b3620e2280134	2.697361161497329	3.582375
1cd/2e98e33778ac8	2.570841262456163	2.11375
1ce/06810089d6424	2.692667438475743	6.8876875
1cf/5735e7d111b06	1.9716587121985067	7.8920625
1cc/c1d7422beafce	2.3037682426390234	5.1146875
1cd/ddf03f9c59888	3.4007942251713423	21.6915625
1ce/45b9683e7c596	3.107770885931076	4.8483125
1cf/2530c273ecf64	2.591255225202654	1.031
1cc/1863c5c43a529	3.37186956893722	15.6519375
1cd/1dace3ef88e0e	3.1608606341023915	6.2779375
1ce/2c568e82fe57a	2.7945053950865497	4.16475
1cf/f6e96545fc51a	3.2505867921014717	19.96
1cc/2529c37296e43	3.0135700904870237	3.0151875
1cd/868b705d87c29	3.473657514133481	6.88525
1ce/afd525473a5ec	3.116991180798565	2.9388125
1cf/cdb006fd34d47	3.4273612878783957	6.3239375
1cc/f1a85fb8f1fca	3.2863411095256367	5.6526875
1cd/85c9501eb3c37	2.7554549503159262	11.34225
1ce/b0a70d97d69f2	2.8492675380231676	18.2054375
1cf/e3364b061e8af	3.047959261174566	3.56625
1cc/7c7bd255732e5	2.4994350880607974	0.936875
1cd/29344f5256cab	2.892553247229184	4.3538125
1ce/1a6c77ea972d7	3.0081257330320614	2.7125
1cf/f1e6837f9a09e	2.9626972444447963	2.979
1cc/def092714ffae	2.9976673011681076	2.982375
1cd/414a43b1d70f2	2.498927015490979	10.6450625
1ce/b8ce0ea579b4a	3.1147509494760977	5.5485625
1cf/48c97000a5e4e	2.7028415687215674	5.0575625
1cc/30a9e8e2f85d5	2.819071566576454	2.3310625
1cd/efee30a6d0874	3.441006960929537	13.419
1ce/d4be4900cd783	2.782320591256985	1.707
1cf/de66d560da075	3.1067779728352893	5.0485
1cc/be83188fe9d3b	2.3190823545084847	7.233
1cd/f8df25e742aa7	3.1418006615682077	16.7499375
1ce/93119b405daeb	2.9039714394490392	6.417875
1cf/5e3c546a9cbd8	1.8081726756194452	2.889
1cc/78799eaabfbb4	1.3994154458088308	2.021625
1cd/1bb0a63bc50a8	2.6086148170301535	1.753375
1ce/9693b1a03000d	1.8521170767639397	2.644125
1cf/8708c554c64f4	2.6741499800055095	2.114125
1cc/4443f738384de	2.5969542229757927	1.29725
1cd/f03d023050497	3.0767120325710735	1.4926875
1ce/2fbb4bb6f18ea	1.8516479017735283	2.69775
1cf/ec4cb41c14b9a	3.4161657212576264	18.381375
1cc/b09434dbbc54a	1.1229585652295724	3.5785
1cd/1c3376be7011e	2.9763095865972207	3.363125
1ce/48261fb9ca32c	3.110182135916217	6.128
1cf/479553ac70f06	2.1275996653632125	3.9784375
1cc/703c001054c63	1.8200362331008417	0.9438125
1cd/3c51061827e3c	3.0920784955284484	2.203125
1ce/f517b84fc0a0e	3.3025568939659213	2.0375
1cf/19640c1bc9813	1.3082467259225172	0.8645625
1cc/11bafd95e0e5d	1.142399246237103	0.8306875
1cd/9f4d22bb6087c	3.2099508898772986	12.1623125
1ce/ce6aa6a8420c5	1.2782577434110238	0.8645625
1cf/476ce45c31fdf	2.546671434856155	6.268375
1cc/39370f1b4ac21	1.7949495403890374	1.5039375
1cd/2f6d17f5279db	2.7574897691582225	3.5124375
1ce/7f6546b32a0ed	1.7917910443232519	0.9996875
1cf/3796fa069586f	2.740123109821484	1.875625
1cc/5a5ffd01a5c59	3.343366922481189	5.326875
1cd/181470871d523	3.4071174516294853	6.9211875
1ce/b17298fc2208e	2.8969500883575963	7.1095625
1cf/b53ccd805ab33	2.152082977319876	7.85
1cc/68eef56a772e9	3.4210319232985102	7.7204375
1cd/ae966a9c3c993	3.515704492629808	15.57
1ce/cbfeb908ff606	2.903100725463886	4.373875
1cf/c7c87f30152ae	1.1178911485563436	1.4893125
1cc/2c37d56e9282f	2.6071046460778273	2.5355
1cd/1e82216dbdc7e	1.6707096934268395	13.01775
1ce/a431fb4cf2262	1.91198348406882	3.56175
1cf/a70f728f7708b	2.657438602329741	1.0085625
1cc/8be98cd40cecb	3.2565072937336983	4.2661875
1cd/7745f2077d7c3	3.272797245366563	2.9818125
1ce/5c6ea482cd1af	2.7427187864911518	2.7020625
1cf/7e4d7259e28ea	2.4106980377153686	1.43
1cc/7d8b6926dd8db	1.807465560485721	4.43175
1cd/9373babbbb8f4	1.6394002132868752	2.0148125
1ce/ebc09bc7ee99f	2.867093924676316	1.0974375
1cf/dbd50ecadea90	3.2398488430720285	3.2343125
1cc/07adcf32272a3	2.642089891562022	1.297125
1cd/dd65b5d96679f	2.7746196502145244	2.319375
1ce/733ea2454566e	2.9749953424003674	6.3201875
1cf/9f4ac1ea47d0e	3.191017017208936	6.909
1cc/19017befb72ae	3.2894959538965107	4.8043125
1cd/03c262f2973db	3.355721912107723	2.82975
1ce/57c7fa781e247	2.244457910064059	3.7603125
1cf/692eb64859cff	3.218610163843894	7.4544375
1cc/4c8eb222ff177	2.98272641124709	8.900625
1cd/5b7c7acca32ba	2.109262059428322	1.6855625
1ce/0ca58a2c09fd8	2.509508758775025	4.01425
1cf/bdae0e0b7a62a	3.1988093623783773	11.953375
1cc/07640976cdf5e	2.5728521434914633	9.556625
1cd/0c7832e8d87a4	2.56062700417331	3.0773125
1ce/7e8f103105a5f	3.438730481745839	16.719375
1cf/df8b3d2d7b691	2.488749160532315	3.89475
1cc/37863d284fbb2	3.2259016086163146	20.0280625
1cd/d4599d897940e	2.869355946484867	1.7735625
1ce/8e3145eb8c6f9	3.2442128260634915	9.0441875
1cf/77d4c53c4e353	3.18405372290707	2.752
1cc/ba046a3e2d5a8	3.222829537783021	9.783375
1cd/b5665e689da8f	3.0791413274877457	3.694
1ce/8dcbda7f16f78	3.3395754770678923	11.09875
1cf/6ec8d683a7488	2.8643757283181146	7.872
1cc/a6e4a109be353	3.375102509071405	6.5104375
1cd/5151b7dfbc934	2.990075124591069	7.50275
1ce/b94bf5841ea76	3.0829249159812226	2.4808125
1cf/f79232054ca4a	3.0193596485276495	6.2845
1cc/03c9142447c9d	2.0475987350564133	3.064
1cd/eba1252ae3628	2.291549033148652	3.909625
1ce/388c015c49b17	2.761147143612868	11.4953125
1cf/59f1a3662d659	3.3614737785967455	4.6950625
1cc/ebd9449ab8580	2.8192360748695453	1.212875
1cd/ecf50322f869b	3.2179973295959767	4.050125
1ce/96e14a6e1c5b7	3.294449741551559	10.702125
1cf/7d4e1a0105e7e	3.324975611557603	2.98525
1cc/4b26aa228394e	3.2181212480899233	8.333875
1cd/74caaf6d85714	3.143035210018955	3.4756875
1ce/7f9c83ca7ab6b	2.7547040242907874	4.646375
1cf/575dfa1e32532	2.2858003928946253	7.47825
1cc/0a3afc7cae247	1.4133963301402073	2.01775
1cd/1fa1765f844ac	2.391702617397953	1.6423125
1ce/0dce4cbe72a03	2.93949063381313	6.681625
1cf/692ed10803b93	3.108209516319457	4.750625
1cc/b33465cea1538	2.380223394589991	2.377875
1cd/5561f03bb23fa	2.370305003898726	1.3953125
1ce/b5150b02a3d2a	2.5464872587232508	1.34725
1cf/e15d1cd0f0b85	3.198924710087129	16.9378125
1cc/99a4e4869062c	2.116862674169495	2.0588125
1cd/541dfda8c3b0f	2.581904154583874	8.6611875
1ce/dc534c667932f	3.0895399957842904	3.822125
1cf/55147b17b4da0	3.159193226614498	7.24075
1cc/07d250e4ba0ae	3.4602953969519006	12.125125
1cd/fb2e190690812	2.318504388397353	1.75525
1ce/1d9f601b2e85b	2.6178573716911906	2.166625
1cf/dd1e30e660b10	2.345293928462251	1.203125
1cc/1aec34575306c	3.485176101849635	11.489375
1cd/9f496251d310f	2.760632650555032	5.5395625
1ce/d220b1dade402	3.3690267169406054	8.0485625
1cf/ead1da38a33d3	3.441386189783761	9.732375
1cc/cb0e13efa8038	3.3182108501020178	2.723375
1cd/184782e2595eb	2.52097040521185	7.3294375
1ce/f465f9a26b59f	2.9145618414498267	7.62875
1cf/107d641fdcdc1	2.751713615082251	7.675
1cc/7fb0e6c84b5bb	2.9292363923549574	5.156125
1cd/dcf446d6da3db	2.5637034721615164	3.702125
1ce/455503c021276	2.201603215118986	2.9000625
1cf/a7e6a8b48225e	2.118191857302374	3.3455
1cc/86607f8d0efe7	2.159314195215645	2.7161875
1cd/bddd8b4d2ec6a	2.5439438067863036	3.658875
1ce/b09cfab6bc940	3.169269879505589	5.93525
1cf/7230ea8616c9c	2.734577958990525	2.1649375
1cc/1bea7cddc0bb1	1.0578860325795303	5.61775
1cd/54866641a4eb5	3.150814715831662	6.6829375
1ce/7af2efa217e71	2.660902007300219	2.9494375
1cf/7f6afdccdad5d	2.3720849180702857	1.1530625
1cc/ed401cefa3f86	2.8846705192393407	5.7686875
1cd/df0cce0ddc7d2	2.7550850561102767	3.97475
1ce/23e424d041bbd	2.9556115871848707	3.26575
1cf/cc97458c9c08c	1.8057116934488924	16.05675
1cc/09d4c13de3563	2.927096500968596	4.3506875
1cd/6838d8445ef7c	2.990641737860776	2.718
1ce/05bd737fddc83	3.2165965987984166	3.134625
1cf/4a60c163d909a	2.615790809421311	1.904375
1cc/cae90ebaf6b64	3.1116484420779877	3.67375
1cd/c811b9e58f4fc	1.1204378578569785	1.6663125
1ce/bdbc1f988e903	2.945544758420764	5.350625
1cf/d9dc3c7e6d67e	3.1436948667471394	3.00175
1cc/8b8d97b60cb86	3.2746656175039064	3.7615625
1cd/68944a29046a2	3.1793885147283585	16.679875
1ce/11011573b3518	2.3541268586208943	12.29125
1cf/726232d8e7024	2.259030757001393	6.765375
1cc/203873668cf07	2.65280927382544	5.2399375
1cd/96af5ba95ed7a	2.240761441976538	1.51075
1ce/0bece47eee2b6	3.0409235093121856	5.74375
1cf/9b46d2663cee5	2.7334708028098063	4.03375
1cc/0376ce92b87ba	3.0529306949073947	9.237125
1cd/443232db37b52	2.0679818087927977	4.2759375
1ce/07cb9980862d1	3.2359548264323914	3.59975
1cf/29c4c3721e877	3.249171045019689	2.43825
1cc/0fffb2c850461	3.1660628940414854	2.6210625
1cd/7248b9f282beb	3.2815817955705744	5.967625
1ce/2e126ed63c516	2.8221746417656024	4.0120625
1cf/615b89b3337b5	3.363042822133591	16.4761875
1cc/0cff24d67be48	3.1409568054498314	2.5905625
1cd/dbe8521a3b5df	2.366958643811647	3.2825625
1ce/943343a18a7a8	3.438157845664757	10.297875
1cf/4780f7e2d4df9	2.550525506286714	3.7976875
1cc/6dd0e7c3e5e61	3.3240074642909376	8.398625
1cd/4291e26384eb3	3.274408891476769	7.723125
1ce/25a9cc5a8936d	2.7268891960584147	3.378875
1cf/42419a58c6197	2.975780808443956	11.2900625
1cc/de62c1d9b035d	2.5299637561256674	8.5508125
1cd/79301031990d3	1.6708890976008577	2.6899375
1ce/2201b3a16ced4	3.3178559186833274	11.9926875
1cf/c8be300208bd6	3.3181895177819465	9.5860625
1cc/ced375f1ff644	2.930259546988318	3.494
1cd/510ba613b50f7	1.102323043110979	1.1288125
1ce/79dff76ad345e	2.867262084742476	3.7865625
1cf/b002aea8c3a46	2.8098854503666355	6.323
1cc/90047e699b1a6	2.2557139444131753	1.762625
1cd/095c1e2dbf0dc	3.0291270488404596	5.0865625
1ce/78a3f20663dfc	2.9705193186706715	4.00525
1cf/ec8b8c89cb09f	2.6010125986884938	6.281125
1cc/5935862567f19	3.200525299908169	10.77875
1cd/d8f5d1c8b28cf	3.1982947585572954	4.50925
1ce/725958eefa9a8	2.5326180454081872	2.7283125
1cf/2e22ce910966a	3.382047312557294	3.0274375
1cc/6275eaaec9667	3.062963685968377	5.58175
1cd/9af83ca4a27ef	2.845647103857931	8.9529375
1ce/672b2da48529f	1.1118233044324797	2.4660625
1cf/52d97c40a9d3b	3.3956512030488475	18.0960625
1cc/48b860240b1fc	3.4435257855179984	13.6891875
1cd/e7bdd94110623	2.2620115954605713	1.296875
1ce/b8043b45d2d2a	3.2056226046840317	6.8815
1cf/0f8f4bc44ca02	2.258598396376264	1.221125
1cc/bb4b5f4d4e600	3.0315214947042732	10.8705
1cd/4d8f44e26e096	3.245134016830861	4.2638125
1ce/226299125abeb	3.187745858515161	9.1556875
1cf/8aed36021ef38	2.50402960599162	4.2195625
1cc/9f6acbcd5c7bf	2.747208576982587	1.371125
1cd/d6ac4164dbc25	2.344202652640811	2.052
1ce/62989a03bc090	2.47414739363893	6.4060625
1cf/6f5341b054abc	2.10264850103142	3.8679375
1cc/37c83e66532c5	3.4712818900665794	16.2730625
1cd/6790d339bf7b5	3.337885759109201	3.6135625
1ce/c4b27bab885dd	2.4658670157338904	2.1986875
1cf/73b4a541c421b	3.3227938242041	10.4654375
1cc/1afca7ca315b5	2.0662412393577143	3.933875
1cd/573ed6e87ca58	3.2131892057989675	6.513375
1ce/4ae268581333b	2.8849021982530227	4.204375
1cf/b444d7c8836ba	2.87371862116553	4.3725625
1cc/b158f41db97b7	3.245850740420199	5.513875
1cd/f9aa72aa8d201	1.5238407837922467	1.105125
1ce/77183449ed182	2.5161717845528377	1.2885625
1cf/7ab0925d2e819	3.4843826546695493	7.7851875
1cc/18a897fe04eac	2.396111179101995	3.6903125
1cd/21127f87a285f	2.6133142796849866	17.5379375
1ce/79f849fd2c9bd	1.3720302175567827	2.6713125
1cf/7766440e1e512	2.884689333523721	9.13
1cc/fd1e758cc7560	2.8688919658755	7.151375
1cd/ab4f99030914d	3.1663989380349435	2.983375
1ce/4cd9ccd4acdfd	2.474003315656051	11.2714375
1cf/a27f0c86977c4	3.3476634197194715	5.6573125
1cc/17963bea86de9	2.7651075333039534	10.6634375
1cd/dd1c2e474470f	3.204623257412982	7.2691875
1ce/193bcb709fcc5	3.3562585109410907	5.31675
1cf/e750efa089fd3	2.9775922645261983	6.252375
1cc/c3dfd5a4ab9c4	1.0880975443443246	2.416125
1cd/63dc05b66e4fd	3.09250020780499	4.333125
1ce/193d30161821f	1.9186842474981682	1.9455
1cf/6e47664b96edf	2.3448982962263822	1.9489375
1cc/841a1f9865846	3.4212758884182093	11.0048125
1cd/44df8cc5ad546	1.5861696277320467	1.71475
1ce/ceb1024bac9a6	2.8271930295881584	8.2309375
1cf/70c40f193851e	2.8979515594449734	7.3319375
1cc/3d1477ddb8bec	2.588435161206	4.3845625
1cd/dee6803fceae5	2.8290873206734126	4.219625
1ce/acd8e621d6c7f	3.2370369301024207	9.8353125
1cf/ededc694ecdc3	2.617776048551557	1.33225
1cc/5d7880a21f76b	1.660718974795362	0.7210625
1cd/d063e4841507e	2.394159550816776	1.774625
1ce/cb8aff0144a0e	3.123829645170018	13.9208125
1cf/453f264b06f81	3.4355777091677	21.994
1cc/3574c8c74034c	3.367344481504452	4.624875
1cd/0a7351528537a	2.4321344356238024	9.3195
1ce/90a62ed9a4971	2.549444126149348	2.8345625
1cf/90b8fd09e9c52	2.521053332068293	2.7165625
1cc/f2c8ac229d011	1.6620291214865368	0.7201875
1cd/2187889508a70	3.430084212728722	8.9184375
1ce/22b5a9e75a6b2	1.1449479433328649	1.435125
1cf/aaf4f57ed7386	1.7620724019975715	2.6141875
1cc/f3c6686aea528	1.0714920053126302	2.597875
1cd/7f5551dc88779	3.460576872238925	6.82775
1ce/cf240bda9ac1b	2.735957563967985	23.4591875
1cf/6c310020f6562	2.7021889259618925	1.7205
1cc/8a978b7cd7825	2.9747794100483445	8.0278125
1cd/6dca4029fc7ce	1.524027899652979	1.79925
1ce/08291176469c3	3.2266612205063803	2.1221875
1cf/ce2ef32243da5	2.855008891481128	1.3224375
1cc/2a3c21cec8881	3.0268021122158593	5.217
1cd/c7b12ee1f3500	2.397522275506315	8.118375
1ce/7ee04fc0bde63	3.1612705868716304	9.3345625
1cf/816b9826dda0b	1.402467774882518	8.0716875
1cc/38e3de12b9d63	2.778844304303283	3.50475
1cd/8d77274e82c76	2.6392158845756644	7.1969375
1ce/213a109864bd3	2.688026487728456	7.8728125
1cf/58b1ceadcec30	2.856253267211191	7.4556875
1cc/e82bf925e27f2	3.1586751609950148	8.358125
1cd/a0e05d66ebcd9	2.747346630979042	7.9474375
1ce/1182229189e87	3.3352389391711585	7.7114375
1cf/d11b0c400f846	3.1913113577438765	3.89575
1cc/4b0cbc3f8a0d5	2.521708298072619	6.3628125
1cd/36f80c41d0633	3.452833092104471	20.8635625
1ce/b91685321444a	1.8566558501387256	3.33975
1cf/6d98a090cc775	2.9946573425836247	4.298375
1cc/98d6579259f5c	2.4825949819784707	3.415875
1cd/979601c9fc843	3.01587332220694	2.4848125
1ce/5d1e54989e2fd	2.4542267578910923	4.686
1cf/3d16abc05d6ed	2.9450124106907327	4.348
1cc/4171bd632e200	2.4963662594779072	5.500625
1cd/b5adcf47adb36	2.492333047245889	5.2465
1ce/4389898f6bb00	2.5854721221196337	9.41675
1cf/efaa453c4f00c	3.4026167710942303	13.0289375
1cc/f4bcb53f76b0e	2.9086700471552476	4.833375
1cd/a330b26d3a5dc	2.85804386728516	1.9081875
1ce/d24b3be9fa8cf	3.301750977578635	5.1299375
1cf/7cbb60175e521	3.1132336946825645	7.758625
1cc/0f7dfba2dfc66	3.294340797965055	3.6788125
1cd/a04c577f49e40	2.860210254198493	7.4821875
1ce/9e8dd95655d5e	2.532749221862089	2.247
1cf/d50206d503ded	2.7922741019816795	4.116625
1cc/830551b9d491f	2.500688621979129	1.476
1cd/3de88a72d9ddf	3.440407783860297	10.249875
1ce/8d492d33724cd	2.8260223498518755	4.99475
1cf/db193f3c89cd2	2.890267173972987	6.84975
1cc/183fb001210ed	2.374715791923681	1.104625
1cd/e1f85605a26c9	3.3359397502732713	20.9369375
1ce/beea69d9c60eb	2.5599740137606815	4.979625
1cf/fb6a5441abf15	2.766057133042823	1.394375
1cc/5b4717e7f80ca	3.341518270589083	6.454375
1cd/b5fabd8843ddb	2.7546379125065434	8.7418125
1ce/2edd955258543	3.4511952975784927	10.8318125
1cf/e5ad5a1485f53	3.150018216767289	8.5394375
1cc/67a71ecf50739	3.1844022813932473	13.1243125
1cd/e37b4c71f8d0e	2.666771687838865	1.599875
1ce/e3bfa2bbb383b	2.8921585973551682	3.835875
1cf/f0a76da7e0937	3.2223492713275537	5.4724375
1cc/b7d1f241fb4b4	1.2234805596183165	4.0445
1cd/8c0e4cb658a51	2.196188071807845	2.8446875
1ce/fcc207d60b4f7	3.0481377735684356	8.582625
1cf/37bcaddac8a1c	3.2283264940578977	5.621875
1cc/881e81749f211	3.2698836902261	3.6580625
1cd/7f70e2380ac95	3.28282481564592	4.527625
1ce/81c467442a81c	3.3519524933792026	7.938375
1cf/1912cb2a6d946	2.3610799492829635	9.5259375
1cc/fbd9f5cdfaa57	3.259635733755315	7.1964375
1cd/c2244567c6240	2.7832727372417327	3.081
1ce/85822b3736e9d	2.244089960891512	1.4955
1cf/c6a1f11a49d0f	2.205421269799557	3.6089375
1cc/e9f3cd664fdbf	2.9744719931677213	2.99625
1cd/c7f2583ba2028	3.5308694333096575	3.465125
1ce/69b383bb452a3	2.7064895734822616	1.6371875
1cf/06f20da7cf0fd	3.0885502683131616	5.5981875
1cc/70c29f230327c	2.5958134313563805	1.4846875
1cd/a9c29ab27e0e8	3.2309820394684805	10.055375
1ce/8afa5a3d89e6d	2.450564796663538	1.3175
1cf/b1d35fbe09c69	2.041609122303323	4.1825625
1cc/f35e8c0f47e99	3.3158437340900226	28.5155625
1cd/c00cff8235aae	3.30889966603574	7.6951875
1ce/5832589a72732	3.4687902368525507	11.2685
1cf/a24cf9759fe6f	2.9206366129401724	4.4040625
1cc/bb8d5429206e7	2.878649888515701	4.4415625
1cd/40e436d1b6113	2.769050787684663	4.4960625
1ce/e22dd780e88ac	3.0482574375465847	13.3471875
1cf/6d9a92cbe6d51	1.4980444495914285	1.4660625
1cc/9b1795bc3059c	2.363827337457654	2.0345
1cd/7dacf79cb5618	3.2961396107008145	5.3704375
1ce/1db747fd12a63	2.3363226620195774	4.7618125
1cf/bbd401f857ea4	2.9566456264674574	1.756
1cc/c1dedc825d10d	2.428911967864707	8.737875
1cd/65aabd56018fa	2.067723110823471	3.5096875
1ce/6d3ec9a75c553	3.153182164145894	5.2936875
1cf/a30d1f7e6d7eb	3.45501971101121	5.836375
1cc/275e0918ff6c6	2.8482028677388604	3.8273125
1cd/507b5f5a5e7b3	3.31636066124997	9.77425
1ce/79384d2b1b986	3.463334321116228	22.9538125
1cf/372c247e18170	2.947195823972079	5.548625
1cc/9a9367586959d	1.8848423346747056	3.14825
1cd/8ea6f176fe272	3.494083343439153	11.1825625
1ce/c3782f73c1784	2.9249114591365255	1.5388125
1cf/7e16c768cea10	3.289926857467725	5.1424375
1cc/c091e37030c66	1.629188448485571	2.083125
1cd/932a07c5a133c	1.0488325495910276	0.9511875
1ce/c43d795a8e81a	3.241377804459991	8.5385625
1cf/a209580770bdd	2.532928520679187	1.2494375
1cc/4ad94fc2cdd68	2.500161453697698	6.2263125
1cd/476cc8ed5ced5	3.1609228227542716	8.31275
1ce/c1a8d985b46c4	2.9077571163504237	3.42375
1cf/7da7061741b32	2.9365017141185703	4.203625
1cc/8c76e3f68ad20	2.5446308310739085	3.18725
1cd/a0e49d40816d9	2.733239894039006	5.22025
1ce/f2a1bcc94f12e	3.331706388054776	6.1774375
1cf/1082c08cbcbd4	1.5511081308516281	0.912875
1cc/8042624e3fc19	2.6586315861846708	6.3241875
1cd/f815f059e34c6	2.7154079832750706	1.2976875
1ce/a1d8c611b8915	3.2042533494164513	9.2294375
1cf/429aded8d7160	3.116621424147314	3.3798125
1cc/c863831b4c109	3.1723649416613853	10.0295625
1cd/22b39a63cb049	3.2997958108411596	9.4961875
1ce/e6ea2746ab1c2	2.9763329799454254	2.736125
1cf/8bb4b3903513c	3.293634609821183	2.48075
1cc/b1df57e652c1a	3.0295256139989797	4.0599375
1cd/ab8442b998581	3.47528088469285	4.034
1ce/d86be33ed61ff	3.0158011671089295	5.0529375
1cf/c855da7c0077a	3.463108207876105	7.16225
1cc/bc2276576c378	3.411458403798577	6.23025
1cd/2177492724cd3	2.534228916980065	2.2974375
1ce/fbac83dd91822	3.423498243611133	12.87225
1cf/e6106eb6b76de	2.9750024795453744	8.88925
1cc/7d4bae4af3c48	3.1921795302162415	7.6414375
1cd/c79584f8db7a9	2.8054842442258714	1.9955625
1ce/4a2bf6b7bf4bb	2.6538532637822336	6.1206875
1cf/074bed59ad49c	2.991181036574605	8.4603125
1cc/67c2469e1ddb2	3.337937752496102	3.36725
1cd/861ec512386b5	1.7461120549824236	1.297875
1ce/446d56ce426b1	2.31563156032161	2.9444375
1cf/fd7fbf0dc1fc4	1.9706069935268542	4.2166875
1cc/726b4dc2e8359	2.3338508643819944	1.0126875
1cd/39fbec992028a	2.945668305402982	3.232
1ce/1b55960c762be	3.229324605956709	7.93675
1cf/0511dc6f50453	1.5224047639326568	3.76175
1cc/c7beb534941cf	3.1085853914512493	4.874625
1cd/40b4002c002a8	2.723931587667675	7.6720625
1ce/4cde6c34f9d0c	2.105179751353288	3.8235625
1cf/66c0e181a36b7	1.084456396644076	1.15275
1cc/b92852e54a905	2.2933925374182187	8.1354375
1cd/384127852861a	3.4132197686730454	13.770875
1ce/c99540154eade	3.1494608777640885	2.172875
1cf/10a8442662f5e	1.3632915590635497	2.69375
1cc/d57714483f5a8	2.6489284244452906	4.2049375
1cd/7fad41912ccf1	3.3478686336304904	6.493875
1ce/72282a88a8683	2.8227867731741614	2.3020625
1cf/399a7f2399275	3.064331758031814	5.7868125
1cc/7a69018852eed	1.2745303688329372	4.2394375
1cd/98256d09cf358	3.4933883295657107	13.8813125
1ce/04291c6899505	2.651635932272868	5.173
1cf/8fc159eecf721	3.1581503432168274	5.5338125
1cc/6b335a4fe1ca1	3.001264828293124	13.7975
1cd/703f083cf4cc8	1.0889673455824607	0.86475
1ce/8b1e80c4f54b0	2.696205676188101	1.8154375
1cf/3aff9c915f3fd	2.7376325543126465	4.08825
1cc/ed9d47f541e1b	3.080711126937421	3.0275
1cd/12402ace863ff	2.107159002051772	9.47325
1ce/483f6681fb086	2.978594723790646	4.507875
1cf/84d487513bf56	2.9706162383163237	1.29775
1cc/e766982aefab7	3.3756727532214876	11.5293125
1cd/4deb6d280a0ac	3.104397411040857	6.2004375
1ce/b186e84509650	3.2894214227043705	1.718
1cf/d62f331689410	3.3377575732582248	7.756125
1cc/47b1e5e297451	2.914542238352841	4.1700625
1cd/c8bc016ff4727	2.957978613458706	3.454625
1ce/4b578097d7bfd	2.9910048944904633	2.085125
1cf/e7d9b17575dcc	2.5770350125859176	5.9045625
1cc/41358212d599f	2.9104269128367175	3.3205
1cd/aaddbd4cca31b	2.347053906560136	2.739375
1ce/56af4c9bf51de	3.2440282531407543	6.7053125
1cf/1185eac4ce228	2.6691213308511657	2.6045
1cc/f78f46037a19f	1.725340872523929	0.8361875
1cd/d36d403dd4b0e	3.5141470296713933	17.064375
1ce/4a5799be24141	1.9930136662185984	2.70175
1cf/53a8982168bda	3.053325131374071	4.1545625
1cc/5335dc2e7a189	2.677118308773764	1.625875
1cd/073fb703d3176	2.2264040544286208	0.91275
1ce/cc266409380a2	3.359259834875938	7.017
1cf/7a5a38a331e96	3.3561332760016844	18.163125
1cc/dce51fecbe50b	3.397086519290233	14.8509375
1cd/c106343865283	3.2634915151030413	9.0409375
1ce/0e0c121501e93	2.555795875634107	5.4724375
1cf/74d01a5d03e5d	3.0732460685933094	6.437125
1cc/21f947b824284	3.006115269747404	6.24725
1cd/3959104820567	2.266282250474094	2.86025
1ce/d3e0e12ffc55d	3.4206882383887645	8.6705625
1cf/f05030327c6a5	2.067420679145716	6.26825
1cc/6b24b6849ec46	2.8403915705639142	3.0275625
1cd/f2092f98916ae	3.031393681274411	1.5385625
1ce/dc4bf6b3ce74e	2.9654856541245733	7.019625
1cf/c07af857903df	2.9595417855803716	3.0820625
1cc/547263943258e	3.3240650024402854	3.98025
1cd/63ff31a8ff451	3.267495544404909	3.6529375
1ce/ce8676d961b76	3.2796205779227763	6.509875
1cf/9f21c5fb78442	3.042383635616644	3.3940625
1cc/f7c719b224bcd	2.2485934273012242	1.057125
1cd/658a0c69e6967	2.342990619049295	1.414875
1ce/06ab0118bfabc	3.12960398105825	2.4356875
1cf/38e97782a08c9	2.320011079511069	2.242875
1cc/10930c5ff8c6d	3.1773598944687262	3.221875
1cd/36493ca74489d	2.6797838726712837	3.7124375
1ce/3b21cfd443495	3.1215233732638725	15.329875
1cf/eaa2b4adbfb3e	3.368978465096977	2.360625
1cc/9523c4aacb497	2.189652645018081	5.8451875
1cd/9627b4a5b1bbc	3.305040841754987	17.5416875
1ce/aebf94b45bfc8	2.8519219291798845	1.6711875
1cf/3e580f045183f	3.403760693724943	9.6501875
1cc/c05a909decfa8	3.3939566517616653	5.5346875
1cd/a2c91a9c3f3b5	3.0553586074748367	12.4225625
1ce/19b54d9166977	1.490151296347977	1.5384375
1cf/5acc1acb594fe	3.051718661631989	9.78675
1cc/682f365905f09	3.2112003550981387	1.2969375
1cd/ded77eefa27ca	2.6281328013814487	2.0335625
1ce/5bc19d96c4417	3.3391162839561894	8.1478125
1cf/33fa453470905	2.7474515909515325	6.3599375
1cc/72143d8c22fde	2.7211123887445443	2.66725
1cd/b21c5b5bd51a5	2.5889796550650286	1.520875
1ce/4a6e7e59623c7	3.212017993711927	7.192375
1cf/0ecf1d081d642	3.0256875733664192	11.432125
1cc/e64b49b35511d	3.1209710375023945	25.8398125
1cd/fb6e044001206	2.8276429359181305	3.2771875
1ce/55af48f818cc8	3.400228671473653	4.6141875
1cf/be3c4fffeff8d	3.241409182343375	7.9365
1cc/3e982bb799ce6	2.550514498218253	3.162125
1cd/ace24b56c37ea	3.3328594336089035	4.3444375
1ce/be4a097a76788	2.9123756693192395	3.04125
1cf/9586befa67f3e	3.4396524059366707	15.932875
1cc/99b0b4cc94521	3.114726462336443	11.5971875
1cd/eeaf3ab4a05f0	2.3015099307388973	1.926375
1ce/bbc31ccc88821	3.4480166078633805	9.1665
1cf/afecc41aca26b	1.9816740527585401	1.8264375
1cc/f4fac46ceabaf	2.461617509611025	3.1215
1cd/44438b9b9f24a	2.8803781617367714	8.9865625
1ce/8595849f554da	3.1199831747987785	4.2915625
1cf/1bd0e7527d3c6	1.1508578003243646	3.225875
1cc/a1870bc38d561	2.3679510024306776	1.4415
1cd/6bff9046acafa	2.757839552614318	4.2969375
1ce/69b31d30d56c0	2.7317855204170094	1.593625
1cf/785edfdeaba92	1.2960331447837696	2.162625
1cc/48806dd29dbef	3.423477735618256	4.828125
1cd/43acf41fcb2ba	2.080540034913293	5.3195
1ce/ba07244282d0d	2.6548932724366168	2.4168125
1cf/82700844e8a93	2.614002689392459	5.972
1cc/8bb49d66ba1aa	3.300172575360984	3.699125
1cd/90115ee28dc22	2.9079600354079216	2.7640625
1ce/8d098fbddf040	2.8438133931350484	1.1160625
1cf/9f732d948a435	3.116036914950014	6.5013125
1cc/1ffa1113f9a3a	3.0461313040115034	6.616875
1cd/c0e97f7e1e371	1.4886571351964124	1.1541875
1ce/23adafdbd279e	2.431648717202453	3.079375
1cf/7d07e51c7b263	2.678010329159373	2.1338125
1cc/4442bd044e81f	3.464045708985657	13.3496875
1cd/437d15b30273d	1.226008014346821	1.897625
1ce/c54b4deab89ed	1.7806691526666214	0.8270625
1cf/d794e7414f633	3.389603817392024	5.3675
1cc/3a60d16ff81d4	3.208342739051263	7.949375
1cd/15555b575bdd2	2.777050832039746	2.1530625
1ce/940fc2c6a1ebb	3.1315586436479945	3.72225
1cf/5150a40dafea8	3.182524756408923	5.436
1cc/5fdba69b465b4	2.7956400927924974	4.1195
1cd/d14b553614aad	3.2867729833448687	10.1641875
1ce/281dcb5129679	2.051011629936363	1.201625
1cf/94a0ca9f24862	3.206154168273664	8.315125
1cc/d884cd0464bc2	3.024579246105706	6.47125
1cd/4ab47b46ebc05	2.9763275675478513	5.84925
1ce/53cef621a23ef	3.36925256903476	13.5704375
1cf/880730bb998ed	1.1086135416627967	3.1105
1cc/745a1923d5471	3.1533471281902172	11.4803125
1cd/37d30d2f4b8a5	2.7104955072532646	5.2765625
1ce/521a22986451f	2.63876624145553	4.9718125
1cf/3027ec527bce1	3.236875909791096	12.4055
1cc/ba7d8c08b76e7	3.4217111040055466	6.5048125
1cd/ef9df8b6e0383	2.3698010134058753	4.5539375
1ce/4441bec8267d4	2.865393180399252	5.62625
1cf/7010eabd3250c	2.34719806629705	1.2974375
1cc/2bfa67d93c11a	2.9655797878207335	5.630625
1cd/1b85deac3e1ef	2.6683115577428755	4.611
1ce/76c7a47c38e5e	2.7416492179590675	2.2915625
1cf/3d5c08c0b9306	2.545449874786022	4.2816875
1cc/f68c77b9c49f9	3.2565530391147286	4.106125
1cd/a85b9fb1ae361	3.180998846175005	4.776875
1ce/afdbb5d51fc2c	3.4531865595987035	3.3723125
1cf/21c121eadf9be	2.9747964486705483	2.2354375
1cc/de8a6d7e573c7	2.824629963207697	9.96175
1cd/89d17e295320d	3.0598651753359776	3.9290625
1ce/0b1e92f95f2e5	3.0259016526790643	3.8768125
1cf/c19b3db3bcd06	2.861832869936049	1.7796875
1cc/b61112272fc0a	3.3938037277503565	3.89
1cd/ace3b731e7c28	2.5526725277398854	2.728625
1ce/4a9a0c4498a9d	2.553053793764719	5.155375
1cf/575950f5afdee	3.180265409168289	5.809375
1cc/915b06685b2ef	3.2296379466135594	5.92675
1cd/ea478d0a74735	2.8137231827393556	7.4255625
1ce/05aa214fbaef4	3.4931362985557937	14.204125
1cf/fe37067ae9c05	2.825179727635717	9.4141875
1cc/358a59efe7ed7	2.216374903988202	3.692625
1cd/b8514cbd54dba	3.4727537072052472	13.8544375
1ce/84910da7fd766	2.604251564871242	1.5336875
1cf/1c2dc21a56c3a	3.4065846760644303	9.2876875
1cc/0e525fd98e33a	3.3242121093535424	2.5485625
1cd/433db95e5892c	2.9982245591429484	1.6534375
1ce/2763a4bb864cb	3.0128601153328023	10.6980625
1cf/752cbddff00bd	3.0559232848288147	2.359
1cc/3f0d7e6e59cff	3.281372459029849	7.0693125
1cd/1406df3370fd2	2.790463078381136	6.5805625
1ce/69505dba96e07	1.8163386504115357	1.777625
1cf/6ee26ff75bff9	2.9742581526693344	10.77075
1cc/3a9cfafe88913	3.1251311587315733	1.961625
1cd/07859dcfdcec1	2.9353890430953347	14.4609375
1ce/8942700e187e1	1.379138526394127	0.84025
1cf/cfed86fc6cdf4	3.4282990755169176	13.542375
1cc/2485aa43ea7e4	2.979539822431316	9.279125
1cd/73055102c2fa0	3.0737683725316467	10.4839375
1ce/e146ad952e6fc	3.102110724425716	4.7828125
1cf/99f855688c537	2.5141607657162544	5.0678125
1cc/8e1451ece0903	3.37459431023374	5.9921875
1cd/2b9ac3d4c4e40	2.268377370646738	2.782
1ce/2edb96b7f87eb	2.778640470048972	13.5925
1cf/dcb0bb95e775f	3.2874183588273986	9.6311875
1cc/79da80e0d8627	2.7266304736450895	3.9696875
1cd/a599036704dd6	3.1588578205678073	9.7905
1ce/7e4ebf4794662	2.5816532042630858	7.5995
1cf/7b4e12b037e29	3.49620402793623	7.4698125
1cc/57628b74314f6	2.6992262600843198	3.7739375
1cd/658701dd063e6	3.325063552501905	6.310625
1ce/7cb5dc1e074e4	3.18515184421437	4.994625
1cf/6bbcccefeb955	3.269547103623103	8.6134375
1cc/1b60af0a51980	2.3273827353206373	1.4910625
1cd/561c160208453	2.7452061045904137	3.096375
1ce/786db944c46c6	3.2244768020226187	7.6155625
1cf/674702b9b1577	2.918222276786468	13.69175
1cc/a17e8eb5a6d3e	2.682664153589766	3.146
1cd/e484e7b95be7f	2.712050175269961	6.92875
1ce/abc7255bde343	2.382475428034605	2.1628125
1cf/572176bd8b71e	3.3673131652190933	11.0128125
1cc/0770df59f863c	2.5071386469697097	2.642125
1cd/dca8c523dc46d	3.093867159124256	6.2864375
1ce/725e7fca5671e	1.2350889981929547	1.949875
1cf/03e27fccd67a9	3.336208651474449	4.675875
1cc/c46f566061982	2.601038709690954	5.6915
1cd/8d1d3b492e07b	1.3533082406756072	0.9074375
1ce/7d6bcf6aa132b	3.4385990031441445	7.5644375
1cf/fb6d3bade56b2	2.6252031666348588	4.044875
1cc/c38075711df61	3.2006483647156716	7.5809375
1cd/bcf5a3829e992	3.3123229746926874	13.448
1ce/8650c5280d1cd	2.9333871574745825	5.937375
1cf/41a8e039fe5c3	1.5875615163980037	2.3959375
1cc/2dc610da089eb	3.1607847058141676	3.47975
1cd/4b59432ba1ab4	3.106864853988494	6.263625
1ce/3a4407a1943d2	2.4778879836993957	8.0688125
1cf/9b91e31be118d	3.030401049677929	4.5546875
1cc/320cee1a02bd2	3.270634453093316	8.052375
1cd/3e33a0f3badba	1.8426032012976234	4.75125
1ce/119c1a47901a0	3.0037469332346	7.7903125
1cf/b58f9c9e1161f	2.71511772172966	6.0381875
1cc/589eb7eae51ee	2.9051619642993365	3.07
1cd/7e9265897a1b0	3.0983973095704473	14.3893125
1ce/f8a3e27619081	3.1454752078704797	10.471625
1cf/3e927da87f25d	2.042916443686192	6.7423125
1cc/6774f276fe3de	3.5364219026811594	5.328125
1cd/a3defa3616e4b	3.180181066639617	7.0346875
1ce/ecbccef32a67b	1.110359632091728	3.3165625
1cf/b9a9dcdb23c6d	2.574438836547896	0.77575
1cc/7e38bc84b57c6	3.2859605644546375	4.5928125
1cd/c4ba2cd128c01	1.7192815902124037	5.2580625
1ce/77db3578d5f8a	2.822765502253564	0.96325
1cf/18b4da3db9856	3.4272032628252767	5.04725
1cc/ac6e54f768a00	2.3554805355888973	7.075
1cd/ef49b4f9fa9a9	2.5066484281711685	3.0345
1ce/6458666b436e5	2.548543813922058	7.35225
1cf/c86ea3aa7d205	1.690821778423141	2.0848125
1cc/ce57586118bb9	3.069466978385657	6.3276875
1cd/8200f9bee23b2	2.6743135151370967	6.9130625
1ce/58a5243f82615	2.272055548267121	2.244125
1cf/9f4bae849e260	3.0568278421521713	2.2105625
1cc/49d9dd5049e9b	2.1410661850712915	2.435375
1cd/c9b44c25bf3ae	2.3581321525892402	1.1953125
1ce/1e02f88201833	2.276713904659872	7.54425
1cf/bce3c9238d50a	3.2746348613290883	11.9748125
1cc/e431248b528c7	1.8509071716041907	5.284875
1cd/c10e48e88e660	2.9074161344702647	21.1085625
1ce/7ddfe520823d1	2.164531380570145	5.017875
1cf/fa0a1415f333b	2.1431746147034985	4.008625
1cc/47e3d2b4cdb0e	3.1409473627481557	5.63025
1cd/50fc2e4d6f688	2.503339576162827	9.3024375
1ce/b8df2c3b52d8e	1.8050155544653668	3.3635
1cf/857586f3d97e2	2.5164456612180173	5.044625
1cc/9225d6b3ed487	1.1528990860267831	1.472625
1cd/7fe8bc1aa676c	2.5038715385275747	2.325375
1ce/a5c7a0a0e825e	1.8876758912782903	0.6720625
1cf/6553596497d88	2.528879378552718	4.5880625
1cc/1082b463590ee	3.126150398743635	6.7511875
1cd/9e6683c10b043	2.6826632128776238	5.4745
1ce/23c95712edc17	3.2792012662244336	7.55725
1cf/9702cfa48d8de	1.9928128541416217	11.1188125
1cc/73130f03fe769	3.2914800572141796	6.252125
1cd/0977e97990fed	2.5225973822710386	10.5668125
1ce/dad075f2bf5e9	3.2391731423917913	5.3581875
1cf/f4aa63304c605	1.0844958241222766	2.3889375
1cc/c4f3d36e25d4e	2.489868595362202	3.8625
1cd/669cc77442a51	3.4242631596507462	8.4578125
1ce/3252c4aee77a1	2.2134996725083247	0.8895
1cf/31c5ce50e7966	3.144729054492628	9.77275
1cc/a7ce9ac7e003d	3.1468836276080165	6.347875
1cd/053c67993b006	3.3503918837585855	14.35125
1ce/81920134e0e97	2.3390701058314223	1.9546875
1cf/29cf1120a22f6	3.3748145644354346	6.206875
1cc/86105ef271e9e	2.7836556348237074	8.4649375
1cd/6182d9a7512cb	2.1237297256532295	1.586125
1ce/7e963411d4974	1.719097127192822	1.6016875
1cf/8ce0e26de6154	2.337155478273185	4.9451875
1cc/4d7a151f0954b	2.739524480971336	3.6496875
1cd/f9e9cf201e682	2.5500975085996496	5.6888125
1ce/2a45beca06b0a	1.2592763142480348	3.91275
1cf/ca9e4d8d2882b	3.244415326918723	3.029875
1cc/ec3eb9c106cf9	2.6940468103136723	1.97125
1cd/b267a5d29dcb1	3.1131539584722905	3.364
1ce/f213fa5e08969	2.708083670496875	11.52325
1cf/bcfe2e239be2e	2.765003171063286	2.8566875
1cc/45db825c9909f	3.3553523810105608	3.2695
1cd/9462dded5a27d	3.485376588931552	14.3395
1ce/19f28e99ee586	2.8514424864006345	6.9633125
1cf/12b4b53899977	2.9783611276695807	3.9300625
1cc/05ed296855034	2.76345023544419	4.3855625
1cd/9a324d7cfe475	2.3890068380531186	1.9023125
1ce/0034d4afe685f	2.6761320329832974	6.214875
1cf/08773fbdf9a1d	2.622784644257673	3.413375
1cc/990982638c950	3.0077633419400196	9.578375
1cd/cab931d57fd75	3.153963644636953	4.560875
1ce/8434a5e79f3e9	3.116924910889097	7.76875
1cf/591735647f022	2.718901553215487	7.9408125
1cc/d986c5dd7a67a	3.07299729098147	9.7498125
1cd/7ef639fc6671b	3.195787581918803	6.9689375
1ce/3addf40ac055a	3.3960470703396832	3.9058125
1cf/4d7ca6c45393d	3.269167003903528	7.6450625
1cc/8c74c6cd25b60	2.7290096292682344	2.04875
1cd/a7b19d85e174a	2.355140036717801	1.8485625
1ce/e54f39417f1a5	2.8304698355883273	5.61625
1cf/8f9a2c08e9d63	2.681946821492651	3.053875
1cc/4f47388d13793	2.7255702231320633	1.892875
1cd/1b046df47f7b3	3.237327154038925	8.160375
1ce/e7f4f691f0dad	1.0821925718698862	1.5850625
1cf/8c7e2b07b89e5	2.8452957572382687	4.150875
1cc/6577efab39d7f	2.8080392391743154	9.374875
1cd/03b5b67e443de	2.6588590419850093	3.7683125
1ce/f1f5b3e73cf89	3.3058347507218304	3.9225625
1cf/3afb61d2f5562	2.39116335002856	2.497375
1cc/0d5d2c1b7b459	2.773699863611931	2.434875
1cd/110d0646719db	3.256902409555596	3.36675
1ce/1a60496a2bf45	2.9661391840817073	1.1763125
1cf/d793b2540d8e1	3.356323747479516	11.446125
1cc/ab10ea2d456d5	3.331286441275118	7.42125
1cd/66297b4c18e3f	3.1871811830810186	1.720875
1ce/b5084290931fc	2.927794171995638	3.5894375
1cf/1f2730f6abc4b	2.417925436784354	4.345
1cc/0fccd53ab81bd	3.1809210187258263	11.6375625
1cd/802087eae3346	2.55629309391654	1.47525
1ce/c639ee27a1f8c	2.7311011323725496	5.24175
1cf/df9ba3f75be7c	3.3059194722566727	3.3019375
1cc/f62373682943e	3.462950643326245	5.724125
1cd/5273d4460f578	3.388267505601361	10.5281875
1ce/16dc7b403d9e4	3.0144799503634117	2.0725
1cf/a2b0474d0ba06	2.8336449912440944	2.7703125
1cc/2a4ff29296838	1.1480451112734926	2.014625
1cd/8edcc5b4eaad1	3.268775852974566	7.7851875
1ce/edf9c952676a4	1.0861968645097366	2.11525
1cf/3a2e0edf1b37c	3.1379234520240593	4.4641875
1cc/65f29e3438806	3.271870778786744	21.56325
1cd/200f5083acedb	3.306547763140848	8.1126875
1ce/eece15457ee23	1.8905263519403588	2.4038125
1cf/d74a2936f2782	1.6023259426786929	1.879875
1cc/368a8336d9532	3.4757311857442397	16.6634375
1cd/d471a1372b059	1.7065569570194103	1.5379375
1ce/1c87ab0733829	3.283012346153827	8.40125
1cf/9c27f93d9273d	2.6274555298044717	2.023
1cc/1e702e7351351	3.103323344326734	5.8660625
1cd/b5b49da8f6fd6	3.020053446649103	7.156875
1ce/7691d274c8c0c	3.2603702031646753	6.7546875
1cf/2646064152b5c	2.446655657365415	3.71975
1cc/8357ef85fa86a	3.221126250733198	6.2975
1cd/14481ec8e341e	3.2036807088887342	7.350875
1ce/58a1c27a5df14	3.234793672254676	6.376
1cf/1c5dc8ad32293	3.400365076887486	12.4983125
1cc/4f9220c7730e3	3.047155836817852	5.6824375
1cd/b803ca8a802bd	3.4001418883369507	11.9009375
1ce/3945a7ea091f0	2.598950218849987	5.14625
1cf/257fc30f36ed6	3.08685974633631	4.6595
1cc/c78cca519fca8	3.35498190090747	5.494875
1cd/5a7d6412cffd4	2.634166187108011	3.9816875
1ce/1a7ee3d328c9d	2.8279235404425047	4.155875
1cf/7af728c856928	3.136222030879808	8.265375
1cc/ac85e919a9ed4	3.308837632185398	5.9724375
1cd/9b5730190a81d	3.1312306539056585	10.958625
1ce/9a35bdbb665cb	2.964745651633095	11.88575
1cf/cc1feba6c0226	3.1481306144390597	3.432
1cc/7afc38ae8bcae	1.7534296096772222	3.216375
1cd/07e963b05c0ce	2.2223487999051277	2.7055625
1ce/9fe7d4c112a11	2.656385620483042	4.959625
1cf/af7a781e006cc	3.185312492293562	4.232
1cc/21b8f29f027ed	2.5093096314069188	5.7336875
1cd/2100dbdf8dc02	2.7165728632437727	1.94525
1ce/c4351587c5e0c	3.3169137984550585	5.0049375
1cf/f4ae6823908e0	3.110360735945785	7.3685625
1cc/95d5edcaa5499	2.3293794297407593	1.751625
1cd/8dd809b7082b1	3.5249539150136298	16.0931875
1ce/fe8e6232f79e3	2.1947988878919977	4.30275
1cf/4a66fbf317a2e	2.8265429172006074	2.834875
1cc/4a0ea535b48a0	3.423561152108381	9.174875
1cd/79cb94146422d	2.703503633279319	4.46675
1ce/f00d4d081960c	1.2947734652442102	1.2008125
1cf/1ad05876b4b70	2.544699990918196	8.2780625
1cc/e9c3ea1e4ed4d	3.322478528538638	11.9888125
1cd/93d4421b1da45	2.602914331546462	1.121
1ce/5bc89afc85fa4	3.0149507423044133	5.6635
1cf/0ef0db39a0043	2.917947819098772	5.3076875
1cc/fc1027d643528	2.8656314948201684	8.7404375
1cd/80c3cfe2da2be	2.8042682878396668	4.2670625
1ce/1017fe3453950	3.463179069101718	11.438875
1cf/195f4da13bbdc	3.4034406832577653	12.5953125
1cc/980c23a5756ee	1.0884864626519266	1.201125
1cd/d5f210d94fa0f	2.3923406753971683	3.0195
1ce/d1a314fab02cb	2.594675519022429	2.2975
1cf/aaf03a667559b	3.031690286727065	4.395375
1cc/452ff0d10c848	3.286512906176064	7.793875
1cd/6e79784facb8b	3.183837977344523	10.799625
1ce/d15c20f95b731	3.2658642134178066	3.71575
1cf/a402d783a6326	2.7160866491003306	4.951875
1cc/9fa017f826095	1.7461484734837727	4.717625
1cd/7a701453bccd8	3.4388545498325063	5.372
1ce/f176579cfc6d9	2.083755730204613	3.8345625
1cf/6f0e06faa1539	2.2439890443806263	2.444625
1cc/579b26b68a714	3.441979084931549	15.476
1cd/91f7e446b346c	2.1617101483772294	7.537375
1ce/b867cc70dff01	3.0139342997439904	1.904125
1cf/8ce85113f056f	3.3731183150141724	10.3195
1cc/7d6042870c10c	1.5957256960572468	4.3455
1cd/3c8303d18b30f	1.6936708910130711	3.2709375
1ce/67bd8ad9c37ef	1.1178895502305983	1.2014375
1cf/7119c529c398a	1.98680859632143	0.9125625
1cc/ecf2cccb77ddc	2.300417360685102	8.4319375
1cd/8d5726f05d72c	2.3227138416679844	3.68375
1ce/49258a132bf61	2.3867077707903985	4.3455
1cf/4d77789df6b5c	2.986688523191404	2.1889375
1cc/b9f8bff740168	3.14368603652984	5.288
1cd/592e2c2201543	2.9127916717805187	12.5083125
1ce/987f4553e2a4f	3.266536969096075	3.2858125
1cf/e6c1ad919138a	1.8979241285869382	1.538625
1cc/f264ab3aec25d	1.0576144862322272	4.4425
1cd/e4c1300998b25	3.244300266529603	4.4889375
1ce/09107fc2bd451	3.235308660366245	5.1345625
1cf/934550837c492	2.7356099055661054	1.8664375
1cc/e5aae92c09984	2.8200337269493687	9.8724375
1cd/8e9a12761b2f6	3.23116799862026	11.9123125
1ce/6cccf69711a43	3.142002828040962	10.365125
1cf/b110776042a4b	2.838686739282518	3.46825
1cc/086eb94c33483	1.3127394002455866	3.45225
1cd/898e959fb7794	2.623197492595835	1.3470625
1ce/ee4e447ef18aa	3.2856252774008303	12.6644375
1cf/db1e1208e4437	1.863443620055993	1.2233125
1cc/c373cbaa51b8f	3.3884466706958225	5.349625
1cd/c2059c3e26402	2.522249634022885	2.0756875
1ce/677ee0089b803	2.6570167357252386	4.8504375
1cf/da52192e90ae0	2.682326280187061	7.151375
1cc/493efbcf14ab0	2.6535252960916558	4.2050625
1cd/c804e5137a222	3.50711919958883	16.6399375
1ce/e855a4a208ba2	2.565174251305613	7.214375
1cf/3c2f604718c32	2.8157727590527584	8.0865625
1cc/d0550a4023dc8	2.9796784259034284	3.985
1cd/41a05721da1ba	3.2638993445968403	12.6379375
1ce/0f189c5c12092	3.1971855900197506	8.5873125
1cf/1a0e97142c181	1.5607077557348346	1.441875
1cc/4d0645afa83fc	1.0807117664425396	1.449
1cd/d06dbef07def6	2.950221202301915	11.5740625
1ce/7ad047543dcb8	3.2937660920302694	28.793
1cf/78b9bc88ff046	2.704220785159361	4.476875
1cc/bf5328f9065d1	2.9269178625364836	7.1369375
1cd/1099f0650616b	1.1292999434397284	2.347625
1ce/c00b89f7e876d	2.4799197993038318	14.1405625
1cf/7e0a744f549f7	3.093018706362895	6.8230625
1cc/2b80082c3781c	2.476643847251099	2.0658125
1cd/0625d8e89c506	2.6496285140036373	5.2525625
1ce/165146aa29023	3.4222138790862577	8.636
1cf/aef1a4595c7a1	1.1955808276336235	2.691
1cc/0d6b81bd0c9b8	3.407416518905201	11.9079375
1cd/d26d1a3cdc036	3.2873166712219777	12.9120625
1ce/114d843c48d0f	1.6186058589603958	2.8095625
1cf/e246156e57741	2.800296447058345	28.8671875
1cc/53eba9c037dbe	3.4016640394268403	3.4993125
1cd/16cf9f6fbb763	3.2819796281306486	11.76675
1ce/a604bdc0fa9e8	3.373843096216196	8.63975
1cf/c24b5cf93a7fd	2.616357922795463	2.2745
1cc/091adf3225e67	3.3743227731448546	15.183875
1cd/8abca324f438b	3.105535618861014	6.370625
1ce/64dc9157971a1	3.022874564990141	4.1078125
1cf/66adc3a5712e3	2.17754333696545	2.691125
1cc/f0a4cdd07d4fb	1.1008619823509957	4.1980625
1cd/0ca4849030a31	3.483319570789002	8.79225
1ce/97f3573c6bbf2	2.922938852452136	3.3418125
1cf/a58950d440f53	2.05641036276512	1.906875
1cc/58e3f2edec287	2.525283760274323	6.364875
1cd/76dfa29ba65c9	2.8582556320980794	2.456375
1ce/e1325662215aa	3.1192036197679496	5.6744375
1cf/ae33e8e5731e0	3.152115594473662	9.8275
1cc/3155bd2516854	2.9146595448350143	6.263875
1cd/d7bee352aa5fa	3.103058509332805	6.775625
1ce/822d32846e31b	3.2973194034741553	3.9983125
1cf/1ede15da14571	3.1391788053009355	2.1336875
1cc/d3be5a6e04a9e	3.196133227104931	17.971375
1cd/2a7c0186a4af0	2.9204785271464004	9.8699375
1ce/6838677f114cf	3.333880779449799	6.1345
1cf/ac01b2b0b1e28	2.4168790765805874	2.6634375
1cc/cd6866d215ed8	1.7502935959272612	4.2213125
1cd/63aaf56f5a274	3.1746375739578157	5.2171875
1ce/a0a47d3adedd5	2.703110415401272	1.634875
1cf/a1a1a8b205e4d	2.9802092465142414	2.452625
1cc/d6ba7fb8319c4	3.03788579809695	4.11525
1cd/5a3b1d005179b	2.903297968918263	2.7925
1ce/8781460894189	3.2551245953326	6.008375
1cf/aea582ed55d7a	3.1286444962396214	24.38
1cc/d6be09875e069	1.1207302348203871	2.298875
1cd/ad9d1547ed4de	1.6012851299392028	2.3138125
1ce/c93ea4968e2c9	2.85697222809939	3.6524375
1cf/0d2fe4d65f745	2.6463132140240737	11.7375
1cc/374b632cc9809	3.091157257612141	4.8131875
1cd/62c3c00ce5184	2.7928650052095265	8.546625
1ce/1fc250e64da11	1.24819798271963	1.3788125
1cf/dcd2b0de37312	3.2933989876487657	7.552125
1cc/06de85fc32cef	3.395101727421352	7.804125
1cd/bdadc9ad086b6	3.3039733784207503	10.244625
1ce/e353766db78b6	3.1239976200368025	5.35675
1cf/25f3ae6f5d4a8	3.0848124967404456	7.1383125
1cc/d7d57a7fb6268	2.812983640226147	1.015625
1cd/308079a97daa2	3.0586386023342995	4.27875
1ce/ef10e02070856	3.089574777254901	2.3555625
1cf/037e7bcebcfc2	2.5812061637762853	1.957875
1cc/2f9df44a35e6d	3.2846710427911825	8.6416875
1cd/eae52fd20914a	2.786356105984534	3.8813125
1ce/3b18fbdb4abf9	1.432745334516807	1.6076875
1cf/b891edf4ac318	3.2051751797638763	5.2160625
1cc/edb6801baefb4	3.159411044157584	4.832
1cd/c4356665b82d5	2.4715969286731707	6.2220625
1ce/8110a5395ce49	2.50544093562519	5.5968125
1cf/a480dcc4d3fab	3.3544434453798466	6.9875625
1cc/c1246d88182c2	1.0999052702907677	4.874125
1cd/06628944c25db	3.2043725940976318	6.7103125
1ce/f7b7fabadef06	3.230829527010528	5.3219375
1cf/b844eb7d30b0f	2.1991941069371124	4.9848125
1cc/7cdb67a98ab1d	3.3985863209606584	14.891625
1cd/c1a8a93cb3a37	3.3744343290298024	4.990125
1ce/f968ebb6a197a	3.400391286078713	6.558125
1cf/ef99a1e3ae408	2.2597285496621167	2.3919375
1cc/2e7767ff2573c	3.2257844401976272	9.15875
1cd/67d7e4a4114fc	3.3084275148035864	4.5593125
1ce/163be4a91ad4d	2.1913641635280134	4.3934375
1cf/4205545e64db3	3.305943408137308	3.1500625
1cc/079c6d55b9c2b	2.7418585556203574	5.99875
1cd/c594a1ad31743	3.227388367392487	1.831125
1ce/86b62e0dd2610	3.4446908746639786	6.882125
1cf/8f8b3295eaa2f	2.849238964842258	2.314875
1cc/7f207b62c927f	2.8235839737662425	4.7790625
1cd/49b417e0a037a	3.269820919355126	4.913
1ce/43255de83c6e0	2.212714186820175	3.92175
1cf/3d4368cc4d4cf	2.8879511654581895	5.945875
1cc/e73a23019f6c6	3.3062991340163346	5.3336875
1cd/66345206220c3	2.9762822139756917	2.4793125
1ce/8ce55ebdb2a5c	3.0976963919158558	4.131875
1cf/c36313b65ac44	3.0171462495676478	16.7015625
1cc/a8b4fb106c842	2.4304402561020897	2.9305
1cd/468db62f2ece7	3.0180881481479407	5.0524375
1ce/2eb4293ddbbc8	2.625525865625809	3.8859375
1cf/c05206be86b31	3.334028597296105	12.184125
1cc/e38cd5900979a	3.119178230657567	9.1283125
1cd/909ed7e3956f2	3.333321767530125	5.8166875
1ce/1d03e0eff8e07	2.758819860850368	4.6160625
1cf/1908c43ef901a	2.2646513164828037	6.651625
1cc/b2949e76033e6	3.2773563582235936	7.03925
1cd/e03dff5fea935	3.0157349291011384	4.2503125
1ce/15cd98d35df26	2.09576510987852	0.8644375
1cf/6320e4858c45b	3.1810593407753993	8.8793125
1cc/bd6a56f257668	2.6429165547852342	11.1703125
1cd/e2bc801dbb5ec	3.2148292545713577	26.4531875
1ce/c09d4e2481f7b	3.4895695354255367	5.077875
1cf/30893ba099b60	2.6589980250514382	3.9195625
1cc/b0954e41f6152	3.1264830460239534	4.5015
1cd/871b68ce650ff	3.0679932015282487	11.29
1ce/839836e1c83b8	2.52153528019742	1.6335
1cf/f1852d83ec380	3.041127831486419	7.648875
1cc/03de45c3a1cac	2.68122090994788	2.24725
1cd/f6d4d30727ca4	3.435323799368644	10.85
1ce/e614217659e6b	2.975092665864802	10.985625
1cf/054399056399c	3.3053872512571854	6.20525
1cc/67caa1374133c	2.8966704466575632	9.1909375
1cd/a473aa4f566fb	2.5553245402324767	7.6095
1ce/0a6074318ee63	2.394347927123338	7.453625
1cf/5bf59e4912108	2.2749892447433178	5.9806875
1cc/eae1c9eb74533	2.0711712943385763	1.4454375
1cd/a68c59091fd34	3.2483173861054198	4.587875
1ce/d1b04d359c20b	3.289907233075826	5.220375
1cf/cfdc4e73dda81	3.1394340971783645	5.691625
1cc/ec082d63529f6	3.3391233780583733	10.4544375
1cd/c1dd237affce4	3.403896353816529	5.3570625
1ce/55311f33bb5d9	3.1260408910775426	3.5585
1cf/c891fa8ff8c0c	2.977332438198973	4.000875
1cc/ba1a615dbac47	1.7798171058688037	1.2148125
1cd/6401c26cc9c90	3.078184365772858	2.46175
1ce/50bbae7fefd06	1.5438396699965253	0.984875
1cf/611ae0411b0e9	3.4963996883600026	10.400625
1cc/a9c26f9d5f8bd	1.2326796142729362	1.1263125
1cd/8d21d7d45c028	2.6495334921993385	4.5040625
1ce/18e095749fd31	2.3732534618767342	3.0488125
1cf/979a7f10ee035	1.3386322031168585	2.083125
1cc/950dd263bec99	2.7242094639157974	5.2215625
1cd/7e351fe477c1e	2.7059889137121176	3.5318125
1ce/0b8ed55c8515d	2.073507255691908	4.30425
1cf/6532e63f54b42	2.5267586373614703	6.6366875
1cc/e623fa8c3b1fe	3.0571301268109647	13.9851875
1cd/4c6b5caef9d85	2.217833241055799	7.1723125
1ce/71cfa07d8f364	1.088841233528712	1.9218125
1cf/62d2ff8ed847f	2.739252285811017	5.3819375
1cc/c4fc36d217bde	3.1548527704426346	8.73975
1cd/ff11c87484816	3.181675843143566	7.372125
1ce/e4fb532d3ac54	3.020952053160756	8.1941875
1cf/3f844dda79698	2.780624200375998	1.954
1cc/05c3aec0d3e94	2.9271189276628755	20.909125
1cd/566fb34eb0b4f	2.6155919779976364	4.8264375
1ce/8c6d1d43c3572	2.1536612364891585	10.3510625
1cf/4260393abcb32	3.382057678675389	3.80925
1cc/75c42b8d2a22a	2.3936237853143347	8.8411875
1cd/d04ab85a0e32e	2.6949647312181875	9.1803125
1ce/1a9794e4e168f	3.3902600363063504	8.342
1cf/74a5148926580	2.9910945590537796	2.39825
1cc/2e6da0acc3c40	3.123241021458822	6.037875
1cd/ae27bbced8b90	3.0237473997075726	7.9699375
1ce/40dce29ff8002	2.679443637707728	2.7063125
1cf/a03f290a0d5ac	2.2606668373096612	5.5585625
1cc/6fc5ae9d47755	3.2131640573922313	5.150875
1cd/cd60afb90009f	3.163440688838367	8.3061875
1ce/9269e434a985c	2.975470480583258	2.0935625
1cf/7b4475a021f49	3.56979140899404	7.418
1cc/d9d74a38366a9	2.09669214449229	1.8245625
1cd/0a79a34ce2016	3.3632420823893385	10.0813125
1ce/6ffb0e3f5f212	2.7566875742229002	7.2100625
1cf/fb1cd303c8dea	3.3009956615501497	9.029625
1cc/8af2dfafcf324	2.946181038642002	10.9571875
1cd/7f8a3485e0a58	3.3417711922541997	9.0279375
1ce/43dfa9d8f9e40	2.6278867059854423	6.0483125
1cf/caa8115e589e5	2.7028992774918734	2.3363125
1cc/a151f24d0288b	3.1986484397753285	5.88775
1cd/d6138bad1ffbf	2.555850413059563	3.3709375
1ce/543353dc4ae00	3.298493195687751	6.04575
1cf/7a62c2ff5dacd	2.7423892259793505	4.0850625
1cc/dc2cd5e870193	2.0738965558014106	2.4434375
1cd/7129e2851072d	2.700997339141909	8.438375
1ce/1ee288d4cbf8f	2.0851200140412005	1.6745625
1cf/77349188deda7	2.3244127464146427	6.1616875
1cc/f50b5bebf81b2	3.1715634015074485	8.642625
1cd/44d215ad6eaef	2.431369246805336	1.921375
1ce/f7a0439d51d98	2.9442319078031733	6.1168125
1cf/c259c3632c301	2.8858696586524757	1.7820625
1cc/caed424d0eb6a	3.134882979009742	8.2265
1cd/93987156cc67d	2.3633784084537397	4.3456875
1ce/b7cb8e025a480	2.9193658951956225	3.44175
1cf/84e87c045adc6	2.9206466279008834	5.9029375
1cc/a13a514e1eaaa	2.1189362736334125	1.70775
1cd/9aa049b4ac87a	2.771041841029932	4.2494375
1ce/79051d0292bff	2.3618545824521546	6.4786875
1cf/89ef2703b0426	3.3643225150448433	8.176625
1cc/f9cc6feabc29c	2.9998035718560643	3.858125
1cd/394b13891e42e	3.1750234639415713	10.955375
1ce/ac54c5bae1756	2.6537359246397756	2.125
1cf/0d40f0a7c59e9	3.0071509336125457	1.1548125
1cc/b2d5c48014772	2.3091319340287453	1.297875
1cd/5ccc78a7fa77c	2.4778842739730154	5.074125
1ce/df8f9cd7c343f	1.0952305634751565	1.2493125
1cf/01946119cf530	2.9609321650856604	7.421
1cc/630541cfda6a4	2.4407001735367184	7.329625
1cd/074c6ab129ad6	2.032297020793626	2.582375
1ce/2b8ad1b40ed22	3.079776980253274	5.194375
1cf/68a330e8e9b16	2.6443724423755004	3.2283125
1cc/d5491be9fd285	1.8115747298201519	1.503125
1cd/198e2b0455439	1.97285617135081	2.5519375
1ce/8dba32baddae3	3.331203066955746	3.9665
1cf/206fe2d192bab	2.4801964017980866	1.153625
1cc/784283718d1e7	3.0239915840944205	6.7403125
1cd/eca54aea6dfda	2.021279235548704	2.1955625
1ce/e2f9049cb2f57	1.260089924226791	0.7203125
1cf/eb427aae83cc5	2.643195745051148	8.1734375
1cc/b690c9a8e62f7	3.018690790484483	5.5488125
1cd/9ae539f14238c	3.2313016387364377	6.6243125
1ce/39b0d6f1070aa	1.0921500902033865	1.2063125
1cf/6665076da9a7e	3.0564803642079723	5.8275
1cc/5dad75e93e706	2.998956724986302	2.8558125
1cd/d2a76d8b9af01	2.780675002031078	3.4939375
1ce/5a77dd33abd26	3.099358424151242	1.153
1cf/d62d3da881a15	2.400534131514346	1.61775
1cc/fa4bb3c195e11	2.9664421954426152	6.411375
1cd/df5b72e04d959	3.310526637681486	3.9094375
1ce/3e3b69bf0e8b1	2.6177195616927915	1.9711875
1cf/4a71685a0ff4b	2.332467206028141	3.201875
1cc/8c621187b587d	1.9513591902621523	2.6079375
1cd/8531bcf9a9d97	2.4176568826779192	2.5009375
1ce/6bc3969ab86c7	1.7455927761478753	1.21225
1cf/ad8aabf7e98c9	2.5619088555463394	0.9005625
1cc/f8061b753e3d4	3.3521425700906406	3.1011875
1cd/4707687ad913e	1.8506597724883094	4.415625
1ce/dd489f995ee93	2.3221914817653646	5.07425
1cf/459557f1b42ce	3.392114085950485	7.6176875
1cc/7144b7ebe3a40	2.650601105905	1.97175
1cd/18c1b8a9dadf4	2.913404951466555	4.817625
1ce/852c36a603714	3.340722419558846	6.1841875
1cf/7addfd3981063	1.8119785229562806	2.2388125
1cc/01874494dd18d	3.2531421526368924	6.214375
1cd/f8c529d4f2e65	3.3086385974066173	5.34375
1ce/10cafc0d2cdbd	2.0839109361639414	2.702625
1cf/7b681b1a2c2bf	2.9319689291885225	4.4898125
1cc/6f1047ba2dfe7	2.2842740226662666	4.3599375
1cd/413883effcaca	3.3401184756209616	5.5291875
1ce/0685218afe55a	2.593903978755558	9.013625
1cf/2bcd8318427b7	3.1279617750068947	3.6993125
1cc/7893bbefaf1b0	3.0484455461137236	3.129
1cd/56b5b40a8c4cc	2.0218489072014827	4.660875
1ce/1c26454974edb	2.724051135138618	7.53775
1cf/5bb4843bd1083	3.237498426053841	3.9828125
1cc/d865a6f62fa6d	2.469311245184257	3.8026875
1cd/08ea7ef7c30cc	2.4638904082601534	0.76825
1ce/3cc414c60f642	2.9233819414583766	5.1761875
1cf/0763d3353d86f	2.783542656746813	0.8165
1cc/670d4d8f87038	3.076516856705268	4.0455625
1cd/9fc67332e81f9	3.370789455209289	5.959
1ce/8e9ead6545921	2.36558500993928	1.68275
1cf/74de80bb2f241	1.4774106890308185	0.8165625
1cc/1d714b7f1dfc5	3.3759060118281323	13.93925
1cd/daf2490d3ddff	3.2976701743491934	13.2934375
1ce/46393027202e3	2.5476022753475243	7.4328125
1cf/cd1e2053fcc3b	2.6222865436532663	1.874625
1cc/9bbac0b2a42b4	2.23699130738675	4.4415
1cd/f67e1b9a3f84b	3.060905759287317	5.26725
1ce/fd3bbe5c2536b	2.6171996936427777	6.1986875
1cf/86088cf1cee3b	3.4227693142070166	14.128875
1cc/4ce192065d54b	2.971655631955617	4.278875
1cd/cf397969a58f8	3.058718365291327	3.9830625
1ce/b30eb554bd565	3.1608348242555153	5.826875
1cf/253ef6bd241d6	3.249373499868553	3.4759375
1cc/2e41db03f49cc	2.499388964000297	4.361625
1cd/24667f931b567	3.323813941861303	7.01325
1ce/fb1636ba53c51	2.8463870982949837	14.8985
1cf/77539c2fa4e03	2.649104117914842	6.0725625
1cc/ef67f0512955f	2.2584627702643165	6.723125
1cd/3df8d780e376c	3.330568598082927	17.9666875
1ce/8e569d4afa6ce	3.152080127661501	1.77025
1cf/ac58dde4af39d	2.7043726144094036	9.5635
1cc/f9f8f80c0ea6d	3.013915706758773	4.760875
1cd/8d81482794a01	3.317756145063527	8.293875
1ce/ecf0430dc3577	3.0154443593739435	4.02575
1cf/30f6948864565	2.7503859172876908	4.8585
1cc/ba2f7184b047b	2.5854094153217764	2.2900625
1cd/afc8278d5b8e7	2.5967136159465203	2.3318125
1ce/eb70b10bcc128	3.287849201516079	5.158625
1cf/731613e3ed8b0	3.262662160129258	4.7238125
1cc/3986de116a8a2	3.2252123727849935	4.623125
1cd/6d8666817f3a3	2.774673399179651	4.8091875
1ce/99ac300da14ae	2.8748002542932847	2.0156875
1cf/da2607b324d83	2.7561179510552902	3.26575
1cc/b51da8d26077e	1.5352856649176023	2.3086875
1cd/0f42def5a30a0	3.202170729095926	5.2485625
1ce/ce584922db402	3.205072394479524	4.8826875
1cf/b7aed6ce94206	2.854950685034657	6.35475
1cc/47bca8940419b	2.922374092630671	3.1715
1cd/3cc116e0af72c	1.8389510446894473	2.529125
1ce/9fe3e3518276a	3.413028439538655	1.9253125
1cf/18d76b3ed96ba	3.2632255786674422	13.7559375
1cc/0fb9a1da33631	3.0396399782522203	4.490375
1cd/9575f78996fcd	2.3439225383183406	3.9360625
1ce/886cb94fa80fa	3.0473898128088193	4.1723125
1cf/49f2a1d36f40a	2.3511025650894437	5.015625
1cc/4e64cf0c21a02	2.3482615508789495	2.736125
1cd/5ebf6b24b57b8	3.1021679647586073	8.03675
1ce/75f601f3e4271	3.2113751852428414	5.69425
1cf/2e5f210a6254f	2.8096869615981954	5.980625
1cc/11d7b0cb5b61b	3.2870044219851393	10.5535625
1cd/4530afcd15feb	3.4297654884726874	13.02675
1ce/d7879e7819026	3.0175635658591986	6.029
1cf/6d2957f9c964d	3.0094024943576065	4.211875
1cc/a30f308153f44	2.0819642800677243	4.159875
1cd/f1f8c5c3fed42	2.4069379416003804	2.306375
1ce/1093d44d7e583	2.637933336605828	6.7838125
1cf/031559ddbafdb	2.214600596049806	3.5
1cc/1c3430f223076	3.320162824542571	5.9439375
1cd/ab6faab672fa6	2.77195444111127	8.6471875
1ce/4834e8cc10800	3.1740139364956477	3.6566875
1cf/4d31839885196	1.4366751162332119	2.5146875
1cc/c7c9ea6f6295e	3.1618371025272967	9.0584375
1cd/05826af94a920	3.021061127448405	15.9868125
1ce/8390ff3ffd961	3.3004268696884242	6.0720625
1cf/70e62bb8dac93	1.879364441639214	0.7201875
1cc/68b9804ceb0ba	2.2582156362384094	1.489875
1cd/8d2907c75f9ab	3.270464964324758	21.8130625
1ce/08618219c4119	2.9762242445263793	10.7815625
1cf/63bb8a77de1d4	2.7787501308305385	5.294875
1cc/4a49692e1f39c	1.7788487571156242	1.949625
1cd/e42946d43e4e3	2.796106085262241	2.9415625
1ce/5edec04056ec0	3.077418331493637	2.5270625
1cf/39b6a7465003e	2.720572375444499	5.3095
1cc/6e12b24e21b48	1.1037697689703547	1.105125
1cd/4dabb9615fc30	1.1018711594817006	1.2174375
1ce/70cc0c3c72b0b	2.4657349955206675	2.45225
1cf/d06de925c82e7	2.6405302811908147	1.4944375
1cc/f6318460b48ea	2.845939160764849	7.2005625
1cd/d924a4e7cb6ec	3.2755171895594546	7.5365
1ce/bac934fd9f947	2.950022962378542	6.5104375
1cf/236b4cd5fa115	2.0517187779319377	4.1535
1cc/aea199f7fcde4	2.8994559578237182	1.9551875
1cd/da7732f3da7eb	2.726975274249451	7.62375
1ce/408bdb2899204	2.8662117488007866	3.950375
1cf/3fcf56a638b50	2.5355119987525514	3.171375
1cc/037e097d16bd1	2.817805509218208	5.4548125
1cd/cfdfb5f8fc49c	2.3669628114352372	2.42325
1ce/85ffa5deee5a6	2.6387702805189788	5.1430625
1cf/86b0144ee6928	2.7155478675243216	8.6005625
1cc/befbf088cc07d	2.6078936801007786	3.918375
1cd/2487fed006d62	3.1477812964592156	9.7469375
1ce/390255a26886d	3.0351755299023724	7.3286875
1cf/59f6c4af4a448	3.2688658069846173	6.9504375
1cc/0b8adffe9dcf4	3.2343405407992707	2.1705
1cd/203b1857890c9	3.3406622793263274	5.777875
1ce/2dcbe8b3d201e	2.4853625559085777	8.1879375
1cf/4ceadaecf53f8	2.4686662015311938	4.291125
1cc/e57c39cee9e96	2.2918274206977114	7.5581875
1cd/eb6676e642feb	3.156107571222245	2.8974375
1ce/ac000b540ee73	3.343159566784282	12.277125
1cf/79afd7a44b68f	1.9713859230117163	1.8998125
1cc/443f857cf8db5	2.9414268768116636	5.1406875
1cd/14093c762b0fb	2.7797711145570405	4.0841875
1ce/654702c48fcb2	3.0945285527651434	4.0706875
1cf/e1749d6576c96	3.0297551821811295	1.0086875
1cc/92d4879756b88	3.2987125208693464	6.95425
1cd/ed56a229ef253	3.1681008303718166	7.1055
1ce/9888acbd3b02e	3.4332371953888625	8.17225
1cf/427e530189120	3.15124236293469	1.4608125
1cc/01e307ed05d11	2.3007345865581073	2.050125
1cd/699a8830e4b9e	3.3563029316200255	6.2734375
1ce/7161a54643d4c	2.0193799044410907	7.0225625
1cf/539902b2854f8	2.7939166854833246	3.55325
1cc/9f41d6fa5cdb5	3.362730048001025	8.13975
1cd/2c9cb90cc8371	2.6893598950822235	2.7235625
1ce/2b649bbe2db4b	2.639129916464107	5.037875
1cf/68d2b1b869149	3.382758364626586	2.839375
1cc/236ae95f3dba8	3.278351656088341	13.0431875
1cd/1f471cfe3c36b	3.430894745510404	9.8146875
1ce/313c389d652bf	3.4328191257415344	12.5839375
1cf/fc08e016ce728	3.25748461538421	4.856
1cc/4a040ec143c78	2.8051558593905783	5.7363125
1cd/845d73916a258	3.393036379937789	8.79375
1ce/4520c8ea48952	2.933808345914354	3.2533125
1cf/f70c4b9dbf6eb	2.902181531928128	13.44875
1cc/2a05b2af44d92	3.288247447296737	4.9374375
1cd/df83218f26a0c	3.1398607119876116	10.6810625
1ce/db39837d55160	3.3425782994103233	12.859375
1cf/e804767d1b4e9	2.9108286804204107	7.9450625
1cc/8bbf3e7541b7a	1.8339998115300873	1.971125
1cd/c2a10c94cf7c1	3.1463110809974917	3.0211875
1ce/f9260b0055995	2.9310519744385815	3.7955
1cf/4419f89938636	2.784362512754418	6.2950625
1cc/ac8df47b8c818	2.9044362001676554	2.176375
1cd/84e044e0e5e48	2.5676094698447542	8.312
1ce/79fe950bad9a1	2.058001670860666	0.768875
1cf/af87f4be9e8c9	3.2895695846666415	5.66275
1cc/2e052484c7b23	1.0992707513206976	1.20075
1cd/1ef06b8c570e5	2.2444626092006565	1.009125
1ce/7a010c7f549fa	3.341010342614477	3.652625
1cf/bb78eb130e848	2.197214266409728	1.821375
1cc/2354bbf8333ea	2.5110614964357025	4.758625
1cd/0a00f814f6556	2.691809110344567	5.961625
1ce/61c8808bdf250	2.2941821904075885	2.638
1cf/5daab6900a698	3.3758655029686104	9.9694375
1cc/5f74ccb43afdf	2.752930297055966	1.912625
1cd/522563689c2c4	3.5019003113727214	14.6709375
1ce/d1660b4e9b154	3.063440541912253	5.9895625
1cf/8741db84dab42	2.9398321718064087	4.843875
1cc/fe71bab078523	1.6650824027990385	0.7804375
1cd/b9bb8a566fca3	3.0667777950832282	1.7243125
1ce/4f379091f83c3	2.6948018711792128	7.9379375
1cf/1afa68c6e0c81	1.7198487028009566	1.7788125
1cc/6cac0fdd43c22	2.9246761994172052	2.95375
1cd/67f456000b82e	3.209267834733166	5.1364375
1ce/ed368682d939a	2.233876298294667	3.2486875
1cf/67b65da5b39e9	3.1606161480713495	6.171625
1cc/6f6f1d01af486	2.225039208686759	1.858125
1cd/634208db172ec	2.630241970270298	2.3785625
1ce/e2b45cd112f21	3.451773460786298	5.0409375
1cf/8fe4ef6af5681	2.965450222790805	7.017
1cc/5808231ec63a1	1.9618322132577768	1.681375
1cd/ff9838dc9c23d	3.3229805357160225	11.3935
1ce/ab47d14d5148e	2.967207542610826	4.78925
1cf/31f593f5a4e16	3.221507064405847	2.231125
1cc/256bd2020d747	2.841684509522886	2.0093125
1cd/ccf06c213f110	1.9619880228353608	1.587625
1ce/47f1164cd386b	3.3121462022025567	2.812
1cf/3d98d583b7f25	3.3594911897396225	8.6635625
1cc/c3f58c39d03dc	3.4663708916527005	14.9363125
1cd/213a63a510dee	3.0359715236982416	4.8755
1ce/bd303a12245c5	3.1011330151006335	5.5800625
1cf/756d408099ba0	2.1764392591017487	1.2014375
1cc/111ccc95fd602	2.3146026601914174	1.3468125
1cd/0b83aea1aa026	2.7650492872933254	2.7885
1ce/2fe75663abf58	2.7549389821462746	2.9008125
1cf/d0e9ce70bec5e	3.4692473651435938	12.1965
1cc/2e1c106a7f1ba	2.783865291114409	8.665625
1cd/f14d23f0760d9	3.1913214876940956	8.697375
1ce/c0bcbc49e5f1c	2.672939978833927	4.6995
1cf/45a8e7ec8f7a4	2.6629879559624587	5.2090625
1cc/52a11b957c4ba	3.058704993704417	7.089
1cd/c2da0c61e20e0	1.863634683435642	1.6875625
1ce/35d1b5421266c	3.3029358898645	7.119125
1cf/c6ba4b03221f2	3.3465270864713657	6.8975
1cc/894d36df08137	2.8015683910041678	2.40125
1cd/cfa5e74066f9b	2.6350765271164764	4.777875
1ce/bd376c90b0d31	3.399922229904375	1.9471875
1cf/5e6e8284c8e68	2.857743119572469	2.1566875
1cc/961950c9e2cd1	3.157454530759915	10.4625625
1cd/ecade143aa952	3.216805665725237	2.74575
1ce/4ec962cb9ab22	2.4753177833780473	2.8118125
1cf/1bab6306e9087	2.6151647312868347	1.7300625
1cc/16784f9ecbeaa	2.5447833827421027	9.3796875
1cd/62bcb11fee9a6	1.6089297541406333	0.9609375
1ce/66e0b0a34880f	3.1055471085784845	2.5430625
1cf/884503abb5687	2.8133030625031967	5.3329375
1cc/1d72fea1efa76	2.964790710973252	9.1684375
1cd/9b50be2db38aa	3.130412708957472	6.2995625
1ce/123380cc339a3	2.2051653108529843	3.699875
1cf/d6ac32459dab2	2.4643367773571043	2.1623125
1cc/35bf5ff2e7d98	2.9451730871038233	7.74125
1cd/e6ef6da8b02ba	3.447946569992709	7.417125
1ce/97a9a3ca6bc0f	3.1143333414252155	2.212375
1cf/2ed2c5369225c	2.8066134628398927	4.5179375
1cc/10a55ae2716d9	2.6555903774689136	2.620375
1cd/16f0cd8e529e5	2.3285288770945702	2.2368125
1ce/f95b4632d6191	2.9841421327805833	24.1123125
1cf/84dea9f9760d8	3.002047677866715	3.846625
1cc/ece9d53d09941	1.1104928761277097	6.3586875
1cd/87df80b069bf0	3.0047906103111566	4.3
1ce/21c36049650d3	2.81827957815687	4.816625
1cf/26c56c86290dc	3.1565535549401718	5.8568125
1cc/0545a43cedf6e	2.7802335924382295	4.4391875
1cd/f28a09132cdf0	1.1308602426720618	3.4710625
1ce/b76c8b4619452	2.9670397307116483	1.34575
1cf/120ed3038f389	3.184730938032633	4.6461875
1cc/42c19368fab52	3.5475058283151983	7.94925
1cd/06c9591b7ac1e	3.355175333219472	5.39175
1ce/19fddba9d2001	3.0307810778287227	7.8975625
1cf/cd39ca8b33615	3.145134589722809	4.586875
1cc/c5bc4edb4feeb	2.6188335283471043	1.6281875
1cd/c53e904bae304	2.9866938402185315	9.58125
1ce/594971a9c6e02	2.7048922949313514	2.7224375
1cf/10d0ea987ed4d	2.305629633821937	1.379875
1cc/6284956a397aa	2.6856118151358443	1.7640625
1cd/85c3e636c4db2	2.147648708838415	2.810625
1ce/df5f054334eac	1.9254907712802183	0.7681875
1cf/828540598b0ff	1.8304139201406489	5.241625
1cc/430984944bc81	2.5321298468807427	2.836375
1cd/c5487bccbba00	3.1868643491267363	11.1916875
1ce/3feeffb6eef50	3.3871597895156316	9.0074375
1cf/8e18d7ce9179f	2.379973166164315	1.3215625
1cc/323dd0be1a80a	3.2298078920388678	13.50375
1cd/715b05aef9be2	3.232537616920677	3.2996875
1ce/ddb847a5088e4	2.857501992965146	2.1045
1cf/7c29004021efb	3.242324460582232	7.2113125
1cc/5d91ed54b3753	2.2899203367531658	1.1528125
1cd/2cbc24f1ecf8a	2.49547669897496	0.9609375
1ce/9a6c1d41b1424	3.0324246820629703	5.9289375
1cf/4886e6925fec0	3.4137890334893437	8.4829375
1cc/c5e38d675e160	3.390450979097193	6.843625
1cd/3498edb7ba2d8	3.144349882895888	6.94075
1ce/786fc1239db86	3.345412728030292	7.11075
1cf/e679af475192b	3.359854006329884	15.5109375
1cc/7d25e772ee877	3.113051462008823	11.98025
1cd/12d941d337dbb	3.092407215329729	1.923625
1ce/006fd01f44ec8	2.8356320722115265	3.9896875
1cf/dd68686d4fadf	2.9425831632122126	15.9560625
1cc/9d80cb5686577	2.670919519535666	4.3454375
1cd/6a658b5b296c6	3.517446220498634	28.2285
1ce/ecfcfcafe04d2	3.2638574286591626	5.2570625
1cf/9acf770f80f3b	2.9054752048102337	6.518375
1cc/42f71982db587	2.4715951523738817	8.4479375
1cd/248077e1add86	2.5777915379983347	3.61125
1ce/d60dfb168041d	2.9017560117380476	1.732375
1cf/6efd8706f43cb	2.3080131257273746	4.328
1cc/f9f00c4c16316	3.198904071489463	5.1763125
1cd/01f913508df4b	2.386546756369044	11.6000625
1ce/34812b68bc874	2.710075845420214	2.1599375
1cf/9767e3f220547	3.360128610989725	14.863
1cc/a5f5a8d042415	2.646278769953811	4.42175
1cd/42272ffba20f6	2.188339844181368	2.608625
1ce/4969c74f1fb06	2.6413141792482513	6.499625
1cf/11d5b2798c0a3	3.1103179231913995	5.5039375
1cc/eff4dc5035ed6	3.24902020545357	3.0785625
1cd/7f9dab4a29f34	2.2279637330723965	5.953
1ce/4a8f35e257c89	3.463006063674038	10.08975
1cf/aa7853225e100	2.472474170598625	1.6825
1cc/9295d9a2473db	2.8225529815637147	2.9125
1cd/e853ddfc0a5fd	3.1742807948242424	5.5713125
1ce/f6d0e2f4cb742	3.2965942358417695	4.2665
1cf/074d19979a375	2.7678788053658905	2.669125
1cc/556acc2c2260e	3.507581126221421	6.148375
1cd/81e7f3b6fd7ad	1.6659494336981264	1.4170625
1ce/a251e8a4a8019	3.23506280398163	10.288625
1cf/67a9e0cd5c691	2.4419677848621046	9.83675
1cc/ea19df9aca369	3.0206399487167794	3.1895
1cd/aeae27f7a7a28	2.843132579980608	5.018125
1ce/7b7beaad2edd2	2.5425546912945114	5.4035
1cf/e075b04479dc5	3.401002706125543	4.5394375
1cc/827d778e3479e	2.176075160777296	3.3193125
1cd/a20b05f3f01f3	3.2567228210991357	9.1249375
1ce/c1d68dd3c82d6	1.0893676717670149	1.87025
1cf/0ca0737ae143e	3.4055393739949653	6.5748125
1cc/116b07bf105c2	2.66495075706933	2.829
1cd/7ebe2930a6080	2.659223626629876	4.7561875
1ce/a10d3a20cd211	2.9154179808602887	1.96975
1cf/8c5f77f16ce4e	3.1502672918691603	4.5725
1cc/a6a0bdabf1809	2.432041059300208	4.7329375
1cd/6236993c7bba1	3.225671851392877	11.9980625
1ce/c7d466d1c9264	2.566608857967521	2.003125
1cf/8ae2418035325	2.48056687057431	1.4231875
1cc/96cea21925c7d	3.4202058178419317	5.40525
1cd/119932cc50723	2.5147175399876254	2.801125
1ce/21898db167547	2.594536172331692	2.1091875
1cf/6f2a9f5fb633b	1.2145032262012494	1.6816875
1cc/b10aea65dd391	2.4241728331551746	7.00225
1cd/807acbd1fe856	2.930518838701536	6.6815
1ce/a01627289dc15	3.397280471074456	10.93775
1cf/658fb4a61ebf2	3.2104423750817332	8.1515
1cc/58fda0a2212f3	2.901109358634939	1.057125
1cd/64ec2030ae9cb	2.699719732760341	1.489875
1ce/f625abd22b40b	2.792788333210286	4.9545625
1cf/94725cde08c41	2.4931033787934775	2.30675
1cc/13b569f525eba	2.815669367428908	8.84025
1cd/fccd6afd72d2d	3.1225163238017832	6.540375
1ce/37ec8b73e3896	3.29346615320566	5.2213125
1cf/b662c61953f56	1.4491646474731408	0.9858125
1cc/158d2ffaaaf55	2.724928478549259	6.3694375
1cd/4c90d3c0e9c04	3.2786555769412655	4.9268125
1ce/b5950b88b7128	3.224615455881575	9.2695
1cf/50bfb2f93892f	3.05371280166421	5.15225
1cc/0cae8c5060902	2.924737181586167	4.893375
1cd/ebee4c3a68816	3.0000143016482625	3.72025
1ce/f6598ac63cb85	3.14983061072811	5.5915
1cf/d7e763dfeffbb	2.7567544114606632	4.9558125
1cc/166a4b0e0123e	2.7835032058976035	13.596875
1cd/ed9f7c991a15f	2.9163362619532283	2.7510625
1ce/e15a727449059	1.5520065651562243	0.817875
1cf/2259bddbeef96	2.7535366290827734	9.041375
1cc/fb5caf8fd0e6f	2.8846305160593833	4.875
1cd/717f0cc4cc4d7	3.2482392617216607	13.6949375
1ce/afe55bb2587dc	3.121660168529514	6.277375
1cf/7d2f189045c52	3.0464389895824695	6.1660625
1cc/785385d8290c8	1.842820653693152	1.538125
1cd/95bf82d7ee16f	3.2746931291104557	5.0764375
1ce/de698a9da095a	3.4296935970593787	5.7875
1cf/10d1eaf7fea1f	3.421972852074083	10.7153125
1cc/2c0077e600769	1.0890821937290731	1.248875
1cd/b76b9d740ae4a	2.3190249530058717	3.3928125
1ce/5974fda349498	2.8877060968153785	2.98075
1cf/3ae7806dcfe45	3.12130708835826	3.7285625
1cc/39232c96f61d2	3.4638467149551344	10.035875
1cd/fa09719da92c7	2.762772377327379	7.0498125
1ce/3a3fc97414307	3.2142831533589824	2.302875
1cf/4a3c2fa23da54	2.071760747889952	1.7415625
1cc/77308a330a91c	3.120512176154543	6.654875
1cd/2e0e61d58a8b7	1.9122012608973393	1.4961875
1ce/b5a54d51ccfe0	2.7749773573105103	4.469875
1cf/bb91550ac14a7	2.293130779903746	2.3083125
1cc/3802dd11a9865	3.1001387341145468	4.1425
1cd/22b14ca8a33c7	3.1342229498819054	8.3411875
1ce/7b349cebf0a76	2.4191689525148563	1.7304375
1cf/0bf90a47baa61	2.7779729982138512	7.0690625
1cc/55cb9f9c3faf6	2.9761038724988365	15.353875
1cd/1f7ce8ee6cbfb	3.240445529965898	17.649125
1ce/5432897d883c3	3.2445746535034274	6.4255
1cf/caf794abbe363	2.2090611786090038	3.768375
1cc/527dbe3d1a5f6	2.86541477091099	2.3566875
1cd/e4703bbc89b09	2.6986225102579184	2.0920625
1ce/d26389895a5f0	3.19891664436181	18.1193125
1cf/a6706cf8fbf78	2.676117017193022	2.084
1cc/e7494b5ab078e	3.456125880175263	23.606625
1cd/628b50d7c8345	3.368771508804398	5.3533125
1ce/980376c82bed7	3.433767201716796	4.3126875
1cf/d27849ae5eca1	2.3122197838179357	5.27625
1cc/79f5934fbba76	2.833828782405984	8.794625
1cd/7a8520f94bbb7	2.297940246432159	2.568
1ce/b426cff9a1a59	3.3224136903524353	19.0003125
1cf/707f816ead5c2	2.584181909244074	1.787125
1cc/7bd64d0acae19	3.124287836479622	5.848375
1cd/4b71d3cfc4df5	2.8777852882130226	2.891625
1ce/30cd9a4aa5870	3.341364218392085	3.2694375
1cf/b592b9fcb6ed0	2.804865999026673	4.7935
1cc/51733ae8146b5	3.466467497654821	4.43725
1cd/925270065e512	3.306459104282787	5.80925
1ce/9fcd642653be6	2.3913162189146813	3.2813125
1cf/49d2ae8ddaa6c	3.2497207771879952	6.5551875
1cc/fd5d0e848e533	3.248951856750119	3.35925
1cd/a98e20c06b5f1	1.977654345069519	6.078375
1ce/9c56c49d4f43d	3.3924809594936662	5.947625
1cf/4847bc0ba41bb	2.627992586128945	3.7521875
1cc/171423c0faeae	1.9275947832377074	1.921125
1cd/f865d600616c4	3.1085815878386573	3.4114375
1ce/7d5bc4d0a9fe3	2.5498804796586327	4.5689375
1cf/7f8cac588f747	2.328500314324382	2.474875
1cc/65bccc6c9839f	3.484762692121941	4.6685625
1cd/b765e9eed0e18	2.7434191581035385	2.9845
1ce/f33d10e8d3daa	2.4667946573710506	10.1818125
1cf/4ede79e27f8ea	2.4345368130136107	2.2785
1cc/67d2f65112694	3.2748771558694343	5.9588125
1cd/1a8ed9fc676bd	2.1326594468899462	1.5648125
1ce/7f1bd84b17654	2.1796755246950132	5.887
1cf/ed7a4c2552ae7	3.368821276938106	11.5144375
1cc/bff112d9cc4cb	2.8240871629984614	6.4825
1cd/f095830203224	3.416176123233766	6.4661875
1ce/df5a15ee28cce	2.340402895026988	3.70425
1cf/525466f9f1052	2.093993405985355	8.602625
1cc/918afb200acd4	2.1420672779492516	4.2980625
1cd/2d51b72bc4cc9	3.2859200012410192	6.268625
1ce/e6d8836a7c9bb	3.1864887360032674	4.0438125
1cf/3acb5178fcdc5	1.8006882526493824	2.402
1cc/642afef6a93be	3.3621804727141504	7.8273125
1cd/d7c90df8bd856	2.1754545747592746	2.451875
1ce/7df5c01855fb6	2.421995333570366	4.511625
1cf/004081bf02243	3.4798873324016357	18.2191875
1cc/84067d2c68da1	2.5487211689349096	4.681375
1cd/2c521f85a4179	3.281556815459451	6.12275
1ce/5bef878915d17	3.188790625409289	8.2040625
1cf/424ad86b99bb8	2.3662570394361073	2.026375
1cc/6dab3ad54df97	2.7350089159455466	4.52625
1cd/2c6a83eabd1b5	2.719015116161916	4.153
1ce/be6ad241b8328	3.1728278932580345	2.8031875
1cf/9b97c2b7925a1	3.0876405814976238	7.4580625
1cc/b6e2d21b6ec8d	3.112551780206438	4.3495625
1cd/f64f02ccd14cd	1.9928353624654704	1.326375
1ce/672acb6878fc1	3.210656589651564	5.004625
1cf/c0dc4d8989156	3.416458781530138	17.9811875
1cc/ff59bec1ecc9a	2.663399041415951	8.250375
1cd/d06d512236cc1	3.330083069186824	9.3640625
1ce/8d667e1fc46f1	2.9675880214475914	3.8440625
1cf/f7ab56c5d8e81	2.8487063131780817	2.0516875
1cc/598220d41950a	3.180381551333186	1.83225
1cd/2d718822ab64b	2.943894331421235	7.6880625
1ce/e2ab94b3c7f4f	2.785395317924338	6.829125
1cf/ece40101f6b3e	2.7847073118238868	3.1494375
1cc/301e5f6166dab	1.916587551427072	1.0086875
1cd/47f398d2295cb	2.9309204433821785	3.491375
1ce/69fb488cd5f32	2.2320571164718634	3.3654375
1cf/f463dc8574bd0	3.465223918447669	23.4624375
1cc/947454a47103b	2.604820267524139	4.1511875
1cd/4cae44575da75	2.8178338422112543	11.681
1ce/0b0cd3dd7f677	2.577290881657971	6.94425
1cf/252f7cff8406e	3.3032300293463965	4.516375
1cc/c7ee31d71282d	2.717563336815481	1.970125
1cd/b497f14f7eedd	3.418091851194882	5.4235
1ce/4448c27d8936e	3.221067043747545	2.764375
1cf/b7223da55a233	2.7196275661020577	3.5956875
1cc/185c35af825e8	2.9548103433325537	5.5066875
1cd/6f14fd8d31edb	3.3185454648995023	6.5035
1ce/26f21281e435a	1.741608649086887	4.2835625
1cf/d02f387b0cfe7	2.8178841583559646	3.81675
1cc/fd5f34ffce0c4	3.4383328586507425	7.2720625
1cd/fdc9eb3935db3	3.2318868284122217	11.8815
1ce/88de923257e79	3.390416004719696	8.59525
1cf/2ce0cc54317f7	3.241135559447193	9.7396875
1cc/7d36611453e2e	1.114475803403095	1.79425
1cd/06181fdc4ecfa	2.0748953042175957	5.606375
1ce/2e6a5f69860b3	3.303140263680862	11.608125
1cf/7efd290233f1a	3.0889263602553143	3.09575
1cc/de188dec1d1bc	2.3875559702056193	5.116375
1cd/ed5ecdb3cee00	3.206393680451114	3.1071875
1ce/682a496be6ff4	3.303573463949946	4.5351875
1cf/8006e7eda685d	2.6837346983896198	7.50875
1cc/f1931aae6b5ad	3.1933775442300085	2.684
1cd/1f37101d08f3a	2.978846354753357	7.6675
1ce/2539daaf47d94	2.0279428758787756	3.2503125
1cf/fa02c034004b8	3.0182980510057864	4.0025625
1cc/dae3cadb1cf8c	2.6418765311468526	7.739
1cd/e31b820d39a2e	3.348725611863075	9.8211875
1ce/e5cae235479f2	2.1230670645876537	3.43875
1cf/0820a15b97c18	3.3727733508866655	3.9518125
1cc/b1f712d3e0be0	2.4249784287061407	9.0345625
1cd/443a6bde7650a	3.462669726840276	14.7900625
1ce/c35677e741843	2.644874154550261	2.9065
1cf/f98f408bdd668	3.288610909175027	6.3269375
1cc/6ad14ee64a536	3.3039793996625133	9.118
1cd/ece306853a74d	3.2493869885600866	8.27025
1ce/74212dcc27f8b	3.1126441432045495	6.861
1cf/7f25f4bdeac4e	2.221635977837865	6.2496875
1cc/7785610919be3	2.4314300036767573	2.804375
1cd/ce7aa0ed2dcf1	3.326663253376606	8.259375
1ce/0f0a37917d265	1.1094742991947613	1.9258125
1cf/10fc7b6c21a27	3.2802226127991374	4.9008125
1cc/630efc21dcae9	2.7683353844582435	7.466375
1cd/48f345ca89f92	2.4415317732048467	3.283
1ce/2fa2d61a0bf52	2.597320891514054	3.29625
1cf/fb5e030cdd681	2.4098004930125154	8.5825625
1cc/2be85d04e6399	2.334573427402263	3.190875
1cd/bd1ed0d664e2b	2.5022627293743147	2.5501875
1ce/bc6963d3b0061	1.1066401442848657	1.5393125
1cf/cd3f303c6aeb0	2.864859521059055	12.7265625
1cc/ce10c27e8d74d	3.02696989653318	3.5185
1cd/21a24db2fe833	1.5976455566992585	2.2275
1ce/f06ba14b738e1	2.1574218831876877	1.9893125
1cf/90e015059b916	2.440375882671301	1.528625
1cc/658bd1804f3a7	2.619115855440877	5.1864375
1cd/64f543b08496e	1.8648380881264743	1.0570625
1ce/5d72320d61c5d	2.2235787742972617	1.2649375
1cf/fc2224fd3d179	2.397751945142495	7.14175
1cc/ed7801fa1596f	2.594482158415416	3.13625
1cd/2ca1d5e911425	2.9713038802797476	5.378125
1ce/6fe7e92824a98	2.1762317023232027	1.890625
1cf/f958ccf75493d	3.2220335873194688	4.0413125
1cc/664756b45f2dd	1.0507363921587047	4.5534375
1cd/46a5bae9d4ba8	1.9224668524951223	1.9715625
1ce/cf570fdb93fec	3.04412299480017	12.975375
1cf/43d5a351b2185	2.7225647168661626	4.7659375
1cc/4fdbcc7ef3782	3.2757723374028536	7.60275
1cd/df059c017a784	1.633096474016814	0.86475
1ce/48e706d90da6c	2.1846376033822694	7.906625
1cf/8b8d09548f742	3.1645475225279682	3.9145
1cc/6bd2cbe789742	3.463409819149264	7.047375
1cd/c11ac53a86c07	2.4148516538760485	3.3390625
1ce/86bc3a4ac0b82	3.1109766858071666	4.1755625
1cf/dc2c9ae812be0	3.4369423375279893	7.1935625
1cc/b1764b2ac05e1	2.8551716416465824	8.3964375
1cd/46bcf1d90a1c2	2.160959152038806	2.2709375
1ce/7f7893a1b95b8	2.186843371262192	4.5419375
1cf/87c6888223465	1.273555171208379	1.5378125
1cc/0c5640ddecd96	2.8472272811293093	2.167375
1cd/33f2870da8960	1.7196740767820615	2.1571875
1ce/6e9ff37c66751	1.8538239275653752	1.1535625
1cf/8e4b50bc31827	3.199053584731294	5.085875
1cc/76b2b1bea28ea	2.734697235789492	12.6494375
1cd/f1168c74f220a	3.2044874450597716	5.034
1ce/811be4c4287a0	3.2160584943222617	3.129375
1cf/4c6f90f7822e6	2.817813998703403	15.1093125
1cc/c06adfd9241c1	2.4447423776526045	2.0554375
1cd/72918689d287e	3.247778072278743	8.301875
1ce/63d9f54254d65	2.637053112634445	0.946625
1cf/db95dd095b2a3	3.07666588769896	5.5556875
1cc/6defcb3dbb185	2.1420801786398607	1.649375
1cd/5aa74a249bf5e	3.1325651291574403	6.3853125
1ce/3b585cef8044e	2.811786393542583	3.6410625
1cf/f5576f508873d	3.075090218436322	4.4608125
1cc/8272d37208982	3.4313322352442435	25.6274375
1cd/4c861f8c6bdcd	2.399070049040056	4.391875
1ce/279b91b0a21cd	3.0705489246207844	11.5516875
1cf/fb8203eeda55a	3.303925358157643	19.4443125
1cc/f2eb5ac695c54	2.890586351493266	2.0819375
1cd/17430bdca8ffc	3.4103711451560628	4.3638125
1ce/6368d12174c82	3.399346275239386	7.79975
1cf/7fea9a36bdb9b	3.2565069371935675	4.2040625
1cc/7a66fd2ef7871	2.448804389184994	5.7415625
1cd/d57cd8ba863e8	3.038426218667351	4.3705
1ce/17f248995c644	3.0947114174847608	4.948125
1cf/19cd8f2f505e8	3.0208713913440977	4.2370625
1cc/40dde46402f10	2.3235490954936733	1.4423125
1cd/28206d774ce0e	2.9041710958655003	4.6200625
1ce/77017402597e5	2.4795838917629918	6.1835
1cf/6c04aea8cfb7f	1.9913262040952278	1.345
1cc/1cbd309fcc13d	2.7390409295899576	4.24975
1cd/fda041a2384bc	3.225311223202818	14.36525
1ce/b20a64c9555ad	2.8721982645253235	3.0053125
1cf/aa6bc62fb1120	3.2110044956169985	12.72825
1cc/b6fa1426847ce	2.928329714014376	3.36775
1cd/ef4869578a440	2.328699931563909	5.916125
1ce/753b12edf9f93	3.0435134675698605	6.563875
1cf/52a19e0945ed2	1.2965295179709317	1.5383125
1cc/4d81f7e8b800f	3.383096325000869	17.030125
1cd/fc650da7ffa91	3.438851091464979	4.2565625
1ce/8b4d7b449bb95	3.055345435181572	9.0279375
1cf/d63f8c9792b98	3.301212468046023	4.8251875
1cc/9c75120f4762c	2.698118239699144	9.1276875
1cd/cea605f97e02b	3.142693977141608	6.509875
1ce/6ef4ed9ac58be	3.2626773773050597	6.90275
1cf/e060e814fb609	2.0105469116241013	3.5896875
1cc/800581163c3e7	3.08555470547497	7.09825
1cd/ade7007f45794	1.310932731737757	1.2491875
1ce/0965fa7a0bc13	3.0641082470141994	4.1496875
1cf/5dcddb485ed11	2.99965140796722	6.5093125
1cc/712faf3456b47	2.2776384333702726	1.4428125
1cd/3a830914edd8a	3.3617044252086266	10.196125
1ce/40688e3467d42	1.2026174488951151	2.3955
1cf/a8e5add25629f	2.4670971592733504	10.2980625
1cc/cede58be1e4fa	3.3831009323959806	4.34575
1cd/c38fa3ba5b413	2.6207531450475234	6.1954375
1ce/67f8e9d8fb15f	2.923423956472131	4.1849375
1cf/2e387998fed19	1.7367842775726106	2.856
1cc/f04d2cb76cedc	2.7103016205168586	12.581125
1cd/cf468d2e03d96	3.226648209115176	6.272
1ce/951e991e43a9a	2.662233840356452	6.1731875
1cf/20dedbd6bf29f	2.555610748557091	5.2458125
1cc/27e88b37c8102	3.0423174765867036	4.250125
1cd/da21ce210e704	1.3377975737197587	3.1728125
1ce/cb7c221e28f82	3.1421278217549826	11.38875
1cf/0628663bac170	3.1518313820758004	3.3174375
1cc/6c02cc732e48c	2.83457186526852	1.6000625
1cd/9e8aca0c99e5c	3.3809106154587734	3.7965625
1ce/ab07dbe1778ac	3.2360812502021528	7.7893125
1cf/c6460e3a043d8	2.9718238134108863	10.8989375
1cc/5f213fe2bc378	2.363954943632054	3.5039375
1cd/7ec774db1fcb5	3.3368229853422995	7.3858125
1ce/1e1c8d2b50e93	1.6834714848615058	1.6411875
1cf/253cca598566b	1.262486762754244	8.98725
1cc/5ded420957878	2.967699253068371	3.8985
1cd/479317cd3f6e8	2.1390379788162184	8.6553125
1ce/d5c7c28521e27	3.2819114529857405	6.4188125
1cf/c536ad7243f91	3.205782348347668	3.572
1cc/69d4801276d26	2.9207799255093283	7.229875
1cd/8660331cf43cb	1.205577855064131	3.1824375
1ce/35ed0c78fbcd8	3.3907776748460186	6.9483125
1cf/f2e88499bd38b	2.0665489724451596	4.1681875
1cc/84fbbcad0dd38	3.457098627467033	17.285625
1cd/a07982a4e3eb1	3.429440820153638	12.2685
1ce/389e005fdd983	2.6981075672949357	4.5383125
1cf/1e59284f9ed11	3.1620382534558273	11.10975
1cc/6430196b69d71	2.6370606907412184	5.1019375
1cd/07504afcfc624	2.238980553506051	1.010375
1ce/4e63999b7d9c3	2.302042223007583	1.6856875
1cf/9661f6fb4bf0f	1.1654139896980966	0.9999375
1cc/0ba7d85518dbd	3.1189789486087958	9.6039375
1cd/8799973f8582d	3.04812303954292	14.7716875
1ce/b578c718aa062	2.418333683579946	3.6561875
1cf/64ea07e624a26	3.193461222422525	5.925875
1cc/52a567c9ac295	3.407971596730854	11.4575
1cd/d0cef7a3f643a	3.3888697740711713	17.0490625
1ce/e1ccddd9855ee	2.296810283018161	1.9220625
1cf/3f256bdca7239	2.611493467471577	1.9755
1cc/d91075fda9ac6	1.816465712956165	4.1046875
1cd/8b63647111380	3.1769263602912297	1.787625
1ce/04150ad7287be	3.1965269200078112	4.848
1cf/f0f9fb114393c	2.785185386553793	4.3556875
1cc/837b835cc4d12	3.2682354997037177	16.301125
1cd/0c4ff9577aaaa	3.254870608674272	4.4569375
1ce/a392dcc46587e	2.851682756479834	7.779625
1cf/bd57f5f8d1595	2.699091145524055	3.7429375
1cc/180641bc2d0a0	2.0775815625586898	1.9506875
1cd/8e4b73ac2a47e	3.320268828944792	11.960375
1ce/31b1fca8bd809	2.439403567606641	6.2638125
1cf/49179bb9590b6	2.7011793823940136	10.165625
1cc/c116a547ae160	1.938275499441715	4.090625
1cd/66a75c43466ce	2.5824471024559417	8.8954375
1ce/0978bd5c0ed10	3.083348477794739	5.6333125
1cf/8bfc2bbb1b38b	2.22497603726622	2.7915625
1cc/4955bcecf4889	2.4872308563754	6.8096875
1cd/ec1733da04ea9	3.096810368072935	2.2826875
1ce/16ba89c98c16f	2.037931437408738	1.738
1cf/9687bb3f563ab	3.2251678388823555	2.8859375
1cc/bc0508d1f469b	3.011624597765635	5.79175
1cd/b0bb5b1e392a8	2.0818089517886236	2.836
1ce/4114672e168f3	1.8500677366269074	4.2974375
1cf/81bbefe8e5d93	2.2043672358733826	10.3733125
1cc/6908e59b92ced	2.585734126390032	0.9125
1cd/28581e5f54c8a	2.989214061439805	5.703625
1ce/48df0fcb01714	3.2724061911805724	8.643125
1cf/fa2e7ead768af	2.748732495868413	11.916
1cc/f1d6cf0facd8f	2.9091311789468985	6.980375
1cd/619250be5fe2b	3.0036162315297394	8.365
1ce/cb0d9cf43145d	2.9815892333452125	4.61775
1cf/96c16dc0f7437	3.565541402021559	11.887
1cc/dfa06a78bcfd1	3.0107510898990473	2.696375
1cd/da2f7a8cac843	3.4664499254764856	8.7514375
1ce/7f3131c28a50e	3.4086748725177762	6.2655
1cf/be1b5124f6ae3	2.466775694925208	4.2815
1cc/5ce6b1622a9ef	2.1148675805712744	4.891625
1cd/4aed349d1a38e	2.922074143999315	11.51325
1ce/7ba94d5f1a2ec	2.6008156297807017	6.111125
1cf/275b1b7e13eda	3.0829487842484933	25.3144375
1cc/80d6364463a19	2.9628811607776226	6.976625
1cd/f5e2f77145e4f	2.6817900369224934	7.8270625
1ce/5abbf93bbe4ba	1.5214434091618256	0.9753125
1cf/9fa1827a5f242	3.3878966004892197	9.26025
1cc/5d8271c08d3c8	2.949273935017263	2.5415625
1cd/1aeb7fbdd59d4	2.651592006081956	2.197125
1ce/d019c862aa753	2.724815453734761	2.6445625
1cf/ce8c25e47f310	2.9451037389494226	6.6756875
1cc/74c9b9c1c829c	2.7184948584683153	4.1393125
1cd/7e391f450a0c4	3.3212482224299777	9.781375
1ce/83c1c4d464320	3.3031659659217127	12.031125
1cf/4fbf8f6a93f6c	2.593814041469531	2.5165625
1cc/48f49106769a4	3.255486657826017	6.998625
1cd/c70051c2bdbe7	3.1769118893500337	2.40325
1ce/e703afb4b2841	2.202181160494988	4.427
1cf/a4f55c5230d8a	2.8421628251981588	12.9666875
1cc/ee23639c53168	3.0267838337592474	10.911625
1cd/14b00512e0239	2.7281056168429574	7.220375
1ce/259da7a3c7570	3.2830962467852487	10.8183125
1cf/eefe99d3500f3	3.4460547017846346	10.1633125
1cc/9c18a530e8116	2.5538999509809037	2.335
1cd/185e156ca1bf9	3.1629253738242333	4.836375
1ce/94833db95000e	3.3387824265634065	9.6506875
1cf/fe68b82670fcc	3.3639078854139233	12.8929375
1cc/eaa2abd55b090	2.717645694158603	6.010625
1cd/3713eac26d8ad	2.4320504334976354	12.8026875
1ce/bebd9d4ebbed4	2.772297024788212	5.360375
1cf/cf815708c0fb7	2.71902916435297	9.7256875
1cc/065ba12f8335f	3.1811186833456717	4.373875
1cd/8844a98ac1284	2.9832318043787693	4.3389375
1ce/2bebb2a090d36	2.1019465579120276	2.0005
1cf/5d83cc7fd5dcb	1.9438171995458096	3.5275625
1cc/d528cf920e7ba	3.2855982160510893	8.71
1cd/88eeafdd7dc07	3.523356484478724	9.54825
1ce/aa6cfd183c1c3	3.081660296477121	11.944625
1cf/3b8d652b9a8a0	3.156697913283455	8.879125
1cc/b7865b9d03d4c	2.99754812005499	7.744125
1cd/c58e67a7e34f3	3.148463076541153	7.4199375
1ce/6ba664c244fae	2.5909022857727635	5.3219375
1cf/ee9325be55e11	3.280153974867977	6.53975
1cc/5b94488da19da	2.7897241746187014	6.9085625
1cd/49ea26aa40526	2.8858869043356536	16.4114375
1ce/3ec5b536b056b	1.4864934959306717	1.187125
1cf/7ebaa233f913f	3.3562275532468817	5.017125
1cc/06076fbcfc606	2.3285933571806763	13.9070625
1cd/b65d8ed7836f9	2.635912241198363	2.2568125
1ce/1fde7bd30d9d2	3.2325869776624856	5.558625
1cf/28602311c5b3b	3.2658152499788407	4.5174375
1cc/0ffee1c954ab1	2.9965812729426826	1.44175
1cd/a17f6a77687ca	1.9107593707714183	1.17725
1ce/a557cb603b45a	3.3188242513831687	5.5768125
1cf/b58b5a8b82df0	3.380117306243302	9.52325
1cc/cfea16d5892ab	3.165271158488774	5.9723125
1cd/733a5bff197c0	2.808429822829131	4.9975
1ce/1757d42451ae9	3.238900032426241	14.630875
1cf/5967135ab187c	3.2791697647440667	5.130125
1cc/e38ba909ff4d8	2.4536672866079887	3.765625
1cd/93c1a8b310534	3.3262980076016233	3.8685625
1ce/ac49a5f8a7f68	3.1975818674386263	2.997625
1cf/c7416ce6e43fb	2.749951488324936	10.9546875
1cc/63a133eee0860	3.211106752457232	3.5646875
1cd/ab7c047e5433d	3.1024899135564694	3.709125
1ce/a9feba45f4d61	3.3197462009632233	3.3561875
1cf/430a8891de679	1.1323188620002453	1.05725
1cc/0b15d934a491d	3.4214097704168167	6.531625
1cd/632178a7e9342	2.625703110253159	3.0508125
1ce/636a7f65ec22e	2.1805970287964787	0.7201875
1cf/7d035a01a3636	3.114606372716756	6.7624375
1cc/f0d94d3dacf1d	2.6217443029151584	3.3598125
1cd/5af6681940029	1.1249866720748973	1.2011875
1ce/ebb9fa705acbd	3.3465148380652914	5.106375
1cf/2f229ae7ea15a	1.595605917757244	0.81625
1cc/8f628e84f0e2d	3.074822700131896	6.535625
1cd/04585b72dfd73	3.2079955062449703	4.650625
1ce/a5080ba71b92d	2.382000483221045	3.5455625
1cf/478bc1dca5fce	2.702568814208424	6.058125
1cc/b2fd09866cf70	2.6769271153099403	4.0671875
1cd/317a55d596c9b	3.302364586064425	6.8061875
1ce/8a2377b25373a	2.5683646133086615	0.769875
1cf/71a95a63fb8f0	2.4509400505434673	6.4745625
1cc/813684414ffd6	2.992256313081918	3.310625
1cd/32516916b6e93	3.1011079198435394	6.3131875
1ce/59b733b044233	3.5646343039930186	9.57425
1cf/4a6302a6aeb0f	3.075945596001866	6.6238125
1cc/10bd8629474fd	3.2932370119949006	7.6053125
1cd/316b2b83ac122	1.6611138356663082	1.0001875
1ce/d87b9479b8b8d	2.508723188841549	2.2471875
1cf/3a2ce136f2aa7	3.2608479424239505	5.206125
1cc/2b4ce3dce43bf	3.452143869664295	4.76275
1cd/29f37660cea4a	2.3977575614799376	4.48625
1ce/7ea7faeae6b11	2.4518768249839122	7.236625
1cf/60c4392c3fb4f	3.234591727654597	19.9700625
1cc/b5e6dcfc18d4b	2.501716465920102	6.2575625
1cd/1737909cb5cf9	3.2817211837311238	7.6296875
1ce/d7e86a5eb3fab	2.358577162783057	7.560375
1cf/37d84db86d6dd	2.389084590403566	4.5013125
1cc/7792926bba156	2.613527368443934	3.2026875
1cd/2e96b7fcd4b79	3.1907799711363283	3.1849375
1ce/ac41ea9182b79	3.4327760972606876	9.3855
1cf/0bf23605e4741	3.0468224768071703	1.1714375
1cc/1449a79c42a25	2.57800520072988	6.8130625
1cd/5750caa775335	3.3501569321424793	4.2553125
1ce/62a5a1b65cba0	3.399356868063374	2.4305625
1cf/6c3ab87e721f9	2.941691494356422	5.5013125
1cc/cf1cea6f6cd65	3.3099765186321983	9.6665625
1cd/1052977e695b3	1.778317599280806	1.5731875
1ce/3ad10369f4ee2	2.120247915977578	2.0199375
1cf/6cedce10c806c	3.036355513687881	3.316125
1cc/eb46975cb1c6f	2.5181662179424538	4.1159375
1cd/bdb23aba91651	1.9564739940433884	5.5315
1ce/6086e17afefce	2.8286308550780865	4.3450625
1cf/0758555c1b542	2.4836584155149914	2.080625
1cc/3e4cb327fb368	2.479544434486331	6.9375
1cd/83058f0b52b1a	2.5261539955038868	4.3745
1ce/4e6be7806a42d	2.6848315047368634	4.970625
1cf/f4a8152989e66	2.7005761090442286	9.59
1cc/f4102888669fb	1.5916825694262637	1.9775
1cd/8bc4a058cf346	3.0532806588591086	3.3213125
1ce/dc8f977b9ec52	1.8574181056180543	0.85575
1cf/9e6a872b6fb6f	3.4180125971760256	14.314625
1cc/2958a5d2ebc4a	3.408211839627988	9.7665625
1cd/bcdc166cf94eb	2.766828572385984	2.54825
1ce/cda4698154a5b	3.1720530705292282	3.8695625
1cf/aa1713e1f153a	1.4471085440318032	1.7356875
1cc/8c345cf918736	2.999347170375671	2.7125625
1cd/c3b2986d5cdd9	3.232570676221864	2.9795625
1ce/8d6aa3d6a8938	2.9784778642228256	4.1619375
1cf/6482932097a1c	3.002280365180548	4.7291875
1cc/539a526c22d17	3.0385438254741355	10.185125
1cd/538937510ac8d	1.255767481524492	0.9111875
1ce/7bedc319e09d0	2.925802712477535	3.98625
1cf/b92c84d11f28c	3.3021667111680815	5.499125
1cc/a28022b0c586c	2.7019050054424603	0.9609375
1cd/eb3b2d05ef96c	3.0698858770959396	9.2310625
1ce/d8910a1315604	2.6817509259120653	6.7741875
1cf/a99ac69e4c41f	3.128625167065967	2.9274375
1cc/97050ec441914	2.4051242371286006	2.7458125
1cd/1e7c4b10e90bc	3.3681671650556466	8.8505
1ce/110aa7e1310db	3.224380517837738	4.885375
1cf/63f96698d3d7a	3.055763714435991	6.71575
1cc/bedc0d47e644a	3.4502539545583524	10.723875
1cd/2e9f14bdb78f8	3.406451812082964	6.80075
1ce/bd9a7beae7bab	3.325477023602167	18.70875
1cf/2217ddbfc820a	3.2119224854163035	11.370375
1cc/a2e3733303e95	2.2751826190013538	4.041625
1cd/19441e7bc9eac	1.103006436534557	1.6345625
1ce/74ae178a9b8fa	2.7802147140431974	1.175625
1cf/b2ff5c6a8ca22	3.411766751222491	14.1655
1cc/cd5a0b988b36a	2.889217277014086	2.74175
1cd/3b347ab579aec	3.3981393896181844	3.511125
1ce/dfe367f21bee7	2.8284065947737154	2.991875
1cf/e596c6d04857c	3.4127164518938415	3.6964375
1cc/2257e05b7b175	1.3505235982588466	0.8645625
1cd/2f14db6843f44	2.4712198215848984	4.4961875
1ce/e6984d6e0a279	3.0908179595868575	5.61925
1cf/7c781ac57f394	1.244962090475316	1.7316875
1cc/0d5d242913d59	2.048345889013681	2.6666875
1cd/aabd3a2538a37	3.0725257428328834	7.376875
1ce/39614d01b8b40	2.844086433072841	12.58675
1cf/9e493c4b0f110	3.3748694076201664	11.4061875
1cc/56b8e1dcf687b	3.176637565296507	9.9133125
1cd/6f357f2a0085f	3.3941524852571754	5.0015
1ce/df50779c15c90	2.987811001638023	5.785625
1cf/8a19663583ddb	3.2426169908900007	11.42075
1cc/8505a7406f5ce	1.2603676876675096	6.859375
1cd/0cd1ab63e6639	3.216221501220747	3.2014375
1ce/3b63a55d30158	1.5679748052330307	1.3539375
1cf/6d2a48f591742	2.1897233696790446	5.3745
1cc/2d36e544a6466	3.124546197834736	7.15175
1cd/d7566b202997b	2.889985360892461	5.686
1ce/da38bea94f3ca	2.6915863421060116	2.6033125
1cf/4b39a7083664a	3.23472296531808	4.428375
1cc/1f1f76b7dcf1c	3.259587386619478	10.279375
1cd/a6fe223fc5185	1.0962191302159219	1.2969375
1ce/f6db88e7af8ec	3.229309197411871	11.3974375
1cf/521046a5954de	1.1158395881050633	2.28875
1cc/7f629afa5dd20	1.0654170709383826	4.1870625
1cd/a1c4308a5e67a	1.685427168992809	0.8646875
1ce/93bc2c84631d4	1.8508704848760167	1.2018125
1cf/a9b9c059bbd71	2.7583108514716725	3.38925
1cc/4ba5655930d7e	2.577049250369217	18.4821875
1cd/a9b6b95fdce76	3.3546003433716285	5.331625
1ce/e4a35b9bf48b9	2.357629057764734	1.2259375
1cf/32f87045934cc	3.256286251006552	3.8278125
1cc/fe197c0d653e7	2.2299095227597476	4.77525
1cd/483afd5d28e73	3.0832353971695814	6.1268125
1ce/2525857760cdf	2.29403736436703	1.7073125
1cf/65355be5f0ded	2.818086036768982	4.5866875
1cc/4e8d509ecc315	2.346180584846888	1.9465625
1cd/dd656116ac092	3.2700520540760847	9.2546875
1ce/c73e04df103e7	3.220886819320639	9.3455
1cf/e2437f9a05675	3.0853173967765795	7.296875
1cc/b5b5fa286907f	3.0949192753254557	8.5048125
1cd/5c07cb8d24500	2.757753888926203	6.805125
1ce/14335645d805a	3.029526543900541	3.402375
1cf/fd4c45b4708db	2.1647134536277153	1.85075
1cc/84b48ccbffd2c	3.037849931973414	3.704
1cd/3eaa3793b76c4	3.264875204578916	6.9165
1ce/73bea7624af9f	2.7135902039229602	5.77325
1cf/5b8be48f0da4c	2.265474062799663	3.01325
1cc/b8b6870f88af3	2.105889141057674	1.934125
1cd/846cf041dfb09	3.1904467687995135	2.64075
1ce/a229a6b8189cc	3.302165103980947	20.9638125
1cf/997b59355f132	1.5927829680634829	1.20075
1cc/4e65535161abc	2.3767848557298596	4.63475
1cd/d544c7b05a92e	2.9090129837002623	2.1934375
1ce/b7f42dbf5288e	2.8895263541686393	3.639875
1cf/bdd9858953e4a	2.7883332261681484	7.9229375
1cc/4afb46513959a	3.0242163609106534	2.3168125
1cd/0391276fa9388	2.161405047643683	0.7203125
1ce/e46c52e18f32b	2.0216287987906223	1.3383125
1cf/4a8b51c6b5599	2.8385719775016307	4.616125
1cc/fb02001bf2479	2.9768923688255438	3.5520625
1cd/8d13407a1da0f	2.539269237488761	7.2986875
1ce/debc154c0bf51	3.3131098212915155	4.8590625
1cf/c8948bf301a21	2.1204181183159148	2.648
1cc/77b82cb7b5ca8	1.1088701336725573	5.307125
1cd/1ca69d715daba	3.0715752343424767	3.51475
1ce/fb2c94becd755	3.063261848709989	4.6975625
1cf/8eb29a14112a3	3.4925804137554763	4.6854375
1cc/3820d6634a888	2.4039849603643226	1.1026875
1cd/b25d9b9ab9ad1	1.320553494712999	1.6340625
1ce/bad0842289a20	1.1528975541368227	2.3139375
1cf/1192becad3c64	3.3562258127887175	15.605125
1cc/994a900c9ec9d	3.2514909187264776	8.9321875
1cd/99aed2ac77e69	2.0278124130823314	2.724875
1ce/4640d0d79a9bd	2.7992144245519692	9.2625625
1cf/595293f798e09	3.152666130211376	3.746375
1cc/cdd8d036b871b	2.6518762712212633	6.428125
1cd/0f4382bed0338	3.051600442958617	8.0799375
1ce/71d5b2fc93427	3.163683486638397	4.3044375
1cf/1d9021bd7091c	3.4310465513807067	4.8406875
1cc/acfacb59144c9	2.418188589513238	1.65925
1cd/46c9ce78ac287	3.2860544141647297	9.7931875
1ce/ec52c06fc2992	2.288286291315914	1.0089375
1cf/5d8f1a5606f0b	2.502940620690628	13.105625
1cc/dfcf82070867c	2.668288684911374	6.1913125
1cd/ec9b7defd8e49	2.563633382563468	5.0763125
1ce/76b528fa0212d	3.180642983140744	4.0498125
1cf/9f7ff90213e91	1.1212506706869672	1.777875
1cc/a25cb930c036e	3.1744429965766128	7.7209375
1cd/0ddb44cf4b72f	2.5261810356644	1.6559375
1ce/496c91bb0c381	2.8585206656596696	6.102375
1cf/e8ae4f3338056	2.7259009257252513	1.7165
1cc/8fa7e7538aa5f	3.317245871076445	6.297625
1cd/33a1d3226e37d	3.167340116395863	4.123375
1ce/60b0487e4e51d	2.986077944302673	2.1791875
1cf/6ada1e411f700	3.1403647303213584	5.5664375
1cc/dad300115fa65	2.072891845742939	3.5570625
1cd/7c4bae2925649	2.6038045475420057	4.1956875
1ce/08a07a58b2bef	3.0290446345467195	7.4631875
1cf/8762cd2cf037a	2.2934544107433306	4.3735
1cc/6a9253f9a4631	2.035873621166721	9.6145
1cd/87c18e064a50d	2.562845911994073	2.605125
1ce/368ba2f3d5e18	2.760240243969051	2.752875
1cf/fdae2ab9a7735	3.544213211870423	15.461125
1cc/98c0a1b7a29ac	2.829111398473188	8.7984375
1cd/a8226546f5dac	2.6338558450198337	1.008875
1ce/c9345f7922f04	2.0784204380059164	6.44175
1cf/6750ced7c5888	2.278659576064601	1.85325
1cc/33dd556628e29	2.245651484019084	1.873625
1cd/ee3f697486ff2	2.833883406623063	13.3388125
1ce/a7e9430f7dc49	2.5588915911945476	7.2873125
1cf/ce9af789c2e3e	3.378166342333217	5.5111875
1cc/2c59e2604aab8	2.6688176658854137	2.0875625
1cd/de6fc0961c8bc	3.4797202616073344	4.4490625
1ce/4a4d4f1badd1e	2.119468525393727	1.4903125
1cf/de4136fc55881	1.6990822070327205	3.232625
1cc/ef76dba349b46	3.3342898013368365	7.9289375
1cd/16cbe40e7fa27	1.497286940973371	2.0296875
1ce/2754ff0de92e6	3.3128890100508097	6.727125
1cf/d97c91c1e4f15	3.0086971524308326	4.5836875
1cc/250a4f03aa279	3.257269087811302	5.187125
1cd/fffa42b0153a5	3.3281118992947256	7.139625
1ce/4a939f6be82f6	2.815620013884177	3.5546875
1cf/d3eaa4f78ea30	2.7668990050424194	5.510375
1cc/a50c7ccb8d1d1	2.36830557392895	3.1205
1cd/b453bc1848f44	2.2162746260408968	2.275625
1ce/a24cba5ceef65	1.5272124944313106	3.2715
1cf/85848d79c037c	2.782997104207382	3.8165625
1cc/d96d3864c593d	3.1193966983568524	9.9943125
1cd/161aed05de8b7	2.785057300979141	3.9268125
1ce/54270d1c9ca2e	2.076723134187916	9.6999375
1cf/f548886064464	3.136034665417176	7.98225
1cc/a740dcc9092b4	2.5999747425863267	7.6009375
1cd/792b093d755f8	2.756830734159614	5.11475
1ce/d1073e4ab1052	2.4184970862495607	2.6456875
1cf/87d1b85d96258	2.8748866705037677	2.9309375
1cc/196a601bfb309	2.055242312763126	6.459375
1cd/f0eac56d7229f	2.5581208789108114	3.1643125
1ce/7270df3423086	2.3911458640677132	6.844
1cf/b490698dc4911	2.217451080072572	3.7201875
1cc/cdb393b7954b9	3.4497365126294524	9.4423125
1cd/181a8d5968d7e	2.9917935335446018	13.098125
1ce/7e0cd82bd86cd	2.2546693361078107	3.0136875
1cf/95559fd6b8ba9	3.1045845567765604	4.614625
1cc/d21fa6024bf23	2.738424439266012	4.0283125
1cd/73b74ebf4e650	2.9995618194500224	1.48075
1ce/8ea20d9566e08	3.057261460539769	10.76575
1cf/9a0dc9b062a92	3.5354878587910226	4.416375
1cc/908dcd8e9ec5d	3.4078447112467467	11.8849375
1cd/ed21b14a762d6	3.0623139154829233	2.580125
1ce/990e188ed73d2	1.1094736865175574	1.1110625
1cf/60610d483cfac	2.8163536436773966	3.141875
1cc/331fc15cca9a3	2.81159998835726	2.8615
1cd/871cd66ba625d	3.035858415118962	4.360625
1ce/b1a5df229a625	3.41479695994491	20.987
1cf/0a18e12f8b3b0	2.552266708570193	1.0321875
1cc/ab4a59fb78d73	1.5813279503377613	1.2388125
1cd/aded2b6f5dafa	2.268182859693543	2.0011875
1ce/d6d05bdab15fc	2.9860419800840154	7.4613125
1cf/227aa83e7bed4	2.2843000668825746	1.7064375
1cc/7c74f510391bb	3.1408598959107223	7.618625
1cd/5bc5ab194eaea	3.0966826328304173	3.41475
1ce/3b189d531a42e	3.036264941385066	3.453875
1cf/38e7bb9f23f63	2.2952084195840543	4.3761875
1cc/db360b4911176	3.1967797439669443	5.9803125
1cd/f63940c3338b7	1.706584586676555	1.1091875
1ce/2943f09760e9e	3.116713811498957	2.488375
1cf/49b49fb6cf823	1.6586962756317432	5.8829375
1cc/992337971e406	2.1435160757574674	1.634
1cd/c594abbfeb003	2.721409363731183	2.3119375
1ce/64199069f7e39	1.7149846800907007	0.7695625
1cf/26cd373ff3001	3.1928384939122663	3.960375
1cc/3e30d3ca0cc01	2.550110353937281	1.510125
1cd/bd19e96883ca2	2.9727355411441296	26.077375
1ce/991647ae996a7	3.259029201332773	4.4383125
1cf/47828d7ef32de	3.2796863636262725	3.309125
1cc/425fb5f7a7848	3.441529337257238	2.9820625
1cd/0866ccfad5bba	2.16634842250924	3.543875
1ce/aca7e997028e3	3.2101525027324933	4.27825
1cf/e4a58faa76a93	2.924551331088758	3.030375
1cc/9b0030a6431ec	2.14646028592002	5.379875
1cd/c697c658e1712	2.6307316703653965	7.3653125
1ce/1ee0834365168	2.433233206505367	3.1416875
1cf/780b78b306c54	3.247067345294375	8.600125
1cc/152479466f042	3.0677509578026187	5.26075
1cd/4fc66cb165628	2.273213912537019	6.864625
1ce/11d87f08f58e7	1.1089850000403048	9.6234375
1cf/a349b7e982343	3.402256706949764	11.342875
1cc/343d6bdd8587f	3.3376427972360916	6.0775
1cd/6ca3351f42e81	3.4480654240013986	8.2251875
1ce/2c913c71fd83b	2.8426817598045626	4.3523125
1cf/974d141f58465	2.977445313274023	2.48575
1cc/3bfaf2770da80	3.162863281875787	13.8360625
1cd/7118b247c6b06	2.4736305577370956	3.730875
1ce/81ff07ded43f7	2.0930157410982657	7.231
1cf/8cd25679857b3	3.1124550250341745	2.2939375
1cc/0950008144f96	2.447064794070133	5.7161875
1cd/a0972243c4bb1	2.8327989464565975	6.4599375
1ce/877efb46155d5	3.4709055809245077	10.280625
1cf/7027002a3ed86	2.7000106868319986	8.8880625
1cc/9951ca57a70fd	2.8674270055571016	9.498125
1cd/e5fb36d0f73f5	2.5489702428056606	1.4248125
1ce/95ff60e1009b6	2.7283942149289344	9.162375
1cf/9a3db8fc87738	2.2439094859208715	1.045
1cc/f87017c5d6c83	1.4075405840627848	4.36525
1cd/ae1706972cf6b	3.3843959392167724	10.17425
1ce/2a16d8a922886	2.677258546595565	2.154625
1cf/91f2f5636f228	3.2448882633631513	13.517125
1cc/652ee5f926021	2.7713237189968907	2.4753125
1cd/844e95c99ac3e	2.452269683204997	1.97575
1ce/0ef8a0eb4089d	3.0966879594398566	5.9295625
1cf/5b2a946d60777	1.0863932326495043	2.373375
1cc/43be2314c0f94	3.324370890381418	5.854625
1cd/37ca0bfb00e5f	3.1550359163429498	4.7839375
1ce/3bcb3671cbf6d	3.4163768089208895	9.315375
1cf/e0c0174127727	2.73496992233156	7.426
1cc/c6f4fd3f15604	2.69317797039108	5.6141875
1cd/46f84a3f9f7ed	3.2654864616398567	6.907875
1ce/e614476774c1e	2.0962809017147466	1.7696875
1cf/53aff14a3d0cd	3.0927328972541925	7.499875
1cc/d1005f1fd27a7	3.252259084442689	5.6751875
1cd/7b29c2c762fc4	3.314218497491347	10.522625
1ce/d8a866f7076bc	1.5152593890198192	4.730625
1cf/52354850fee2f	3.120168365902736	7.3263125
1cc/173effa2040a9	2.2518806725265073	0.8405625
1cd/c56d368f5fe40	2.318498143162262	3.8281875
1ce/6b1e5e6f4543e	3.0391544772176706	5.1926875
1cf/9b1c8570764d0	2.2244893791614273	2.6738125
1cc/85b4864ba4fe3	2.952853241958381	3.398375
1cd/0ddc75edcbb18	3.285238652218051	4.5311875
1ce/12fce1a60c22f	2.904548602575717	2.7368125
1cf/0965e68d72ed4	3.2871393269633553	2.867375
1cc/6c1f78a4a0622	2.47142802082558	4.723875
1cd/d84f151e7b6a2	3.125068029200403	4.1458125
1ce/b9f547f0ee7d0	3.0975578368991825	3.5344375
1cf/5c3df74bcb4ea	1.9512047488069924	22.278125
1cc/f1de04c00fde5	1.1202447254726318	1.9976875
1cd/668aa8885ebfb	2.9514505540492353	4.7275
1ce/e5f86e8a0394d	1.4300130417121075	2.95425
1cf/f1d8b13b9909d	2.778610292329911	5.6696875
1cc/41571ddbbee8e	1.8860168534622228	1.0345625
1cd/a1d5cfa1629c4	3.2477779276959784	15.758375
1ce/376e5a2a1bda5	2.374493169806992	6.1759375
1cf/d89d5b2ceb50e	2.438678292914562	3.5078125
1cc/158a08f88a34b	2.5744234078862895	17.663125
1cd/f5ae26dd39862	1.3382155376561342	1.15075
1ce/0e7bc3bfebc38	3.0641860157010328	1.909125
1cf/178b2e50affc5	3.2304209207573034	9.3730625
1cc/d0dd377beeca9	3.2399345782451365	6.4338125
1cd/ac71046383679	3.369428896460311	13.0980625
1ce/fd59a70a610bc	2.8399547389595683	5.173375
1cf/86842f8925c45	2.80233175987125	2.075375
1cc/149797eee5a10	1.21252900606415	1.1046875
1cd/bb6fc1d1caf39	2.951935329716128	4.92975
1ce/d7e913d397a30	2.96366549284918	4.92275
1cf/1c185b4eb2c61	2.870681051254625	2.7236875
1cc/58f38ecb39451	3.33240721120666	6.807625
1cd/6253b68338b01	3.131013397222964	8.10975
1ce/6a62fb5f10f44	3.460270876629537	18.8294375
1cf/1a7be8c4432f4	3.339276541666611	1.7065625
1cc/6721974eed1aa	3.0403373357903516	5.542375
1cd/bb51ecb897225	3.2519911815306206	4.7843125
1ce/0e3ccbb72debc	3.010692777350828	3.2048125
1cf/7f4b9e2492d7d	2.2971144389858393	4.9071875
1cc/7195364fdeb07	3.3089587408482295	6.4905
1cd/9accb760c7e74	3.053812275194145	11.70225
1ce/2b54e854ad6ea	3.3930428851910808	6.90475
1cf/076f99b412fd6	3.2692289318979633	4.9125
1cc/2b50bc6964645	3.132610465395879	5.385625
1cd/560ca4debaad2	2.4316505060813447	1.500125
1ce/c5c693855399c	3.260439276024472	11.022
1cf/ee9b7b519b810	3.561356280956199	10.8631875
1cc/f24b6f09f2912	2.973213173761231	4.4005625
1cd/5043231138735	3.1745726891623196	6.3679375
1ce/2e8ac8767dc10	2.454045622817383	5.30725
1cf/c4d9bacb297de	3.064108806904939	4.5725625
1cc/add96965caf60	3.2424538253870985	3.02875
1cd/25f1299d358c1	3.3057182461060965	10.00825
1ce/71d6ad0439b72	3.4136615882294303	11.7294375
1cf/3232647a379cf	1.0921520769808086	1.153
1cc/d880e8ad29b07	2.6268656165532707	6.95675
1cd/8fbaf41ab21fa	3.0494113748889253	4.2686875
1ce/3d99ab39a2bf3	2.342145178828244	7.662125
1cf/5955c047665cc	3.396211905475894	2.0549375
1cc/19da8c33e9f1d	2.766517625285937	1.1904375
1cd/6bbe2b580bfe6	2.915239006998303	3.561625
1ce/f5361b91695d0	3.0636490568478822	3.4496875
1cf/44241fb6876d5	3.015679575029928	9.28175
1cc/ce2f5fea913fc	2.959817737622398	15.06225
1cd/23b481a3c0d47	1.4464768384911693	11.06275
1ce/6c75c75bdaf37	0.9732984182788181	0.8643125
1cf/1fba49b7e0212	3.3176626582737345	2.6146875
1cc/878ce13bf95ec	2.434422087654397	1.0090625
1cd/3e648a46f7de8	2.2310115626869953	2.7715
1ce/7213e167d0ecf	2.9028919055131075	1.8261875
1cf/17238bc0e4a19	2.803328367191643	7.0681875
1cc/284a2388c0a74	3.188529144540755	13.3405625
1cd/ac0ffddc8ee5e	2.6816136299611903	3.4355625
1ce/d900d070dc860	2.793792869152315	2.1484375
1cf/48aa1391fbe5f	3.127856104279836	9.406375
1cc/51a8415cc3a7a	2.2555785918633333	1.5395625
1cd/0d0c9942da905	2.060320878879293	3.3315
1ce/92763fcfa9701	3.268024572334768	7.18175
1cf/0ecff634d2e33	3.2240654986225157	5.3521875
1cc/0e8891c84404c	3.0746347595911687	2.55775
1cd/eedbc08c9eb75	3.2743159718405557	5.1639375
1ce/2604b23e49484	1.8984727854585608	4.057125
1cf/8f9e0fc29b6d3	2.9216766022338803	5.2545625
1cc/ae10a1ee8705e	2.5729073161548257	7.424
1cd/7196754bc492a	3.168201831579101	7.9385
1ce/aaf2f5a7a0a8f	2.9210492959793664	4.192875
1cf/ce8599549fc30	3.45139067359331	6.8263125
1cc/69a3b1c76c777	3.1175518879456954	9.3875625
1cd/14a9260f39e99	2.9038534538819216	14.0525625
1ce/6eb720273f708	3.393004939705711	12.5360625
1cf/4ea82b5ceb844	2.7898897906682465	13.654375
1cc/4d65eff376243	1.8138632661530576	2.7240625
1cd/8f426ff9137e9	2.653247721439281	10.167125
1ce/5c5b09cb980c2	1.106726724325797	3.3325625
1cf/43eed05e3b4e1	2.6889813252360697	2.19475
1cc/39f791b9f8b78	2.5113373318644365	1.3464375
1cd/43ccc0f96b140	3.0437874225052517	3.6538125
1ce/7361576abddca	3.1966049959942597	8.412875
1cf/6eae4bbb54c76	1.1156179997817077	1.490625
1cc/190ae51a9593f	2.4222038890959046	9.0004375
1cd/28a50f6ab050d	2.835036424186045	2.763125
1ce/c4532392a38c7	2.164125344807517	1.827
1cf/8bc8569d075b0	2.6712713169785602	0.9128125
1cc/3d3dc33b6d2c8	2.8125696165335206	1.977
1cd/108e5e08a8738	3.281896911732784	11.1198125
1ce/2c17df6666ac7	3.1631353529563793	6.8734375
1cf/43e429ae06d40	1.7348057447711211	3.4708125
1cc/b1dcde91d8f55	2.3808589912474636	3.68575
1cd/c3d746722c7e2	2.533650281388437	6.5734375
1ce/150d0e6b48db5	3.3694617800731774	7.61075
1cf/b4786b9b0d0d8	2.5725092553145354	3.2395625
1cc/89e9e5c55d03c	1.1398142164613783	1.105375
1cd/3e319ce1e8dba	2.8142420167179907	4.3019375
1ce/01cc747931f0f	2.209237160792685	3.221625
1cf/8f8ea48f953fa	2.4453031095557414	1.9224375
1cc/df97f26c8f02a	2.860303956630554	2.9385
1cd/6b7067f4adf49	3.4050296405016045	6.5306875
1ce/5e3fedb2f2a38	2.4780529216797076	1.3459375
1cf/ad89ac3eede73	3.1011845707421144	6.4771875
1cc/a32859d2f6ba3	3.0717943307429683	9.3780625
1cd/2d3b50cbebf55	2.9559147983009537	5.2370625
1ce/6dc2d7e8132d8	2.2624958497188885	6.319625
1cf/825581c1e22a3	2.5580001495736613	3.8725625
1cc/5ddd04e06cf42	2.8015029628816697	6.7936875
1cd/e90aff3f246e4	2.1674467079387068	3.3649375
1ce/5a37600d60712	2.2414215209815764	3.517875
1cf/23644ae3c51a0	3.4467249731063307	5.4614375
1cc/6fb34da36dffc	2.711202072928255	10.1251875
1cd/a30d0f8a50a1e	3.4899581193312557	11.3373125
1ce/4e8bb4b3ad409	2.4641465403094838	6.2551875
1cf/df39ea01528b0	2.609960559110009	3.32125
1cc/bd14d44c64728	2.111435215494691	1.14425
1cd/23fa1db5ae717	3.4570879597040096	5.335
1ce/5d11c788da073	2.5812106387565414	2.8341875
1cf/982788e6b241d	2.824211361466773	2.839
1cc/39fd14d2746ad	2.5725781790817512	8.5161875
1cd/982ad6bd7585b	2.923440645081145	6.63375
1ce/b720adafa5dd6	3.4315296910872894	23.276125
1cf/6590bf4c83b91	2.1072789546417123	3.3235
1cc/0f9850ba0ee93	3.200527550745189	2.8820625
1cd/39bbbce8020f1	2.0299489438772387	2.9731875
1ce/84edd4c6366d8	3.2223010501917826	6.1858125
1cf/b1e484f2d1fd1	2.023914985359244	1.15425
1cc/3b0630bbc87f8	3.426442030642499	14.1765625
1cd/3dbcbeddf9c77	3.0158646012236474	3.265625
1ce/853a7f0c56875	3.2825628884570333	8.5945625
1cf/ba5c12d9a7099	3.3842264883908295	20.3224375
1cc/f2e7d2d13952d	2.448871280281417	1.394
1cd/bc8d4131a51f8	3.231523120733916	7.9564375
1ce/1bace50937cf6	3.1315951001548052	3.4146875
1cf/45824c41a69cf	2.9129763087216833	5.5835625
1cc/26fd4d8cc7a1d	3.299818709674545	5.3784375
1cd/6d8531ee803e4	1.2802178642692301	0.76825
1ce/3f1cf04901f1e	3.385929027845761	7.3673125
1cf/fff92e06f3a12	2.44055684105886	4.3218125
1cc/c8f1cddccb486	3.3509933120326623	6.1741875
1cd/0a27dac86bd3e	2.0278039004017803	3.8823125
1ce/5f100d3a73478	1.457423078450103	1.5925625
1cf/7d3a64253848b	2.081370784888341	3.1758125
1cc/8cfa141def919	3.078596280336893	8.8716875
1cd/151104083e5dc	1.0769200021326688	3.10975
1ce/a5c39e4a5a07d	3.377960003451381	7.804375
1cf/56655a7b5e2c4	2.5286454442067123	4.6450625
1cc/a640301cd4a6d	2.461620645359527	4.971
1cd/01bfcd39b3a8f	2.433033427597975	6.6636875
1ce/d9a0f9f2cceab	3.4428166031394034	18.03275
1cf/82a926d293d4d	3.2320084878039665	3.4965
1cc/17a44546ad2b8	2.9283184271326212	5.5728125
1cd/f96f29219d79f	3.012865723506715	6.9804375
1ce/1d254778e9469	1.8229817885074289	2.7334375
1cf/5988effd0026f	2.998263816401904	6.0958125
1cc/1b8379df9edd9	1.1404839033224279	6.4595625
1cd/aa0ae668dee4f	3.0794928126314423	4.4641875
1ce/eecc892ba6424	3.4391427499080454	17.320125
1cf/a5590725610b1	3.5267678875302946	13.1569375
1cc/ed0454e17bba9	3.143811079378073	3.8185
1cd/a834bf2e56924	3.3475534640253506	6.73
1ce/f87af591843d1	2.428039753076624	2.534125
1cf/6aa31992b90ff	3.0307576671825274	5.009375
1cc/f56bd3669ff73	3.1346335391977225	10.376125
1cd/3a490d5360c21	3.3664328944750084	8.341625
1ce/c7efdf7d9892c	1.2734128453424132	1.7371875
1cf/58899568b7f6b	2.2727804437270307	2.5944375
1cc/2102abdaecc48	2.960398214176193	5.74625
1cd/92a25e199f650	2.221390208706103	3.10375
1ce/546d1e23ff2fa	3.3213749835222584	8.354625
1cf/884de60451c81	2.360227920652253	0.864625
1cc/8427efeb0303c	2.9005202451090892	3.411625
1cd/fd8f8bc73d5b2	3.3287329315712038	5.72475
1ce/5fadc1071b2c0	2.4884358037426924	4.9555
1cf/4142e12a0cb91	3.0751863672768027	1.4415625
1cc/93ce674fe4146	3.4185525215097003	7.3705
1cd/8eeb2b168dd77	2.735662219277471	1.0569375
1ce/918e298bb2ab0	3.0938460479439946	4.476625
1cf/c50708e381404	2.824091693348983	1.958125
1cc/fd1135cbef058	2.780244855329643	6.014125
1cd/41d99a6b9c0ea	3.4553235480848126	4.7429375
1ce/653d69f33b3cf	1.3921134511140085	3.3898125
1cf/f813ee4750c07	2.324465561970881	5.07675
1cc/a2558e8934566	2.357444375158981	8.9878125
1cd/8ca1bee8a9fe8	2.201996053756374	3.713125
1ce/70d6e9f73f4c9	3.208704648724716	4.3459375
1cf/61d720491361b	3.299877778509972	4.431125
1cc/73ffc1561d21f	2.4903264455906524	2.2940625
1cd/7cf274a8321eb	3.1097045360857924	3.323375
1ce/d6db892fa94a1	3.0477593036546424	7.1526875
1cf/9235ef061c73a	2.9709277558768314	5.243375
1cc/d00fd6c9e973b	3.1167228157299944	5.6038125
1cd/63a253231da81	2.961227509145353	9.1490625
1ce/cb9d6f323cce0	2.6978216374997808	3.35675
1cf/f1a9ae6779212	2.7262744126993006	6.1801875
1cc/1ef1d645bb7b7	3.37882189130256	13.12025
1cd/a4e7f27efeeb8	2.8690999717084362	2.35625
1ce/2aac60d8ceea9	2.488533032021533	2.667125
1cf/05f5e3387d485	3.136123415610777	7.6303125
1cc/5ba7f9cdc4f29	1.4898108683050122	2.6086875
1cd/796ca71d975e2	2.750813035649224	5.0205
1ce/ff2b41a5cb7e0	2.5479384976865087	8.3166875
1cf/7d0148be4c0b2	1.3182330518481766	2.59
1cc/5e87d4de4ccae	3.3165509310530683	10.20975
1cd/362f329dffe46	3.0030431742387727	14.319125
1ce/f9f162a40db02	3.004143313152531	6.0763125
1cf/de88960029653	3.0590961961923497	6.0988125
1cc/49a61e65b739f	2.5747152262996327	3.45375
1cd/c424bd467e18f	2.7902110183834345	11.2595
1ce/87b9407416625	2.8131510121017502	3.960375
1cf/1200901ee2b4d	3.0078668459134543	4.3065
1cc/ebd314781cabf	3.358157759383196	8.689625
1cd/ca1f587c77fc3	3.3487414971458107	4.9623125
1ce/939d2c99a5864	3.386184874963478	5.392125
1cf/36e93b67aaee9	3.263988974197812	4.950375
1cc/031f305e35c7e	2.7111758993092545	5.3555
1cd/0fc62fb7e4a6d	2.8077632451133967	4.743875
1ce/b21e95a7af46d	1.9471905734832036	2.4369375
1cf/13c30669ddb10	2.697316391397821	2.4535
1cc/f3b1520358106	2.5562145238178666	8.8151875
1cd/29f279d24fb03	3.332416546905185	14.8044375
1ce/c9c165e3f7909	3.1884806145252393	11.831
1cf/8c5e4756c84d1	2.948709151152376	6.5625
1cc/324f047aa6c6a	2.3188604594637905	5.6604375
1cd/8bdeb778e9627	3.292796376929704	7.5153125
1ce/9b674b70060c9	1.3569854797702705	3.0594375
1cf/a0fc635489dd0	2.992478853691658	3.1415625
1cc/d07f44fdcd918	2.4581528113867357	5.000375
1cd/a900b3e0b95a1	3.2664208520626947	6.155625
1ce/fc8ba281eda73	2.7557324244776673	2.500125
1cf/1ac8a7bf072d1	2.2756529569874626	5.6909375
1cc/c1f53ab4b11cc	2.0402941947526534	3.7455625
1cd/91a21dcd8ee68	2.7821394026462976	7.971125
1ce/1148c2406aa68	3.217466201826459	3.8448125
1cf/a273dba83e547	2.0180706668505732	1.105
1cc/9bd162ce5a8f6	3.242228017487765	2.611625
1cd/46efd0c5cfa34	2.482343378800148	4.97175
1ce/d0eb0813f2a8b	2.112865107947866	4.7025625
1cf/f4e52b6b8d9b9	2.938070865478627	5.108875
1cc/ba80ac65aa417	3.2269951240068764	6.5560625
1cd/357e62aa3f7df	3.140824439903931	2.101625
1ce/9fbd8af274c07	1.9743801184353982	4.3934375
1cf/0734f42714eaf	3.1077234861066017	8.9715625
1cc/5d2ad3fbc587c	2.680450557048393	0.96125
1cd/3793e577d7904	3.0709687185978907	3.759
1ce/6844094b5bc01	3.2151987578467867	6.664125
1cf/f2d30a51c67bf	3.2305923198638657	8.727125
1cc/bc6d772df8b2b	2.5932084841283896	2.36825
1cd/79ed8446a9faf	3.15021189222546	12.669125
1ce/c3fc1f549647e	1.6056065956777075	6.88625
1cf/af945658555c5	2.87462159399339	5.1128125
1cc/5ebf764a8105a	2.716012981188684	10.4224375
1cd/0290eec764636	3.4163610065926915	9.6449375
1ce/9f9dfe77846ed	3.244118620464428	7.58175
1cf/7c031dce87e60	2.0740556115130957	1.865
1cc/67830efa119e3	1.7930623536611832	1.3961875
1cd/ae0d601c48e23	2.7666869453920957	1.982375
1ce/7b6feb9a3a204	2.835776470979743	9.16325
1cf/b2a6f49389042	2.641801460446475	5.8265625
1cc/49e39e3296152	3.001954738358915	5.977875
1cd/820678f5646f3	3.297802611543828	4.7375
1ce/793379d25ad50	3.1295843709076694	5.8215625
1cf/d7a5c8ef2b899	2.239465360613402	3.0524375
1cc/5da7a2aeb1464	2.318811545048185	11.12725
1cd/edf07bcff1a51	2.6308361947054677	3.5575
1ce/63c3a0ba8ae2b	2.9736312211405753	4.923625
1cf/c6a8f8f13689e	2.6219480930363384	2.3770625
1cc/f1974bb48be99	2.0325000463822853	5.0033125
1cd/a29c484c72b5a	3.1433217760444454	5.4999375
1ce/bf397482ae562	2.9504447465599655	7.055
1cf/340e893536fca	3.0775337875493887	10.055
1cc/151cd5d1345f9	2.8858403321084523	3.2538125
1cd/437cbab93d43c	2.0477075592513008	1.944
1ce/ecb2e901a09b6	1.648803309590463	0.720125
1cf/f1a2975af7b52	3.1725159872260713	2.5515625
1cc/7fe3d3305c7b4	3.126658206505233	5.14975
1cd/2e70278f7864e	2.4323796867101417	2.47
1ce/ae2ab66ce7f92	1.1100735381799975	0.720375
1cf/6cf4532979975	2.6291960239825953	3.8435625
1cc/17a1f231e6917	3.0135714267591602	7.7579375
1cd/575610036cd5a	3.210157150336	8.1186875
1ce/ebe285e0bb742	3.410248772301852	11.726
1cf/1aabf93903e0c	3.093956682783349	14.633375
1cc/216d3058fb6cb	2.3614426958482015	2.8556875
1cd/8b2c5ccdbeaca	3.2832171308561113	10.870375
1ce/2c374ee74123f	2.1161334761330024	1.513625
1cf/3dc5cf8107560	3.3964083286973685	9.4769375
1cc/768e10a02581e	3.2837287169275946	6.61075
1cd/3afac5015533a	3.026918478090784	11.4025
1ce/b504910c44c20	2.700001496879564	7.0393125
1cf/83f74cbdae3a9	3.2875542997293365	10.4818125
1cc/652b223471e13	3.298244394821841	12.33025
1cd/a8a7b97e76c8b	2.2931318709667026	3.171625
1ce/1c694004cdd61	2.672795433799219	8.6018125
1cf/6b26b55248227	2.2126842319425326	4.2013125
1cc/abb473ebee514	3.0403629155190033	3.933875
1cd/9740ca498dd35	1.5232084771215482	1.64525
1ce/0163694b6026f	3.073895757889162	2.99825
1cf/dd4319b0ded98	1.7691249634563175	4.6988125
1cc/2f6e1d874c937	2.782521976257441	7.1979375
1cd/cf09acdf73a46	3.031327464521018	1.4930625
1ce/447f3fd0034d9	3.0726628655817243	7.446
1cf/af4a90beac4aa	2.166514602720694	6.846875
1cc/e49920d4b3b43	3.3132665511904755	11.5018125
1cd/ec27358a53fc4	3.173294605932186	7.835875
1ce/d4359721da3e9	1.8665980912432851	1.0205625
1cf/2fa9300e4ab21	2.182148460550811	0.624375
1cc/805502e588ef9	2.2686930225440824	9.0165625
1cd/812567a307e07	3.0583271325689814	8.850125
1ce/a8183f8bbe11b	3.3161998781096607	4.8275
1cf/16504d0cfd086	2.3829103609646514	3.8445
1cc/af3467391d012	2.033907379867691	2.4533125
1cd/27a1866aa5dc2	2.712569747340869	1.58625
1ce/9c589607e82cc	3.1132149176951796	7.9004375
1cf/1ccca4c9fd64f	3.2486232067654144	3.4853125
1cc/66471bc241405	2.2280128845436304	5.0485
1cd/51275d58275f3	2.264863812670151	2.0865625
1ce/2aecc1baf3283	3.363263503638811	3.527625
1cf/b92f25334b4c1	3.204539815673559	4.79
1cc/434fe46a85610	2.021625432200285	3.9404375
1cd/2e09c57b45685	1.8599216506864904	1.4394375
1ce/dca1d193437d8	1.1492561152637157	2.61675
1cf/862da7e6312bf	3.28527724577552	5.1395
1cc/2c272f58badbc	3.356067771839494	11.1515625
1cd/38bb45df28692	3.2654293506927843	5.8583125
1ce/705a80d1cc729	2.152108297589609	2.089375
1cf/48d0670c325f7	3.0149964628735106	3.6840625
1cc/71e82bc1b4190	3.1865213908732777	4.5779375
1cd/9dc594b80cf0a	2.849137922922047	1.7784375
1ce/25fbc6e64594d	3.2714765562968027	4.59775
1cf/831e7003a8880	2.2857915962762743	6.8634375
1cc/8ce42149df967	1.7744639554538049	0.76825
1cd/a769f02cb2e39	3.6086616213417844	8.7771875
1ce/2229e0dc26d8a	2.6450055983463177	4.85725
1cf/96ea355a4ee26	3.3035629884109845	7.66125
1cc/44b71fda2a30f	3.0317123502792676	3.3736875
1cd/684e491af44d9	3.3601258733174038	9.0484375
1ce/45595a27fc517	1.0844027769491007	1.4023125
1cf/7579d53067cb0	2.586741162292487	1.45075
1cc/9a97611386962	3.478688006272447	7.559375
1cd/4de52f5e4e53b	1.9269233827590952	0.9610625
1ce/3bae26685f53f	3.0304137023495694	3.1185
1cf/0be863cf8ae8d	3.0932696070536934	0.792375
1cc/68695818f35fd	2.496822987375159	5.6514375
1cd/ce7d30ae57d17	3.2923010795819487	2.402125
1ce/2c324d896bcf3	2.8747324780465697	6.6108125
1cf/0f279f90f2b93	3.4105804729132823	15.8078125
1cc/6b3d0584848a9	3.3218396307075437	8.124125
1cd/40653ee0e72c5	3.1395517132286734	4.89225
1ce/c858da379a72a	3.3548214001932712	4.805125
1cf/27ed3498438c1	2.2383929547842594	2.5385
1cc/62bf91698c595	3.095981635503347	5.1633125
1cd/75f6713899b2d	2.3834713673306416	4.3455625
1ce/5b7765a029220	1.9709965694583573	1.44125
1cf/cf900e20bc9ff	3.276231006801203	8.7985625
1cc/1c75a3a3d1c41	2.602276981628883	3.207125
1cd/72bf0cacee732	3.0181265981363947	24.278125
1ce/b7c21dd69cba5	3.2712175695816965	8.1065
1cf/8cf3a7d6634a0	3.204496502351398	3.720375
1cc/990b897555876	2.743044168821786	1.9996875
1cd/81584936c6314	3.3141784659033413	8.817875
1ce/fc163b2cd1a06	3.006301058660486	2.7103125
1cf/4b28bf714b906	3.2042716583432	10.8700625
1cc/0c33134b957b2	3.341683729740818	8.5428125
1cd/7a1926a353679	2.440852763243893	4.285375
1ce/b86783832c92a	2.660260588320886	4.864125
1cf/3a6e5e3ab4791	3.1871536867903787	4.681875
1cc/9ca701942a0a7	3.2067579338751364	14.1115625
1cd/3c5787c668eab	1.5247249863231984	1.7161875
1ce/1215c9d99da94	2.7925475479079442	3.2415625
1cf/c9540c03db4db	3.09668911511483	6.960375
1cc/f8ac81179b08a	2.4730513855540783	2.1850625
1cd/84887ba9ff5f0	3.25472383370183	11.158
1ce/2271e237f99aa	3.068352039612749	7.7593125
1cf/2e2723397e5f4	2.725136429002701	3.2215
1cc/4635325b4e700	3.3220924820420996	9.8169375
1cd/0b95c312dc1cb	2.85158068626798	3.708
1ce/051f0fbb4e5ef	2.61857334971328	4.760125
1cf/c351760e42677	3.3873833920299674	3.9368125
1cc/ae762db7632f2	3.1099904431843957	2.693125
1cd/beff9a983a19a	2.7046087735964806	14.77525
1ce/fab3e54a3a0b7	2.803339380798029	1.445875
1cf/d886d31de5c2b	3.1981715568165177	3.353375
1cc/8a24b119d3a91	1.7264198322044533	2.9789375
1cd/7daa8d89377a2	2.4969729559206484	1.34175
1ce/af9ab4fdc8ec9	2.7775145714587106	12.37125
1cf/09129f3dae5fc	2.9795994326564474	5.277625
1cc/00699f0e30f73	2.029436141192738	2.9408125
1cd/80af9dc19bc80	2.824923610255277	7.302375
1ce/5a64c31e547cf	2.934983336537711	4.44225
1cf/cdddcf9a9c268	2.6624761282351286	9.2215
1cc/666668ea2623f	2.647175952214568	6.6336875
1cd/40da7ec27023c	2.1866856123907534	6.5751875
1ce/8d677f91e62bf	2.592487731764452	1.5215625
1cf/84f13d75547a5	3.2827641333368214	9.567625
1cc/9cd354ba78a38	1.1062544514408412	1.104625
1cd/e10f27e8031cc	2.2625696125720443	13.2389375
1ce/43816602fcf63	2.382872349265088	13.610875
1cf/b8b9d6a8d6ea8	2.1233982393783397	5.3734375
1cc/f468fdf145a8a	3.2761083814540615	7.69275
1cd/2785a2c734dc3	3.01644884095801	18.6230625
1ce/598c4550623bd	2.0768060622296236	1.39325
1cf/3009b404e145b	3.1235541114895375	10.8263125
1cc/960397a155360	2.3818044958818905	5.1285
1cd/1840985204f45	1.3887864267250942	1.5860625
1ce/289e25d39f554	2.5900375929561568	2.96125
1cf/fbb7c5c5a5e60	2.298409772540746	4.476875
1cc/70a1f70b5dad0	3.0931305437833063	2.1665
1cd/117e1c2e27fa2	3.1397906536099645	6.6833125
1ce/fab83c462879d	3.090065449855185	12.8108125
1cf/923d44a330e1c	1.9044350819516251	4.87425
1cc/a2b658926166f	2.804875962684568	13.0421875
1cd/24633fea5ffc7	2.751763576499733	0.91275
1ce/c554271d0bd1c	2.8356974714533423	1.2969375
1cf/e02d83fddafd4	2.7542394849013623	6.810875
1cc/e659de43f1f37	2.787105313670814	4.2086875
1cd/b248234f8f7e6	3.138367367640343	5.0708125
1ce/5cdd8006578e7	1.9183716951957515	1.5375625
1cf/a54b4f6b83f02	2.5687372532446133	2.045875
1cc/916f96fd8ed6e	3.2122783865187983	3.6396875
1cd/cd8e2e8d1a24a	3.2891451096353435	3.1129375
1ce/99f391d28c740	2.158271228864522	2.916375
1cf/511e6aeeece29	3.4015458028286325	6.20225
1cc/69db74b5adc76	3.086443549278158	6.637625
1cd/69c549d73d8cd	1.7190388812259796	1.9449375
1ce/1006b758477af	1.984839419501118	6.029
1cf/4d26223a47e82	2.793084282459195	5.7440625
1cc/428772624a8dc	3.3954059309649187	4.584
1cd/8bb03395405df	3.1974515694135532	3.102375
1ce/399230bd16be0	1.1374830471305004	1.7599375
1cf/bc6b165aa2c57	2.7044966403268975	1.21675
1cc/f2b60a76a0419	2.9657239273995306	9.0303125
1cd/563ba7667064f	3.411514094160674	8.9328125
1ce/87c2d1144f3be	3.199949838853282	13.9108125
1cf/08a55ff23fcbc	2.6207707550369337	3.1241875
1cc/faeb6eb5ee69c	3.0331505179038163	8.5826875
1cd/99036e8461caa	2.1310168941454126	1.2983125
1ce/cc3db1c840797	3.2371177718079536	4.3373125
1cf/7cb8ae03353c8	2.8905034940139562	3.15975
1cc/ac06fc4587f2a	2.90585954912864	9.6065625
1cd/6d637d1db0ea3	3.2475314608977524	4.7054375
1ce/8069b6be847a1	2.997749354676895	3.8918125
1cf/0ee5b5f088480	3.091283244089582	7.3245
1cc/7853c82dd4c39	2.8291528674440714	3.19
1cd/41f859659fc26	2.5332801407551115	1.97075
1ce/ab8ce5c46c531	3.3009418793853973	2.403875
1cf/5aa75763920e1	2.8874599747521996	16.2635625
1cc/37d4577797fe7	2.7225539714226783	6.26025
1cd/e22e6e6794dc1	2.9475916497753167	9.7265
1ce/ac334a6e505c1	3.2105636508046667	4.5145
1cf/6511b9d5f0e51	2.401837677311478	6.690375
1cc/f27b7bb8fafe9	2.899114076151856	4.081375
1cd/98989a43c8235	1.12545929561843	2.43475
1ce/9fbb3689140fc	3.4322098336612674	5.5440625
1cf/95d943ccb361f	3.3551219630991653	10.650125
1cc/445cea9e49747	3.2360544285623085	5.6511875
1cd/24f4ce03111e4	3.132342569946219	6.56475
1ce/c40c862455bf7	1.9931699786443051	1.3938125
1cf/c4eb1b4b9f163	3.224219521716733	11.62875
1cc/2c137ca9fd859	2.805393537163868	4.675
1cd/3a0599186487c	2.946299744026963	4.5619375
1ce/8c4cf44bddf05	1.886162637384258	0.9671875
1cf/e6de4f11af370	3.1154945321067706	6.14625
1cc/5cca5190177fc	3.005432423101251	2.821875
1cd/667b27b2ff182	1.1403768730758033	3.863875
1ce/e170d1cde3d88	1.1704402139146153	1.091875
1cf/e95d6e1cb101e	2.1150286231756814	1.9235
1cc/3abfe8902df67	3.2522055945577657	7.1464375
1cd/0b2ba4ac04604	3.263476168187731	7.98025
1ce/83aea1a97f3bd	2.8592406469580753	2.0695625
1cf/8c58e070fc65a	1.1064701410867324	6.7588125
1cc/7d77af19d8bcb	2.420289458885607	1.1295625
1cd/9d37aae1bf8e2	2.1051820396662833	4.4015
1ce/8ae3b1c5db544	1.9906289884703463	4.7303125
1cf/4a595558faf5e	2.8407058726781806	2.3448125
1cc/8630384c65f1e	3.3927101069903665	3.6523125
1cd/b65cec0168d7f	2.1422971343131407	3.736375
1ce/b9fab64808be5	2.775103533073374	6.174625
1cf/f0b5b2028dc5d	3.4971588057026812	5.368125
1cc/2e767f3d5b197	2.7088649528929634	4.300625
1cd/dfb97de42b17f	2.997652698620184	5.03425
1ce/113d28b0a5932	3.2018100007471126	1.76275
1cf/8bbdce9e67bcd	3.077403228115393	6.7864375
1cc/85d2ac3ef215a	2.4875578156649647	9.358375
1cd/5154bd6dc9930	3.2871690053316795	11.8963125
1ce/2490b70d90cd2	2.6227341668225628	1.93825
1cf/4e2a90d3b6675	3.2394481177426773	5.5028125
1cc/ab333999e44a0	2.7976294021072885	4.8268125
1cd/df7e1c8f78550	3.2083061053730737	4.2505
1ce/a9adb80ba250c	2.844014726751935	13.732125
1cf/e41c30c1bbc83	2.0367314054702894	7.33975
1cc/e3c98ea1ad806	2.4281737829207297	11.5493125
1cd/c6cabe684fe91	2.779181087943528	7.545875
1ce/ac102e1067b0d	2.617174426877032	3.04775
1cf/e19131829251e	3.3224639407547403	7.5424375
1cc/261d3817e866f	1.645339013139079	3.5435625
1cd/dd37a7e5a5624	3.1661189488070836	6.3023125
1ce/23c2a234e2f2e	2.8130082875297977	9.3155625
1cf/46fb8f83ca22c	3.2635421600029013	2.68425
1cc/9a5e0245e9af7	3.104104475956573	4.5665625
1cd/8ac4d01c78e03	2.30282600357097	2.642375
1ce/efb1c8fae5958	3.056374668580691	2.2235
1cf/e97e93ec17e17	3.1573449683061994	8.183375
1cc/ac26db43e24fe	2.983239226253461	5.5445
1cd/9bf3519f0b86a	3.1825595359556544	5.31525
1ce/7ca955d1d8fca	2.729941075833267	5.963375
1cf/4600c0499607d	2.734660968020484	1.777125
1cc/ef8f33f6cbeca	3.355729508887497	8.18675
1cd/39fb8f59f1159	2.121353127476227	4.07375
1ce/15805b3b2c4bd	2.2675628140752364	8.8381875
1cf/8c339e3ceb82d	3.328843208104718	4.4959375
1cc/98ea69974fec5	3.4526156178538314	11.2470625
1cd/d22c4a975268f	3.0873669564109663	2.2225625
1ce/cfb336d83e504	2.5672598679088137	4.7116875
1cf/27a112cbe9b44	3.0594483330595694	3.5420625
1cc/8cea10f70bf6c	2.834555747440449	2.9945
1cd/26bcfdcbe68d2	2.8267595209184075	8.0651875
1ce/dafbb148ef2fe	1.9677243705047491	5.307
1cf/c8d6364de1f3e	2.4860025126528313	6.896625
1cc/a41290c3c0dca	1.5272721829832083	4.102
1cd/48765da34361e	1.9291172603652127	5.0660625
1ce/0d2e318a8643f	2.426909521000993	1.9574375
1cf/1e96219a20eab	3.1407413553911816	3.028375
1cc/35d864b6033ce	2.8132110504728307	4.0211875
1cd/22f5764730387	3.153481309194343	11.126625
1ce/7116a8e1a204a	2.2879927027776925	0.9605625
1cf/eb13c62c5cedd	2.7594046343032637	2.827125
1cc/862210a102f61	3.3753997911725775	7.914
1cd/f349d205770ba	2.8914619850264427	4.0246875
1ce/0333122db1e9f	2.9977784156556107	8.5321875
1cf/8a3f1daa33834	2.788758484780132	0.7683125
1cc/5bcacd3943df6	2.3033169461608964	7.8405
1cd/fa088f442d3c1	2.5447826433236185	1.953125
1ce/d25e300193282	3.370724355267167	15.403125
1cf/f27d6830b60b7	3.1937226173685036	3.7218125
1cc/ab5dda8cddc60	3.3573944008602195	11.76675
1cd/8f2263c6413f0	3.162728803162814	14.5536875
1ce/b941d8e290806	3.0285288524183938	1.587625
1cf/cb902eade05b6	3.198798507432019	4.39575
1cc/8f1a10d83b634	3.283218815636066	15.4345625
1cd/43c281c3a4ece	2.0846345707702336	5.014625
1ce/88275f814c846	2.866916294156595	1.634625
1cf/a946119c5121b	1.1264387571371897	1.200875
1cc/599350c9ea50d	3.1677945619290546	5.287
1cd/4f245472c5c52	1.9474892388465552	2.7416875
1ce/55e797f4d8e68	2.570261698778612	4.4915
1cf/dead0e8697dc1	3.3650901198679932	5.0991875
1cc/071f2ee8336c6	2.994973033074941	6.67925
1cd/8877ebd1f3be2	3.2166765355077356	5.8890625
1ce/68b7aae8d0294	3.273549261837743	7.7375
1cf/28bb1010ed0fd	1.3035358523448195	10.3331875
1cc/edb9d8e357e44	3.3047714073848122	4.7364375
1cd/05b9dd3fbbdef	2.9857954342305577	9.088625
1ce/7133cf5364b51	2.398309827754571	6.222125
1cf/d68048826e3c1	1.2224388150609808	1.8334375
1cc/f01fc96c9ffaa	1.7207111583320138	2.060875
1cd/ae6e5da8d0f5a	3.0839241825524364	6.1820625
1ce/3bd340e552084	2.4748977232535774	5.77025
1cf/d024196b0f223	3.028314527776422	7.169875
1cc/301df3fb90461	2.9328789500257755	3.2988125
1cd/e8a8e41226a93	2.9638016709990573	7.6681875
1ce/3a21552cef069	3.0034896323872746	5.288125
1cf/b832eba1cb255	2.261900721849244	1.5145
1cc/ab0116d992b97	2.7725662681456464	5.4306875
1cd/856fd76c1e462	2.9212296672379727	2.2995
1ce/bae0347eb91d4	3.230870895586524	9.51125
1cf/ea430e1283038	2.76326623230635	1.538625
1cc/6e02bf9bfa67d	3.2742591396096454	5.5599375
1cd/ced40f98a9ba8	1.125429586801511	3.5881875
1ce/902042b5cadaa	2.680809608112005	5.8638125
1cf/69863b03c0a56	2.530403873336089	2.2853125
1cc/e05b91ac8381b	3.224391959006178	7.397125
1cd/50dc6e7ee51b6	2.516652638386411	3.8646875
1ce/f02468cb5c1f4	2.27092154738832	5.068
1cf/3c663b94e4aed	2.8896374574420225	3.057875
1cc/104fb479fa388	3.2717182784425947	13.164625
1cd/f110bf45f7c3a	1.9027859048360665	2.2451875
1ce/a018bf50999c3	2.9917323895526744	4.64175
1cf/4df7aebf41bb7	2.75024553469838	3.183375
1cc/8e9a2e4329758	2.7975353536367766	6.0828125
1cd/2ce7f155d8f5c	2.9367304150306324	3.9105625
1ce/776c0f4b31592	0.9884518637592196	3.21
1cf/77117cd9d5406	3.0319850497846312	2.4033125
1cc/e1cf3c29bda72	3.3690299928380774	3.4360625
1cd/36753443cf3ac	2.7066768356366286	4.05725
1ce/aad02361a65fe	2.679289629632967	2.323
1cf/eb6ba8e0446df	1.3151843393740201	1.1061875
1cc/7d8498524a61e	1.1210645220538673	1.252875
1cd/1439a816723d2	2.9164901348529884	3.7525625
1ce/3053182b7565e	2.6377997346616917	5.42025
1cf/2308c07157a72	3.0044288003235717	6.9205
1cc/da2a578526f8f	2.4689496143329572	3.5575
1cd/9df44126a8fee	3.2002710170626423	5.3641875
1ce/51b5b9cc77172	2.5033397512010334	5.340625
1cf/de64d3848d1ad	2.7133076942787944	3.9875625
1cc/d5d290f4b633c	2.713617468259627	3.2688125
1cd/4f059b8a82482	2.7909479510565895	9.1955625
1ce/54236e14843b8	2.5523101773493506	6.5531875
1cf/7ad0c438545c8	2.7344220770906977	3.4405
1cc/e5a315174dbce	2.8373197048592917	2.274375
1cd/d2f44a1117d7a	1.4252507874517675	2.6913125
1ce/6217da2b4b33c	3.223481384224501	3.1401875
1cf/caa4565b4b81d	2.8607927089950658	2.395
1cc/e99cba4aac44b	2.2894129971419543	1.626875
1cd/b85157d44b543	3.1496294639144713	4.6056875
1ce/1fb866da54c80	3.326504243439057	5.211125
1cf/8f38a1c2dfc86	3.1662519688578734	3.2764375
1cc/f34b4d482d597	3.1116306478621674	4.5721875
1cd/89ffc00be113c	3.2318253951079234	6.2964375
1ce/68b20e32018d8	3.3265665760866994	10.555375
1cf/0a04c815303e5	1.5118918570123543	7.0085
1cc/58644cdcf8132	3.4866754198205676	6.343
1cd/62b8a239db633	2.1070608439906953	6.5676875
1ce/c31b7c2e7994e	2.153549664898326	2.2125625
1cf/8389b74497278	3.109935189102649	7.282625
1cc/38459ae519efb	3.3804236763453126	12.19875
1cd/7115d7531167b	2.4595344535339634	3.864625
1ce/eed49cc5cfb56	2.9450711149981617	8.325
1cf/6b1b1da9c0388	3.288630864959908	9.0316875
1cc/1c78adc7d2760	2.4765691009169815	2.0755625
1cd/37b53f46a3232	3.5401490848490385	7.3780625
1ce/96603e6cc114e	2.245704435887004	2.283125
1cf/f2334ad57a178	3.30759899012609	5.801
1cc/a6b83ce371e4a	2.874058583241586	3.249375
1cd/25289b27c7309	3.252332553985471	10.6558125
1ce/369d382cd4661	2.820551707612843	10.0654375
1cf/cd4f7cbf583fa	2.8166776514241496	4.725375
1cc/cb69080c54fe5	1.4122941371311257	5.2589375
1cd/5dc3e97d8dd07	3.4167270086799966	8.949875
1ce/cb6cab3b1b054	2.525070429933125	2.5656875
1cf/5323ceec16620	1.6934413230775258	1.0340625
1cc/f660755921675	2.994188863731661	6.15075
1cd/ca57237728e2e	3.1270516713685166	2.55625
1ce/82d2399e34208	1.6157315725237398	1.5758125
1cf/424c9fabf73a0	3.0371046648408253	12.17
1cc/0afb5fe4e3c0e	3.130098342092288	14.174625
1cd/41653e56af9cc	3.213321887908422	8.052625
1ce/8862908575ee6	2.1354805914036774	1.706875
1cf/6a1226d7c53e7	3.3320468134964396	8.961125
1cc/36e8d083b6503	2.954307192169672	3.8520625
1cd/4cc282eddac94	3.2244471436528017	12.74575
1ce/074e5f78c144c	2.0455261092303934	2.974125
1cf/b48b7decd178f	2.158306037664969	1.0796875
1cc/08e75ddce53d6	3.3423701523430975	5.1716875
1cd/26df11dc32ad0	3.3221149624375594	14.172125
1ce/930715015b419	2.7528742320030575	4.8755
1cf/a8ec1373b4d28	2.7618515489360678	6.1825625
1cc/3518e3e0b5ccb	2.812327072141766	1.8810625
1cd/5c03ccd976d6a	1.1169522516463128	1.5805625
1ce/a0e5f5786c60e	2.5102298976986868	2.632875
1cf/9e4ff6b644089	2.8959769124335586	5.2825625
1cc/4b9ad31543db6	3.0668589607512113	4.328625
1cd/5c39e21810f17	1.5943214155099668	1.4568125
1ce/d056ba53533a0	2.6833027904527964	8.2093125
1cf/ffde3e6dbe25b	3.0868495392472695	7.777625
1cc/2a3bc62bb5759	2.925665487262917	6.758125
1cd/902c4fea97a82	3.3848113890163143	4.382625
1ce/8f586ae767f4e	1.7426373992538502	1.874375
1cf/08eab5961af5a	2.131890228887492	0.9606875
1cc/828b624c55900	1.0841814511843908	2.6421875
1cd/e3ca0053f7bb0	3.447418714071418	13.8841875
1ce/6afb895b932f2	3.1923325775331413	9.75825
1cf/e816243e795d2	2.649175333942495	1.1045625
1cc/0e81b35739594	3.2340750721580247	8.104125
1cd/864c0d6f4acc1	2.8377531362880966	9.57
1ce/c106e1a958211	3.2787091879704886	2.682875
1cf/358881023402a	2.67605170754456	4.300625
1cc/fcbc5b8e8f47e	3.095137180135937	10.1249375
1cd/4b898837b0432	3.014907789915257	3.8405
1ce/47d36d41d702f	3.191720426241446	27.0879375
1cf/16a12603a60fe	2.365329153908186	3.1795
1cc/5ab150b235d02	2.01149448538814	1.9706875
1cd/a1ab2bf14ea35	2.2862156586909856	4.6105
1ce/525d06ea36f2c	2.490542590804955	4.38775
1cf/4a0ba35ad917b	3.30915912507999	3.0995625
1cc/b84ad99d4cdbc	2.9379765677350242	9.350125
1cd/5858ccde20db6	3.161174694470889	4.930125
1ce/6372968470862	2.6381524504946103	2.88325
1cf/599eb6ddb1749	2.2524361653598213	2.495625
1cc/715f1e094644e	2.5653583345148	8.970125
1cd/5b90c9e4c8234	3.2378023923256314	4.6969375
1ce/8a85a0da46e2f	2.758745224506084	6.877
1cf/49c20656fed22	3.373222759997522	11.3264375
1cc/a8dde4ce07f89	2.0227460587863875	2.1290625
1cd/491815540a1dd	3.223887435241878	2.42725
1ce/30a341982de68	2.4020731666668245	1.9290625
1cf/64d57fce1a45b	3.5508738673117044	12.4640625
1cc/38900fc76e706	2.877031647236597	9.038875
1cd/066c8161cfb69	3.219820177572587	8.981625
1ce/9d2c4e82b6e07	1.5353631826362164	1.3703125
1cf/10ae5552fd2a5	2.7581111509474505	7.20475
1cc/faf2e80fe9c6a	3.1771569732860105	6.8955
1cd/1e963edf40717	3.0277313182222887	6.8120625
1ce/f1034bd289ffa	3.493730622931153	18.0925625
1cf/b9d4804b4b66c	2.7806127224660813	2.402125
1cc/5396da1362da3	3.334946865727357	5.71925
1cd/7f687c8f9c0f1	2.50831028893029	4.4405625
1ce/753a0bd5585b7	2.9431489275296103	5.3223125
1cf/a5ef58613fa52	3.4172073799280427	4.7819375
1cc/ec768187ba8ba	3.1800998119166475	2.3581875
1cd/1a35a36465a6f	2.321495073376711	2.4016875
1ce/53a716dffdc42	2.573901089426105	3.40875
1cf/4ea40093bce8f	2.099696878668503	1.7654375
1cc/7d8ac2b285641	3.0524936256336157	9.415125
1cd/d7ccff7ba1b44	2.9089034326150105	3.0288125
1ce/1548ac17091fe	3.403734760531298	17.0314375
1cf/ca9fa612b9826	2.5418143062805223	4.5195625
1cc/ffba6172ec9aa	2.487500439365148	6.132875
1cd/5b94db473fd9a	2.0559064994487044	1.61475
1ce/0ffc69e19cefc	3.3500540871080373	5.5635625
1cf/66627a6be44e2	2.4521047592658705	3.62175
1cc/4881a620d727e	3.511565347054788	5.167375
1cd/86e03a3da1f44	3.201233387175476	6.172125
1ce/f3113762243d4	2.268856797062847	1.38425
1cf/571e5771829df	3.463828557185207	14.6078125
1cc/579b7803f365a	3.1340805297100847	7.344625
1cd/72b69589340c2	3.315155752986308	11.3679375
1ce/02868617e3748	3.128462003308828	6.23
1cf/1788808eec147	2.935148624945999	5.242875
1cc/f4138859f4b1f	3.265699200840969	3.92725
1cd/4fbb29b76684e	2.8368482162354374	7.0755625
1ce/e4850b9bfb851	3.0708747429586634	2.629875
1cf/720e362741935	1.0926647035550907	0.7439375
1cc/480e3449abe38	2.7422649274452797	3.2406875
1cd/7a6fe41e7e2a9	2.9438701757489723	8.0661875
1ce/f59ecee6796c8	1.9876714447390686	4.91975
1cf/359899f2bf25d	3.2158276236142807	3.042125
1cc/501362874cdfa	2.5074401030700613	1.5373125
1cd/cfc44e2f11ce9	1.7787178424346395	9.6260625
1ce/1fe2e2b182c91	2.3049343052642546	0.94375
1cf/e31edc8f7982d	2.573574639706719	16.1370625
1cc/8e30cf984233e	1.1409406592093854	0.720125
1cd/1ca707fb74dac	3.2935518959103827	4.6575625
1ce/f0a0cb37ae91c	2.871069275871555	1.219375
1cf/258f5b61d2b3a	3.1273442930319746	2.4270625
1cc/8763af74923e4	3.039906088038531	10.11775
1cd/00c8799f2af95	3.410601062596914	5.3225625
1ce/4c9c269cad8b9	1.8545583018141316	0.9561875
1cf/73a8a0b3d94c2	3.3728333929929355	15.5648125
1cc/2a83ad1b10df8	2.601500683286189	8.789875
1cd/a10435089396c	2.2367146721148954	4.4644375
1ce/da706865eed22	2.5267250448356924	1.6578125
1cf/c304da33c4878	3.255566552489792	3.0029375
1cc/bf7a03cd9593e	3.2100488694170055	5.0285625
1cd/4aa5fcb30d53d	3.2818661788972086	3.89275
1ce/f871c2be33382	1.8841796330336698	1.3449375
1cf/7631c0dc0899a	3.3140111715241973	16.238625
1cc/cbd10960c494b	2.56697291354097	1.4634375
1cd/2a03f529854f3	1.1258631052277865	1.8265625
1ce/6eb15b50f1633	3.021368106269094	1.9465
1cf/9baa242c650d6	1.1419175046736436	0.7681875
1cc/f2f76503d9f5a	2.875155246259785	3.003625
1cd/133cd27cdac9b	2.499180061363998	2.6921875
1ce/12cad2c0d409b	2.1986136945039223	4.4838125
1cf/32e107d5c93e1	3.343719135289992	8.86725
1cc/7d1719de98724	2.7649883248759215	11.1051875
1cd/b492697378ecc	3.2321444776226533	11.4775625
1ce/44facf29a80c1	2.652132159320223	2.3063125
1cf/157ceaf8325ab	2.5475757671955646	6.173625
1cc/f8498669c90a5	3.3591876325468957	8.89025
1cd/ef00e566b5458	2.5246566310308447	6.9265
1ce/b63303d99cdf8	3.423605747187359	7.5354375
1cf/7f9c4a3641479	2.5795273662215443	2.628125
1cc/58ee9167b1790	3.05768057836227	15.5644375
1cd/baed89c949a2b	2.900315692177706	1.634
1ce/32b72bdd53403	2.7007268319031055	2.547125
1cf/02acf4e651510	3.4297430599061878	5.6778125
1cc/4ab9ec17bc47b	3.1887251174968414	6.9931875
1cd/ab3941ae8b7e9	1.7036322853177899	2.5470625
1ce/992968292f3dd	3.3319878870136135	5.319
1cf/8db9a18efe82b	2.5771117832172754	5.5471875
1cc/3be6be73fb3e9	3.0964851956802475	4.77175
1cd/9b4c6439a873e	3.4289467510940144	9.090875
1ce/bfa8adfb8aad6	2.405647424997499	1.9793125
1cf/cb545f1d80d67	2.9394842525311082	7.163375
1cc/93e58a9f5ebcc	3.2643380603885026	4.23725
1cd/cb8bb19b90232	2.9382820471157185	6.8721875
1ce/f0fc060386c1f	3.0311910701201605	6.3663125
1cf/dce060363321b	2.002803564571792	3.195125
1cc/5ce09ab81858f	2.9576728787734194	6.3853125
1cd/55b3bd09f3f86	3.3034247156728496	17.42575
1ce/f283715e1d30d	3.3835294268093294	8.1539375
1cf/0071f4bf96dbb	2.544591425137779	2.317125
1cc/06da6762f041d	3.059555898720474	18.0414375
1cd/1e8f75a6453f0	2.4763041140521316	3.831375
1ce/985f3554c67b6	3.2756236322194945	7.8489375
1cf/dff18cfdd4d0b	2.741735836532441	5.93275
1cc/10a714d743115	3.294010150193074	3.7684375
1cd/414245d55cf71	2.9189573123050856	4.613875
1ce/226326514d930	2.24165450574904	7.4209375
1cf/ffd24778c7ad7	3.281877649578018	5.876
1cc/725868bccbc3a	2.913745667219669	6.873
1cd/9b31007e6d161	2.223557006852205	3.8571875
1ce/fb4be6fb5833f	2.1910831971741724	1.2738125
1cf/4aaff6870a223	2.9051527243140876	5.122625
1cc/a62ef36de2bf1	2.596754979422066	3.06475
1cd/bb6c2002f769a	2.4073582210314504	7.4165
1ce/f788e2e5f4368	2.8528692032483187	5.281
1cf/0407a4cc50b31	2.690331330840844	1.3941875
1cc/7e500b0b60f9a	3.4180776295810693	12.742
1cd/e96aa82685c3d	3.511268164195858	3.947125
1ce/3c49e3f5e01a9	1.1343839858879825	1.39375
1cf/77e2dbbf3ef36	3.2496766797598133	3.636125
1cc/a3616e36e85b2	3.4213576687523712	1.8756875
1cd/f50e5627c1277	3.3427767124235492	5.8771875
1ce/d6db891142e20	1.7845602145424262	1.60475
1cf/6b77a392cbfb6	2.88132914073852	1.3196875
1cc/4b4e2b8e740a4	3.1201582395608725	2.8155625
1cd/6079e99f1abed	3.2410221195263653	13.3406875
1ce/0806ed6a60236	2.0772832089250564	2.7641875
1cf/a6c5585f71d1f	2.810043984031346	6.3225625
1cc/704aaf9c9783b	3.1759565152178886	7.533625
1cd/f4b7f3e04bc02	3.327893074127268	10.3628125
1ce/1ff06e09d7511	3.386232436580204	5.26775
1cf/6a26e99995770	3.057141675488289	5.1018125
1cc/bd492dde16de4	3.369635488947011	4.5706875
1cd/72d4990cbc7af	2.6632087521750787	4.52275
1ce/2fe8c15cb2bab	2.155383115137016	2.129625
1cf/7e851d947a9b9	2.910010802984196	4.4241875
1cc/82c9a2764decc	3.4742459842965223	9.20925
1cd/32700d3f1cd1b	2.2868391144227043	4.178875
1ce/792120b5e52d7	1.0978868831722683	2.11425
1cf/fdb93f1280835	3.070147308278128	3.444625
1cc/f00cbdce6471c	1.98876788418116	4.8680625
1cd/5de6f8d66593a	3.2942684254957824	5.125875
1ce/3c97b78bedbac	2.8434144827605228	1.2350625
1cf/ed1295097ec9d	2.7567697457594686	3.373
1cc/f08ff9b921f0a	2.663307396852346	2.81025
1cd/e148d5ef18f5a	3.279192584439991	10.937875
1ce/13d0db19a3e82	3.383488861691223	7.5015625
1cf/6968f3ec158e6	2.94265992494197	4.2495
1cc/0550a91370c11	1.9643905628036922	3.0553125
1cd/65864d85469e2	3.0806028308210163	3.97775
1ce/0f2649ffe794a	3.186864645766555	6.632625
1cf/a32064158152e	2.3681687631377244	4.7254375
1cc/9af64d3d28447	2.658350812037532	1.9055625
1cd/bd60aa322b58d	2.2562604409966878	2.3023125
1ce/889fbfc3f61ac	2.865868969537321	7.906
1cf/88bd5713f95ab	3.1053237966292935	6.659
1cc/8f9205a6da717	2.9228651451204253	3.9745625
1cd/8c1050c77e813	3.1929982933033134	17.6929375
1ce/ed6c16688d563	3.272530481698819	5.0849375
1cf/53da802033d0c	2.4632175504521565	2.52625
1cc/dd86d46416c80	3.2598677548826345	13.40425
1cd/71a1a1fd0f893	3.0593258882628875	5.031125
1ce/483e247592002	3.3272345961121603	2.524
1cf/5c4d2d8f9ebb2	3.2439086106639587	9.8345625
1cc/df94d6b1ff76f	3.260105595224137	8.99625
1cd/3c78a8446d9c6	1.1020036966531457	2.1583125
1ce/ce402cbb8e462	3.2523013304875943	5.1246875
1cf/6ac4988f083f2	2.6732965200113923	9.258375
1cc/767879d9bda30	1.4832959866532767	1.08775
1cd/d8ae8ae3b11a6	2.748720930625644	1.7056875
1ce/b1e39937cec22	3.44811809967797	7.337625
1cf/9640ffbfdb846	2.4592769837344313	1.2773125
1cc/86a51e1e1398a	2.4881998067689417	2.961375
1cd/7988d25df27b9	3.37484602798354	12.9716875
1ce/ef35333a2565d	3.286956929500305	7.371375
1cf/1853ece20520a	3.0832495221930616	5.533375
1cc/5389ef1fed3d2	2.425291513645781	2.4045625
1cd/32ac6c6bb71a0	2.033722804634065	3.6315
1ce/30be72a35658f	1.0466629962398968	5.214375
1cf/63d622a9a4cb9	2.321317044538271	1.8825
1cc/63d700921a494	2.0724925069274898	2.045875
1cd/8a894de3c4f04	1.066068500146332	1.730125
1ce/8b122f37d0c3e	3.2402208637434993	4.0895
1cf/35262c20ea702	3.4702681306962	11.4504375
1cc/4768f01223879	2.1359086361270254	2.6911875
1cd/2be8df30a70e7	2.700523734101569	1.891875
1ce/e990819c703f3	3.2116723636768754	9.52275
1cf/3ae01de9db718	2.0962016425327357	4.5035625
1cc/3a4a659afe037	3.084179078232602	6.3208125
1cd/217ba62ebd60a	2.7658344130852663	1.3856875
1ce/f728772042f1d	2.4534117376885836	13.5095
1cf/2e94c3995210f	2.4459129361786536	6.065875
1cc/83469f22b0e23	1.6773309637576972	0.7681875
1cd/49ad0a26ccaa6	2.9352365434658676	17.05875
1ce/0cf58de4eed12	2.283875082796647	2.7169375
1cf/282e140309759	3.1032365580848063	6.643625
1cc/ea52b9815eb2c	3.3386764390789283	11.9783125
1cd/15f337a3926dc	2.9669769459029407	7.1874375
1ce/c467e1cdef505	2.4499634501568672	3.435625
1cf/78adf048ff8f3	3.2500143252830154	3.2014375
1cc/cd58bc6ab18a5	3.0780673398268195	5.6931875
1cd/1dff66d38ee43	2.847667833650408	9.1228125
1ce/4627061c03485	2.9879443000710832	3.938875
1cf/874f020c94f1c	1.6917851622043314	1.008875
1cc/cbbf4dfba8b4c	3.2791307790096815	14.848375
1cd/f84de7e9ba083	3.36746240105088	11.5456875
1ce/ef49f5c0fb33c	3.374843448555842	9.428375
1cf/76c1a7505e22f	2.965874675607141	6.4901875
1cc/d1005ac895fe0	3.307674833443542	11.434375
1cd/3a308045ba8cf	3.4793872395431484	9.1949375
1ce/1802282113c10	2.546684284281507	5.45675
1cf/f90b662cffcfc	2.690595326782268	11.6035
1cc/637254bcad7e8	3.1559541127073056	2.9309375
1cd/79078561cb458	3.316362770262354	15.3885
1ce/70ff8c812412b	3.1237849087076897	4.3765
1cf/6a7c007100809	2.483692580559841	4.3400625
1cc/a57853a33001c	2.687064334295632	3.2278125
1cd/bd3a7aa60ec17	3.3372050353342932	6.15525
1ce/2b5d09135e1ee	3.282368966202548	5.6426875
1cf/9afa29af23520	2.9698431513954775	9.27325
1cc/b87b2b3bdbc66	2.5801014557891917	8.5433125
1cd/a9f2a98d2a82c	3.1705923199652637	2.2846875
1ce/f3603c07c089c	2.7522133538205784	7.1759375
1cf/2ae8bd7652e55	2.5756301709419755	1.30425
1cc/91e53eeb801ba	2.105483886538357	4.1685
1cd/eed105aa905e9	2.658761593033448	1.9545
1ce/1162142b73c2b	3.113755591216695	3.988625
1cf/9e2f29fdaa6a6	2.909705768412341	4.7753125
1cc/792b0241de5dc	2.486323602544273	1.0804375
1cd/0df4623e22e00	2.085803638537026	5.089875
1ce/1eb187e00d183	3.212172796009212	9.0350625
1cf/d7bbfa6e4465d	2.3345741476465958	7.26725
1cc/763f7bf29f192	3.4234620022012465	14.3148125
1cd/7f45c00bcfa33	3.4452933882082406	5.257625
1ce/a72e8f0b243e5	2.4765005147868706	1.9606875
1cf/c7eb0855e797c	3.00719998558923	4.0436875
1cc/ef661680fdcd8	3.245845080560754	12.4393125
1cd/18cd353fffe11	3.3931694801840524	12.2824375
1ce/a53dfa3699b27	2.6371769287152738	6.4306875
1cf/0b423b025ace0	2.654372724966552	2.379
1cc/fa18c2460e183	3.2534871024270666	8.0825
1cd/6644180b64b3d	3.336749123886393	9.129875
1ce/1aff8fbe2478d	1.692070006167726	7.9885
1cf/865b2287db6ae	2.761243067936511	1.1996875
1cc/cd6e300c0b25c	3.394323606080217	3.3085625
1cd/d80ff815e8622	3.260453129636544	4.6335625
1ce/6e0afe8a18c37	2.8610920736545107	13.741875
1cf/ec7ccdded2bbe	1.8619665804564238	1.822125
1cc/c14a5e48081f5	3.193502103467597	2.5515625
1cd/37413700ef92a	1.7231792914510946	0.8165625
1ce/3072ea182c5e5	3.2754441525333307	7.7199375
1cf/ea3568de0ff86	1.595445671766884	2.063375
1cc/28bd08e203299	3.1593448627537124	8.8366875
1cd/e7f1a0d5d8b25	1.855210121513618	1.73875
1ce/90a1fa933d694	2.9692483186591936	3.258125
1cf/84f7945877f67	3.0498764094280317	12.6355625
1cc/bec1bd7fa5a44	2.0781313815571454	1.005875
1cd/904518245484a	2.7250241862190263	4.8526875
1ce/42c895465c9db	2.663019025264623	1.1559375
1cf/78c79f91d5c6a	3.2670792562968876	3.434625
1cc/2d39d6c49b55b	3.4449838023729926	9.39425
1cd/9855b2252423d	3.05530000300303	4.544375
1ce/51571b84499c4	3.030571023200809	14.4579375
1cf/07339b33a805f	2.5996375772202853	7.136625
1cc/046d70bdfe04a	2.5977005007516145	1.5375625
1cd/79d1f8b022555	1.0822378225319789	1.86225
1ce/db0538bae7c30	2.5118023629969577	4.2468125
1cf/87a75315733d7	1.1031847553268563	1.0339375
1cc/d461c8ed133fe	3.331101876159358	8.6721875
1cd/f4829dbb0e7e6	2.886108595392964	4.041125
1ce/47f12588e284a	2.9177372191553688	10.952125
1cf/c5bcdf93485bc	2.459819350260676	5.3440625
1cc/52ef0956e02e7	2.263762689003316	1.970875
1cd/a0628d519e328	2.8233608813430817	3.6866875
1ce/36c171d264305	2.9359093133569045	9.8043125
1cf/c3bc179e0dede	3.255733945540451	8.80475
1cc/dc26cf69558ca	2.8460889369450513	1.97125
1cd/20208a67d4450	2.816863608197546	9.9289375
1ce/c1acb36e244d3	2.9598301685196895	10.922
1cf/ca36317b0d5df	3.283885239525744	8.755
1cc/34a59495183da	2.8565158438620935	12.2016875
1cd/9a2ee856cd71d	2.7974807740164698	5.126
1ce/4b5d2fc06ef33	2.8536107476255212	6.6061875
1cf/52956a6a791d3	3.3600489811498058	2.7998125
1cc/b30d99d5c5a78	3.2723422743329063	5.6474375
1cd/26524d2d0df81	3.420735176178332	5.877625
1ce/ec0e8c99c2e6e	3.4303446006599874	3.278875
1cf/602b1124e9b29	2.5211186761627102	2.78775
1cc/9164dc9a225f4	1.9777175647046195	2.549625
1cd/599d9144eae5e	1.140583602928624	1.37975
1ce/338ffd6429b6e	2.1838037340667493	2.368625
1cf/e530070e162ee	3.0305256266899145	8.002125
1cc/5431c7eac0eb2	2.382378209115941	2.915375
1cd/c221148d0bb47	1.8807263514259303	6.0000625
1ce/52e5c255d3ac5	2.531963548896427	2.9536875
1cf/49418b1bdb31d	2.784471893096981	7.6066875
1cc/f8f98434951ea	2.6328737390302037	8.5351875
1cd/72637d0014441	2.6430972285397845	2.8145625
1ce/8ac383b2ff360	2.353242572890492	5.5491875
1cf/68c464d7279b9	2.5930894867835774	6.7220625
1cc/08b5e657ba3ad	1.6960848388172918	19.6850625
1cd/f54131642bf5b	3.2571088702718494	15.4863125
1ce/47c36af126a3e	3.401540153983692	7.5270625
1cf/9878fa7b689b0	3.163455610698779	2.016625
1cc/e797a021188e2	3.2794237982569774	9.019875
1cd/fb5a43b15690b	3.3772617101702767	8.4650625
1ce/439b851b7899a	3.316300683552797	12.39425
1cf/c88a62ca07332	2.573596059523513	5.3349375
1cc/02e75c1031c15	3.1754348968512485	4.983875
1cd/ac4320e48fa23	1.0834226875571706	1.586875
1ce/808c2f7f34cb6	2.6389132761611176	3.6676875
1cf/a54b304c1a732	2.613083724179689	11.936875
1cc/1f0b49c179abf	3.4438496943113734	4.4724375
1cd/5d9d3dc004f2c	2.808834045674905	5.4975625
1ce/a811e3eef1f5a	3.08278566494259	5.7578125
1cf/88a0c9db9a4f0	3.2476596444213137	7.136875
1cc/f0d8967b4c1c7	2.704204728127756	2.8831875
1cd/6f188c128a8e7	3.2700040469047615	7.9875625
1ce/c52222a00e7f8	2.785628689829161	1.7784375
1cf/449f0fbedd28c	3.451827817517454	7.7944375
1cc/a1482e90ecadd	3.357387959641297	7.007
1cd/5b2a98f2b600e	2.910898378201209	7.315125
1ce/5f97546d36190	2.207203689593971	2.2940625
1cf/1c32930e494c4	2.3946046403606007	1.5600625
1cc/5ea9b21942cb1	3.2554152715637086	5.9776875
1cd/b44a4341b92d7	3.1719561815479382	7.0005
1ce/7e3026104a503	3.1449039179509364	7.7308125
1cf/1616dcd23c983	3.426105911489	16.487875
1cc/ae270093a354e	3.4043933411790235	3.5175625
1cd/9bda58f70cc76	2.210017742895479	5.2106875
1ce/ae4471460812b	3.165061445020146	2.2309375
1cf/57f026086956e	2.694796336261986	9.4311875
1cc/0b6d210dd75cc	1.8993443454724699	1.78975
1cd/8dae61b58d2b9	3.240129604002685	11.5558125
1ce/6e8c6f252ff16	2.5190801573977137	6.6563125
1cf/cd869c4408511	2.0075607583394914	1.994125
1cc/18fbcd17d50d5	3.19309031736628	19.809
1cd/5b4544e2ecd85	3.3788476081404517	8.7459375
1ce/cd87704fe23ff	3.3825222680830525	3.2646875
1cf/9218adf611a5f	3.251059123564344	3.408375
1cc/53d2e70377de9	2.7060361724997812	2.8135
1cd/847453d15b6ea	3.224910229375307	10.21075
1ce/763e154a08514	3.101501754840486	17.6404375
1cf/f8385189392ef	1.0799192538498508	0.9608125
1cc/0bd7f72922325	2.648734204787722	7.0785
1cd/0beee84d44a31	3.2306726343027035	10.5453125
1ce/acae3aabe7b34	2.9645764945075723	3.8068125
1cf/f6781b6a4b746	2.9367292252976887	3.4640625
1cc/11b57b897b2e0	1.9983797797910765	4.29725
1cd/e1644710d9060	3.347853327264951	10.7201875
1ce/96e44e936633c	2.620397531999434	4.536375
1cf/b8ea48b97b385	3.0023279664943683	7.873875
1cc/a04f1efd05ae7	2.3527330492709924	4.2353125
1cd/6435ba3136af6	2.70807811326334	4.4245625
1ce/d4fb81ca58757	1.0818115978894112	1.3941875
1cf/c381d01c694f6	3.3490485852475107	6.9635
1cc/92b70582c902f	3.028841179410224	12.6736875
1cd/858a049e80471	2.95270887847431	3.1045625
1ce/aa1ade21bff89	3.196167730812891	7.137
1cf/64727dac742c8	2.5016779515978333	8.1650625
1cc/2accd29f8e835	2.203578390857677	3.04875
1cd/269ec519787b1	2.8378060152186793	9.382125
1ce/f740acaab83b2	2.1233267991478946	1.10475
1cf/3a81af232dfde	3.144650483226556	3.0436875
1cc/da0f0a0a00576	3.2318390641701087	7.408875
1cd/46521f1a72aed	3.348573638963995	11.7004375
1ce/be9f2bcec93e6	2.6640319604333755	5.485875
1cf/0dcda9b1b3640	2.0376629746290034	0.864375
1cc/352cda46f3887	2.4326216519875516	2.1684375
1cd/47a063fdd0535	2.3716611197195423	1.938375
1ce/dc3cd90775d9a	2.0552324614343376	2.325375
1cf/ac37c1a15b02a	3.1052225710400942	4.4690625
1cc/487771b5a00b5	2.7756524212599816	2.132625
1cd/9c9c34368de04	2.79407190987535	5.5818125
1ce/2acf2d5341de6	3.431546783677533	9.96425
1cf/eb4c88e4a7a48	3.1285864194910413	7.633125
1cc/774399e9a4b6d	1.8721463964985818	5.779
1cd/ffe9bc65a67c6	3.1554658393608794	6.4178125
1ce/dfa5de0639fbb	3.337473379777925	23.0746875
1cf/a654f43bf9872	2.226711538462136	1.2016875
1cc/37ae431decae0	2.6932185419417114	3.9605625
1cd/6c2354b25bfa5	1.3665907747757098	1.2514375
1ce/aa74ec345ce1a	2.386961122559965	5.5343125
1cf/f3eb2b5b85ce9	3.3580326828860927	7.565125
1cc/687cd9c5a1ec0	2.828923086415547	5.894125
1cd/cff7cec32937e	2.862392218409825	2.709625
1ce/84ad52f3cdc80	3.255219717097797	4.9761875
1cf/f19ae59520c85	3.3205002818943536	16.7409375
1cc/98a306f1a0d7e	2.177808722699921	3.332375
1cd/32ff6b1fbc295	3.0586801384062787	9.1516875
1ce/0d5ecb0d13c8b	3.3445957581231505	7.24425
1cf/0320c7f3478aa	3.2545385591097404	9.9918125
1cc/c09ad0530a483	3.084963146038736	9.86125
1cd/ef68db3129363	3.0193157231018466	10.922625
1ce/4ae9ae7a102e1	3.2332068914305974	5.287375
1cf/ee937eed3a3e0	1.3854377425864841	1.995
1cc/450d9f5bbc882	2.243239112312689	2.59375
1cd/26861185aef10	3.1866778125729347	10.897125
1ce/963a9ebf37a6b	2.264796184938773	2.1675
1cf/94470cae0898c	3.3065508183581027	5.9945
1cc/8c40b10326a46	2.7588469081339384	1.98275
1cd/1e8b69817d132	3.37147917850454	4.494875
1ce/25f5f9791b86c	3.257855783790393	9.1889375
1cf/d19ef99da3b33	1.8633239516920856	1.91075
1cc/4bef6255bcc43	1.1182493456009155	3.1666875
1cd/6d7daa5427883	2.096697239316454	1.32125
1ce/6a0530fb46d07	3.1423234027254505	4.8305625
1cf/1ba447b4a8276	2.946849679956961	7.06725
1cc/63615275a9a7d	2.7283366151985535	5.0455
1cd/6234d2b007d18	1.8042407936181966	2.2665625
1ce/ffc4aad7e743f	3.3499349610761877	8.643875
1cf/cc4bed6fe5e3f	3.1525139130168682	5.00125
1cc/8f42929fa5b78	3.3161007112840166	4.826625
1cd/4a4cad9966f02	3.2894935265632244	9.3331875
1ce/d00825ba2216d	3.16447003917654	2.427
1cf/cd6b5daf5ad68	2.2435130691904384	1.0210625
1cc/58307c3fc4303	1.858558226351653	1.824375
1cd/52d2e5c7b10b6	1.2005347605674266	3.5090625
1ce/e6193155e44b2	2.424910646956415	1.833625
1cf/8845988eb0465	3.234899702390959	17.1920625
1cc/1241e097afa0a	2.57603129963599	6.534875
1cd/d86f0334196a5	3.0892948773394195	3.1410625
1ce/5fe5931c12d65	3.3256852732541233	5.1256875
1cf/9653f46af01c6	3.277350023624852	6.0900625
1cc/7cfb51b833229	2.6573185624406417	1.8336875
1cd/d591313d67046	1.0774019178198357	1.249
1ce/0c5808dd269c3	2.9263828203547164	5.491625
1cf/b6bd7350ff923	2.0295435718491697	1.96925
1cc/e65915a2d8078	3.3777349812736492	5.7118125
1cd/377ec7e04ab48	2.067838691045812	4.6936875
1ce/bae8e94e5ed7a	2.809796037865799	4.936375
1cf/f4e662807279d	3.0220692097988304	1.8030625
1cc/8dd178a0c4505	3.2158851556683743	3.34325
1cd/540fd4d5e8c87	2.2458568252613857	8.5795625
1ce/49a794eb46751	2.5126601833911786	1.8758125
1cf/1d745330027de	2.9387167525880167	2.00475
1cc/6217fcddaac61	2.7873157705420772	6.2676875
1cd/86c87d019be0f	2.6919385662433024	3.362375
1ce/f376d4d119460	2.0094601340235605	1.608125
1cf/605ace6b1cd9a	3.244243263797781	5.859125
1cc/f13cf26acaa4b	2.353116108449067	3.3011875
1cd/5a052fcf11dad	2.863533201222805	5.726875
1ce/c4f6ab6026cb7	2.5509826220215923	6.7338125
1cf/28469ca2a232f	2.9059926615613056	6.5183125
1cc/61a0a185eb80c	3.203184145756302	6.904125
1cd/e8e222db96069	3.1147000237083065	4.6346875
1ce/1a5eb4f98e356	3.2488246620840684	5.3064375
1cf/57ae1b9294a0f	3.0635922125973365	6.9559375
1cc/c4c806bfaf414	2.665188013317817	4.2015
1cd/801aeaffc96f6	3.322058420472819	5.331625
1ce/16aadb224254e	3.26694304607648	8.4111875
1cf/3d7a065e31f91	2.975915445837307	2.966
1cc/1222d57065067	3.173351331412126	5.164
1cd/d187d7c09833e	2.2098899334991575	1.744375
1ce/36cc476cf574d	3.3273094803500958	6.136
1cf/a6587d63a9e42	2.573462760170775	5.3498125
1cc/25e5cb4f63814	3.2223085664178712	3.9925625
1cd/4033413a5b57d	2.8206721081151174	5.367875
1ce/881198f58c2e3	2.961808936908605	4.49175
1cf/d53420005bf40	3.045813427950733	6.4205625
1cc/8f2e39df5db60	1.2225561350644862	1.0006875
1cd/28e00ca6f15eb	2.226233623398879	1.8255625
1ce/8bef18b5c4b78	2.132492543070991	4.7574375
1cf/78aea6f946b94	1.5183118036414176	1.7861875
1cc/c162ca32359c6	3.1011529723613953	9.391125
1cd/dd15d4db560d0	3.244734977548818	2.8454375
1ce/fb14ef25d3981	1.3606872418417186	0.9124375
1cf/22639dedccc08	3.4139677738345733	5.8440625
1cc/905bc0e32c54a	3.000347087354753	4.4303125
1cd/b66892a685032	3.0251535098061604	7.010125
1ce/e26b894144185	3.056432432981654	3.744625
1cf/2855871d589c0	3.164376017825235	13.0121875
1cc/7185adce4f1a9	3.221879495827884	9.252625
1cd/0318ad4b9a178	2.7827890812521896	4.71275
1ce/a56430c770429	3.022670550151058	5.0851875
1cf/9017aeaaf4074	3.213157451415132	8.231625
1cc/22f16851de001	3.0597338987203684	17.1604375
1cd/339a75445b2a0	2.973902588467144	5.99825
1ce/26df29e6bdfee	2.1267109707474345	3.4380625
1cf/8489f6aaae24d	3.292421337439921	8.878625
1cc/95ae39adc2b3f	3.454039053655322	12.2690625
1cd/b9da75a0a3bfc	3.4394581242226776	5.915625
1ce/17f537609bfb5	3.1117106394397305	7.5850625
1cf/b117f8f559458	3.0344325080103	14.204875
1cc/186d7864469b0	1.7972999723789367	2.0878125
1cd/fe9ad87b97de9	1.198058385480757	1.7301875
1ce/80e80f18641e8	3.066076994116416	1.26475
1cf/34377973df7c2	2.422369382332946	6.2226875
1cc/ca6a4676f8f41	2.9766668165140713	5.779375
1cd/46492f04c29e2	2.2512778261792743	4.008875
1ce/20a6156c3e049	1.3819184486286034	1.5681875
1cf/7ddaade423143	2.7611513383340998	2.15225
1cc/de42ea541d519	2.9675183316289164	3.14425
1cd/57fbf860e7100	3.339231403418595	2.951625
1ce/a90f08b271ff9	1.7863892142552378	0.8655625
1cf/b07895a66eaa8	3.2105411092246734	2.2166875
1cc/7e6308e73df54	2.099580719306839	7.8405625
1cd/ad4eec5cb5b4a	2.6728164534142365	6.1681875
1ce/fe07a0105fb9a	2.7049744948379484	4.8755625
1cf/02ea3c683909b	2.4367910909329313	2.3584375
1cc/926b2770ef041	2.3768470754187887	1.121125
1cd/6a9ce49138d3a	3.361934353577022	9.6379375
1ce/1d31e8b93cdb7	2.4182850285280244	3.9305625
1cf/7c9d2423f7f44	2.7688960324200425	6.7190625
1cc/662f3adc354cd	3.1395592605335807	4.429375
1cd/cfd41ee7503da	3.401570240632633	8.3745625
1ce/26425eb01b96f	2.1724450744314483	3.3855625
1cf/67952c2d165ce	3.1537685208020374	2.396375
1cc/d0c52bc2b4c40	3.3288789001051997	5.580125
1cd/708bf769f4b56	3.0415765299269286	6.4619375
1ce/d164421af3705	1.3136525366317502	6.1369375
1cf/40323f9793bd5	2.7804547409915403	6.3726875
1cc/80d27ea38617e	2.4046886973170545	1.898625
1cd/1cd5cbd737446	3.540326469984837	10.54275
1ce/595389d162516	3.3510713190040136	4.2211875
1cf/7cd64496abd1f	2.773456312898573	4.94325
1cc/d40af8f542769	2.767972584482914	7.7565
1cd/24a5d980bb090	2.590009526076622	4.4236875
1ce/0ff71cc6a9da5	3.223057990056862	6.5363125
1cf/97e2f5c599d83	2.282968512976717	3.0324375
1cc/b7519d2e42799	2.537639605555997	5.3304375
1cd/87fbc4d9e5fba	2.4898481293624255	1.2979375
1ce/5b98eabf1bbd2	2.8653407121966112	3.0326875
1cf/adbdc3ec2956e	3.303724226319236	12.3805625
1cc/067a3d6be1e92	2.8320179911088186	5.4984375
1cd/f45bd771cd0fb	3.3519563093381883	21.589
1ce/a1dc557b987d9	3.5029267307613825	5.611375
1cf/5f49f9b8c7f8d	3.0510589742597687	5.342625
1cc/14f262903fa51	2.5722526982769063	2.4795
1cd/f72d303612302	3.249871324044219	19.443
1ce/0db3903891448	2.4644073877201635	7.5574375
1cf/2e16a8cb62528	3.3491810193928586	3.3220625
1cc/5c246ffeeafce	3.189571254245991	8.6460625
1cd/ebca3e8856f59	2.0636218329459526	5.5375625
1ce/1618ebc1b10b7	3.485019667979062	7.596
1cf/55555df8bbc70	3.0283300088383447	8.9540625
1cc/a682ec6892069	3.4968397170777443	6.4653125
1cd/5df7563f2dd35	3.1191333162134653	4.1770625
1ce/a880acdd45dea	2.316263477595309	4.7056875
1cf/a022ea359e3a4	3.141149873573942	11.084125
1cc/d8039a1199374	3.267137492114913	5.266875
1cd/82758693db0c4	3.251027158367954	4.5670625
1ce/d8132b9e5999c	3.481217226956546	6.7340625
1cf/52fd1da7b8938	2.5239311931402177	2.0465625
1cc/19071b9193f9d	1.822355846373357	3.799375
1cd/f0301060f1e1d	2.3651612956548793	2.066875
1ce/8b039ccb3dbc9	3.099351833259802	10.4413125
1cf/bc263de0dfde5	2.2738659798883942	3.36625
1cc/0bbdba827ea14	3.3653445529029447	17.5225
1cd/50577d9b962b2	3.148493549209855	3.27125
1ce/682f957592d59	2.9926477053621423	7.66125
1cf/7cf4f6d13c97e	2.6520765009521523	4.723375
1cc/8a1419f633a7c	3.0517129759269146	2.73125
1cd/ca86d52efa065	3.128584414296149	5.461875
1ce/53bf9906c31ca	3.0713091374968733	7.586375
1cf/00b39dc002878	3.200558055757245	7.5594375
1cc/6ac3291fdc1e0	2.3697774710107997	1.9765
1cd/df76c3ae5000f	2.7159791402428155	5.954625
1ce/862372c15a5ce	3.2733763850090134	16.1051875
1cf/e2c9939bd9d48	3.1789608086828367	4.963125
1cc/fe0d6b4d88a61	2.81717104185042	2.7546875
1cd/d83c217567460	2.5669121487898323	7.1988125
1ce/bbe139f18a7f1	2.1878951678033696	2.4331875
1cf/68d0510c74d5e	1.62312654664156	5.09875
1cc/52f4b97885a2f	3.4403322454579	10.8415
1cd/0108fecfe5e4a	2.7337021198828815	1.069
1ce/4ab6b86fd9155	2.8716467165907784	6.6905
1cf/10bb5f339c696	3.4595566376328586	3.73625
1cc/68343f89ee645	3.314382974351337	8.1924375
1cd/ae61cf773e747	3.4484452313913745	6.7563125
1ce/e49e66b8ba0cd	2.664395878043531	10.148375
1cf/383d9699c115e	2.9035994766439734	3.5590625
1cc/5308266af3da3	2.543476920352691	3.5259375
1cd/93ad35488f34c	2.9962060698936566	2.8379375
1ce/5afaa398febde	3.1130884548132016	4.067875
1cf/af9fc37e0a4df	3.4723071520604676	2.499125
1cc/3a5c29de55366	2.745271604725412	2.739625
1cd/1505780f6ee0f	3.274844518046693	7.366875
1ce/5e79a05750aef	3.0785681552294997	8.1789375
1cf/d84556d075f3a	2.8551302459860644	5.867
1cc/bcd222e1ec29e	3.3905087736062165	9.92475
1cd/696930ede9d2a	3.030904303664479	4.6705
1ce/e42a69e40e2b7	2.9293307398116655	5.212375
1cf/6a0443a0851fa	3.2970695420451657	9.8441875
1cc/bd5bb763eb3d9	3.222904810914462	7.3971875
1cd/ea662e5eb9f87	3.0227307103777155	4.6349375
1ce/c31c810938ea9	2.529098947889527	1.865875
1cf/e5cadd66f6e30	3.3238821582600706	5.39375
1cc/9d52bb7f0bcac	2.613154721622717	1.3728125
1cd/2d6f583fa56a9	2.5856992531593876	10.4484375
1ce/8ba12d9d726fc	2.2981881036394913	1.5565
1cf/47038d631084a	2.892411990521184	9.2264375
1cc/572b178befce4	1.6258190106392394	2.20925
1cd/eb00afaf3fda4	2.9677328393452806	6.141875
1ce/f86c6d6c5e105	2.775969881048577	5.760375
1cf/c7d90736ddccd	2.3572396336260346	7.4270625
1cc/6db1eda9de431	3.4074068640671142	12.0565625
1cd/f784bb146f881	3.155574342483905	9.51275
1ce/c10e98db5157d	3.074630271678005	5.6196875
1cf/c0804b1832fb9	2.560488514992955	3.5775
1cc/466e576b1b626	2.977659027045549	1.2496875
1cd/ba1abe236cf91	3.33069759048747	7.263125
1ce/dadb57aa65e6b	3.0679829284011078	4.662875
1cf/a3f196f72d5f9	2.792588667357442	7.0030625
1cc/78e49c9b1ed9f	3.102063861731274	10.6411875
1cd/5e90d892cf00a	3.08307850091781	6.9275
1ce/6ebd2fd47dd09	2.452553773107447	6.7858125
1cf/8240eb9d30d62	3.4440394236594805	9.5545
1cc/7d7c5c1ed4d90	3.0139888535890815	4.82075
1cd/4a2f2a1fca75c	2.6933525564073726	2.303625
1ce/f6cdf4eebd7d4	1.0745069146292228	2.6323125
1cf/75222f57e9f6f	2.6774721075482097	6.219625
1cc/9019085b647fb	2.4383527445648374	13.5954375
1cd/198b2284fe866	3.269033076930995	5.266
1ce/4b72aafa31d77	2.452474778687408	1.77275
1cf/301cd32583305	3.0467703657494747	7.0494375
1cc/1ae788f2178ba	2.5320460867850216	22.5241875
1cd/7a52a74913a5a	1.5474808490988445	4.1345
1ce/d6ff07a182ace	3.374603507141572	9.9675
1cf/dd38b3c464723	3.423401724970726	13.576125
1cc/741a99d26318f	2.8870795818468515	3.8165
1cd/5526d5b507cf1	2.9359565114467814	7.6921875
1ce/87fa1810a6079	3.255657920805752	6.592875
1cf/a0a864de26a16	2.8911700874190807	6.3805625
1cc/5d844c2a52e92	2.7624243308655134	3.9958125
1cd/cd3ed1dd1e526	3.2675073112503648	8.946125
1ce/5bc04690a0b9b	1.5571774743368911	6.2235
1cf/f925df156c5f1	3.013558498652668	5.111375
1cc/df72533a5f783	3.085814361651812	1.9393125
1cd/d30671d5ab40d	3.0973130280260257	1.710125
1ce/fe5abe108b0ee	3.015232530693108	14.6646875
1cf/854ec5d31d5cb	2.2991632274751646	3.1394375
1cc/30be7e6bf743f	2.1755970763527084	1.9225625
1cd/c52156da0cb4f	1.1012981735732927	1.009125
1ce/cf8e094f7211f	3.2169036175364405	15.2728125
1cf/93d8f2cb8daf2	3.2163982740281156	10.3470625
1cc/23f74ed2dbe30	1.751233315142174	8.5476875
1cd/870da9c19396b	3.0390844110840134	4.5809375
1ce/2f47af86a50f8	2.0672875493559153	3.2798125
1cf/3b278f4b0af9d	2.7345001158711413	3.9611875
1cc/99106f7dfe0cb	2.8419805282413826	7.48475
1cd/208b2c54f5a02	2.2065699384128568	2.8314375
1ce/9a19d0309fcb9	2.945995131722323	11.856625
1cf/641568a4a8548	2.249898990574207	11.171625
1cc/addcc11d4b108	1.0873123930824977	1.218875
1cd/ef78476cac1b4	2.7809517228229943	1.7955625
1ce/7849a860ebb76	1.720445890890431	1.2016875
1cf/1cccf6daadbe6	3.3592470072542233	9.7290625
1cc/3f3a87b9f0746	2.44023362136886	0.7684375
1cd/59e5fce88645b	3.2546560336934265	2.8488125
1ce/d9761ba21e54d	3.5020817872486805	6.135125
1cf/5ff39176c5fc4	2.4528811213890447	2.1871875
1cc/bb6a7b850cb26	2.5834181487479797	8.219625
1cd/83b0b4f149e1a	3.144622043619463	3.010625
1ce/8ad33023cc557	3.3099534394343957	2.2735625
1cf/8b185e0f61f6c	2.7054217108405902	4.266375
1cc/e4b8aaef9e949	2.6004942720001654	8.21775
1cd/6580281a5e7e9	2.528513550018961	7.973125
1ce/3edb9d5f6b621	3.0981490321169396	9.3755625
1cf/bb57eedc04627	2.654626185246652	1.801375
1cc/c77a55b9675f0	2.948558203352115	5.4044375
1cd/2d353c35a865c	3.2110519084860534	9.424875
1ce/f56f8f070af3b	3.229315823568939	11.4785625
1cf/6f538a0d173e3	2.6551876244665067	4.6229375
1cc/075fa7ba4bd77	3.325698709713919	3.72825
1cd/e49a4e2efca1a	2.9180040274701207	2.7161875
1ce/1b527cc85a0fb	3.1937779427539548	7.49925
1cf/045f2a3ed38d5	3.0614393583181965	4.17675
1cc/b8639afc50c24	3.002296251884232	4.163875
1cd/1c9f8897bed17	1.922316261525817	2.2531875
1ce/9acf8e82b54de	3.20858781843497	7.1983125
1cf/105efc49a844e	3.4513463344539517	10.4001875
1cc/b0062572f8816	2.2725448005938857	3.8645625
1cd/5cac008d11817	3.105791141954552	5.7403125
1ce/44fa7da854dd2	2.787907640293929	4.6823125
1cf/ff12f96c77f62	1.112047417108965	1.201875
1cc/630491c44ea3a	3.256974279207352	3.7655625
1cd/493fed6927f12	3.302667100648324	4.016
1ce/93ea33e8e3ee5	1.800433063087692	0.8845625
1cf/cc01ee2070b9b	3.3266168751214664	7.11125
1cc/4ede38b0a9e20	3.3384649085676728	12.0218125
1cd/de9f27fbea662	2.281046571478557	1.682875
1ce/9bb4604f25c5c	3.4051708138811905	18.5969375
1cf/cee0477d6adc5	3.176893411238625	3.9443125
1cc/59f4ba5351762	3.2585946576748506	13.9904375
1cd/dc5ca6d808b1c	3.228266765322726	5.4160625
1ce/6c080f07b04aa	2.5576484404778266	3.9315
1cf/db39d46bedd28	2.011269658403871	2.4311875
1cc/8fc1ecbbc4a88	3.1759694163312107	19.8471875
1cd/43ed25cccf82e	2.7329177598095096	8.4660625
1ce/5ff4a7cbd429c	2.4323754705325733	2.1970625
1cf/0c60ecfb9c21b	3.2846548817031658	7.6574375
1cc/2d076e9e62765	3.407271102404173	15.65925
1cd/330c8adff0021	3.1326322063648013	2.8948125
1ce/3dd403bafadf6	3.3952498915649767	12.590875
1cf/8c6acab2fce36	3.3646534325738586	17.9228125
1cc/133f4cf8a150d	2.84189280697751	4.220875
1cd/1936ff35a8980	2.7435347688416467	3.45925
1ce/d535ff18970b8	3.4019780431026234	9.2674375
1cf/09c094dfa04f0	3.4803860634799144	9.8599375
1cc/f0dcede3e3df8	1.9027354511758525	5.6750625
1cd/0950d0bc73be5	3.218516670862422	3.085875
1ce/3c033c2496316	2.8451245166168966	3.98975
1cf/feccee270c88d	2.968244320340444	11.5531875
1cc/115f351bde163	2.8170288713112486	2.831125
1cd/5675769a6719e	3.093269734865237	5.289875
1ce/71a9813b58887	2.2992860750627893	1.2010625
1cf/e433eb05a3281	3.341790383601819	3.9205625
1cc/9cea08a0a8ddf	3.2599639324755825	11.466875
1cd/8886733eebc27	2.205779082396737	4.48925
1ce/2b5f4a2e56792	2.4585497565969123	13.39925
1cf/bdc99029b3b24	3.392161440513855	8.223625
1cc/6620598d6bdd9	2.5969242719712144	1.893875
1cd/e322588f046cb	3.0955817339239173	7.392125
1ce/4b36cce6ca579	2.091708968713513	8.5908125
1cf/781ee73bf9c80	2.573542993338111	3.9893125
1cc/a7922151cb22f	3.051254879024843	9.7308125
1cd/feda058d20e03	2.90047144721586	10.0901875
1ce/3bf36623953db	3.101359228902633	3.9805
1cf/fc4841928361a	1.1675602896298862	6.7201875
1cc/a7159a5528780	2.873073159786756	14.6151875
1cd/86cb5ce754778	2.8943689661524594	15.2353125
1ce/a54772249610c	2.7198970133559763	8.386875
1cf/89113dd1210ee	3.249323763765551	7.004375
1cc/5b947abf5239d	2.705179507144525	3.30125
1cd/886d0b00eef01	2.073085143665819	4.2446875
1ce/2e20f97957221	2.0553994861959484	2.116125
1cf/8a800b3c60f90	3.0642214286450598	8.415625
1cc/e4bfac7806a8d	2.9396580163065913	2.7619375
1cd/def8b1d413821	2.445476032583129	3.8886875
1ce/7277a06b78b5c	2.41333535539292	1.4320625
1cf/78334678f404f	3.0144964160484435	9.798375
1cc/c4d15dc200681	2.604247408463882	3.1215
1cd/2520a0637d440	2.685854339798917	1.5374375
1ce/0a2b77351def0	3.1587156276736343	4.8695
1cf/386a224c57b07	1.6431840067138666	2.659375
1cc/108829d05a593	2.9678656678861812	6.0835
1cd/5110a38e59c4b	3.149816643423641	11.816875
1ce/eadc59f3e82a3	1.1761535335146118	1.361125
1cf/8876c2606509b	3.449810766990954	9.6080625
1cc/ea223ff9f2b0a	1.6862369307416494	1.2699375
1cd/1d7d4ff2520f1	2.7279245793759213	1.5468125
1ce/1b9fddc552d5b	3.1690003412035472	3.731625
1cf/c9f8fb7c1b4c7	2.2146255459820554	9.2905
1cc/8ae978b97856a	2.864713058598164	10.7380625
1cd/c19c8180b85cb	3.049338125279849	12.821375
1ce/670d594c79eb6	3.46873692993558	13.1120625
1cf/167be07ae1f2a	3.3569679029624444	5.4851875
1cc/230ebcdd006c9	3.221145883102647	9.2945625
1cd/6f0805c234034	3.059388486313815	5.055125
1ce/04d2bedf822ac	1.351530200095703	1.44125
1cf/c1045af418542	2.9860430229385004	7.31375
1cc/09e089757d987	1.10501362118263	1.0385625
1cd/5031ed082d60a	3.351232787300729	17.4385
1ce/f379ba02c93ac	2.569311024318335	5.459625
1cf/5c9e3d22b92f5	2.093841623955604	2.16975
1cc/d217bd956c85f	2.640799727444736	2.7513125
1cd/c86c8285067cb	3.143931484868979	5.116125
1ce/c5b9a2792a3da	3.176882102322191	6.804375
1cf/b1b6ac92f3c36	3.3198827128763897	5.4993125
1cc/85b51cd8e89f4	1.8827178071339372	0.985
1cd/6ff644e498a77	2.971455706043053	8.70875
1ce/c58249f0d5306	2.726927202849176	5.8839375
1cf/e31ec8cba6829	2.9710183347481047	2.068625
1cc/80893adcfb3f8	1.1337979732309584	1.2010625
1cd/1279c45675818	1.3302191592287969	2.4123125
1ce/77190a7e9ff7f	2.66939946393775	7.20175
1cf/6ff1476831723	3.400260937234325	6.56975
1cc/30174265c2f18	2.6308573323743785	1.809
1cd/a32854d35f4f8	2.7900586421152638	2.0684375
1ce/2877ee680c964	2.8479480180445145	5.3868125
1cf/71d9ad958d5d6	3.1982935167744433	6.7353125
1cc/6527bde800739	3.1531716386870237	12.350625
1cd/3b00f48f81b39	1.9640173122587459	2.978125
1ce/a49b14fbde6c0	2.9989457428299544	1.2718125
1cf/19ddb1a42d499	1.499284541391508	0.69625
1cc/c9dc6a6bbd380	3.2028599105140096	2.49625
1cd/141142bfa747f	2.3176033523315818	7.69
1ce/f518a545eee62	2.386072223934353	6.5489375
1cf/f3eae34b9ef4b	1.8304298417778044	1.9320625
1cc/aafd73cf79d94	3.0713750604998102	3.6546875
1cd/40130f88e87fb	3.3111213257886782	4.779125
1ce/f563365c2b1ad	3.1808742009902784	5.4255625
1cf/d8cc7ac8d2bc5	2.7424152538865254	4.5509375
1cc/de4d722dc3d6e	1.1540202911687463	1.0438125
1cd/8a3c2ab093833	1.099110799212093	1.142375
1ce/99bbd4d150ca6	3.1956539358271914	8.0991875
1cf/0f67836b6fbde	2.2612174428786385	1.05675
1cc/f013cd3a00ae0	2.852464592969331	4.2510625
1cd/05836a4c4fce5	2.7786679072246323	1.9949375
1ce/db74cd82c3b57	3.3579050033366347	6.6984375
1cf/0caf783d514ba	2.4957630689295556	3.2390625
1cc/1df2587e9751e	3.1786203279776957	5.8203125
1cd/ab2688cf1ec9e	3.1480088079361046	10.704125
1ce/3c508eafcea46	3.1586678838656086	13.7645
1cf/e0b2260dfd9d9	2.780289714202431	2.72975
1cc/de3ab45743d17	3.2927966900718713	4.518875
1cd/77cfe92c1c1d7	3.2825878418031165	5.9634375
1ce/4b4cfd98b97f0	1.202985788044158	2.6070625
1cf/15048a5a24c4c	3.259788869549431	16.0824375
1cc/513720e70ed10	2.9165111580849428	19.3900625
1cd/92e316461c557	3.34878840785105	13.6018125
1ce/b7e2c8533cbad	2.6926453294754316	1.68275
1cf/211bde8dc74ae	2.583845327044341	0.86475
1cc/a61344fffdcfc	2.4024395176843143	4.2763125
1cd/cca3cd7da9e36	2.818955303080982	5.9156875
1ce/8ddbb40d25bc9	2.1569334664504938	1.58575
1cf/5e46f1010fe76	3.090665474044085	12.0330625
1cc/beadf3dd5c884	3.0083725054579142	3.6076875
1cd/dda199b85183d	3.327460164268214	19.9306875
1ce/3872e78304853	2.9266909889945194	2.767
1cf/9bc885ffb800b	1.1051488790234096	5.331625
1cc/333fb7d87b1ad	3.4858239810556206	8.90075
1cd/aeffa687f5d0f	3.1980206144462207	6.7201875
1ce/328d0bfa2b6ad	3.4562800228280484	7.9186875
1cf/484c33992817f	3.071651864577821	5.912375
1cc/bdcac3bb34816	2.9111751841229583	1.0175625
1cd/4405040479527	1.0802615166657896	1.58525
1ce/45ba66cff7d1e	1.9980467058337943	2.5005625
1cf/c1780c6f2ba3f	2.5292655111845335	3.5483125
1cc/c295063b202c6	2.578070760853118	6.1560625
1cd/fbbe119c0565f	3.1483011659645506	7.692375
1ce/7501b55e02f89	3.1848750185771495	5.688125
1cf/6839349cddee6	2.3816681418381838	4.6941875
1cc/dd17da5e5358d	3.1441202731272933	8.3675
1cd/477bbd51eceb7	2.1530267292068235	4.2343125
1ce/ffaeab9732feb	3.354955808871059	4.0345625
1cf/61e9ffae5573b	3.591761091001518	17.579375
1cc/a10915c34a608	3.3388827046329523	11.7200625
1cd/adc6b00f8c6af	3.303888469543139	8.0584375
1ce/27a0161814733	2.499356558586866	6.3965
1cf/f829b193a5bfe	2.98251087780364	5.126125
1cc/4dd2b6be085f4	2.8281940624732522	4.002125
1cd/59d7a63f17674	3.363512133552977	11.8325625
1ce/4296c0ee2f0d1	2.421311366779747	7.7855
1cf/ee4988f71b98a	2.9446661753351577	7.605875
1cc/2adf4eaa6b9c9	1.0875998475563655	5.0825
1cd/ba77b425772b3	2.156183109761494	1.9759375
1ce/90c4881322387	3.4175003670811077	6.7399375
1cf/2938fb30542f4	2.8534467265377836	4.7305625
1cc/b3178fc85edb5	2.352643972803235	3.65125
1cd/e42396dfed2f4	1.868518733280368	2.2605
1ce/f2eae44aca28f	2.4745127018556774	4.4904375
1cf/df34554333a8f	2.3066157174749415	7.46875
1cc/95bc820be7c66	2.88046679464772	5.4639375
1cd/6306b07de5227	2.618076168455483	6.188125
1ce/92e2a734c16e1	3.018041026436711	2.384
1cf/2da15fc0bb0a7	1.2624255113878278	1.0088125
1cc/a12affdb25b71	1.9291963293218077	1.6345625
1cd/14a0832a0c1f6	3.039297219656569	9.9220625
1ce/350e964d5d1a6	3.342743140885916	8.63225
1cf/bad650cc94a8c	3.2820088733470616	5.4614375
1cc/904022577f81e	3.3409363200240008	8.2933125
1cd/2744a29c0b408	2.244806159250355	3.0893125
1ce/e5d4d3d034f9a	3.1416570941115194	11.556125
1cf/15daccb907991	3.3009473029674212	4.4098125
1cc/d9cb084d1ffb9	2.9196887129703835	5.350875
1cd/f6b48df2c6abf	3.0648026711600638	8.093625
1ce/28d9e31067251	3.5399995416983177	11.2884375
1cf/ca21afe3bee5a	1.1553597221413066	1.1431875
1cc/166fa93fe7015	3.191948470793852	3.807875
1cd/3b5386f9fc177	2.4363145148415297	9.52725
1ce/a286faa4b4168	3.0058561969263615	5.55075
1cf/41354cbefae81	3.1281508211154576	3.8064375
1cc/6f499ed9b0caa	2.5381842101710257	2.4046875
1cd/ded36d132a450	2.403492091319547	2.343875
1ce/159d92f533721	3.2171971602780274	12.1771875
1cf/69efd57b58265	3.4045020590184873	10.880875
1cc/a1db1a0b2814b	3.413521217834169	9.7215
1cd/b653fe3b9f19e	3.1404781563609334	13.2715625
1ce/d5b915fbdd696	2.7037721588597625	2.0958125
1cf/80e5293a8c8a3	2.82155833432307	4.693
1cc/56e6509d19295	1.117817581283386	1.4931875
1cd/0fd579ae80cd2	2.8066368078210635	3.59825
1ce/d5126db84666d	2.2266684659117497	0.864625
1cf/16035890125a2	2.716461923649681	2.864125
1cc/eaa9e3a9fea07	2.5312733712411846	24.36075
1cd/d00c0063b8756	2.4934184604557994	1.489875
1ce/4bde933015eb2	3.2792143992708014	10.2340625
1cf/2d3c24a55b6f1	2.924776005596194	8.69275
1cc/8c717fc5ce9bd	3.0774903491798455	2.25775
1cd/a4abf706fcdd8	3.2329912961609693	7.347125
1ce/34b37ff0b78f7	1.8813328087693504	6.275625
1cf/0962ee45f9326	2.789442913355927	7.300375
1cc/24e6a7bd21e98	2.9247084083978	18.2315625
1cd/6a6564190ab24	1.568814544242071	1.393125
1ce/c8998d8666981	2.6407599175217658	4.0201875
1cf/e378b3617e6a2	3.194145205059796	3.1744375
1cc/04b922c184a5d	2.771566014364931	8.4405
1cd/79f5ee5fabb8d	2.9975484755029407	6.1041875
1ce/34baa56675f9a	2.8131672389408675	8.7285
1cf/1d88e20b0995d	2.429306825103269	7.548
1cc/cbaf4d241b642	2.7035002609807726	2.235125
1cd/090c53b892981	2.5523919578545637	6.10575
1ce/520aed42c0ae5	2.6854388827485938	7.821625
1cf/5289a32d70e00	2.7135044342361176	4.4519375
1cc/014daa4f021d9	2.17523857265614	1.066
1cd/89670485eff89	2.279843558078514	14.7006875
1ce/1691b91c4faa0	2.5287042975485465	5.7620625
1cf/1af5589bd6493	3.172593061144472	2.2428125
1cc/0e6ac08bf9f41	2.4293421799781134	2.5643125
1cd/7f5732ce07cdb	2.802670446173924	1.2575
1ce/46665079f9b6c	3.059734099635662	3.926875
1cf/8d6d53f7fbc13	3.4646100974319816	8.6704375
1cc/3a747aeab1902	2.4060905045085326	2.214375
1cd/df7daade510ca	1.6489449628897934	2.1865
1ce/d0a00b9b01e2c	1.1461413880029019	1.762875
1cf/d1d5c4ce0d60a	1.118579802171414	1.2013125
1cc/ab2bbba6288a3	3.055627948840667	3.7479375
1cd/75e0b6e7c6e8e	2.4422636643880655	3.295
1ce/cbe2f562bf686	2.934897831599642	1.296875
1cf/14faa20ddc95c	1.990777672025781	3.8009375
1cc/d53aef8585e85	2.786067120910102	3.3810625
1cd/806f7fb3afc0c	3.4290453014614273	4.8065
1ce/c6cf26cc6f558	2.474043038727002	3.1745
1cf/3c3563e4889ee	3.312064432808408	12.5895
1cc/1257150871d83	2.782191301648268	4.9765625
1cd/b420094061133	2.9355251172453896	4.3825625
1ce/e04780fa1954f	2.090120990868272	3.5998125
1cf/f7ed115f4135c	3.143779538901139	7.395625
1cc/ce6ccad4bfbac	2.3573737924346836	3.44225
1cd/8b7acca32cd5a	2.0800946084177516	4.1963125
1ce/d63ef8a574955	2.859571460044632	6.5405
1cf/63041f94500c7	2.579444686388451	5.1164375
1cc/5316ddb489a41	2.979083602964822	2.8614375
1cd/7bbeb3aa6e93c	3.230596201867213	5.727125
1ce/9b3b207419968	3.036248549670341	3.3856875
1cf/24d467652a038	3.265961700076293	6.9606875
1cc/fadc9b8f91280	1.2059887984972337	3.6055625
1cd/29eb8326f4dff	2.5592179559587827	4.001625
1ce/09d2cdf15f75c	1.975875436514187	2.403625
1cf/9427b9e20b903	1.1884970187556316	1.33625
1cc/6d00a0887aba0	2.482382066649874	1.05675
1cd/ea0c7d6e6fe70	2.5246505123579457	4.7479375
1ce/30e4c0dfe25e0	2.5470681107339885	0.8165625
1cf/a2181f061bbde	3.2933181471393924	4.083
1cc/b5c8b99cf0ced	2.4582723555221406	4.730125
1cd/34d86fffa7cab	2.250943155874111	7.58375
1ce/a1e39d4a4bc69	1.4899759115117697	1.5869375
1cf/2639de59f0dcc	3.2594456422665945	1.3160625
1cc/c453d93959e49	3.17902144309311	3.077375
1cd/cf7433afb8cc7	2.7808410277331808	4.209
1ce/b2fb1e574fdd3	2.8390936864323915	10.16775
1cf/fbb8e714ede35	2.7019944987683377	4.8121875
1cc/94b38c3053fee	3.2967734614377724	5.844625
1cd/a9121e5445585	3.0826981547417622	2.8503125
1ce/8e0ae072e20b3	2.0889667948071358	2.1088125
1cf/f9b34feadcbc7	3.3180481334893166	6.533625
1cc/bc24adad47bf2	3.2557420007405504	8.9110625
1cd/9f9019bb7fb58	2.8556344997018903	1.6944375
1ce/06279d5cd60df	3.074530535640684	10.164875
1cf/8a6af5b7d8be5	3.29898794988921	5.9410625
1cc/55ede0cbbce0c	2.268506486893485	2.9129375
1cd/69e4e21b43fb9	3.263030970802416	9.6550625
1ce/fc4cfe5d422b1	2.916233773778985	7.1251875
1cf/c93e631c07fbc	2.5897252851445827	8.960625
1cc/7047fe5a29c7e	1.6505179523524318	3.6999375
1cd/13993e004954c	2.510980378447651	5.510375
1ce/3eccef4a42f69	3.39631838767503	11.93825
1cf/22f08cdf1bc8e	2.657181053991903	4.6261875
1cc/25118bd062d7f	1.8281938116293874	3.4125625
1cd/ed77dc0d3ada1	3.33705552000434	7.5160625
1ce/27d6b32277624	2.868187936433358	7.556125
1cf/06d354012aaf3	2.6063024852237313	6.3426875
1cc/753bbf6e0a7ed	2.48993622507904	2.613375
1cd/d41c6b0462f55	3.3195174161943553	9.06525
1ce/6c1f95cf16166	3.135912457095781	5.7014375
1cf/385979e25c29a	3.3451268505548426	2.74475
1cc/76175ec850241	2.938072609086441	2.885625
1cd/e7ce896d6bb58	2.48612097761259	4.867625
1ce/5b28b434f5a21	2.182078797670751	2.502125
1cf/2538a29dee153	3.399781370220995	10.3691875
1cc/8d7cb7711aa3d	2.745145658088668	13.868125
1cd/7a853a6c4dae1	1.8019114989947191	1.249625
1ce/b9cb2c7af7dce	1.9974005185478805	1.3935
1cf/4bfe95675ed62	3.21256658884396	14.876875
1cc/74888e37eea31	3.142823892738466	9.3405
1cd/6f1fabcf4eb6a	1.8938199770514772	1.0089375
1ce/d992cacfc2b91	2.944414781420305	3.9384375
1cf/08cf036b4876a	1.9902524155438452	2.3080625
1cc/d7ae4513c092f	1.9352124311770598	5.259375
1cd/ed80426d5aaf2	3.4535639656227817	13.51775
1ce/d91eaa2c6ae74	1.0941237379805362	1.153
1cf/2ca99a22b1821	3.3224478643425055	6.327625
1cc/97869a3131df3	2.441094200569122	3.2035625
1cd/a62496eb7d67c	3.1575698451068237	4.8304375
1ce/bdb2b07e83977	3.248600698588571	2.6505
1cf/fde7431c2daca	3.293426156777146	3.109875
1cc/f2fe4e9342a03	2.7263785239358613	5.019875
1cd/a06397bc8398a	3.4259703480046375	22.70275
1ce/a6ea4814a8e8f	2.5060384642908895	2.5979375
1cf/b67f1f529132e	1.0957751212641005	3.113125
1cc/0b358d8a3b9b2	2.915901885503125	1.553375
1cd/6ae73994bf720	2.9246852490408815	6.8159375
1ce/0802cd05fe1a2	1.102186033919862	4.5379375
1cf/ef0129f70c562	2.41269465175014	4.3935625
1cc/906ef71067bd0	2.023970792303235	5.1984375
1cd/224157250c1fd	1.9933355266639083	2.3086875
1ce/d5177d7fd53fb	3.182207223989531	5.3925
1cf/6db92cac1956b	3.5740516773715583	13.845375
1cc/138a8d7e6991d	3.2033028793721003	5.654875
1cd/406d64b7bb443	3.069142958860526	12.1045
1ce/8041931c68bb1	3.2614655144359204	2.907375
1cf/e4ef83fa28ff1	3.357778638332478	5.4849375
1cc/6e980db45c2bb	2.303362316048261	5.94925
1cd/ed6b9718e883e	3.335093238895098	8.0673125
1ce/e87398689f330	2.644487262846908	3.2054375
1cf/dc798e659b74b	3.2305451867896906	5.8404375
1cc/35fcbf67da7e2	2.4846016435061298	5.7895
1cd/a0d01ec413250	2.028290696338598	6.7870625
1ce/e0781d5b6e93b	2.5180814616778058	1.542375
1cf/9e99199060f5a	2.3773106501269745	1.8983125
1cc/fd184f23d73ba	2.8363985896844497	1.8019375
1cd/90da7ab84c85d	3.235783242441973	2.920875
1ce/e8e931cde7d2a	1.1644627359156978	3.1045625
1cf/1ce9b0ae45b56	2.947103670759459	2.4083125
1cc/348ac354424b8	2.9326351584131465	5.202
1cd/fb977e2134fbb	3.2439379105330692	3.5379375
1ce/b0e4184e942ec	3.266397056521099	4.7085625
1cf/eb9c90792e72e	2.855293326993742	4.2815
1cc/e9f4f8f09a3e5	3.1309710833885034	1.9095625
1cd/fd8a61de8a19c	2.8142383786016762	5.907625
1ce/5c14fe859224b	3.2291647408324504	5.8475625
1cf/463286b733d67	3.034256095149479	8.2490625
1cc/bdda16bb8905f	2.058437706194312	1.15275
1cd/7ea4e626b8157	2.9141804249241887	5.339375
1ce/1553b313ee95b	1.1166295031785458	2.313375
1cf/01caf4664416f	2.261646955900357	4.5385
1cc/94165c4e545a4	2.8924861278342857	11.417125
1cd/ebe110a3cfd3b	2.6631476635456206	5.2979375
1ce/6acc741bd649c	3.1606873133101034	5.6183125
1cf/1b47dc73b2ded	2.963953334155809	5.529375
1cc/c334aef1d756c	1.898354713154735	2.359875
1cd/d911c9b11bf3d	2.97276587733075	4.3564375
1ce/7ab66bd04ef46	1.4629611141736627	1.643875
1cf/eba02c155092b	2.7949710771870984	6.2615
1cc/ec42a9057165c	2.5516246741423476	1.3085625
1cd/69526962a566b	1.1191385280406396	3.37725
1ce/dd1492bfc52c6	2.1056035147736485	1.5851875
1cf/f893a427781fc	2.539896378252269	3.2755625
1cc/75ddc53e274c7	3.2630068370165333	6.391
1cd/93f6f03bd194d	2.5730260381022365	3.7833125
1ce/b28320cf6078d	3.3042001314920086	9.8129375
1cf/2ba8ea9660527	2.8613774971203867	11.24425
1cc/07973d6efebd5	2.7986561161391657	4.1780625
1cd/85d8b67618270	2.6535062192070535	2.561625
1ce/26bee5592988a	3.209903164618416	2.062875
1cf/7dc4c20a9b9f8	2.5985762598609448	7.8404375
1cc/f459aa4243af8	3.305571867239648	7.258
1cd/1253e1d81c4ea	1.626093463446768	3.0354375
1ce/d363f8da1b294	3.5263837925351034	15.5339375
1cf/b71b3cc85af87	2.237192982321658	2.1585
1cc/c836023773197	2.9832086067074637	9.006625
1cd/220c4c32dde34	2.7083830517721097	3.9915625
1ce/6093a62c49db3	2.30825306694726	1.8235625
1cf/9288290d13d2d	1.8602885408395125	1.44125
1cc/7f3726ed27ce5	3.1091244546324703	10.1951875
1cd/8fca49fac3f11	3.183883549107167	4.5863125
1ce/6baf4aa79696d	2.7931209962258046	8.938375
1cf/afc7036a25fe9	2.259736018009907	4.8663125
1cc/70dbd3b6e30ff	2.499228952872845	20.3644375
1cd/1b86f1742bb4a	1.0818500767474317	1.4896875
1ce/5fc73a71679cb	3.1188322179792793	7.3870625
1cf/5189e3cc79589	1.747509397913309	0.7279375
1cc/2ed8c1a6a5a77	2.947178716692166	7.76425
1cd/04983a4e80fa9	2.870658291836061	3.6335625
1ce/7b4584edaf7ef	2.058785892365654	2.930875
1cf/a9f134ef38e7e	2.2461572079922854	4.3908125
1cc/eeb2e82f80842	2.759742243562364	7.682
1cd/8ef0331f97222	3.1381337231745072	6.418875
1ce/a933a3cf58113	2.7221078155853755	2.757
1cf/2eba327a60111	2.957322810437853	5.904375
1cc/c22bc38289ff6	2.2619216977186194	3.961
1cd/e7d65ca2b4082	2.4410120199226326	7.1998125
1ce/42bf8347cde84	2.410568143692546	5.9019375
1cf/de80c5880a58d	2.7072132536750226	4.54075
1cc/f3ba583472e81	3.411202341739832	12.6799375
1cd/f86a300791e05	3.279086299757363	9.877125
1ce/6c4db1353269b	2.8132408201873638	1.056875
1cf/e812e7641dabd	1.0953921740627648	1.68225
1cc/103e426de2689	3.1452783363855907	7.5519375
1cd/5aeef366f4120	3.2546749481275357	7.6675
1ce/14177a017dff8	2.607444812402176	5.3729375
1cf/8855dcb921217	3.401288863677128	2.60675
1cc/50d05395e831f	2.4781444388576994	3.206375
1cd/8be405c22138d	2.849584578460571	14.23175
1ce/f11813b4334d4	2.8514141016794627	8.2228125
1cf/07ce5f144625a	3.243008670486666	7.2795
1cc/bcd10fc926a19	3.1198286095171976	5.364875
1cd/a3c1d3999088b	2.895297773049699	2.233375
1ce/f88628dba3876	3.0834959118942855	1.7405625
1cf/102a7007eac38	1.2702558952544551	18.185875
1cc/e63196f6aab7f	3.1056620863593745	4.2213125
1cd/15b32f39a55ca	3.1559891094253447	8.475
1ce/e3d350c808ccb	3.056882349648573	4.7871875
1cf/efbb5bf100508	3.268162194770095	7.795375
1cc/7311fbb74cac5	3.3344348145592684	10.9504375
1cd/40843bffb393b	1.7617482751750024	1.586375
1ce/c1d44bce9e6d8	2.5453821635581013	1.2493125
1cf/659927a16d3c4	2.7429009527886903	7.48575
1cc/f98b7ffc4778b	2.402966963534598	1.466875
1cd/0214c83d4351f	1.8001713548684497	1.5553125
1ce/cec3d945e3587	2.81763307651439	7.4574375
1cf/6f253551106f4	3.2679268516357487	2.9395625
1cc/e1c2b3e98029f	3.067377900814163	5.453625
1cd/482afaac6db3b	3.3996482730043875	17.019
1ce/79dbd7a1ad4e4	2.973959084190693	8.4593125
1cf/dd90b7575a2c3	2.505463506598369	2.1386875
1cc/1b550d5bae105	3.430942328122634	13.6759375
1cd/0ba671757a735	3.2958730388983555	12.3108125
1ce/c2c9d254b3674	2.840876300256358	8.045
1cf/5682258ac6b2c	2.6189021443927536	2.668125
1cc/961ecfa02ee96	2.679098784836785	7.8084375
1cd/4999eaa39bab9	3.209131196911154	7.6943125
1ce/86d1ab6f42cab	2.2712097415086494	4.4900625
1cf/fcbe4266935fc	1.9563099089682159	4.1526875
1cc/2129827aa8495	2.731195822637671	6.1853125
1cd/b2bd49d5966df	3.0044194379667584	3.6480625
1ce/cd77637e25a8b	2.3944642268523526	3.1099375
1cf/3a1ca3ea77f31	3.046153676904374	5.4244375
1cc/a3ac1b0330a21	2.224390224150127	4.873625
1cd/07be83e1283c6	3.4140190384839713	9.4115
1ce/e4b27a55cc1c3	1.351498604896663	1.706375
1cf/9994acb6a7d6d	2.725470207276711	4.350875
1cc/e9b1ff640eff2	2.3734715284026544	4.5856875
1cd/11ce785982345	3.3784039774669	13.4185
1ce/3d5bd8feb81f4	3.3775142217898226	11.7186875
1cf/3c8037a921cec	3.240675067004307	6.6904375
1cc/3823a69a539cb	2.4630635215654064	8.4464375
1cd/786fce36bd8d9	3.0616397839629528	1.541625
1ce/a0664b185da42	2.169514250306245	11.9199375
1cf/743e400de8405	2.572107931206894	4.67225
1cc/e7c0f89108626	3.0831129907940107	17.964125
1cd/e64192400ed84	2.28188376533198	3.7644375
1ce/530dd9470dae9	3.5256509400256753	9.1534375
1cf/71dfb810feaf2	3.0662019820063464	4.397375
1cc/40cac36f09543	3.3060436889751843	5.29175
1cd/d6a706a9814fe	3.0184075457651676	5.074625
1ce/ddcf232becfce	3.2608663180038175	5.2725625
1cf/e89ad4bb391a5	2.4499779302161175	5.037625
1cc/dab7f234ccf01	2.7432312313242435	4.8223125
1cd/d83606d677b2b	3.2416407254348343	3.9975
1ce/c9261ede8e5f9	2.5284846654770696	3.3154375
1cf/e6541fff7856e	3.1005299136678683	1.7594375
1cc/9afaecb02b461	2.932846467794331	4.2969375
1cd/f5243a243bd04	3.1634660590004597	10.3794375
1ce/30525ac512349	3.3217614630070593	6.146
1cf/6afd2becd10a8	2.4133700594388614	3.0264375
1cc/c10f8782f775a	1.9268645985997144	1.855
1cd/cbf16dca95603	3.108343969879024	9.108875
1ce/d2d7db40c1c2f	3.133891743278261	7.7421875
1cf/205b723903994	2.2386118456796877	2.574
1cc/2603d66341920	3.01295518073098	2.8391875
1cd/98621b88633e1	3.188149567017666	1.440875
1ce/cf8a463549625	2.9880128467184095	16.7091875
1cf/d617b4a3efdf0	3.1278148756223474	3.3155
1cc/e0fcfd0358c2c	2.5495884919378904	1.105125
1cd/7cd39b690a345	3.064035258841277	9.1261875
1ce/762fac426e8fb	3.220910896868271	8.0043125
1cf/9a4458162018d	3.0344197611017885	13.4466875
1cc/dc60269edadf2	2.3348395646446827	3.7401875
1cd/fb463d35db26c	1.1241256781503766	1.153625
1ce/07c8a25f59a94	3.049610175236709	4.1530625
1cf/0addac916be36	1.0878108116323943	1.2015
1cc/c1775f846d3af	2.9073710793465843	4.606875
1cd/f113927ff3701	3.1921974818694574	6.6188125
1ce/737627292075a	2.6701602463548815	8.6539375
1cf/322ddd9e2c2b3	2.6851004879356575	1.64725
1cc/f52023dfeeb28	3.00544725660083	9.424375
1cd/a6855abb2ced1	2.283215443247948	4.92
1ce/c23407a986784	3.31483350765389	2.6338125
1cf/daffa3c067915	2.5931687024507823	4.53875
1cc/ca50cba51ecbc	3.528892541657907	5.639625
1cd/03966d5f3e3c5	2.6452875317320617	3.2724375
1ce/409ee96eaa810	3.046291410920002	9.4483125
1cf/e4798fbb1bb43	2.8909909988112434	5.351625
1cc/d9b05cd064623	2.499326198813293	7.269875
1cd/f54ba5d8a1a74	2.78211282667965	1.395875
1ce/8d0b5bdbd628d	3.1681574956323773	2.7225625
1cf/4d16ee25a51d2	2.8846522286299745	1.2016875
1cc/1a5717697f5e9	1.2819790835074973	3.20475
1cd/0bc559ab017ee	3.332676426294432	5.900875
1ce/7e2634824b1bf	2.4342057784836775	4.057875
1cf/16857bf9dc8e9	2.8212199562263405	1.0924375
1cc/c12a157e8528b	2.717402581095193	0.9855625
1cd/e589efcce7cd8	3.045643758695935	4.32075
1ce/03f53693c8a8b	2.180147825633844	1.681875
1cf/5f54d03c40a0e	2.4881009612406655	3.72925
1cc/81d2999b9cb5b	2.7939139840264207	3.2254375
1cd/3deb367f17ef7	2.673012199666587	6.1804375
1ce/9edcb5c800f28	3.198849362317601	4.82075
1cf/d316d494ef040	2.0039371909231574	1.203125
1cc/71b7697a5aac4	2.769810317033005	2.0021875
1cd/e063859195b1b	1.8180054017869416	2.2271875
1ce/14a10b7c3f09e	2.9406136055245957	2.097
1cf/b97e671d9d1e1	2.7592555396596454	3.74075
1cc/91ab99aca80be	3.0512052811753336	9.5199375
1cd/28dc619e6ce12	3.339149506366789	4.6320625
1ce/e10f9c769ec9e	3.156255300417332	10.580375
1cf/c0c9b6f4fdcfd	3.1617536836906472	1.4433125
1cc/a9d1be5c90ef3	1.4611217079103933	5.7746875
1cd/89a42c03c9389	3.3347307699880306	4.1265625
1ce/b5059291ce2e3	3.066384815252849	6.891875
1cf/d6a573faca663	3.3409567639680837	5.6594375
1cc/2c2f4f6af46f5	3.4569512430601828	5.16375
1cd/0b7a8c7d7801b	2.669328116308437	2.8166875
1ce/aaf42e0564f76	2.8790159372586968	2.932875
1cf/294c7b26d2e43	2.5805726291053857	3.080875
1cc/fe034bde89612	2.176614009982015	2.9126875
1cd/f4df64cac1d28	1.1457323970343158	2.0760625
1ce/c3673218f40c6	3.2252785443924625	3.86275
1cf/9232a231e18ba	3.2027611799273923	7.629125
1cc/6a4e4b7a6ef4f	3.30891813258746	9.3549375
1cd/ccb93e58bb357	2.9726080667251296	8.4921875
1ce/8445df2e86d7b	3.2396961742114705	5.787125
1cf/0c21ebcebf02b	3.2336993833572296	4.8255625
1cc/58c8832a8ed4e	3.2491663007073575	9.5255625
1cd/6ec53ffe4f443	3.2136756702558293	9.3975
1ce/8d6a2e5853488	2.645754268739616	4.3688125
1cf/e1650020573dc	2.1917408299008443	4.650875
1cc/72987bb59c9f5	2.7002027514315303	11.5786875
1cd/89db967ad8c0e	2.35156243625017	8.094625
1ce/84320a12823d6	2.4007691943929994	4.200875
1cf/4efbfe9af1857	2.9731210315592214	5.392375
1cc/37e2475b53c5d	3.4285880652876983	3.6438125
1cd/67116d6b76477	2.5286837261054886	2.0746875
1ce/2336bea2a540b	3.1913503073746536	3.10225
1cf/ade1504ea8589	2.4647911698187857	4.5638125
1cc/605f55d6ac408	2.141199249165223	1.4921875
1cd/638c60aa18f9b	2.45964064618905	4.685625
1ce/d955143c672ae	2.4687303195036687	6.109
1cf/3632fa03dd2ab	2.497923824583988	3.490625
1cc/ffbc9d6683619	3.015813193069676	4.994625
1cd/5ffb0e38ee19b	1.1486648135248516	1.1053125
1ce/376620feae9ab	2.7474707388027526	4.6601875
1cf/e54204536d5d7	1.1405147106305518	1.405125
1cc/52ed0b0334cec	1.7641416393546399	2.5363125
1cd/e95da2eb943bd	3.437299776602436	5.51275
1ce/0d8241063b4f4	3.1500089448408155	5.5768125
1cf/5f1fa60333b96	2.9874015115797494	1.393125
1cc/ef4119083a6ec	1.0965177874124918	1.1603125
1cd/e489c6e1ea8ab	2.653015022034352	1.8019375
1ce/e2fd9261778a0	1.0970785728551529	1.5860625
1cf/6811c3e8572f9	3.252394934228025	3.8084375
1cc/b9b28c6148aba	2.3207278449008104	1.585125
1cd/fdb19250e4d0c	2.5237649988474935	1.4889375
1ce/bb88030f867a8	2.635276269503082	5.900625
1cf/10e9f92061024	3.52272948070279	12.7845625
1cc/a86d9f68de926	2.2607875512594586	8.8385625
1cd/5cc38d5661a01	2.702392375569147	1.5224375
1ce/2d4ac8e0a013e	2.0488027451175057	3.717375
1cf/c96d33e80beb0	3.1678688500538477	4.3255
1cc/97fea77921212	2.640891104557949	2.7339375
1cd/f9a23dfd8a964	3.4622122390979784	24.722625
1ce/9decad3ca7f89	3.0019768663853075	2.5235625
1cf/8b30f9eb3a0d2	2.9761765157857374	4.7685
1cc/3694e9e10ff17	2.419071312679523	5.931
1cd/46a9d0637f1d4	2.626057349321025	5.4356875
1ce/78ffc40140e03	3.0886653015234673	7.0359375
1cf/0bfe0a584640e	2.23113331823036	2.14025
1cc/2e5f333488202	3.3721703108466863	4.3919375
1cd/75a59c14a4ee9	2.0875287069200623	3.2710625
1ce/5d9f14675fdb9	2.9997260255899443	6.7828125
1cf/98b21bfbf7889	1.788760714873331	5.54125
1cc/12c88273beb02	2.636312021859113	2.4351875
1cd/a516001be601f	3.2942050754980383	7.6495625
1ce/163afdce13b04	3.374631374303266	8.7965625
1cf/8c61b93f153e0	3.2349607439077	8.0225625
1cc/3b938a960df93	2.126898692695388	1.87625
1cd/f3ed34ae38e56	3.1037353570129236	11.468
1ce/be96baafc3167	2.4200216890955866	1.535
1cf/140ac2f80af72	2.785636302382933	6.352875
1cc/60cf926815b64	2.8603696217779917	4.209125
1cd/da79c64a0421a	3.2553894750463397	9.25325
1ce/79e3829d24b3c	3.300296990417113	9.1151875
1cf/bbf2855b0023b	2.6120963253579252	2.555125
1cc/82dc8b5c25df4	2.9556592006541433	6.0664375
1cd/9be7850420d07	2.798807351813109	6.151625
1ce/6c0932187a256	3.1160952829468194	3.4613125
1cf/7111599d60060	2.857381496611899	12.9061875
1cc/c5398a1fcc20e	3.4732707272741274	6.829
1cd/d5a62eca9be33	3.219134079300138	16.9400625
1ce/32bdc2a7db688	3.400427373073976	6.5719375
1cf/831dfff28133a	2.5928534545279676	2.686625
1cc/e1fba302601dc	2.038258629489513	5.9915625
1cd/18feb7deb43a6	2.9095974903202473	2.322
1ce/43be935c28b81	3.3922049022959317	5.8065
1cf/f3cd7199f1ad2	2.4596613579073776	1.177875
1cc/f787362785d3e	2.848077135682421	1.649375
1cd/12b974b5d3a68	3.1259824139434738	3.0295625
1ce/67155e442416c	1.9102706611379818	1.0410625
1cf/f2adb88b88a9c	3.097308140107863	6.9971875
1cc/da0d1354363c2	3.3724048329674443	15.9666875
1cd/ce519a640e68d	2.5950760124492485	2.2795
1ce/ebd91d4b1a65d	2.980506711415368	3.1434375
1cf/cb3e59b0f180e	3.0731546622189896	14.546875
1cc/93bb09d41bd68	3.1271169175671236	3.4421875
1cd/729d5a37a499f	2.8233579171935825	4.8575625
1ce/6471217cc56dc	1.0967750979196274	1.078
1cf/556ef75be6798	2.241625587530029	9.014
1cc/9ed8de874106b	3.1242045874532427	3.41575
1cd/7dc722b857bcb	3.3688224876549016	8.6588125
1ce/70fbca82992ea	3.3931391736054395	17.53075
1cf/2d97a62ab3c14	1.3765193751579545	2.6805625
1cc/740c4380c0f81	3.3673767935621806	4.2155625
1cd/0b07311a614ef	2.840960323295465	4.7195625
1ce/795f89d19106d	3.3666456195191343	12.969
1cf/71d11afba6012	2.5033868481007975	6.6513125
1cc/6873afa3bfd06	3.1058537323328097	3.8535
1cd/791f8c2ca4583	3.087626139197176	3.8711875
1ce/5e4554537b4b6	3.2991149751958972	3.5193125
1cf/43b826f77aadd	3.1891565474554193	2.5996875
1cc/aab2213f6f50b	2.9761180161493086	3.4361875
1cd/ec62f8b731646	2.6514098073432306	6.7414375
1ce/211df4e1e90cf	3.1061330343008047	5.54825
1cf/35a817d6dee16	2.3734235634036804	3.68325
1cc/fb5742c4c8baf	2.1849507216675708	3.638125
1cd/463c2a18ca06c	3.166813391507129	11.0261875
1ce/c509b49d0672c	2.87443370288632	2.341125
1cf/915513c21ad04	2.3669920050404127	2.3568125
1cc/7ce9c555115fe	3.338322896786943	6.83175
1cd/ea07fba8cdc45	3.226749850894606	8.78725
1ce/eac2cf4c29d54	2.369727731291436	1.8593125
1cf/10531340d37ff	2.887998062276099	9.6083125
1cc/2ab585bb59908	3.4965153230667267	13.6235
1cd/502001e65f945	3.166643535548573	14.513875
1ce/088c525e409ce	2.686412558017104	6.795375
1cf/2dda79bb76f14	2.7323727363977	2.280625
1cc/1bd3fb6ef663e	2.8852635009968832	6.7186875
1cd/4f7433edf9bad	2.3668752294965003	2.387
1ce/1c7fff59179da	3.26767981751646	4.2116875
1cf/9a1800c8c66ea	3.0401410853995903	9.4149375
1cc/cf62c10f5ecd7	2.855013369387634	10.770875
1cd/599393b37b3d7	3.266933743132601	3.119
1ce/a66a59dc8ecf5	3.0390318545051542	3.0981875
1cf/dfe19d808a89e	3.1475826016659108	15.4111875
1cc/b5c293835d433	2.7500671233045493	7.3269375
1cd/e316a23a9217b	2.245998276797542	4.6189375
1ce/9c5e24eb6741f	2.968397518944753	3.1036875
1cf/2bbc9263c4979	3.2012947589412857	5.2479375
1cc/5d3bb6eec8be3	3.2566326288022895	5.277125
1cd/8bf43a2d62dfe	3.30493231184785	2.934125
1ce/2f9491f490db1	3.130213677458446	10.920625
1cf/11883915796fa	2.9726802658292275	3.865875
1cc/00868d560b7e8	2.7515618475669843	5.861125
1cd/2437ed0f3ba26	2.5480514432926236	1.75275
1ce/8f498e696cedc	2.6980976472244635	8.6679375
1cf/1cc77927535ee	3.157987008397818	6.88625
1cc/5e6556f1082ef	2.8841302808013403	1.9331875
1cd/f8a3eadc2fa71	3.0104170212410097	3.9005625
1ce/77ed4669ee4b3	2.9337941770395344	10.2156875
1cf/522cdb2b4de98	2.6609051226132867	6.2340625
1cc/a85e601cf9a3b	3.2569222693802486	4.221375
1cd/eebf90191ff08	2.5524587453118213	2.6890625
1ce/8df9b64af0e7d	2.574658018278416	5.1686875
1cf/2b024f3265782	2.378816451377292	2.1718125
1cc/c8d5b7542abf9	3.1797890685660923	2.4261875
1cd/f7a148eb986b5	2.4387065224314233	3.024125
1ce/09cafebe03958	2.6248933819569453	13.0159375
1cf/1d1b24093fa2e	3.1912480087559416	2.6613125
1cc/c0b4188b1cb16	3.2213820822040207	2.93575
1cd/77f8bbc4d4963	2.5815300641273575	2.3561875
1ce/8cf6bb4af8721	3.305340592789562	7.7578125
1cf/1b8b4564972a5	2.5766715669616524	4.16075
1cc/ec59e9b28c620	3.5358529031818597	5.783625
1cd/9fdd3e3208dc0	2.747761572043015	2.336
1ce/480f3d3c4e1aa	2.760090724048104	2.7110625
1cf/22e4c559ea24c	1.839250828587793	7.3270625
1cc/4d0317273c4ad	2.747986015539766	2.142125
1cd/ddb1e783b9e40	3.0329711813570035	3.7218125
1ce/5e2b257643268	2.474637653698439	1.9279375
1cf/4bdcde975a2ab	2.9796171112091714	8.24725
1cc/f8b1dfe49b865	3.322903840817947	6.11125
1cd/066247de48921	2.36649151321068	3.6053125
1ce/0717d289845bc	2.7445161672643374	5.529625
1cf/a3622276b7f7e	3.3260468976241273	9.351375
1cc/208368e258314	3.30128948391837	7.3154375
1cd/442b8ab6fd963	2.5386159644496353	8.4981875
1ce/03ffc419e0876	3.2501739290554683	9.7835
1cf/6d392227488fd	2.614862938233344	1.677875
1cc/9b505a9c03a80	2.993682725480659	10.44875
1cd/0f06c17fd66e9	3.1243448995607084	10.266125
1ce/0cceb972858d6	3.1333459588671744	4.57925
1cf/41764c6c4235b	2.99263817355692	3.593375
1cc/eb3068ab0d574	2.8142514289702825	4.1285625
1cd/ef645ed5ce71f	1.9029764756748337	3.075625
1ce/233691fafed19	2.3400755255645787	3.398
1cf/c053c77115df2	3.1199742003540205	5.1325625
1cc/5f2dd66f4052b	3.3672507471231214	5.1326875
1cd/26cf073d789fc	2.015200667109038	3.9375625
1ce/d735fc53d76e8	2.9694143251322047	6.176625
1cf/2157c90cf512d	2.647093715406455	9.904875
1cc/8399e2a0f88b4	3.3347323204844987	10.7923125
1cd/4199fd3c4ebf0	2.1265237886392483	5.3105625
1ce/f94e2336f5833	2.92204881399221	3.60475
1cf/954a84d7d8344	2.613468935141159	5.169625
1cc/1621a631955bd	2.279389737221935	5.279875
1cd/26785ff57d33e	2.252903178488396	1.9755625
1ce/e4755c95eba0c	1.1680634195602777	0.9158125
1cf/7adf7ceeff8fa	2.0592672739835227	1.731125
1cc/d0f344071986c	3.2944926540640647	12.30175
1cd/72de2b117f7d0	2.940058568393726	6.11025
1ce/75fdd7fd5f450	3.0925023606555393	11.2001875
1cf/b49d1b3275e07	2.9465783701311246	3.6626875
1cc/476d71584fffc	3.481088514708184	4.3565
1cd/72fc04ea405ec	2.428866989727757	5.965875
1ce/47d370606b148	2.5502517585858073	6.592375
1cf/6cee6991f0771	3.3958681822504078	9.559875
1cc/a31630d7b19af	2.9746799567393243	3.0069375
1cd/4f879097ec4c2	3.095861133003985	2.3329375
1ce/56bfea5d72e6b	3.3708070008761895	12.765625
1cf/769adf2fab7a1	3.254267338238806	4.9811875
1cc/158bba1bbee22	3.0429017261031683	2.537125
1cd/dcb9778e459f6	2.3084356817450544	1.6308125
1ce/3942d566e926b	3.48868329733072	11.00475
1cf/1fb40e399ba73	2.971076927545774	2.5475
1cc/1d46006a10091	2.247132270303565	1.937
1cd/bf62306a564d1	3.497481630060137	8.385875
1ce/86fd6b05c6dc3	2.7412816825350648	2.7941875
1cf/e0d9d36b29626	3.37859353453894	9.727625
1cc/8cbd1df525501	1.659415079151168	0.8645625
1cd/8aac1c2a670cd	2.511401869513061	2.0350625
1ce/74a7f6b331d3e	2.171951558826459	1.4429375
1cf/4e3c234836102	1.2176687908176362	1.93775
1cc/fc3bdaaeda839	2.1874798764262495	3.781875
1cd/2c3946c7a14c3	3.296518300525339	8.6136875
1ce/22faf6d4bc3ab	3.2952020922083047	2.6756875
1cf/be6701750b8c5	3.3506992674438143	10.288125
1cc/aed467a44ec05	3.3349340879976723	3.0518125
1cd/9549e9d7a5984	3.179743151975538	5.2649375
1ce/39ae8cecf5897	2.104846064059925	3.6084375
1cf/c802296ffa9ef	3.1462917705481988	8.3580625
1cc/d1c923d5ba1e0	3.195953217914546	5.1631875
1cd/f1906e78260ba	2.1320637611850137	0.7604375
1ce/7817e8c848547	3.1737071153611556	4.678
1cf/aec84013a9925	2.7515963189420836	5.692875
1cc/ec1828683c3a1	2.358526639199808	2.3201875
1cd/a204f60c0acc8	2.455107798966854	3.768875
1ce/0c7d8e2b6d4a8	3.032491992155141	5.1865
1cf/d12cf6282794c	3.4183681093671656	8.071
1cc/fb7824fbe80cc	2.924587736207415	12.56875
1cd/2976757f2fa6a	3.25133516029754	2.9631875
1ce/f6368dcbe0098	3.294299267789421	3.6975
1cf/d14c6a0ce2955	3.461999750477044	20.3726875
1cc/e83bdc844aea4	3.2482278704642695	2.8355625
1cd/ebaa652931306	3.3470977013550423	5.4873125
1ce/737dc6bd82183	3.2964595179035228	3.899625
1cf/bd60ebf15add2	3.374780768784457	8.0773125
1cc/2ef87ff2458a2	2.9314540081958893	7.6176875
1cd/85677483242e5	1.2457971249457007	1.7780625
1ce/495d65d9c0010	2.656686245405914	7.8394375
1cf/261d6f2075a3b	2.222876913589022	1.047875
1cc/d503571211aa5	3.1019073387344878	1.9545
1cd/e0c20c43ab15d	1.897256193035653	4.4201875
1ce/c8a7d861bb91c	3.356481475636186	11.02575
1cf/044a442499389	2.348483958572181	1.77925
1cc/f2a6e1cdc9062	2.366842465889512	1.562125
1cd/74c02f85b9132	3.3463137895241135	8.3200625
1ce/d808663b94235	1.8651044427431775	3.4366875
1cf/419f48dd1a318	3.3981096983586583	4.8753125
1cc/3cabbf1070abf	3.152519414779413	12.0369375
1cd/957a8e4078132	2.6778396414274597	4.9796875
1ce/d38aa57f0201f	2.746165154955872	11.1868125
1cf/6f2457a34d9dc	3.2145143336934883	5.8658125
1cc/e54777de5fad7	2.904979926274684	3.0129375
1cd/6d5b3540ad8eb	3.2427786945272636	3.8728125
1ce/02c6e16cd8220	3.304339201237242	3.5660625
1cf/178b24fee17aa	2.978345908035096	6.656875
1cc/92dce17941e19	3.176388785642526	4.199125
1cd/6d8d115192e82	2.6907740084055183	3.417125
1ce/f65dc2f00d0cd	1.7291077631654215	2.2591875
1cf/45f6eef7d48ba	3.038309497023579	2.404
1cc/f6e1324e6e680	3.203378674788384	3.3135
1cd/a1bf07e313313	3.2846405344319782	6.5024375
1ce/02010cd40aab0	2.810759781536476	4.1911875
1cf/f397fc5bf5e16	3.163673531770539	2.8830625
1cc/89ed2127a8ebe	3.2784085774009903	13.9965
1cd/94fd2543a23b7	2.312108240052283	2.547
1ce/b01ea263ab405	2.936883026658465	7.2296875
1cf/f69f8c26fb0e5	2.8090259937469892	6.392875
1cc/e35b8dfc6d95c	1.8856746254105703	5.67375
1cd/6ae617e88597d	2.5159119857297574	4.297625
1ce/e6db1b4485ca4	3.2829803562264916	6.5256875
1cf/679162fc8e135	2.6113452859572757	7.718625
1cc/261b7539a747e	2.7779175163397016	3.2226875
1cd/1caf0c092bd69	3.361703522063487	17.3724375
1ce/f76c5d540d8fc	1.5139403746887024	2.06
1cf/b721f9d54d879	3.2396462765641143	6.0978125
1cc/42381d0b54701	1.6734763203541754	2.1999375
1cd/b5fb8efb1c552	2.4307766550304737	10.14675
1ce/d6884c0fde539	3.248987318822651	8.687125
1cf/60c672b099489	3.5006733313890614	11.315625
1cc/b5e70421f3670	1.2335469484306016	22.6824375
1cd/73ce362dfedad	2.7691148438029978	10.4155
1ce/8c89e8022192b	2.9056837725172886	1.97025
1cf/1dc8fcec2739c	3.293153168957768	3.291875
1cc/aab44ad3c4a2e	3.271847891441676	3.7104375
1cd/e340a40ba7c0d	3.3560877460799357	11.4024375
1ce/d340f42d0f2ab	2.8574045654382028	5.7886875
1cf/c49074394f39a	3.007111742222706	6.7723125
1cc/5b22d7efa964a	3.047713414793339	6.479375
1cd/3e0bd28754a32	3.1523838190704416	5.327125
1ce/9bfbdeb2aaf34	3.149609500593585	3.558625
1cf/4355c17ac0654	2.5968175071462754	3.6361875
1cc/06555364966aa	2.552463718270652	24.1756875
1cd/7402752b430eb	3.0995437505633197	4.3275
1ce/e21139bf917a4	2.7139820946307722	8.6655625
1cf/899d2862efd2e	3.4586360008022194	9.7313125
1cc/f7eb6d7e430ac	3.3817260871740675	2.637
1cd/d2fc8bbe5ca35	3.180639445636554	5.002875
1ce/d30c06ad2815d	1.5010929839418194	1.1535625
1cf/7e4a6ca2476da	2.833874143461874	4.179
1cc/9b6d822d9f580	2.6792135183322876	2.0199375
1cd/331e0d8787fa4	2.999114701220538	6.8325
1ce/9f7c5772e1e86	1.8977890840462455	4.4695
1cf/9807530348710	2.7371936875883778	3.7281875
1cc/e26f785329bfe	2.664101847985709	1.0006875
1cd/5166cfc4347c6	3.003063997142028	1.0569375
1ce/21afd16a4546c	3.150171335673165	7.3155
1cf/ce279619e7de1	2.920174407963003	7.1205625
1cc/1951fec1a1e4f	3.464649228443713	9.314375
1cd/0acfbd00b5c0d	3.4464590434523275	3.8436875
1ce/b9a0093a61e1f	3.337960342728888	10.223
1cf/4402d1e97e9f7	2.274848285500544	4.09625
1cc/93adf0258d53a	3.2430268698013083	6.5600625
1cd/c6c05d4014331	1.0894632568449831	1.6824375
1ce/dfc0253b85bdc	3.307754118588964	8.4394375
1cf/a09d72ed7ce20	3.456818587342016	10.5575625
1cc/abbf3f3038f2e	3.0617431822605337	17.996625
1cd/c24a4e7922561	2.1207512361010386	1.53875
1ce/f31443a4439a5	3.293139484713644	7.266625
1cf/652a7f3261094	2.7260974803477245	6.9926875
1cc/e50152939e787	3.4935271682080944	13.59925
1cd/e9419185be38f	2.501623660526057	5.6308125
1ce/45a47b908aeba	3.2927123751315377	8.892
1cf/4b46e756c3c69	2.3867808986398087	1.8653125
1cc/0909d0f32b346	2.6883637426593503	2.231
1cd/249454124f259	2.8674950634937306	12.0096875
1ce/73e575cbea47b	3.2273876708907645	9.3185
1cf/b8f67e3db6fbc	3.3814851830650485	9.17225
1cc/9977ddd7ed0f1	2.7725114709733716	5.07025
1cd/dc44c1966c665	1.9328974755072512	13.056625
1ce/a9d17babbafa2	2.1181212138283687	0.640125
1cf/3ea6a67365498	2.641064559384227	10.668875
1cc/0fea1ac64c72c	2.5826596262354475	2.0911875
1cd/cb5390a78e9e3	2.6064490555802418	3.8436875
1ce/5bb2b31646477	1.6198670384017497	2.1520625
1cf/ac1d3490d9dea	2.65205291228018	6.9970625
1cc/83f2f9406f95b	3.0122167099837824	2.9053125
1cd/85810fe0cb6a0	3.1960135187912946	8.496
1ce/407c39c0ebdde	3.1359182425457073	2.2350625
1cf/bbb3244e3601a	2.588874869163776	1.515375
1cc/88dd0eb004b07	2.5579838032449835	1.1533125
1cd/f6bc3fbffaa55	1.8856805232735847	0.864625
1ce/0bee33f52f4ff	2.4037527103384533	4.639125
1cf/c24b9e99fd318	3.355928349030482	8.9890625
1cc/b0d69b9d7b9a5	3.224734011189934	7.009
1cd/c6affe7435c88	2.585852234652868	2.9166875
1ce/240442be1ae2c	3.465793584417778	6.4074375
1cf/aa00eddb27dcb	2.9004832942706393	9.0899375
1cc/27a8f178d8dfb	2.4742078419200046	1.634375
1cd/6012df5b7ab38	2.9876990214401515	10.4525
1ce/6578b56c9c679	3.1189595125933995	5.336125
1cf/02413990dcf9f	2.660845331934514	5.310625
1cc/645cfd033334c	1.7900569557197292	1.561125
1cd/30c0e0836a0d0	1.2349566743869884	1.7784375
1ce/7ad64c2a4bbbd	2.9415545582404454	3.9605625
1cf/d8ecb40c47cfa	2.3620443629888856	7.0114375
1cc/0fcf890a75908	3.081298320944739	3.9159375
1cd/24ffe6cadf5fd	3.3013784147212912	6.55725
1ce/122884e1365e3	2.838868273150019	3.3331875
1cf/706da53798d01	2.98155967642754	3.462375
1cc/2fb4e9e9fb6fe	2.5180389942894026	1.7783125
1cd/97219f76e9acf	2.793769462392896	3.996625
1ce/4db422c789db4	1.525309750384646	1.2498125
1cf/41e47258edf64	2.383817244850047	1.247
1cc/896cdea7368e6	2.8027332957754836	12.59675
1cd/f24df2e954744	2.6681494437403765	2.28875
1ce/1f5cfcc1f6d60	2.953633970967705	3.054625
1cf/7327037813aac	3.3138302607622174	9.546
1cc/1b85a85dbf6fc	2.0386798271375253	1.1680625
1cd/1060eaaef9b74	3.088996601735198	15.08325
1ce/538d47e917e59	2.007616685923719	2.836125
1cf/1b13a5bed6444	3.243160714766048	11.947
1cc/3b2f50805c9b5	3.4168238586731716	15.3569375
1cd/46601d376deff	1.1235162527612805	1.2968125
1ce/881d1003792d9	3.500507068654919	9.58175
1cf/d7d298e77e9dd	2.2091097771523476	3.0350625
1cc/feb818e18d27c	2.984712913730609	3.793375
1cd/5e9b59480e153	2.4079095578449228	2.7821875
1ce/589b85cc739d1	2.2913688593836623	3.949625
1cf/874406a499357	3.2162184181342823	3.276
1cc/aa68d51950276	2.237915088245011	2.902125
1cd/42b49a9e9cd7a	2.6604345731121075	6.5823125
1ce/80af0333accae	3.3988788838389947	3.0281875
1cf/7a4eab19881eb	2.1967498390168023	7.47175
1cc/08c59dc286f8b	2.762442577097381	1.548875
1cd/bb53f192f5409	1.1019714119800417	1.1534375
1ce/2efec6f16dc97	3.155791798447359	2.3318125
1cf/19afa1a9c94c7	3.2044753651612985	16.0739375
1cc/1fc5865d5c304	2.620025046214622	3.86075
1cd/53adf3ee911a8	1.2748329533268876	5.17975
1ce/952e3e61f86c8	2.7944637804658083	2.4313125
1cf/62f0b57d428a8	2.2863784729239534	1.2625625
1cc/476ad25f92eb4	2.610655120329646	2.9605625
1cd/4fe9b31ecaa47	2.840448422943072	8.6130625
1ce/4462ac60d4e84	2.735825282477715	5.0041875
1cf/fe5441ec1b147	2.5988235911011315	1.3515
1cc/a1245be11276a	2.5071185224631374	2.9094375
1cd/7f3d3f675effc	3.104677179137354	1.21575
1ce/30a47c7d26d98	2.3172105682703195	10.7121875
1cf/701daa3f9eea2	2.0009319293388463	2.32475
1cc/3d520e1e3f06f	1.4342328744952706	2.7131875
1cd/c305b98b87381	3.1607027448401253	10.9308125
1ce/549ef1f00a58f	2.69176464562295	2.4503125
1cf/6b675bf0bf616	2.3384406701524916	2.5245625
1cc/6e12f168ec1c9	3.4224861173845715	8.5853125
1cd/fd6c4bcd73751	3.323320953691526	9.1863125
1ce/52f3cf4bebc5b	3.3961622556843536	8.79775
1cf/343e739cd11a3	3.1578565857373335	1.84625
1cc/b87e6e45876ed	2.829602682349648	2.3158125
1cd/4bdbbc283ec34	2.3801183853127554	1.09025
1ce/da1cc909fc1be	2.8099703035680244	6.3301875
1cf/46f98cd6bf16b	3.3124722180720623	7.3524375
1cc/977a42a774fb9	3.443445283227215	6.519375
1cd/60dbfc80b26a9	2.711846711537448	10.278625
1ce/cfeced97dacb2	2.697303475185042	7.1020625
1cf/240a7dd8bc039	3.3870293226545627	7.0668125
1cc/eb88eae3cebb2	1.9559801103700665	1.4114375
1cd/1a7a4bceb3ad7	1.868335568580409	1.43075
1ce/be65aba3ace85	3.3466724918774764	14.0829375
1cf/ef21f2a1c0388	3.4834867286626765	6.397875
1cc/3aaff96d9c00c	2.8387025427639725	2.9445625
1cd/67aaebfcddbc8	3.3346064932921315	12.7193125
1ce/f1d3f50c1832a	3.117770165294578	6.594625
1cf/d4024e85e90e6	3.400398727415295	17.0908125
1cc/92fdc817fa4e6	3.140862729243665	6.0375625
1cd/ca1debb2816af	2.8248926068988	8.2715625
1ce/f5d662b9e917b	3.277354080626025	8.9175
1cf/1c52f4c2c8f0e	3.139191054946343	3.7170625
1cc/bfde664d81696	2.812685535264858	4.582375
1cd/598a655d67378	3.056679235556986	9.154375
1ce/8efa2c617412d	2.7835464172883704	4.310375
1cf/603354b1580f0	3.117916491918893	4.2010625
1cc/83ad4098573d9	3.4032968015705376	9.481875
1cd/6fadf20876134	3.003791984690249	4.1306875
1ce/c590a9d1d944d	2.6507873895910605	1.2009375
1cf/51ff2a523c750	2.442377301510246	9.9824375
1cc/d61c97640b9c2	2.895510870149735	5.6458125
1cd/ef009deb39f72	1.4276119245181664	1.3456875
1ce/b8527f665907c	2.791255623920253	3.3225625
1cf/aff8a510999aa	2.8593891760998176	7.535875
1cc/8e544b1847323	2.873754127787883	4.035625
1cd/a6763c052207d	3.343107122944253	5.19425
1ce/ee01d837269e4	2.7594484511891175	2.5701875
1cf/3b25ce90e1abc	2.2377446869352258	2.69375
1cc/f52593685bd87	3.509013937866035	7.593
1cd/74f3c0629a88f	2.0136639990158356	0.91275
1ce/0e260290de83d	3.2268467767007896	7.78175
1cf/3f1578c8099b3	2.0134929907229675	10.2830625
1cc/5e9b76e026382	3.198120752055256	5.1130625
1cd/f62143fbe98d0	2.556190538332665	3.202125
1ce/4dcf1ab2db959	2.674463281452628	12.506875
1cf/aac62129ebc8a	3.5914595549210673	9.573125
1cc/a59c124a88ed3	2.8686677126688123	1.6820625
1cd/50cc3da94f113	3.11801612362776	7.999875
1ce/ae71ff8dc243c	3.086610045251519	4.1331875
1cf/7d66d76dba8d5	2.535057084601996	1.320625
1cc/221014debecd5	2.536029136490072	2.7031875
1cd/8960779380a20	3.395014149321298	12.44325
1ce/74cfbc6c20c0b	2.189783598587578	1.2976875
1cf/eee72fcd143c3	2.7294015133196785	4.9246875
1cc/276b9b2b38779	3.3149027211050126	3.6898125
1cd/17c73cd945c97	2.541829769758732	5.4814375
1ce/3561d0e7bd5dc	2.8484241038425893	7.1608125
1cf/2c593a030bb51	1.4973297276887187	3.8999375
1cc/b5e3d422ceeba	3.4044319362835953	2.3708125
1cd/1954d280c5be1	2.1744438188242197	2.8310625
1ce/ba412f693a3a6	2.125439642166186	2.5494375
1cf/8e66aa89fa437	3.0749345711673626	2.6511875
1cc/0fb65c37d114b	3.310181970809055	7.875125
1cd/b6adacfc59d5e	3.2882640516332198	4.908125
1ce/e4eb869befb32	3.2297365387967014	6.9760625
1cf/5b30c1b4b81ad	2.8672834706456243	5.307
1cc/1d0525660ed76	3.0188947102252572	7.3749375
1cd/1d59dfb1f4c0e	2.1847664449328867	2.853
1ce/883ec1062fdfd	1.0790067787944204	1.7470625
1cf/e1aa7c6b7857e	2.8721084464824833	3.796
1cc/3e4a6bf658315	1.5107686498102642	2.35825
1cd/c156cf1799750	2.9581408719601985	6.8641875
1ce/a58462e7373b2	1.9081418615471035	3.102625
1cf/eb22d1a5585e9	2.8535826448810084	2.1955625
1cc/a059faaf8b675	2.788880002842301	2.64175
1cd/3a66849ed2c27	2.522273545171404	3.5059375
1ce/6ae5e770a2115	3.444150037704272	9.2836875
1cf/def78fcde57eb	2.5076237770946124	1.87375
1cc/25567d30cdd67	2.8744913774392913	3.3621875
1cd/e48eeec472300	1.87716382873605	1.394625
1ce/09ad46898d94f	1.761159228023634	3.068625
1cf/ddca61fd0f120	3.3711651614418057	7.99875
1cc/4b15285c0f612	1.9351627085992766	1.794
1cd/2601cbb43163d	2.7109676217103	2.52175
1ce/7a53cdf12cbb4	3.3118439718364776	10.887
1cf/eecbc82326771	1.5996683774657676	1.60125
1cc/f24302863a960	2.5409630562317154	3.6686875
1cd/a9b00df2a712e	1.7720569655557181	1.885375
1ce/5208b730d1c06	3.3444098340404005	3.67475
1cf/153c996d307ae	2.6117084808400217	8.3898125
1cc/d768e7a20dfaf	3.412815823919381	8.1823125
1cd/097016e625562	3.135425558142625	1.0353125
1ce/d206c9e005bd1	2.0610992537799797	2.2864375
1cf/a238206c81f27	3.1399555724294634	12.1648125
1cc/e13e342d81daf	2.0283564264442027	1.8544375
1cd/d17057d169686	3.3918841265845097	9.032625
1ce/6de348a7e3f71	1.9167163984322941	4.1533125
1cf/8fede5512a45e	3.2269523086078458	9.466125
1cc/fb07e5bb92c2f	2.1438893669046	2.385375
1cd/8ed7efbf44eb5	3.107621177828139	5.0183125
1ce/fe03d6c2f8902	3.3483232519159936	9.160625
1cf/f00193734dc1c	2.9784898974305034	10.5921875
1cc/db7176b84e8e4	3.5083205580195886	8.622
1cd/76f338cce88d2	3.1976079161867883	5.240375
1ce/1e810f30ce363	1.8661916226773703	1.825375
1cf/a109bb7545b97	1.4933856749996672	2.1153125
1cc/491ace240c6b8	2.987338007173554	2.205625
1cd/32e7275b13ea4	2.2012803556871465	2.54825
1ce/e532a22aa3541	2.0657073005721838	1.4885
1cf/2ff263ecb84d3	1.9574540197896215	2.274625
1cc/95f8c6b733934	2.0254846233002946	3.1705
1cd/f2a89e267c462	1.7403032256164497	1.970875
1ce/8046612c2010b	2.5285790182491517	1.48925
1cf/bb4fb21bb9b79	2.820820073148689	6.555875
1cc/4cdb595e4d916	2.473363006852123	3.1468125
1cd/f03e096c823f8	2.194508315098701	4.0365
1ce/00915f7bc9836	3.2587065489911082	10.5504375
1cf/ea62bf42ed59c	3.3854680041067176	2.58525
1cc/1189c5bfae3a6	3.2163237593000766	13.563625
1cd/d2c0285dcc3f7	3.2991190753257063	6.58625
1ce/a18af28d68f99	2.1260845691895196	2.7214375
1cf/d2f05e6b27877	2.605712712676941	6.580875
1cc/09379ff9139a2	2.523104885114532	10.21225
1cd/924e3c3d0de69	3.0303471755845597	2.563875
1ce/48dcf15c03c74	3.1722470142641406	4.820125
1cf/5f9ce01f0c9c8	3.057632844183308	2.8053125
1cc/4d9bc2cce0493	3.0760481943933735	7.2006875
1cd/a7dec13de29d1	3.397761037288787	14.1956875
1ce/0f2a80e633a91	3.4015415264443174	6.9198125
1cf/2442e360d10ba	3.1482770248657075	9.3268125
1cc/408fe163a8d5c	3.088799008778192	4.9443125
1cd/15a24df6d8928	1.6836003526025183	1.9030625
1ce/3f276ef047764	1.1157799507014565	2.34
1cf/f340576a28990	2.6454372156096575	6.2689375
1cc/a662bc45327e8	3.0467552308243233	8.83125
1cd/6c2b5ac446d17	2.6020221373609114	3.959375
1ce/f5a64e0b105fb	3.4244711623154402	7.339
1cf/2ba7a3eeee05d	3.3457371063203065	16.31925
1cc/549ed19f3e9ba	2.9275022144592264	2.1145
1cd/8cabd881166da	2.975951015114725	2.4323125
1ce/b82539d0c3954	2.2921788287402918	7.1846875
1cf/3536937670d73	2.1932569811729348	2.9986875
1cc/6c24fe65c75d9	2.034885517871388	1.1053125
1cd/19da3e49697cf	2.982225131539105	10.6250625
1ce/c6582ba509021	2.8055235575334336	6.1259375
1cf/ef5e9dd67239a	1.4929947372379526	1.20075
1cc/38e7a0050a157	3.393452405448172	9.49975
1cd/b3006b26aa5e3	2.588680321293653	6.883125
1ce/55febb3518833	2.5905737285290176	7.193625
1cf/e2d74f317703a	2.6127085656603954	3.077125
1cc/6e3c2934d7e59	2.967307623671109	8.9929375
1cd/fbbcd53015e52	2.6919773563191782	4.487
1ce/c3e44cf85f8ac	2.4968072273205175	4.5194375
1cf/0547ecfb78929	3.458940102427257	8.440375
1cc/66a2d650093b9	3.512941020205603	17.709375
1cd/9473b6f9df5c9	2.508791470580653	4.7306875
1ce/8091c2d183411	2.133767438636009	2.776375
1cf/caf5a024e0599	2.8141546026278594	7.59225
1cc/025f341b429c4	2.844275863474696	2.3716875
1cd/128d12bc4dbdd	2.6137589859796226	6.8745
1ce/06a012d62d309	2.901581731163544	6.970375
1cf/e6324307e8739	3.373833930455582	5.770125
1cc/3438bd88dcbb4	3.127752205330597	2.938875
1cd/6a93201b1a74c	2.794319574291824	6.95225
1ce/725a3b8226ba6	3.261238131602751	9.7595625
1cf/bc7497a781188	2.486596677359427	1.8685625
1cc/23b46c0aa4f4c	3.2443387178160745	10.038875
1cd/3f5b9acd8fec7	3.3765733601491426	5.22925
1ce/47aade64de241	3.362234665695186	7.4214375
1cf/a97a520229c89	2.541214752312949	3.624
1cc/160163a331bb0	3.3651313478394456	4.8246875
1cd/9e9a53a9ac289	2.9915097309592946	3.511875
1ce/c6f491d03293c	1.8655691823818845	6.1721875
1cf/889f9f146925a	3.2329744417793735	10.4105
1cc/bab3e9e25c8c3	2.9877492330947604	3.1335
1cd/3aa509b9f3110	2.989862691483727	1.9565625
1ce/1d8013b2850bb	3.16188481578586	8.2110625
1cf/027d03760aa56	1.9909604003808083	1.778875
1cc/531be64a8e21a	2.1206058346937375	1.5381875
1cd/f12fa0a7b36ec	3.04103107352812	4.147625
1ce/ffe45e060be5f	3.4306777035755824	14.160625
1cf/c64fef12f537b	2.3904956103680086	2.263125
1cc/80b2eda2af61d	2.7103325851107076	6.6111875
1cd/2aea926b89e97	1.1242615369665214	1.6385
1ce/e808c72aa4600	1.1422964144312657	3.3193125
1cf/482dec0f236d2	3.2906546517717836	6.0496875
1cc/a26a4d66da4b1	3.4465427979387937	9.375625
1cd/381aab76a64f1	3.042085985054942	2.462125
1ce/8272fb8bea7fe	3.2639756326243523	8.3318125
1cf/476cf61464dbe	2.1803209068874287	2.07475
1cc/0c50b5a77c153	2.794046846505898	5.629375
1cd/493e973b627ea	3.2702362023536096	4.40475
1ce/de5f22b90ee34	3.3462850180571513	4.6769375
1cf/2c9f919b0b100	3.207275138317038	2.8608125
1cc/bffb45884e0e4	2.6707321168090594	3.2929375
1cd/068402565ec2d	3.332800675891384	11.1900625
1ce/481bd3f00c923	2.5039998260764507	2.8275
1cf/f3c54bab6b0f3	2.32671160267927	1.0098125
1cc/f6174af0cb32f	3.1417586570758225	1.9944375
1cd/b85f31f0bedfd	3.303046179932713	7.7576875
1ce/2dab1ff42a19c	3.0912831731643267	13.2614375
1cf/4ea11fcd8fa72	3.2465421359837725	5.7369375
1cc/9c2d6d1760b01	2.3843034583183096	4.05725
1cd/2e1e5cd0fcf7c	3.408572533737844	19.4273125
1ce/5f3d0713f7e90	3.2846646745310686	5.712375
1cf/e86ee2a3daa12	1.6972144397094968	3.9966875
1cc/d14d37f0b9865	1.8514338172231688	4.563125
1cd/874460e680fb8	2.62360728962013	10.029875
1ce/0d3ed54b1c8e1	2.6320879766492453	5.01925
1cf/259a12363cd04	2.6643608309365665	3.4006875
1cc/3b2c50600b1fa	2.7717914453000487	2.107
1cd/7c7f427ef8968	2.258103212162886	3.1058125
1ce/24387c97376fb	2.556625299942736	2.946875
1cf/b3f7989561c9c	3.484856411756921	4.8545625
1cc/2647b71a09148	3.0674882488219106	9.0385
1cd/9b334b6c5aaf2	2.757399357805234	2.4025
1ce/529c7bdd7fcc9	1.9371424175637215	4.239125
1cf/2f2ceceb3bf32	1.8387486509669206	1.64825
1cc/7aca1bf990406	2.0658180832259	2.355125
1cd/faec6f012450f	3.05145637488645	9.1330625
1ce/e7be71e781962	2.712752961806967	2.5401875
1cf/5384151c3d36e	2.136167173495539	3.7273125
1cc/06752a9eba42f	3.1485455301552476	8.1238125
1cd/d11ce743813d7	2.3936747081742316	8.714875
1ce/48c15289960d1	1.6257315336756537	4.3451875
1cf/07aa0288a617a	2.6628708175550897	2.894875
1cc/05cda40889299	2.316858315914514	1.7804375
1cd/d9d86566a5031	1.0718660085279939	1.2495625
1ce/950d01a3224f5	3.2645415341464106	8.1944375
1cf/e77d2951715ab	2.2224178803638894	6.7253125
1cc/606bc39c0ab0c	3.2787832274171675	4.8964375
1cd/43c0aed89b369	2.7303120348482057	7.9370625
1ce/1cb07e1d8fa45	3.179083867410875	12.6203125
1cf/4e9f4d9de4479	2.8653423311649564	5.4301875
1cc/0ad1f61b123a7	2.8826673600250725	3.947625
1cd/a4e29e9147aa9	2.907171526732833	1.7009375
1ce/7d7487369ef29	2.6511573798263974	8.7029375
1cf/411000727bf9d	3.0195063815889434	4.8794375
1cc/10ebd7101be5f	2.756409631704176	10.44175
1cd/5cfb6b163fb64	3.1744454626819745	5.1936875
1ce/8a67be31d72d2	2.548132025887732	27.4855
1cf/27e77e6f8922b	3.1581041974783783	3.56825
1cc/6e0f0deb0e47d	3.259739040154416	3.8755
1cd/92387a893c759	1.2844749777817837	1.280625
1ce/10b9307256bc7	3.107342350880468	4.403125
1cf/529167d78626b	2.180054641222433	4.763875
1cc/fa798ee1a6f9f	3.1123950390569948	10.339625
1cd/9f1c65f633141	2.768449399585881	1.9626875
1ce/0c84bf3bfcbd9	3.3616562461870694	7.7315
1cf/e6ca6eedf84fa	2.5335409344006763	4.48875
1cc/d7483f1154f36	3.155383420087279	6.53175
1cd/fc7c51ce3e217	3.0964523840619806	3.3785625
1ce/cc98c373dac89	2.2957137067209463	3.10025
1cf/5ae37bd360924	1.9219136246039215	3.7585
1cc/18d5c7f6bff3e	2.5613543286929854	3.4886875
1cd/95d1f9b851a11	2.97751561583151	3.5560625
1ce/94b442ce17aee	2.51354898437672	2.356625
1cf/5337134055eb8	2.8912707938389737	12.575375
1cc/0abdb46fda69d	2.731555503014663	6.3174375
1cd/99dba40efb996	2.9227324989918637	1.667
1ce/4286647de7c92	2.5347167392312135	4.135375
1cf/eec05635fa6f2	2.5553352722430174	1.906625
1cc/81088779da8cb	2.653421486134864	3.0810625
1cd/5ac9e3865ba27	3.5387945854773357	8.1155625
1ce/8311e54acac68	2.928877883313821	4.42275
1cf/381e68a5c30f0	2.3330017391662077	3.5175625
1cc/b267812060739	2.3613055300446155	3.912625
1cd/c7ac1bd838825	2.944398422633689	6.2399375
1ce/c146e7c7d1d03	1.070264199168797	3.6504375
1cf/9ce8e94e4f5b7	3.2111991000386517	8.467875
1cc/705b37c00e947	2.6813600105416153	1.7045625
1cd/38197c9bc773b	3.2804584536452235	16.7933125
1ce/4f241c2ca76b4	1.6721368596423665	1.008625
1cf/bb570fcb6f7ee	1.962067220937623	2.354375
1cc/a93c802e167a0	2.5304258092513274	5.987375
1cd/a53361e07265a	3.4506811234755594	5.2345625
1ce/e056c62f1828b	3.263225222424431	3.4934375
1cf/5923076ae3737	2.898865174378543	2.250875
1cc/cce10686ac3f4	2.816188294552067	7.9363125
1cd/4d883c6397295	2.842170358839813	6.477
1ce/5c3c13d47081a	3.354016240487732	12.2564375
1cf/116ade42ddd38	3.227232295762797	4.43925
1cc/f3ea3475dbebf	3.0710851765040275	2.383375
1cd/3ce34ba679bd7	2.851466511887035	13.3554375
1ce/f70af60d36caf	2.217245722467286	5.404875
1cf/069989df222a1	3.062200687150157	4.7190625
1cc/6b5dc75fc99a9	3.1887168965232817	12.3799375
1cd/6953f1ebf985f	2.68834511409176	3.0456875
1ce/ec5315aa62123	2.6826112898757675	7.931
1cf/37f5072b38b49	2.9435103746640916	4.883375
1cc/b9c76049bb211	3.4953580996668694	8.8389375
1cd/bc083587a4cfb	3.0326471351158046	10.4659375
1ce/099a0885b64e3	3.367018075471337	11.152375
1cf/e135e00e7976d	2.6525818635764793	1.535125
1cc/5b08ad7d70f26	2.1555946687618603	6.0585625
1cd/0e7a501cef252	2.5905298523703344	8.0453125
1ce/2187d32c611a1	3.3767608373519415	4.507625
1cf/d8a687eb94ebc	3.254062427607073	6.670375
1cc/d000e3522e82b	3.123181031630465	3.357375
1cd/d1676e43a87e1	3.4298793863284915	10.0145
1ce/ba9fd19c51776	3.3249234149525906	11.1066875
1cf/133c5e9d87adb	2.7769077056559066	6.239
1cc/47bcd8b9b35c1	2.460294218995197	3.7684375
1cd/0f3367c2d0a47	3.358093074092509	5.169375
1ce/dc72c78b3719a	2.6135779379053528	5.6213125
1cf/9a73eedfcb6fe	3.339710797532882	4.9903125
1cc/cc4a894f0c0a7	2.9830216212812024	2.2510625
1cd/2369f85623c56	1.6136334206928016	3.7201875
1ce/12628934a20f1	2.4718612224513916	2.3084375
1cf/f5481427091a8	2.455006034656522	7.6488125
1cc/9725220300657	3.447723762141888	5.7878125
1cd/77023ed43fc91	3.099673959021724	4.2593125
1ce/f7500df8cd108	3.128451942817848	15.6551875
1cf/dc9d4d8619f63	3.2296232390112323	7.138125
1cc/99a4f47241c0e	2.4409322777598206	8.0078125
1cd/de4c03026356d	3.261475551234057	3.48675
1ce/a8fff958ad174	3.34838644108795	6.0115
1cf/35beebbfdbe8d	2.4347904723540594	8.5049375
1cc/eaaeb979821bc	2.7339933967054066	2.6673125
1cd/83e2ac59254bf	3.3284592620318603	14.923375
1ce/a4e5ccb8f98c3	3.269573061936632	4.513625
1cf/dd6cd6e07ca7e	2.0333428841566055	0.8553125
1cc/b6ad003ac43a0	1.462326331225022	2.0181875
1cd/428286e2874a8	3.403071154659716	10.3789375
1ce/d29c11023e64a	3.3059178937651743	5.17875
1cf/a478d08177511	3.3150269778208545	13.3893125
1cc/b3c9f90c98408	3.175355774087311	19.1210625
1cd/03294f1456859	2.942224745494393	4.1204375
1ce/a1916febfb75d	3.0760806219344072	7.9330625
1cf/ad065b95bb7b8	2.963529827894675	3.75125
1cc/c3cd104602ca0	3.25197162618493	21.0555625
1cd/7065df1731960	3.116562657121098	5.6231875
1ce/629b62543fc18	2.7151433645925547	2.9356875
1cf/56fc7903b2ab1	3.364759598725034	12.5361875
1cc/597d3ec34e2b1	2.9877563953988435	6.3249375
1cd/18ea2e1450a63	2.7096192402876293	10.1398125
1ce/b473e4c65f9ae	3.0698616808332666	1.9334375
1cf/5d650d6561cb7	3.219384869640581	3.315
1cc/ba60eb1b1f3ad	3.028479587084444	5.5525625
1cd/edb9d6158ac57	3.23121732069289	6.6469375
1ce/e2eb6a205b16d	2.6398037957670892	2.410125
1cf/74e27e6cf4efa	2.647231420432133	2.454
1cc/d3a3561f2ecaa	2.917353182055098	15.2561875
1cd/fff083bff3eb2	3.192102981289256	3.447375
1ce/8980c1b667990	3.4362126262352035	17.70925
1cf/12fc6d2e9e8c6	2.4547464473251788	2.3733125
1cc/438402a2919ab	2.9377222143788027	9.2413125
1cd/4f30c5c3a6895	1.2968741043168124	1.3455625
1ce/f0166907c5400	3.284094144781416	5.58125
1cf/bdb0668aa9f03	3.086096456909139	5.0293125
1cc/3fde32beb895e	3.2642722634080332	7.7360625
1cd/ffe730676cf40	3.3921140908539895	6.7334375
1ce/a55067cd48936	3.226182992614562	8.2255625
1cf/d7eaf7d9a3e4f	1.231137933576958	2.5041875
1cc/24850f906e154	2.874920797344171	17.6271875
1cd/e4e0003bc54b8	3.2974877924186146	5.3238125
1ce/0f173bb12fb65	1.972014199443524	7.3705
1cf/e313a518aba1a	3.1234115560833553	3.598375
1cc/f2270f1c6d27d	1.9939453813588148	3.333375
1cd/976d75f9b84f1	3.2187049079759804	7.1300625
1ce/7fd18f2e755a1	2.4054099167556733	6.03125
1cf/b954a55ac395e	2.2133394823926067	4.910625
1cc/796d929b10062	2.403293089950987	2.2686875
1cd/2b82ffa0e34de	2.602694901337778	3.7653125
1ce/e7bdbd6040372	3.5430080299617295	13.283375
1cf/b50ee12a99a40	3.161391212462687	10.5266875
1cc/057d610acb26b	2.4066968820800496	3.6555
1cd/d572d22b62c50	2.658809841868773	8.6613125
1ce/9f24c25114385	3.1880864617768006	2.2684375
1cf/3eff9f1bea0f4	3.2826619088363627	5.82075
1cc/ff7e1ddc804fb	3.2787643917406077	4.516125
1cd/84454f8104605	2.990678752110227	3.241
1ce/fb92f7faaeb19	2.8590600132348465	4.084125
1cf/6f994dfbfe45f	2.5086472206377417	2.44825
1cc/9a1e53283d31e	2.502375979125014	5.31825
1cd/071dda42e8ee7	2.5844331257350954	3.014625
1ce/4dc76b3721458	1.6378140451950354	1.1444375
1cf/1694b71f32566	1.8180287607328416	1.7611875
1cc/ec08a6a2d9127	2.9360566772785996	1.9224375
1cd/73aa4178b50a1	3.0895384918834257	5.546625
1ce/c9bd14d67bfba	2.770849473042808	0.985
1cf/722c773677814	3.0429517811645694	2.6875625
1cc/b1c42b23a79e8	2.400218305216879	9.3420625
1cd/05d8292536247	3.059021407481971	9.02975
1ce/b69baae6296dc	2.5412656756080443	2.631875
1cf/6a218007bfad6	3.078108047241726	7.4585625
1cc/ccaa5804a7ab3	3.222694726952293	7.3189375
1cd/4c54c911c8a62	3.0810618193739656	3.6333125
1ce/014cd64747aa1	2.428054561548176	1.9380625
1cf/6120b233de730	3.2294691689632806	3.8046875
1cc/474e416554baf	3.240718605816513	7.7793125
1cd/e5eaf422afd06	2.9127756214666047	11.5279375
1ce/9c60403d1654b	2.338747036844431	5.4836875
1cf/53a6e6683cc64	2.610377764027035	2.0711875
1cc/d48d9f0e7d613	2.996705819724384	4.776
1cd/89715b37b747a	2.815659783115579	5.269125
1ce/b49812b95f900	2.7046644162917803	6.5369375
1cf/40f92178fdaca	3.0094507023589308	5.5525625
1cc/e450eb7f0f748	3.433741800933251	8.7531875
1cd/7523b65a41b16	3.153128413736059	8.2925
1ce/213d511c32453	3.4211859374116393	3.158125
1cf/75dc029fd0a15	3.260202969721741	5.278125
1cc/d8c580b27520c	3.1567054934622485	11.353625
1cd/295bb2186da99	2.6914602661362026	0.9995625
1ce/3027c0b385e50	2.5699709910847064	2.821375
1cf/55801863eaa60	3.463628557838789	12.430125
1cc/69a0131a37b67	1.9693583152073626	19.9354375
1cd/b967ac9865731	3.401582871930452	13.2475625
1ce/8dc2d7a619f7f	3.1388820292439177	9.7359375
1cf/fa11b3488182d	2.7799182048179567	1.5849375
1cc/c80d583773636	2.9226886685831452	5.61625
1cd/e2ebb28fdb470	2.653144343963085	4.305375
1ce/ee30f852cd504	3.104763166282815	8.0186875
1cf/f76ec0a47c33e	1.8879758895058638	2.0931875
1cc/acabe8e10ea71	3.3617302546766408	15.7260625
1cd/7b179b3adc2de	2.912311392413272	13.024875
1ce/6d2709c527643	2.2124468785634455	1.88225
1cf/6a96e3f0e2acb	2.401274674366488	4.441125
1cc/0dd4c51a21aa8	2.0095669761425112	0.8890625
1cd/fc9e58ac907b6	2.8760127333337766	1.1529375
1ce/fb3b031ba15e7	3.4095121992472928	2.3523125
1cf/8a6ab8e71f9e8	2.9292434010988413	7.065125
1cc/23d79f3c208dc	2.6287611401225894	4.8673125
1cd/8c5175a477203	2.6085185263003683	2.0110625
1ce/74e30752acd80	3.008655927776725	10.6568125
1cf/016f06ad0dc36	1.9885268128761766	3.7476875
1cc/0a564747fe88a	2.2292850076937007	6.4895625
1cd/708abba0a0f8a	2.764213063610405	7.7986875
1ce/8829bb857408d	3.29596318008878	9.12925
1cf/752b43a1e0b0d	3.4577586498299637	12.2885
1cc/91657d842ec25	3.3887534435230875	4.3099375
1cd/e309f13c47eba	3.0315171975830344	7.1154375
1ce/213f987ce4282	3.3903909765188738	8.276625
1cf/833bc0fab08fb	2.3873232871368772	5.0179375
1cc/bd8325faeaef9	2.7877527802725695	12.3446875
1cd/48773053c9032	1.1156474505453218	3.1835625
1ce/8e4f3e494b692	2.9736834176273788	6.167125
1cf/11ad1a9d9ac67	2.0480189942870073	2.5019375
1cc/58c7e29a353d7	3.167288085143362	9.11025
1cd/d02621b031adc	2.4188209466350625	2.8206875
1ce/e7f4d3661fcee	3.03226733030746	3.2196875
1cf/fde0a4e424d73	2.63990456943467	2.6451875
1cc/22b9dde29a0b9	2.3266691122050505	1.8026875
1cd/30a09e7679854	2.3083770892134834	4.7934375
1ce/9241108442066	3.376933594319835	3.36675
1cf/337b1bcac3579	3.41476763478325	18.886
1cc/199d072503d7f	3.5175024817080396	16.0963125
1cd/0b850b293b44d	2.069404180160266	1.7304375
1ce/57cd981a3d68b	3.0835511554696833	3.7299375
1cf/23a4ec836e23e	2.9653948815529723	7.5815
1cc/4f4b7c9794f0a	3.0877733737022672	5.04725
1cd/4f4f20adc3d33	1.9393389034698716	4.725375
1ce/477c44a77f49d	2.0896814897292613	5.125375
1cf/ed2a36fdd6c7b	2.664475965225443	6.896625
1cc/28a23234bffee	3.1894277079703945	11.3048125
1cd/9a40681ec57af	3.537612995461839	5.78675
1ce/92d284aa5bb7c	3.604816681997035	11.9106875
1cf/d98331d3b59e0	3.1008911144617635	7.2989375
1cc/3a7a41e904125	2.4249710025827693	5.122875
1cd/5598510629106	2.855776119870928	2.4913125
1ce/8190a293b95fd	3.28812301801633	6.77775
1cf/737f5c66deb58	2.6461829301391826	1.6819375
1cc/a7befd70189db	2.742984582066148	1.48225
1cd/82f1f0eef87f6	3.234585657201814	1.4921875
1ce/d670d51951750	3.128914618375528	3.936375
1cf/0904c868c11d0	2.327470012832524	2.3626875
1cc/69b3085e9c21f	3.2744688114880325	10.612375
1cd/bc9a66874a615	3.3125251511325793	6.6844375
1ce/b2c6dc061494d	1.615873852920631	2.0425625
1cf/e38c9af086b11	3.100807728457764	3.6375
1cc/c8001ad2c7b07	2.956782577653612	3.271125
1cd/6df49548ae8a3	3.262332522982041	13.1905
1ce/1ec86a94ad467	1.8581808350721074	2.9816875
1cf/b9c9c193ad585	3.3550395386733416	12.1693125
1cc/619f6f462c0d9	2.939743858740467	3.463625
1cd/b40d9b9b61530	3.4359952802113156	6.0263125
1ce/3e81cf0eac23c	2.5906847844698544	2.87
1cf/bb524f48f3255	3.112996767467153	5.8293125
1cc/f6b025e11bdac	2.794985066796695	12.866
1cd/6280c030453df	3.3115559717906224	8.5316875
1ce/56d452983158f	2.147193098045975	1.1130625
1cf/6b4b07977da9e	3.254173339624393	5.3855625
1cc/cce9d21741166	3.209112918532573	6.783375
1cd/c99288ae7120d	3.464429616403076	13.295875
1ce/264ad46822543	3.391329443562281	5.835125
1cf/aeec1720562fc	3.2792549462665725	2.5380625
1cc/939c929e09559	3.013443678018757	11.9849375
1cd/498d679431772	1.3600723488609094	1.105
1ce/c022f747523e1	2.0955862923552186	8.047
1cf/7eb6bd4536c21	2.384705754374864	1.153
1cc/6f0ad919929dd	2.951861033020391	6.603375
1cd/73b495f0d47ca	3.369291236228318	15.21375
1ce/f4e7cb648887b	2.9596666396433684	3.097625
1cf/5a73941d82da6	2.3559080312585143	2.0645625
1cc/4427f06d1d7c5	3.281196160713637	2.545875
1cd/c7cc42613442f	2.5861602257794547	4.9739375
1ce/41dc46c8aa960	2.6705313269961573	1.3745625
1cf/f59f2d040a66a	2.9329585039787083	16.1258125
1cc/25ef3b37d545b	3.0679410504086833	2.3520625
1cd/1aced93860e8a	3.146982186455356	8.16025
1ce/717078bb7f711	3.1870984561835742	4.8749375
1cf/0255753cfabe7	3.3112635032652578	6.413875
1cc/ede75305e51ad	2.793314929472972	7.6473125
1cd/cc11b42171ffe	3.277998973765217	5.4816875
1ce/430dfdd5435ba	2.7022141379993507	10.2530625
1cf/568e8cee289d3	2.87533879741255	3.76825
1cc/70a4d176b48ae	2.5989906813811348	11.772375
1cd/450d97e0523d7	2.7216057294936102	4.733625
1ce/4b33580110b9f	2.334412812748429	6.662125
1cf/7381dcd110b53	2.6534651437961183	7.3159375
1cc/5dfaf90858889	3.341854216300465	6.3248125
1cd/50643c5b89fd8	3.0645965406704003	8.168875
1ce/8bae8248bd0ab	2.1966419724557507	2.891375
1cf/2b161652d3e0e	2.4321091801547468	6.0538125
1cc/56d569a8c6c74	1.9129030079165021	1.297125
1cd/46691743b8c41	3.033691712020009	10.5895
1ce/9d82fae2ab114	3.213839180787602	3.062125
1cf/ef437bb8ec3b4	2.0535485044329724	2.099
1cc/7a8d4023b7658	3.001946948138973	9.3983125
1cd/6a838b9127f2e	3.1799504227790707	9.1733125
1ce/0dea52d5c2bf9	3.1059082885839815	3.95075
1cf/23b420c9a8301	3.1257502201331877	9.8890625
1cc/85db2b3915a28	3.318382678269831	14.1169375
1cd/66b4e268be7db	2.8620985442601974	1.92975
1ce/28f79e499eb28	3.231704878725265	5.4914375
1cf/7310bf32dacb0	3.454819057630572	6.707125
1cc/75a223ed6a322	2.7203038112452944	2.9340625
1cd/93528a1384cfa	3.4446753219384227	2.476625
1ce/12fb38a53fd39	3.401047774670635	5.18625
1cf/06d8e6da0f7e9	3.3241086809300984	4.169875
1cc/f04d3e89fad0e	2.4283919408292194	1.994125
1cd/1092503ad3ee8	3.302332920281576	11.263625
1ce/b6dae1f6726c0	2.1977354025026066	9.89025
1cf/52688246a58f9	3.122560689303564	1.921125
1cc/bff6838557616	2.618635542568852	6.3534375
1cd/dc71158943438	1.1249977231970556	2.698
1ce/c5370ef6da5b1	2.593365910576777	1.5525625
1cf/cdd7bde05b4bf	3.462698630943701	6.218
1cc/7287643df332b	3.2325013677678736	6.31925
1cd/d9cf656498678	2.8775987725773358	6.5911875
1ce/8c9cef1b1ef6c	2.3381801110441724	1.67075
1cf/46d65f427df45	3.014110128049132	5.3590625
1cc/5b7eb7e3d3a5f	3.119129181758302	6.2041875
1cd/563e0cfa2c700	2.993892739573297	3.7815
1ce/ad6e7a191085f	1.8747195831863401	1.1615
1cf/2f7d289829b24	3.2307993071297214	2.569875
1cc/2d80dcbda3da4	3.0348254009369637	10.5478125
1cd/c45e069879171	2.627436110950418	1.4635625
1ce/d76c2a82ce9ef	2.823460894735664	6.8101875
1cf/2f96713c67f77	3.287943576612781	28.509125
1cc/e543949c00e33	2.311672907257131	5.6903125
1cd/36210cbf2d450	3.3722840554140348	12.2748125
1ce/a29ef9788e1bf	2.3011396673350624	1.0568125
1cf/7bbfcdf43916a	3.511576860136723	13.6930625
1cc/c291603f041a0	3.061934391657116	7.6229375
1cd/7b1b6ea6016e0	1.9685007635541507	1.2143125
1ce/76b4e5974b44a	2.5089570982977127	1.345875
1cf/284d5320b6059	2.1967996091446857	0.9605625
1cc/b8060f7aa69a8	2.8196347549508203	6.323125
1cd/f4e1f30b42551	2.9640119902223034	6.16525
1ce/26edc32f9e5dd	2.6191425905296994	3.48075
1cf/6c668e232003a	3.2893817948085537	5.38325
1cc/28705044e3597	1.06932213699102	2.894625
1cd/026b8a646fc3b	3.335209088573311	5.551
1ce/81ac96cd23e14	2.290483487052969	8.1194375
1cf/0cac96428e5ba	1.7391334287676254	4.56225
1cc/231591ace1d88	1.7819104832971282	3.0505625
1cd/9786edca93f51	3.4986383706220954	8.0885
1ce/87a7bb6e19b5a	2.8216217419574012	5.571
1cf/35db223cca976	2.38731966812216	3.209125
1cc/fb869acdf1d0b	2.927341278808069	3.1628125
1cd/5cb77902fbe0b	2.640429288913244	5.31175
1ce/e2da6632592be	3.0037235609888104	7.1810625
1cf/fda6f91c6dcff	3.3013027602071823	3.981875
1cc/d7c080797566c	2.76921726609101	3.30425
1cd/56f80f7cc4c74	2.393404286234176	0.72025
1ce/877f7023435b9	3.423690019412933	4.18075
1cf/69369729a3cc0	3.3353347607432178	7.421625
1cc/3724514977dad	2.789144109605821	1.5055625
1cd/3355262b632f2	2.591649365858458	9.599625
1ce/fec7f44cf2235	2.9827668988835914	3.2605
1cf/b85e7d9b1852b	2.3767935872813504	4.4410625
1cc/145bde254a9e9	3.2630381684421277	5.9521875
1cd/ae926b3c73f12	2.9414646966021296	4.2785
1ce/e80e3fd24c212	2.9438745501664285	6.044625
1cf/3d49cced905a7	3.3828565288138406	5.474625
1cc/0b6e47ad0aa73	3.0686749540545946	6.014625
1cd/b3fb7f3750ea0	2.885705685614316	5.8318125
1ce/e9cca99788e93	2.3600234660335264	5.0700625
1cf/750e64c808059	2.759141309873262	8.7784375
1cc/751a8cf72c0c5	2.7722456718535833	8.0816875
1cd/6a5c23988b304	3.279118485619152	6.032
1ce/9415f78cab0e2	3.102147218344069	4.8735625
1cf/dfc5c58e692c0	3.004487038608128	15.86725
1cc/d40647be67888	3.099724902428066	2.574
1cd/f31dfc76f4180	2.0107978314480124	1.383875
1ce/3326aea7277ad	2.7951185118017206	4.29725
1cf/db2429038050e	2.429626167591227	1.8201875
1cc/0f11b257fb8e5	2.944500727019726	2.0556875
1cd/66ebfd16c0bd5	3.234347967810297	10.544375
1ce/754f9e4dc5f28	2.933593312127886	4.6984375
1cf/8b5cc3be19999	3.380861942800081	8.1200625
1cc/4e5f1ea3ad0c3	2.9294072226771837	4.9843125
1cd/295328c59122b	3.148025197759724	5.0743125
1ce/09df773799df9	3.346963055556736	12.2228125
1cf/52690bbb4d1ca	2.7713916006923367	2.72275
1cc/29038626ee668	1.9286647429205876	3.48375
1cd/55989526b3e0e	1.9830564988198496	3.9045625
1ce/354facdfe9e3d	3.413852393977741	8.11575
1cf/6bd5f744a5171	2.293320545524546	4.7103125
1cc/e11cb0eba3251	2.4653094555620845	3.67975
1cd/6a87646464bc9	3.1213644092354507	5.741125
1ce/687f0367e8066	1.942801589504914	1.4308125
1cf/dcb6f03d3de5a	3.2339635896154237	6.1679375
1cc/c171c42e87143	1.5889925931479305	1.167625
1cd/f9fdd1a42ac9a	3.0170579644724698	3.150125
1ce/cc66d116d1734	3.0281876908731267	1.1671875
1cf/2b3ad4a2149fa	2.9638910942540466	7.3361875
1cc/703a6f6261d8a	3.099752463329201	5.735875
1cd/dff64f1e96199	3.1521920649048494	3.24275
1ce/26fe6defe134a	3.193459600284194	3.429875
1cf/db85dffbf2899	2.1489068120352077	4.4111875
1cc/ede440ebbffff	2.767753615089375	4.60675
1cd/0f7adbb25dece	3.09491639133278	2.34325
1ce/5a99d73906d26	2.977714266614594	6.27775
1cf/b6f82ce579520	3.197266317834323	9.071875
1cc/aee956933b842	2.3774239483768094	1.12475
1cd/f0a7f2bdf98f7	2.9271146953767864	9.0754375
1ce/0eb83db2c7c3c	2.6309662626201664	8.1481875
1cf/a67fd1ebaf102	3.5092023847487566	4.360125
1cc/461cbb2a0cc21	2.855893528108553	2.5678125
1cd/c0a742804ed52	3.00377463048827	7.673125
1ce/52d8ce29b9776	3.4143289388820888	9.8935625
1cf/c56fd9ab75f3f	2.860488156293494	1.151625
1cc/b07ceb5e033f3	2.1647248631878435	2.85025
1cd/e4cf8e72e6dd0	3.3909219166716746	11.916125
1ce/a09a4d658e16f	2.703766354149164	7.2745
1cf/18fb57fbedbab	3.3572998796400952	4.9291875
1cc/177ea817b9c19	2.8076434878675673	3.0650625
1cd/a82b73429f537	2.5930924629607794	9.460625
1ce/26cd62faaa7e8	2.8846698481896276	1.730625
1cf/b5c92703a1d0b	2.832361353910417	4.5134375
1cc/02d7540452db5	2.5474805539716594	5.38675
1cd/5f535b5846c0c	1.3724302862994249	1.9704375
1ce/d624ff540d4ce	2.4852056320642317	4.634625
1cf/f221dd70ad833	2.648250663386961	4.8543125
1cc/72dcced5089cc	3.4704378328466037	4.1683125
1cd/535a3bf32dda3	2.9458160477879227	3.3111875
1ce/29771aff406a6	2.3057727996449295	1.892
1cf/c9d33dc47e3a9	2.6404442096733054	1.2249375
1cc/2432d87acd7ae	2.604090171452529	5.5310625
1cd/e89213028d8a2	1.6591314098198353	2.2423125
1ce/e0534cf8be4b1	1.991500251084173	4.1561875
1cf/bdf61ff256573	2.350098608529235	3.697
1cc/521a4bd56075c	2.4578198539149483	4.13225
1cd/1badf4825eb8e	2.8732374635136186	3.9608125
1ce/cc2a4435df8e3	1.8466821034604073	25.60775
1cf/c8cd12fc1ca51	2.9899908714095034	3.0276875
1cc/af82a2c505562	2.7102596678940407	4.4019375
1cd/e807dc92fa408	1.5543130302056702	1.2743125
1ce/47a54e6319ab2	2.779625425119508	21.0051875
1cf/a0883e810f506	3.183789171723383	6.4685
1cc/d02c24bef17e7	3.346805650544556	5.4475
1cd/7e821dde48539	2.0804937950891786	2.0175
1ce/6cb814d3315e6	2.6346931123272035	3.3055625
1cf/3752ade35dff0	3.038062534764367	5.54125
1cc/743099a8b3541	2.7358632197220816	11.0295625
1cd/a512442157b17	2.454420914623127	4.6423125
1ce/16b4264ba8f07	2.7092683504889834	6.81475
1cf/c07df129de862	2.975324063404348	19.5551875
1cc/85c319af9cd8f	1.8369773275533285	5.2950625
1cd/aba40289a816e	1.345870493396461	1.2811875
1ce/1c47f0bd62de8	3.3548661814289766	9.3038125
1cf/a8d58a5ba7a6a	3.1428783150339292	2.284375
1cc/6e0fcc2d408df	2.5796569198716215	9.6463125
1cd/fdc9493949ff2	3.031878015416374	11.721375
1ce/dbcfe9ab6d41b	2.432701128870225	6.2549375
1cf/94b741bdd0b3d	3.111280273487814	3.5551875
1cc/0d23d9050e5eb	2.4846497739112166	3.1506875
1cd/d2fcb4f729db3	2.047757024056375	4.6539375
1ce/5b081570254d5	3.3330378696567133	7.8493125
1cf/da31de09b9507	3.4009536208392657	7.87625
1cc/11656ace7f582	2.117959192953445	1.24025
1cd/222aaa9ca8869	2.6365923843870207	7.0225625
1ce/9a47d4ea2f629	3.0934340175316746	14.3059375
1cf/34af6e4174b59	3.2857496559348505	8.42675
1cc/20e9d52096ad8	3.284371426330489	3.065
1cd/cbcaa46084877	3.343511662407045	4.1321875
1ce/1e04a3c23f5e2	2.340030035509481	1.731125
1cf/94ed7be1c448a	2.11944813077355	5.0690625
1cc/bc34c205104c1	3.1886890925070706	7.7206875
1cd/58df3fad926f3	2.87984295636928	13.4121875
1ce/0506a3257f8f0	2.4398919344858765	1.7609375
1cf/f211af1f0e641	2.2270998582605483	1.346875
1cc/d323b2155c67a	3.118678187395112	10.6455625
1cd/766e1c58657c2	2.969587944720145	6.711
1ce/5cf21d73e475b	1.1225108091214715	0.937375
1cf/6511f91cd4496	2.786655981788494	2.8130625
1cc/6092048aa2168	1.1117879911781263	4.8656875
1cd/a8a6ca0844902	2.7975320025149766	1.2978125
1ce/b678ce7e9f7e6	3.152660620170814	9.2915
1cf/f70eb8b03f60e	1.290613588546351	1.1526875
1cc/298362bcd9c0f	2.4829267697897106	4.067625
1cd/e0ae93aa54ea5	2.2996897863110886	4.743625
1ce/70df38a986c7e	2.131137997422521	1.1526875
1cf/394cee3c206dd	3.213507337874556	2.8303125
1cc/a996ebd6a1771	2.9057619853222185	4.229625
1cd/06216c0b97aa7	3.304654903395851	3.1738125
1ce/77fcfe512bdbf	2.092572941504546	5.389875
1cf/a801c87ada303	2.127282388562738	1.681625
1cc/f3de3876b1b1f	1.8251697930546982	2.419625
1cd/0726464d4bccc	2.214362039137373	1.7828125
1ce/40acd1d692a2e	1.9511872680846816	0.741
1cf/cd828be69dd84	2.1576482343583248	3.09275
1cc/5665d6306ccec	3.249473138468787	10.0653125
1cd/a1ac0f2ff2b99	1.6114263764972978	1.96275
1ce/ec933516b55b4	2.9994394249768344	6.816375
1cf/50bcef1e45c09	2.539930020268257	3.9689375
1cc/198ec5e8ccf9f	3.209199570092444	8.389875
1cd/f046f16fc7bc3	2.7351972182870883	5.3180625
1ce/59632a416beb1	3.042157731557349	9.8835625
1cf/e657bff9bddfe	3.1303910120309273	13.1215625
1cc/ee0cdf61c8d47	2.3798587722118834	3.7448125
1cd/740898448402a	2.8618696580147445	6.95275
1ce/136473a3d64e4	2.745224296462918	8.3211875
1cf/f778244cae70d	3.2535327581857616	10.0365
1cc/e034414a75c6c	3.5006955873119248	7.38325
1cd/8a00aeb904d34	3.37571667857909	7.6144375
1ce/46be0c9e01d04	3.095576995458371	3.432375
1cf/4457308ecdc10	3.3097783176579907	9.984875
1cc/d23205ebf7d68	2.4252646007402174	3.355375
1cd/28c64f6770eca	3.424262722633781	10.013875
1ce/5747811f85808	2.431957136188789	2.691375
1cf/99ac54706552b	1.1299641127345128	1.89825
1cc/9b01bc2feae42	1.0364029853455807	0.699875
1cd/f6fa3681106c1	3.4204960643372626	4.6136875
1ce/cae2c904bb6db	3.4071100622753234	13.03125
1cf/edf7d767da37e	3.3927910642145815	7.9181875
1cc/cd39a03fccb6c	2.877267292263636	1.68225
1cd/5021b79f01d09	3.481633778237224	11.41325
1ce/097f79bf89540	3.2420587044929214	2.25075
1cf/b4d9a35c13d70	3.052904249906911	3.265625
1cc/f526821fecb4c	3.347733887008532	8.99425
1cd/ea323aed8b291	3.3997157577093327	4.0829375
1ce/47e0cb36028eb	2.837373807580545	7.021
1cf/14b59d5f9f0d5	2.627133731100216	6.3035
1cc/8dfe42f30b066	2.527585454452565	20.859375
1cd/c7b8c061d3acd	3.4246016562820976	7.877125
1ce/cbae2ac14b839	2.0407301578474337	0.72025
1cf/7bb957c1318b7	3.056698024490008	9.5095
1cc/396825cb8ec53	3.257135677471133	8.891
1cd/f30a2d0c9eaef	3.0750357271624216	1.6431875
1ce/44d9528a1da2a	2.401466765478662	5.1504375
1cf/67720824ce61d	2.604590852721778	1.5601875
1cc/f2dfabf6b3e0e	2.670651099729291	14.0168125
1cd/555c5e78104b0	3.204020695402601	3.2565
1ce/d6297a60d24fc	3.047529995163417	4.76875
1cf/9980710742d92	3.5332171413637	16.0348125
1cc/bb89d5d8423ce	2.724065425858639	12.0489375
1cd/e15a94c2b1dab	3.3288512061458686	3.035625
1ce/0d1030f926775	3.3584226234104184	6.8571875
1cf/5c8e3fed746f3	2.5167260937074025	9.6069375
1cc/42d525a6c4b5d	2.8642968072209403	6.7288125
1cd/06a30d50d5aa9	2.859319556820664	1.994625
1ce/15e5e7752ec9d	1.4096065980024188	1.8269375
1cf/5ad5023743371	2.858503651394094	2.9518125
1cc/336ea911a81a4	2.8245919004450935	7.444625
1cd/51a7c1d7c2ff2	2.4583070080420684	1.273
1ce/436f81e022390	1.5800068817961093	2.4174375
1cf/7e32ba8e7bd08	2.5467142268315883	6.089
1cc/78e5eee6d9208	2.967805225510419	7.79525
1cd/0903ce0dbf6a1	3.069136817736208	3.9125625
1ce/a2397da8487a9	2.782995270676839	7.913375
1cf/0d6ab30a5dd82	3.3135129194929256	7.604375
1cc/40fefe9ea257a	3.264850482840102	9.9278125
1cd/23931f742ac4b	2.69757572762235	8.1269375
1ce/6e9cda568b0bd	2.5273552220839397	5.560125
1cf/5e90083bd646e	3.1687788786106523	6.38575
1cc/e1695537d91f2	3.093989424909527	2.5971875
1cd/e94838b675a49	1.7431612905939766	2.3558125
1ce/147e6bb6384e0	3.060947182142238	1.67875
1cf/7c634d4551c38	3.238565180251624	7.4005625
1cc/3fd629c51d484	2.911943163592077	2.786375
1cd/eb77dc2a6a45d	2.847328796210483	2.8044375
1ce/a25417b144bc6	2.15504011054115	1.588125
1cf/829e837b92c2c	3.07855484038479	10.695
1cc/878da76a880ab	3.2923324978799178	8.4738125
1cd/d3f4026f1e881	3.0910109143386046	5.105625
1ce/ccd265e8697b1	2.997390595032783	9.4129375
1cf/4aaa967918e92	3.1147432690871115	4.622875
1cc/fcd315116c6ac	2.4771450247553304	6.7820625
1cd/0a8c21e69f193	2.967784988269665	3.7256875
1ce/720ea2cd1f019	2.578688746580119	1.776875
1cf/cbcce9cb8374d	2.8596970934738115	7.0359375
1cc/43f7ff25510a8	2.802280621227567	4.425375
1cd/b7786217c6351	3.118852286049588	8.2744375
1ce/9bc7719e96555	2.883279886581868	5.8205
1cf/80cf68e4c2c6c	2.507054226654441	5.624375
1cc/9c996b95c9740	3.1370969304955296	6.4934375
1cd/e1249a3b99f65	3.288713701071901	12.31025
1ce/62be8101e8360	3.2775297140899147	4.1306875
1cf/2bfa93a810271	2.695254233444613	1.5784375
1cc/6eecf552caa07	1.6025030817734052	1.3684375
1cd/e7c7d2e56417b	2.978678077799292	5.89225
1ce/27666f14e038a	3.4190695721676336	11.4644375
1cf/a81c7260e5983	1.0978399495114886	3.0261875
1cc/ce2fb25f23703	3.412277347213774	15.2403125
1cd/3f596e01d185a	2.204077670376043	2.163625
1ce/115066b8b9745	3.5356523429802267	6.3956875
1cf/1b6a3c31072a6	3.03911367163153	4.091125
1cc/66a2337100a60	2.3102484464272077	1.6818125
1cd/80b2e53859326	2.384984607594571	10.069
1ce/dce650a72ddc6	3.4558765304104937	20.61625
1cf/ce7a85509ca73	3.0415044190588176	2.4395625
1cc/cd937b3f6a951	2.5790051527941538	8.3775625
1cd/37e187f58165a	1.0877817742011944	1.105375
1ce/00d85392f414f	2.8872088021247193	4.2635
1cf/0b3b11f57fb21	2.5785634021981476	1.4905
1cc/0191f68eeadc4	3.22738031210051	4.7835
1cd/3e1fd7d961251	2.9577153347605813	5.020125
1ce/2850a5085de75	2.3288882929754693	4.7988125
1cf/22ce2a3c0c3fd	3.067549176200167	5.432875
1cc/a4cb64ae5da80	2.842677696541685	12.0255
1cd/4c75cadc067f2	3.3080112329918085	8.3968125
1ce/f81775a2504fb	2.3364292550887416	2.0046875
1cf/0672a77d2036d	3.370495226138496	15.2794375
1cc/e945fe4ab2df7	3.5187300303236637	14.5886875
1cd/4bd3635fa3f30	2.84184779995264	6.0295
1ce/963568e9ceef9	3.099475723271381	4.1355625
1cf/0627caa3671f2	1.933746124759941	2.2124375
1cc/e2ae0815ff1b7	2.7045318559025673	4.0683125
1cd/cf0f99d35ca73	3.356558293429527	9.92225
1ce/223d8b53749f2	2.915001544986674	2.9303125
1cf/b9d6bd542953c	1.6437815542129735	1.1534375
1cc/76ac629cb67ac	3.310462977674206	2.8181875
1cd/e8c5fe43227ca	1.8307589531038362	3.2584375
1ce/afad749e3243a	2.7395596599401006	1.6341875
1cf/d3ec0a8273024	3.4155720987936027	9.196125
1cc/a25457a193b04	2.2763670491377024	6.6125625
1cd/3c6b8b36b5fcf	3.234155286793463	2.873
1ce/592c08fc3ffdc	2.5000833785405416	1.5648125
1cf/99632cf3b981d	2.6596156635546886	1.3196875
1cc/d55c09896b616	1.788809631656158	2.8239375
1cd/b375b5e3d46ae	3.125840538924664	12.314375
1ce/f5cc0ece5d63e	2.6079223083269865	5.715875
1cf/79e638ac18492	3.090159158656885	11.0471875
1cc/8ce25fa430c0f	2.350758279733882	2.809125
1cd/fffa11763f52f	2.1091450863417025	2.6760625
1ce/b7a95971689fc	3.102257906281949	5.6683125
1cf/08a94a267aa34	2.369320885963554	1.81725
1cc/459a11afd2e4c	2.985393010141476	11.692375
1cd/7e2e7ff1a8abb	2.600861927533242	2.732875
1ce/efe0e76f3e334	3.2003003142179622	17.2000625
1cf/5660466572e9e	3.4321848978355143	25.9908125
1cc/c03e5ef4ddd6d	2.815122056202799	3.81575
1cd/353a6723137bf	2.338397146762125	2.2448125
1ce/2c44421564c7a	3.415191203663089	8.4083125
1cf/b8285133cae7b	3.445598626252874	15.9161875
1cc/47b42df525e59	3.1249669181300948	10.192375
1cd/0d1114ab98a04	3.203182484273942	2.450875
1ce/11f8cdf527203	2.192626611829205	3.20475
1cf/415b3a44f812c	3.2173937670616994	14.0813125
1cc/6cc9838319425	2.3628762544092634	7.203625
1cd/25005d8c63457	2.557979260558548	3.525125
1ce/eaa6be9ff2cfd	2.584767025620375	2.40475
1cf/e356bd6287263	3.296253196609766	4.6135
1cc/343ce0ea56ada	2.1826673515291732	8.5140625
1cd/fe77d2a7c5e8e	2.7396663466615356	1.8269375
1ce/94388070c533d	3.0455359672399496	3.4891875
1cf/4cc8460f3cfa1	3.224956386580133	2.606125
1cc/2e2576de593d3	2.6905909095914198	6.8576875
1cd/bea3720d46e53	2.147906899668181	0.624
1ce/c5c9c7f24dc00	3.157044723471631	5.472625
1cf/52c81a53d2cb5	3.1050289769216968	3.06925
1cc/bd513ff01422b	2.533079875850564	4.85375
1cd/d10644729fc8e	3.392986765279464	11.071625
1ce/b7875b172ddbe	2.657215033237992	4.0690625
1cf/131e11ae401df	2.5551341833083754	2.4991875
1cc/4b4c1fb30c117	2.693226576186639	6.24275
1cd/9b4799775a324	3.050952082642229	10.198875
1ce/a7e9d4a672cad	2.1348455973853477	1.683
1cf/99853fbe6664a	2.788575823905475	11.2535625
1cc/69180e6fa52ef	2.243982470962815	1.586
1cd/160314dfb9b47	2.3299533084316186	1.8278125
1ce/288399402bf03	3.322431936036358	4.5311875
1cf/bda03554010cc	2.296493325390417	2.5226875
1cc/6bd427cc2db7c	2.8109169518515187	4.731125
1cd/9254a7ce9545f	3.193797585394217	10.4756875
1ce/fda944d24d4bb	2.6142013576060465	4.919625
1cf/64db5ff37e4af	2.98256955613856	4.0585
1cc/e568443e497b3	2.9431995486143814	2.42075
1cd/e2829b5746551	2.7493534920100746	3.6045
1ce/2a1b83672981d	2.71238240858688	4.186
1cf/c3f4fb2c0b349	1.191034402579388	0.6401875
1cc/897391e974e81	3.0378728355473683	4.1025
1cd/926a2cb0a99ef	2.2714580621489864	3.6721875
1ce/928a2691c12fa	2.88135795331995	2.258875
1cf/a22d756e4ff4a	3.2109348151541535	2.0955625
1cc/9aa1e755edfa2	1.8406846340129088	0.848125
1cd/b7cff74e37dae	3.474992069646401	5.7015625
1ce/922199512218e	2.9560917051598468	5.0408125
1cf/402de329f9322	2.6133620776800726	8.4056875
1cc/36e76b125dac7	3.3268173015462765	12.593125
1cd/c0015b603163e	3.1333623113247593	3.0693125
1ce/644d78a2e64f5	3.0041435169706707	4.49425
1cf/66d9c7e44e93e	2.8926690037964655	3.916
1cc/e01ddb86a2aa8	3.2067328753612863	8.3525
1cd/6c7e4ae924d45	1.1973100046333516	5.3315
1ce/4222cdb8e841f	2.948032569866803	1.240375
1cf/26dc051c54a95	3.017598088214483	12.896625
1cc/61262819c6b50	1.2251942267874298	3.0305625
1cd/838528069234b	3.3468782426479535	4.85825
1ce/5f24d0da76232	2.439168086377187	1.9111875
1cf/f2f7b20996092	1.680029094020571	2.4664375
1cc/a26a4687423aa	2.9478717397492145	18.0485
1cd/04966457b6142	1.2954454926364594	1.0090625
1ce/417149b126775	3.096620810093264	6.6198125
1cf/23c4fd1e57c8d	2.3872578814842744	1.1049375
1cc/4b59f749c56ab	2.9448463467158	3.6355
1cd/0c3763caf8a15	2.3599235678847874	2.40325
1ce/eed9149d539cb	3.2531753793392997	11.669625
1cf/22fab555cb76f	2.6747586709845317	9.0535625
1cc/1cad638760696	2.9051686320635914	7.3395
1cd/e0180bacd2f0a	3.017834468201613	8.4818125
1ce/7e50716ae5733	2.7363655711353374	2.8820625
1cf/3957266e0c613	2.381131311411458	1.8268125
1cc/8ee93a4494cf1	2.400176684021487	8.07125
1cd/68b3ac02b7649	2.9925603769267455	6.7869375
1ce/a78ad27ef946e	2.495016514434942	2.4753125
1cf/431facf7849e0	3.127814226149242	3.6943125
1cc/b2cdf0ad0b74d	3.0495243728917583	5.6224375
1cd/74cbf54ecc1b4	3.206142609383458	4.7125625
1ce/f06ae7eafdfed	1.494459257949743	4.4180625
1cf/da7bd8edfea08	2.482579013390766	7.1231875
1cc/698ab5d03672d	2.834639244907876	8.12
1cd/1428d7de8910c	2.9582882836666675	6.9380625
1ce/1607ecf795a25	3.1069795129904967	4.201375
1cf/005b494d0d5ab	3.1028424070179965	6.0594375
1cc/6a5c9ae15681d	2.8510114561145645	5.5706875
1cd/29a939019f866	2.3809131571662157	9.892625
1ce/e4755875bbd40	3.3735455482369625	13.6861875
1cf/36112ff64be83	2.525438934579264	6.5935625
1cc/c5bc3c17e8d26	3.399912740268899	11.9734375
1cd/30ec8f494a75a	3.518000493238753	6.250125
1ce/4c639aeea2e61	3.1457231686587512	2.9335
1cf/bf4ea0e873594	2.220596273689002	7.111125
1cc/2539d77aed3ea	2.5644788444394444	3.7811875
1cd/2054bd9dc608f	3.23339291917961	10.5833125
1ce/410b2ac275147	3.258352071690376	9.2668125
1cf/52c6e6806ad3e	3.133695274580648	5.0690625
1cc/34d305840596b	2.497347457183605	2.548375
1cd/291cc77e2add9	2.810141770182224	3.287375
1ce/db3b4b0976657	3.3023307115612326	5.6759375
1cf/70df979808536	3.3761820816624293	10.723625
1cc/373369ec5168d	3.372726038529087	3.7625625
1cd/b3ff875ede49c	2.295338945166121	4.3764375
1ce/1ad9202429505	1.5232116964407656	0.7201875
1cf/0d960721612b7	3.3935110700403106	23.217
1cc/67618d89ca8b7	2.640460699740955	1.4904375
1cd/a8d9153a72f32	2.8488823414803592	8.6079375
1ce/f7a79b7760244	1.2450189794832132	3.397375
1cf/171fd572f7b77	2.6166077612627605	6.73875
1cc/3e092498a73e8	3.1276900162454497	11.73975
1cd/53f9d6f97c451	2.415852157056611	4.818
1ce/250ff20052803	2.7182747518524923	4.8745625
1cf/f0710d262fb1b	2.8197462554218755	1.58525
1cc/bf134aa36dfce	2.75130871384256	1.986875
1cd/c664da2d0aede	2.908572504611989	7.08925
1ce/1b415b912d544	3.0063190439299565	2.9825
1cf/80ef819e027ad	3.2756864916739934	2.3393125
1cc/9278770e0e98e	2.777546740625807	4.6155625
1cd/588a6217458e1	3.367776148960629	8.3205
1ce/23e07a0ae1202	3.325126937178551	5.70175
1cf/e2b4b83572386	2.3941812934627076	11.1644375
1cc/52aa7e8e1ed35	2.5593822102996637	10.9765625
1cd/4262e1b200ebe	3.097753212720056	8.4995625
1ce/532385eed9788	3.247398583649695	14.61875
1cf/84f2acae22203	1.888428197979109	2.2865625
1cc/a5d400771b93c	2.8785394242528413	4.3040625
1cd/34ef599eb630a	2.7637089294706847	1.3283125
1ce/3a8bc2e364264	2.2900207001260444	3.2605
1cf/77656f6bf7108	1.963234468585291	3.6720625
1cc/a77629dd3892c	3.3720331042937475	5.493875
1cd/c6940a4c88ab5	3.300034818079512	6.33075
1ce/3cfd3ed53e9ad	2.6161584458917666	8.3468125
1cf/20d82544dca23	3.0978797870188277	1.7656875
1cc/c44b3ad702760	2.4760053816877665	7.3320625
1cd/e442fc90badf9	2.2466815086660783	4.494625
1ce/1756f55a2b497	2.3875346675841316	0.920875
1cf/e5e3855620fb2	1.3702418476573752	1.5213125
1cc/888810fe52c98	3.158460333310966	6.725125
1cd/a11841d1fce06	1.4897434764236692	1.6043125
1ce/586164772a164	2.8793729801609187	1.378375
1cf/44723e88a1c16	3.3691914710823667	17.1814375
1cc/8bab7aaa50de0	2.30784149716341	7.0889375
1cd/868427aca4cae	1.5395024702624946	2.4546875
1ce/2a8fb47a04a2b	2.9250425778553577	1.0571875
1cf/a0f172646ebdf	3.4567887737416205	8.335375
1cc/75fad482460a1	2.3068482937379677	2.02025
1cd/ae1c75e703f75	2.3258787197117057	2.401
1ce/4547ce9b8bd6e	2.297800136003402	9.1800625
1cf/59d120b8dc028	1.5465690094350861	1.3296875
1cc/223f9cb98a268	3.338863921723789	9.6944375
1cd/e151898b792ec	2.2995391468121715	3.0291875
1ce/9b8b3ca9d96ff	2.8818391081109076	7.6911875
1cf/bebd1d129d407	3.344012664375438	10.020875
1cc/0ba8ba39c668e	2.386047508700491	2.411875
1cd/a766732a11296	3.3467580550079687	5.3308125
1ce/aa6924fb6bffb	3.344229457365771	5.8208125
1cf/503cf6e5ecd74	3.1648379472416153	12.101625
1cc/63d6537c1ced0	3.2803849067613564	9.98825
1cd/8602d35a14624	2.7244211502817177	2.47925
1ce/0edb1de52b4c3	3.292365923779609	5.5014375
1cf/a78e562187be5	2.8912219306806417	1.8259375
1cc/4b5f0ce601b94	2.505433538009489	7.618
1cd/79c6736fe4ddc	2.3440529883725807	6.99175
1ce/6bf64e3dbe807	3.4125890684735767	10.3431875
1cf/4450a00e59138	2.4786307275460007	2.3980625
1cc/326297702e56f	1.767223469037627	1.4414375
1cd/ae486676db5c6	3.2924994724125973	11.1299375
1ce/522bdba1117d7	2.9748939338093843	4.461875
1cf/629764a04178d	2.9376333067200884	12.8376875
1cc/005baad3b1a8e	2.4645037299171517	1.6823125
1cd/a86a7d8e2de1b	3.314559744767818	5.8455625
1ce/cee5c89bd6475	2.4879004697134817	6.1545
1cf/5af3a6d230166	2.964721197930337	1.7979375
1cc/04b74f841bbd5	2.939683510394613	3.7986875
1cd/d4375c5073bad	1.8434720062341146	3.0091875
1ce/90aa6e9eff71a	2.486548157429348	5.1973125
1cf/b7f4210a65064	2.4476621830331133	12.9321875
1cc/f1006b19ffb65	3.1705373686708826	7.3505
1cd/276bbdf290fb7	3.137099083520578	6.973625
1ce/71fa9d44e82cf	2.571574873455103	5.3393125
1cf/c642912f5182f	1.1252873134348758	2.1145625
1cc/8f4e1d884f2c9	3.2711640521183534	5.80075
1cd/efac517822dbb	2.504832741170188	1.9645625
1ce/a330bdaa98971	2.9943160509235835	13.3118125
1cf/19a70b8600089	2.9475512732771643	2.2825
1cc/3d2fb16bee322	1.761856344376429	1.0090625
1cd/b774aa7b14f4e	2.755201745769621	6.40625
1ce/4a3390c5e6c29	2.8690553476980574	5.758875
1cf/54c2e6b8ef944	3.2219554623032787	8.699875
1cc/cf23e7f35053d	3.0635192606628845	7.7520625
1cd/1fcc3b53e9047	2.457313149041991	3.9364375
1ce/9c1264024d8d7	3.229872062488569	12.696375
1cf/a62a6e6930d96	3.3976089920417283	9.7293125
1cc/b73901b820554	3.3640250851503817	10.81175
1cd/b050f87c4397d	1.8550774196436335	1.230375
1ce/4c1c7ee8033e4	2.4842709223960022	6.458
1cf/12a4527ec52fd	3.011541185173604	2.3506875
1cc/97a20a4887b76	2.9534351941541783	6.7234375
1cd/0c89f0577e386	3.058562049414612	10.784125
1ce/3a8a32c3def1c	3.2147893663708556	3.3826875
1cf/c7677a3d5ef6d	3.3117130823641108	4.15325
1cc/b50eae0c1e6f2	2.279320151511282	6.967375
1cd/75539ac885cdd	2.5159639231883606	2.3080625
1ce/f0943975eae17	3.2894383908479705	5.5240625
1cf/577aab4921441	2.7426170037475237	4.056625
1cc/3902ea32d4a1a	2.8710198179991795	4.21425
1cd/aadd3863cfd51	3.2745461910738105	9.0515625
1ce/092d17d77b5a4	3.5226948794206225	15.9889375
1cf/59186382b1424	1.3065191229456465	6.905375
1cc/107d1a129b30b	2.3645342842790287	1.1050625
1cd/74fd17a7cf389	3.300069179018479	7.6404375
1ce/fb22638bf502e	2.9811777023486665	3.028375
1cf/2475a5890ea57	2.5438479843884574	2.38325
1cc/a96de60e1905d	3.297098351841773	8.5828125
1cd/da2d24d6d9695	1.1234463588097245	2.186625
1ce/33f0fba2cb60f	3.1699938034383313	10.09575
1cf/c53ea6bed13b2	3.4872705545796734	5.794
1cc/3296004a954b1	2.9401008946030394	2.28175
1cd/021831d749fd0	2.9426616718378633	3.0853125
1ce/6c38502f95360	3.05689655868796	9.717125
1cf/4053898e83366	2.136927647588563	4.2495625
1cc/0dd925cc54ee2	2.8670860787409906	1.998
1cd/13a99d51408ef	3.1089513875149293	4.510875
1ce/3beeec4cc1b68	3.1635948438074313	6.2315
1cf/134464db2b1b9	3.1038138477383628	11.2898125
1cc/5eedb43f9eece	3.4499888432326173	5.177625
1cd/2146882d6d6db	3.3847285293183345	11.9385625
1ce/06e06eba214fc	2.6565758524112715	3.6744375
1cf/e773a8695a3a1	3.294212317961308	5.5249375
1cc/b46fe2e3dd59f	3.0297192082494777	4.9963125
1cd/7b6db9903eab1	3.052471356855399	5.72
1ce/e0a23c6c72036	3.331144124847654	7.846375
1cf/afde054741e30	2.496642539279877	9.96225
1cc/e2d81615bd474	2.41095901032464	7.324875
1cd/d7bbd55d1016f	3.15539269967575	4.8219375
1ce/64a11dce6e788	1.9615080470015722	2.1305
1cf/b70e15a6dd86d	1.6403465390978607	1.105125
1cc/8e4381ec1ab81	2.9749226156371056	2.3246875
1cd/413f7aa5dd664	2.9879309371138745	3.6080625
1ce/4cc00a3c86946	3.11349470133763	5.651125
1cf/3497c5f70ea6c	1.1243935985585234	6.2809375
1cc/4fca7093474bb	2.490154272429051	1.2728125
1cd/9354f80df3cc9	3.451889172315766	12.4058125
1ce/7aebd7b00986b	2.9113724517159656	8.338875
1cf/a11e595246f50	2.637991043448099	9.136375
1cc/f1b47b2c02bec	3.445750023595912	10.758625
1cd/f6db3a375ba0f	3.154663103148809	6.5021875
1ce/a1d521108eaf8	2.6279457345621826	1.9708125
1cf/d75310a309998	2.1148683496718266	1.393875
1cc/da8e7bc3f81f6	1.0987146225350555	7.9194375
1cd/0c14037733c84	3.2459080683204875	5.0614375
1ce/1dfd2889c2c25	3.3059192960681214	3.526
1cf/d4d9a311ea8aa	3.3102691946996594	12.712375
1cc/04028e85edf83	2.6870977784538583	6.9595
1cd/c231f5ffc4a5a	2.1147409576693357	4.87475
1ce/1a36d396954e4	3.0711158499054547	4.2416875
1cf/731c8d3e0ddcd	2.4847443630297468	6.683125
1cc/8e809c00a1338	1.082051349938615	1.504
1cd/79bdb4bf9b758	2.9336576240904435	8.50425
1ce/06ccbfd365ccc	2.5657531482708187	1.39625
1cf/9a87610eb44b7	2.7423870865118896	3.3215
1cc/4c1c3976bafbc	1.1153376630523462	2.3221875
1cd/64d5230283820	1.9329303698578493	6.324
1ce/f57b6a4f2895b	3.0127107274592073	13.7835
1cf/746b2ec2aed63	3.1122605938593555	3.8051875
1cc/54639222c98ab	2.040470719965627	1.3709375
1cd/6a73c7d55742f	3.381409989432747	16.95575
1ce/e014d3323d8cc	2.2826483436723235	1.4873125
1cf/0687f0dda3b0c	2.626212305279801	12.2123125
1cc/01e32c41f3284	3.0791953089659962	5.7971875
1cd/cdadf911ef124	2.90009339925575	7.5545625
1ce/37db34e67e36f	2.6073839890356423	2.1001875
1cf/74270b8965d1e	3.4120248250782517	6.978625
1cc/8b903e64324fc	1.2042313644062785	2.7583125
1cd/d5079ad91d04a	2.976720596050366	11.549625
1ce/52da84f58ee31	3.1969922797519574	3.6595
1cf/01d2e776b9fa9	2.8533148286164334	17.6885625
1cc/4b1c5cfc6ce07	1.8496723496046683	1.682125
1cd/997bd20856c03	2.7814977127294074	9.908375
1ce/07cf5d478b77f	2.2532645640348643	5.535
1cf/94791b4f715f1	2.870916593332324	6.8249375
1cc/146203ec69b73	2.473749402149543	4.014
1cd/50e5244d2d662	2.175029194264961	2.603125
1ce/ff6773d192148	1.1542961261811653	2.01875
1cf/f6ca3566c5146	2.5285824954688705	7.223125
1cc/5e44bc99c35b5	2.873668838567381	2.4173125
1cd/e80d47a82fe3b	3.155355933904442	2.6066875
1ce/6405f1485e943	2.688252016580611	3.02875
1cf/9d5e5e67b3e55	2.744247538215832	4.859875
1cc/3a6f4e57512d8	2.1227777919160555	1.80875
1cd/ae981c36ab4d0	3.3841696033825204	10.078875
1ce/118984b7fbb9f	3.0817300179091545	6.7124375
1cf/d3f83baffeddf	3.262959670901567	3.9880625
1cc/ccf22399b8131	2.837004740000783	3.7014375
1cd/ea5b966d55a4b	3.3239427294123454	8.645875
1ce/7504bf42da7b7	3.0077212475289694	12.035875
1cf/46ecc4050aa22	2.1453980808612685	2.104875
1cc/7b5ec39e093fd	3.4563849427641204	11.2369375
1cd/3c5dea7cd3d3f	2.9050274259323943	1.104875
1ce/9d527f12e92e8	3.0614898981052123	5.779125
1cf/e5bdf9df04aeb	3.0018071263808466	14.888375
1cc/e1f0994f7f350	3.0974813960947007	9.0823125
1cd/ee0b610375c70	2.768026525922677	3.9919375
1ce/eea2ee6c92864	2.9715540718041535	5.1025
1cf/cb72bfcb9abfc	2.080848745106772	13.5264375
1cc/c2410f20e85d1	3.156546660700116	8.6963125
1cd/c614e84c1fb55	2.425969090716518	2.9231875
1ce/4ae4de45dfbd9	3.4112217077673783	8.07725
1cf/7fb46dca9c7f2	3.41148543593569	4.8983125
1cc/c7895b7bd8e88	3.28460965894986	5.17175
1cd/4688651f9affa	2.884607686138882	2.9901875
1ce/3762644d6e6d5	3.247509191261397	4.3451875
1cf/7e0c24b53fbcd	2.2874854459209417	1.849125
1cc/a98a9438aa405	3.3473114031084434	12.38575
1cd/cf23585319cb6	2.491558036380751	3.845
1ce/22d9ddc1dc123	2.4366100563726443	2.7871875
1cf/df1b92e72f2e1	2.846282077713357	1.652
1cc/c31d2b64f1473	3.336225354532774	3.8456875
1cd/3a012957de318	3.0821259473890286	5.2130625
1ce/50bef824beb7f	2.4515018165609055	8.959875
1cf/d36834999856c	2.5631714167146513	6.795875
1cc/4de166ba370e6	2.1184015379232806	1.849375
1cd/b2fc475fab89a	3.162794854015176	4.045
1ce/7ac6533fe2d38	3.0972365822466568	3.816375
1cf/d344a1296d81f	3.3250158718531573	2.28925
1cc/5c2158392c2f2	1.7137490270705587	0.8783125
1cd/513721429dd4c	1.2500572610414908	2.071375
1ce/92b8c0259973d	3.184286737824056	4.317125
1cf/a6446808acdd7	2.8103472155292826	7.145625
1cc/dd53d0ace35a8	3.0817155335145126	4.3793125
1cd/43057164aca35	2.87097541613014	3.48625
1ce/8c3a102481abc	2.6406764140840546	14.648375
1cf/6719d80d02d4e	3.2982990818522113	5.359
1cc/a36e93598266c	3.349812029994913	14.711375
1cd/e0b6004a5bc31	3.215662100222989	6.4194375
1ce/b6c9892071cc8	1.117727618502224	2.990125
1cf/5c931bbc54132	3.468036793198937	6.0385
1cc/766a2be3e7e87	3.1828416557279056	7.933625
1cd/5000cada1507c	2.157347801022516	3.2518125
1ce/a29cadf164449	2.7781945597208964	1.2379375
1cf/22247ab93466c	2.993826415948796	13.1790625
1cc/5f92094163768	3.210323272618832	2.301125
1cd/61923cbf5d62e	3.228493103890025	7.472125
1ce/bfc810b1348c6	2.345960814278013	2.6315
1cf/31d1626d528de	2.839906957385336	2.886375
1cc/cc1b0dcddee62	3.180174870456545	6.0515625
1cd/8bed7e188c922	2.7517963263902936	6.00825
1ce/bcc6af073a3ee	3.1539544109809747	5.078
1cf/3af34b9d8f49e	2.585890163290952	1.2010625
1cc/13f9d4df5b660	2.7570707205099216	15.07575
1cd/821016a037eef	3.355325099780908	7.828
1ce/b9a32967c6c1a	2.851110483319816	7.634625
1cf/12069ac9e724d	2.9745014543656594	2.8838125
1cc/08db13a99d7ab	2.855766344045	14.088
1cd/9ca70d18c7ae5	1.1175909790284748	1.2015
1ce/f4f2c76d2db4a	3.1032792925990127	9.6581875
1cf/abaebfbe72e59	1.439059700297558	1.151
1cc/1308294b50546	3.1110939154456427	17.9888125
1cd/58b5606733146	2.8432777246326806	3.53725
1ce/292cdbf769d43	3.5184197846175267	21.83325
1cf/f140fdf539ecc	3.4022532620942636	4.648
1cc/e5914eb81958e	3.0397725329844207	7.36025
1cd/89cca04c8eefe	3.165497547286871	21.3905
1ce/7c6b9b9045bb5	3.4776442489877746	10.3830625
1cf/94c4afd9333e1	2.937507968914047	4.6425625
1cc/57eca70901598	2.943473212959902	4.28875
1cd/3f63dd7437b46	3.2321243607148538	3.7550625
1ce/79ace6495e2e1	3.371301603721847	3.902875
1cf/0927e0d763d63	2.7562981444425905	1.61625
1cc/2f4df6ff396ef	3.3726626771991985	3.2000625
1cd/c46824c3d06e6	3.443161965236828	8.8986875
1ce/9b8c5bf32b26d	1.9971267340122896	3.6401875
1cf/4025bb555390b	2.913449926824132	12.780625
1cc/cd952cddaaff2	2.794496792766468	3.1565625
1cd/e0306b0fa496d	2.3382676916442273	2.1005
1ce/44e15d835f017	2.108943486841838	1.057
1cf/3d5212922a576	3.3055353091965602	9.7708125
1cc/54664548e0684	3.29982651366376	6.0194375
1cd/b9b7de0c27618	2.0669990076042177	2.693
1ce/1bdefc4f79adf	3.4827753718519707	5.50075
1cf/99de3ae5e74a8	2.277093956074999	1.9696875
1cc/f036402a8add6	3.367456946524175	6.581125
1cd/be1c443e58b83	2.532135258755431	2.3491875
1ce/42023120a77ab	3.3099415137962964	10.67975
1cf/00c1c63895dc6	3.1774301853486087	4.5658125
1cc/6a925a9610229	2.031110248436641	3.941875
1cd/74138389d5b18	2.8754757906148525	8.49625
1ce/6a6cf44066182	3.305155393706194	4.561
1cf/a18176e64c32a	2.242268536356133	9.1795625
1cc/40117ca85a418	3.34013140171346	8.8100625
1cd/0605fb4327a69	3.03526299433114	1.9224375
1ce/f4a8b83f8d6e7	2.9455223392528955	2.1349375
1cf/a7f38366f323b	3.078729600930173	4.7140625
1cc/dc5c0f506aa01	3.1231088648384824	7.3998125
1cd/1fb9ebb9b2dc5	1.7034396953041704	1.5165625
1ce/321f28f487451	2.7527451193233747	8.7595
1cf/be606ab3740c2	3.2321830460194634	4.8375625
1cc/649dc62a2353c	1.0459256079409809	5.7316875
1cd/26b0d929d9bd6	2.5209472115915226	5.9123125
1ce/38a488d022149	2.3777796702105998	2.6898125
1cf/20731679b8227	1.120528863337105	1.230625
1cc/5751c0ad059f2	2.5092365897380495	4.278625
1cd/f8eb782fbea33	1.900063775652511	2.1135
1ce/20c2a1eb87094	3.4147073368967242	3.0973125
1cf/20343691a371e	1.6697966081835005	3.1270625
1cc/f9d20a1f3f8ae	2.878622672092585	2.4515
1cd/f8cc38b6dd2f7	2.2076772888256624	4.1573125
1ce/98dc6821f6ac8	3.3463879883125514	4.038125
1cf/bde1cbf20dcbc	2.4341184488527516	6.9255625
1cc/d7042f30dad13	3.4266094050834326	10.1918125
1cd/637a7abf970ea	1.9115575162397922	1.24975
1ce/45a9cae9aaece	2.653792276195258	2.258625
1cf/135fdf736576d	2.4589445494940407	4.0965625
1cc/eac892ef1d046	2.5147850422263582	6.7418125
1cd/d66125ebdbdca	3.377238833558549	13.0244375
1ce/e780a383d6cb9	3.106933795976263	7.1258125
1cf/86a5d82084831	1.1045520995869345	3.079125
1cc/2f61f3afd2ca8	2.1106421449305888	3.0716875
1cd/908613fa72e02	2.8954474512872994	2.485875
1ce/e6cb3ea081d82	3.019057234742871	11.825
1cf/d7ba6afb43f71	3.106407849159191	9.978125
1cc/8caf05ffe5dbb	2.5712043490728	3.5105625
1cd/8c6c18957986c	2.6300721100585327	6.103
1ce/758f7d02a847f	3.312770484585641	9.8189375
1cf/397c93837030d	3.05491684907416	2.0015625
1cc/74562c17a0262	2.5781405275170286	5.534875
1cd/5ec4f8bb06ada	2.905808913715428	2.2445
1ce/c022fdeec1964	3.0171397077223996	10.1951875
1cf/2619a2abfef74	2.5095435917008992	2.0181875
1cc/819debdf3db53	3.2526368098806744	5.6891875
1cd/0917d11b40fb6	3.1775270594487495	3.5398125
1ce/4f8aba56d53ff	3.1454334516186933	7.4833125
1cf/070dccc5b270c	2.8645724555584406	8.94425
1cc/826d877703bd1	2.8834084188384694	8.8955625
1cd/5dce0fab41fb6	2.8488968139588344	1.5251875
1ce/0974220a0922e	2.3088588546253725	2.2651875
1cf/4a703d7ef6917	2.286490886326302	5.9806875
1cc/2b3941cf342d2	2.348429805894806	2.02475
1cd/f1f4c94ea4356	3.3307291414676508	4.77775
1ce/eed4d0baac378	1.7013165636203909	1.973375
1cf/823b725e186d9	1.1129816844933325	2.155
1cc/97b2b88409811	3.354669764048872	8.426
1cd/6167c17e1d808	2.5485776847622095	3.1440625
1ce/ba7dba087ce50	3.1065937423456096	8.7593125
1cf/f2984a9d9c293	3.354030152722236	3.2850625
1cc/a436f6643e3c1	1.9745721956495665	2.1925625
1cd/57bf7d2bc1395	3.258039376074702	6.0053125
1ce/d77d322028baf	2.56738133258474	3.557
1cf/de3bb61f12074	2.539498816435464	2.8246875
1cc/465568ecbee22	2.5843357804410765	9.1145
1cd/6dbb2e7a831f1	2.9163557033206153	8.2989375
1ce/752c935bfb817	1.114897946657941	2.807125
1cf/4b3ac7ee8cd18	2.828453744096575	4.924875
1cc/066782c657c9b	3.1627686675684927	11.5738125
1cd/0eafcd8ded117	2.762209548285144	5.6048125
1ce/161ed3d429a0c	2.376063628094859	2.5018125
1cf/3b50ed4f6d3a6	2.5112835522738326	6.2605625
1cc/c9c71b3ca7a79	1.760601815626563	2.223
1cd/0c274b830512f	3.2237188188740045	5.3703125
1ce/a54a212478548	2.5818422150392832	1.4418125
1cf/eece1d900dfb5	3.1504567052470107	6.3629375
1cc/083c58b8892d1	2.964364725776182	5.9613125
1cd/c9f4229dc6760	3.3647428902360326	6.176125
1ce/93bebd56fadd7	3.449961575168833	8.9425625
1cf/0009f20bd2c7a	2.9398869162597348	4.1071875
1cc/78dc1ef46e173	2.876401576642861	5.577625
1cd/231f5cb7c2705	3.263884032594234	6.6464375
1ce/d4d5d84421956	2.953108183255476	4.68225
1cf/f65f442328d33	3.3353503706664713	8.79625
1cc/6a71cf43c8dbb	3.350788134953555	18.971375
1cd/49c84218b2bff	3.2447009006673753	4.032375
1ce/6cc03a97a23b3	2.1861246145461384	1.202375
1cf/3af71d6471be8	3.2745778006060027	13.156375
1cc/e31fd72cd495c	3.11285815548154	6.206
1cd/708d05d105ae4	3.451380002388548	23.93675
1ce/9f78af57828b8	3.0597668581690387	2.4045625
1cf/c9730ac8c2fde	3.3953748130378085	18.7064375
1cc/746dd6c84dcc8	2.7742806672282474	6.766
1cd/47820054a702d	2.6554107016618214	1.393
1ce/e0f48706dca58	2.6607469477285286	9.173875
1cf/ad9ec9771d958	3.3245726518930048	9.42325
1cc/e48569bba9823	3.4788343397364727	10.5683125
1cd/f925af02dcda4	3.41321456355664	10.5148125
1ce/b316693679f93	3.2093311630226644	7.2115625
1cf/ef6b7a4f08149	3.241182043006214	4.898375
1cc/127c7d23df566	3.024279671606424	10.228125
1cd/2753b3b4e11a4	2.6746611950017134	1.393875
1ce/78fd741a9ac23	1.7693588976985417	4.862875
1cf/3bb1a9b0cd8c5	2.984983618220351	16.92325
1cc/d57f81b3a8537	3.1320639192243966	8.576
1cd/a0da161f24136	2.8806169184263375	3.115625
1ce/0734e13a0b52d	2.8837731389253247	5.6539375
1cf/b18119c3f70f3	3.451475546823503	8.338125
1cc/ee443c4796c92	2.0607286119633246	5.8854375
1cd/29e1dbbfe3de3	2.362423642826132	6.164625
1ce/9adb19767aa8a	3.467621184550127	7.274
1cf/8b0adda83381c	3.367858589632339	11.894625
1cc/9d88e7eaad0b9	2.8681057558118837	6.1438125
1cd/6204866858d8d	2.821794714196176	4.7284375
1ce/92e2f9e096f5e	1.7029425050511449	1.8465625
1cf/b3ce16c2316bd	3.235363780324794	5.9391875
1cc/c4eb004e8a928	3.1783117696395107	11.4799375
1cd/31b70c308e1a9	2.5209286018246573	1.55125
1ce/c49694e22f200	3.0557165445381687	6.5096875
1cf/28ee5af018cff	2.691074894586417	2.9808125
1cc/6b687130c1fd4	3.2717761302438637	8.8536875
1cd/d01a24c6e40fe	2.680729761858255	2.778625
1ce/a89a5d6fe8b31	2.493046541263002	1.9646875
1cf/967fb88c0340b	2.4259188411316415	3.886875
1cc/922c0048777fc	2.3488890796323965	8.2685
1cd/dcc9d834cb6b0	1.1131108607789968	1.73075
1ce/5b4a74a60c5fa	2.156051697045397	4.4385
1cf/61abb733becc3	3.397228023534011	22.7289375
1cc/47346e89b133d	2.98977814056475	3.716
1cd/970b51a1cb6b0	2.5729267356834202	10.53425
1ce/0654696372b53	3.1518205179794743	2.258625
1cf/2e7f1f6724474	2.9852859922530217	10.2800625
1cc/916ece0e47b9c	2.978084858634001	10.922125
1cd/f557c92b2a0b4	3.392500452623039	5.169625
1ce/41f0959c3d3dd	3.1709191865096424	3.3499375
1cf/26690dd90936b	2.2563310888929013	1.6449375
1cc/9e67a94cd60a4	3.3805739317369654	9.6720625
1cd/16e13300d6ede	3.2444706663179987	5.713
1ce/4023b4ec48c6f	3.417383593234048	3.3926875
1cf/3b9e71bb21b64	3.143827968593475	7.573875
1cc/a36ae8cc0eae7	2.352411645689031	3.0601875
1cd/0af5085e0fe47	2.4702664320472754	2.7839375
1ce/625392b9c0985	1.131699530061881	1.280875
1cf/6dc4cf4eb77dc	3.0151071751342955	9.3675625
1cc/4788051b3cb3e	2.41398880960631	2.790625
1cd/56422931e9d6d	3.5297806521924033	15.914125
1ce/a952f1e74f9a7	2.8273849854919226	8.2253125
1cf/74f1a70868430	2.4438707840171197	1.15275
1cc/d4dbb578e4588	2.8113935049000687	4.030875
1cd/4bbd4455fa284	2.9640143037367976	8.3273125
1ce/42c628c3ed11c	2.7052375907933754	6.6041875
1cf/9b00e4478a4bb	2.916924928653784	7.3669375
1cc/5bf7792881f77	2.5189504032465537	8.6873125
1cd/bb3109d33f667	3.4222621009246326	12.5454375
1ce/4dd903a892c55	3.3181863800899905	10.5745
1cf/bb2051b0bc481	3.184357327497133	8.3899375
1cc/584a9305bc024	1.0836068754838701	1.9311875
1cd/08c37ac97dfad	3.049117148846998	2.6349375
1ce/6dfbed88bb9e3	2.7522604953228442	1.849875
1cf/9d37b904cf3cf	2.8801136509464316	1.101
1cc/290ca31d9afac	1.750807729987133	2.41
1cd/f5831b5d958a5	2.3250223412074256	3.3026875
1ce/72e02345832f5	1.5763365243416998	2.39875
1cf/8331846507465	2.9596619631895145	8.4226875
1cc/dce13556e6710	1.9846282977757588	1.6193125
1cd/b150031513108	2.668443335012884	9.297375
1ce/66d15f6a4c1e9	2.8776250799846266	8.5093125
1cf/8614fd64b30eb	2.9451421324896625	5.9813125
1cc/2b9545b1e32a7	2.906871729712808	6.3335
1cd/51d8963d50562	3.1764589030588684	11.65725
1ce/7d82a66039d20	2.7052065792837903	2.3713125
1cf/9a5ea888a57ba	2.2492738477600067	0.9611875
1cc/afb590962a5dc	3.1793941283326834	5.688375
1cd/39fc5b941a9ed	3.298074866238742	10.85175
1ce/3ce0713881f1d	3.4613475995536684	10.1930625
1cf/e2965b91cfd28	3.024540872386471	9.58575
1cc/53393510fd223	2.688242344233252	8.1825
1cd/91ec597936870	2.677550801486506	11.7358125
1ce/d7142139cab97	2.967440217172611	2.347125
1cf/5960dcc6d05f4	2.857789266673544	1.875375
1cc/75f61252f8cb2	3.5417412212075017	12.62025
1cd/80bb5a4e9df39	3.099998475080866	3.2771875
1ce/d55e8ca6e5439	3.1742985731367006	6.2053125
1cf/0bebbd0da79de	3.372462948522643	6.734
1cc/104eb17d04171	1.9262981922308346	2.2599375
1cd/bcbb168ab1c18	3.194105051101395	5.5388125
1ce/005cb93dca2ec	2.533257464274108	4.109125
1cf/1a96ccf0ed459	3.19505256724347	11.569625
1cc/066226db2f3be	3.3703948274997555	13.7479375
1cd/bca2138c6f28b	3.2461314220933577	6.7530625
1ce/5c4ec974a01cb	1.2190058776688306	0.912625
1cf/ea1ccb1bf4fd1	2.435351338719808	2.64425
1cc/dcb8193c9cfb2	2.7473234239123037	7.234125
1cd/9109de7fd5fe9	3.074402968517882	5.4271875
1ce/a8037106e7e1d	3.0919309335737815	1.9429375
1cf/91e6753b37435	2.3646279919108797	0.961
1cc/3aedc7dcebf08	3.2603466217991084	11.4931875
1cd/fd00d90f183b0	2.2357289244526184	1.73825
1ce/02083303bc707	3.0704592781163704	5.1309375
1cf/f2ab60f24451d	2.8865020749086394	4.764125
1cc/763b24d3deb77	3.115023598869228	10.5746875
1cd/058bcc0d567e5	1.2373271741779603	2.697125
1ce/50cfd4e2aa83b	1.633047905652789	2.6165
1cf/23955a4f6e05e	1.0936390824088364	1.1990625
1cc/85e0e8bbc3ef0	3.127447070453307	1.1348125
1cd/00156feb73988	3.108507853090557	7.8355625
1ce/091d1cf823803	2.209684717812318	0.9125625
1cf/05d689beb2e79	3.129544305736907	6.5909375
1cc/e8e5a39d7609c	1.1720006520400608	3.4539375
1cd/f44ed5244b2b4	3.4445443201401953	15.0105
1ce/88b9968c95606	3.0774366970778626	3.128125
1cf/704ad9d544bdc	3.1620430270701463	10.422875
1cc/d6a95d650ac6f	1.583526276156595	2.163375
1cd/0696a68895488	1.0748916551923684	2.7313125
1ce/d58c5a2231d7f	2.840996434887506	7.934875
1cf/fdf144b76ef51	3.3984821031418395	2.990625
1cc/4527353ffce48	3.2934536104590606	17.1659375
1cd/8fa4e092f1bc4	3.045241360344145	3.889375
1ce/265abd8f656b7	2.8834462012780957	1.58375
1cf/00dcb461dbbab	3.141947029635414	3.7948125
1cc/4daa39180d298	2.558517976112644	1.6344375
1cd/f21db88f37e67	2.244747869298984	9.665375
1ce/6f407e3c91725	3.2626895596202004	4.7994375
1cf/b0becd1bdeb1f	3.2819286465823456	3.1261875
1cc/778dc04c2dcbd	3.0499901448275253	3.1481875
1cd/b16d4c4e422b5	3.362907386363093	8.2249375
1ce/fe102d57c1c41	2.3120850557386747	1.6823125
1cf/41e1f7d1efa9a	3.0967384875553066	5.098
1cc/ac8d25e8a899f	3.3917646462506537	8.6201875
1cd/db0d0ad096550	3.352243271437134	11.8199375
1ce/c1fa87af71eb8	1.644984739529661	2.3344375
1cf/290d08a49ac27	2.735462779045693	4.68375
1cc/656bf7c5b1a2d	3.360284201279035	4.0471875
1cd/bdbb1bfeedbf0	3.57578589076185	7.40375
1ce/bc1245e9d0d2f	1.8348124701387731	2.1958125
1cf/8c8182e3e41ab	2.639427094083153	1.634375
1cc/a9f9756d38192	3.030748667103983	8.846
1cd/8e993d4d9a27a	2.85289758372421	5.209125
1ce/e00142afb2ae8	3.3042582873030697	10.962375
1cf/8345d066c0130	2.9908119106321487	8.1950625
1cc/66cbc41360676	3.1012284068052582	18.9945
1cd/951e655fdfda1	3.0426327648161235	2.2613125
1ce/3a9f6ebdfb09f	3.047407246146767	9.6535625
1cf/2fbd11cf211c1	2.8358519268550824	8.2834375
1cc/c5fc6c9c772e7	3.1363369234635505	8.499875
1cd/5e7d9ff580c01	3.0441015421775686	4.2498125
1ce/ea39850ce075f	2.8871419278074946	6.755375
1cf/0bd00264fe9b1	3.240660855609889	3.3054375
1cc/be2508283d0e2	3.2496952162626167	5.5611875
1cd/59fc912e9f056	3.393490997982113	10.0143125
1ce/ca5d41d772330	2.3837556995583626	2.1975625
1cf/bfd689c61b301	3.3671752340289207	10.141625
1cc/a9adb4c126ca4	3.1467217196239723	0.9125
1cd/31012c4439123	2.3370675917003725	3.640125
1ce/0272295635f90	3.0343802795509567	8.5321875
1cf/8bcb252943ba8	1.8422111431394121	4.40325
1cc/d64ab2fe5565a	2.7686628278571783	6.5493125
1cd/f2701e9be8fb6	2.504763971522601	1.5976875
1ce/43ebb6127bb61	2.977162373577516	7.380375
1cf/da851dfac253d	3.317771386323727	11.86175
1cc/998a12408b952	3.181046242949869	5.34775
1cd/e26a6ecf536a4	3.0578347342931935	6.2000625
1ce/2000499e40363	2.8776150275896164	3.847
1cf/f3c6f509ec11d	3.1664257391920816	2.4025625
1cc/dcc05f2f063e3	3.2236979812744044	5.1511875
1cd/9f3cb2591234f	2.7695863134196586	5.6250625
1ce/9dc7ca4542099	3.212907848855121	2.247375
1cf/dc4e273cc11e7	3.438969060564333	9.401125
1cc/35fff13ae28a8	2.827245288127442	6.21225
1cd/d9117b37a253b	2.904263186419628	2.4421875
1ce/bd4ac2ef6ce55	2.0439249393801657	2.018
1cf/862693ec24dfd	2.784185757642163	9.7163125
1cc/eacff0955fd2a	3.2954808436396106	3.292
1cd/6ec5c5d8825d1	3.141158932383011	6.5015625
1ce/1b697f591ff99	2.2022273166727837	2.5533125
1cf/124d98f2e4432	2.095001675460839	3.4740625
1cc/0ef96e08dccba	2.8515274285921772	4.117625
1cd/8a8df9d5994e1	2.5439471978769976	3.2786875
1ce/f2e5901811041	2.1119137988536214	2.5975
1cf/0016155726df6	2.73395895769932	3.3205
1cc/e65db32d638dd	2.1485688487261108	1.8380625
1cd/0cd2d3504070e	3.3367718943506466	9.44
1ce/020282a20c508	3.1555094026273713	10.863375
1cf/98a168d628f17	2.390407179100103	4.9914375
1cc/128364d057934	2.3847328492219626	7.3936875
1cd/f12cf611e2146	2.458944530850322	10.9730625
1ce/031ad3b7dfdb5	2.953575816404236	6.6185
1cf/c29760306bb01	3.3232839340204037	8.3591875
1cc/ea9d1f61a7b98	3.1509832012611017	6.82625
1cd/7b34c38a3426c	1.0974341204912903	1.2841875
1ce/d713f41976f2f	2.0738626911806888	4.384
1cf/e918715f77df3	3.265640168075329	6.0883125
1cc/083c598db50f1	1.0691983315076732	1.2739375
1cd/648b365a93ebc	3.1000635002628645	6.91
1ce/60c4747f1e72a	2.7340646233438064	3.1281875
1cf/85c20caada8a1	2.8030530925113424	2.7396875
1cc/a406a1bcc000a	3.3769031135664576	8.9581875
1cd/7ed2510b3ec19	2.9648985823206426	12.2475
1ce/cc9e3139ba6ea	1.9540886428393283	5.1145625
1cf/7b015742b8389	2.7916200622665386	0.963375
1cc/75705445e804b	1.995637454412729	6.303125
1cd/f8ba4d1d64c51	2.367549080466029	2.381875
1ce/c8768f8a120b5	3.0582275106207675	3.117625
1cf/95c12a680887d	2.9393233588511665	8.1491875
1cc/754c5adeb6257	2.900560015390856	6.943375
1cd/b60366d546072	3.197262720201399	7.18175
1ce/c5024c49f8a42	3.1167777677989927	9.025375
1cf/aa966a73f0771	2.6425676554269977	2.8680625
1cc/d01e4748bc838	3.163871034113265	4.322875
1cd/d1bebb3b96510	1.8170927965297157	0.9613125
1ce/b63b1473a74e5	2.739701326153259	3.859
1cf/912b33b1e7fc8	2.7602766274935195	3.078
1cc/b5b6ffdb9e958	2.7550768569663027	7.903875
1cd/c74e9db49698d	3.4082423650760063	7.1028125
1ce/f34962599bf0e	1.6885055143469783	7.6815625
1cf/835f3c68eda20	2.1463362609575554	3.0299375
1cc/e6d4497bc82d7	2.836289549487327	6.4938125
1cd/60b5f1dfe9ca1	2.9074409853996515	6.1985625
1ce/05c44f1912daa	3.3429839318382593	5.069375
1cf/b64277b919146	2.600549107707491	9.171625
1cc/367b8c24dee20	3.182201181753096	5.6491875
1cd/3e5ad55fd059b	2.5765588303142115	7.10225
1ce/b523509cbd216	1.2546620317822152	1.033875
1cf/6abe23eef3e14	3.4573358212003145	3.3243125
1cc/b35e5e7a92a0d	2.984581178749427	9.5859375
1cd/01474afa7bbd8	2.1665036222893477	3.7501875
1ce/f186a0bf67369	3.308332505192875	7.2650625
1cf/d596750e6952f	3.2356877706619636	4.0863125
1cc/5aebc81ca0b4a	2.4404169684676575	0.948125
1cd/2cc993df050f4	3.379428429082288	21.0951875
1ce/6b8756bb74518	2.7248887829159867	5.5095
1cf/cf01e36529cc5	3.2229478097066058	13.437875
1cc/cd9bbbca57b8d	1.2216894165368095	2.512625
1cd/30464568b85df	2.7894977540399153	12.3115625
1ce/2bee8541e8874	3.3598096984723798	4.6809375
1cf/284447084c0a4	3.447306761164629	7.836
1cc/0d183db4f3729	2.9736406772648594	4.6541875
1cd/973697e4b8049	3.087720865756801	1.6450625
1ce/086255e29f86c	2.188097881478832	1.2975
1cf/af966161cd3a4	2.7653170804106546	5.6873125
1cc/dddfd04b2485a	3.478351043761196	12.318625
1cd/ba58d3684928a	3.039190164830495	3.9693125
1ce/9b131e35fde4e	2.905987861247025	8.8644375
1cf/6f8f0bf50de76	2.6534490554890016	2.8479375
1cc/790a13a2d3c9e	1.1317334652461184	2.3438125
1cd/c0d124b31a6ee	3.109967849832642	8.988375
1ce/1a8c5513f32a7	2.4679156833021825	6.870875
1cf/9455fedd4af92	2.2492697621924003	3.41325
1cc/cab395bbabb5f	2.9491098142640864	4.1186875
1cd/a95d5cdc846dc	3.569980868339139	5.1541875
1ce/493a4ef7ae3e5	3.1300074393112407	2.614125
1cf/1a29cc80fe12e	3.187078249731645	14.322875
1cc/d5b7349313bb5	2.6171819573959745	2.795625
1cd/a6fa44b315e9f	3.1730963843732702	2.8525625
1ce/42fac97a2ba67	3.269310104666976	6.5370625
1cf/325b9bf4eac41	3.34887591678245	13.457625
1cc/3477987fa7a2b	3.3645377868409674	6.44575
1cd/f80918d8f9a8f	3.2631557381197394	4.2613125
1ce/c14aa9a0bcaa5	2.8779797924216766	9.34225
1cf/ed802f871ac9c	3.3220787797248734	10.368875
1cc/ffd51c59c5499	2.372273338021155	5.388125
1cd/9a0ce334ec775	2.150699566029728	3.7193125
1ce/34fc9c41edfd9	2.778194649476453	4.0360625
1cf/b2292ece6f339	2.315645914850509	1.585625
1cc/1c6dd3b0055c0	1.8987430019633411	7.297
1cd/562517ce0a32b	2.3883316179397385	2.609125
1ce/d2b15cdcf65dc	3.2112906199570697	12.2331875
1cf/57da40fe51856	3.022020726742316	4.4813125
1cc/0effe804b3945	3.1087089999876514	3.822375
1cd/0c946ab78f21c	2.7810809045553277	1.3930625
1ce/d07eed1ddcbda	2.9994600484263927	6.0300625
1cf/a0b49aa5ecfeb	3.3556308972722495	14.48675
1cc/00b3258bd9ad2	2.9195086050950434	5.2325
1cd/ff86caf089eb8	3.387787706034119	5.4075625
1ce/69769e866d095	3.05868164533246	11.527625
1cf/cbdb7f44adeec	3.1227763788353333	8.7625625
1cc/7bf6ee8ca4fe1	1.2405687892760984	1.9600625
1cd/3722e9f4fa578	2.6806082368711173	4.6195
1ce/a194654e44bbf	3.0598512845469847	3.337875
1cf/5b997df6956e6	2.2174373683590667	4.7481875
1cc/4e54a7b0c828e	2.8026424592256385	1.4268125
1cd/df1a1aba06278	1.2447393154382833	7.020625
1ce/a1b9380c7960a	2.2013310656471297	1.953
1cf/2070b41ce7522	3.2864674395049107	7.8585625
1cc/d327d656a16b9	1.7299902064777932	6.506375
1cd/416a0a8ac59f3	1.6615185996628852	1.297125
1ce/f92c811186e7d	3.297580587088156	6.018375
1cf/dab502cc63d4b	3.4132196329075914	8.803125
1cc/694a1d8b079a0	3.1711344139797464	12.1559375
1cd/a2ee950ffb4a6	3.416840297986821	8.6645625
1ce/cc3f884d8b979	2.0736753220934645	1.527875
1cf/2930ea60de091	2.8667334589900912	4.2800625
1cc/28d89acc287d6	3.2263044489865242	5.17475
1cd/8bc57f2bc031c	3.3740488642652906	16.6768125
1ce/9a2e106444b43	1.5003719932462063	1.153375
1cf/d58caa17f8769	2.4733514578585547	15.4605625
1cc/0d8303170f4eb	2.3461298235309673	2.4286875
1cd/01284f3fb05f5	2.775133551766501	13.7600625
1ce/9c105051f804b	3.254988930610999	6.2510625
1cf/0db34c7d0cc5f	2.581811545108006	3.61575
1cc/16ac3c8e39f45	3.2398468226149104	5.5188125
1cd/b47d75d7d244f	3.5029271574342467	7.7425625
1ce/f2c65cfb60d0f	2.49232873097634	3.17325
1cf/bff0c8494d345	1.2305118377745559	1.3461875
1cc/805867dd24fbe	2.4187913465340576	10.70575
1cd/f184f45cd4061	2.0680414099406477	7.3406875
1ce/287c1e057ee5c	3.428101755927809	15.6998125
1cf/3747a3d079488	2.2925994688728983	1.63425
1cc/158d188380a47	2.978535990384358	4.803625
1cd/0f86ce046a349	2.876209052081516	1.586125
1ce/072600144c139	2.3654338155045744	4.9294375
1cf/75a3ac076c042	3.027124752199746	4.5725
1cc/ee945bb64f349	3.0103939561286346	17.1414375
1cd/1275aecc61fbf	3.361003076462333	12.5323125
1ce/ee2bb538c63ef	3.2471724939062576	6.3773125
1cf/8d3f2881ab672	3.1904665034825292	5.047875
1cc/c37c9df34b7f1	2.495998262577294	2.0419375
1cd/43de4e94eb76a	3.183678725769735	8.298125
1ce/90c97a840ff15	3.2064514780566746	6.194625
1cf/0a6cee92dc4ab	3.3972492527352545	11.5124375
1cc/6feabaa4b2053	2.324015912376391	0.91275
1cd/7821c5360b997	2.7324153364826524	0.8406875
1ce/0967b0609c7ea	2.9893735603944704	9.2863125
1cf/d09ffc9555417	3.2558854907400643	4.2338125
1cc/c6e792e085e42	3.3147198734043917	5.786625
1cd/ccd5c8d723168	2.8417444158327436	5.9554375
1ce/74f9732162769	3.0660121917240795	5.246
1cf/f16ee8d4efed5	3.350479266103917	12.60375
1cc/3ee9256b7db13	2.504070523302997	3.579875
1cd/55a8e66a26659	3.0129951030811646	3.3086875
1ce/9a8886bc2c889	3.075639877172571	11.020375
1cf/d2d348796c5cd	2.809883224769753	1.6413125
1cc/57d815e2ae604	2.8811471364516743	0.909125
1cd/a03427c7e3769	2.5628198868969747	4.331
1ce/287ec8708ab62	3.137015383349855	3.1194375
1cf/bf8852e2b6b91	2.529244685504869	6.1036875
1cc/5e1b03ea71b64	3.4251365745425137	12.580375
1cd/8ec3c2ad95c5f	2.128736976272109	1.009
1ce/93f7a35db0f22	3.1404189993637925	11.2723125
1cf/a33df0334762f	2.7282900774901133	5.5991875
1cc/18e3a89f91879	3.1251831516740984	10.92225
1cd/c7c46fb64bb8d	3.14424631509398	10.812
1ce/8f61b9c9cc80a	2.5394293822447502	2.0655
1cf/3a5e511647019	3.4815529808661356	5.8863125
1cc/4405b5c7fb96d	3.1553044483552766	16.0180625
1cd/b09b42a3faad1	2.8020647605816826	1.300125
1ce/10a300d2b2889	2.6730263355468664	2.6155625
1cf/9f7dd40aeb335	1.71486757597536	10.4766875
1cc/2e2a6978f9778	2.8468556118255854	1.77925
1cd/06668ef1c4da2	2.3119722398643052	2.7685625
1ce/81070cc938460	1.182556294904394	5.4189375
1cf/9a2fc7ce9911a	2.9872951937584147	7.5536875
1cc/bb13899de9ed8	3.245802404391016	5.7644375
1cd/cef5144b5fca9	2.028664119567303	0.7201875
1ce/090fe36c66ab9	3.1212869592312154	2.5555
1cf/36e0c209e88b7	3.0253673698481336	8.338875
1cc/ab52776a56452	2.45267089713549	2.835
1cd/122f2c2f220ac	3.485487129953639	11.2115
1ce/ccb399d437352	3.2232598064011326	8.1735625
1cf/eee0dff991cfe	2.814405027297372	6.7315625
1cc/f7f6de058e0e8	2.1190266216582505	2.3540625
1cd/84c55c2002d6c	2.614469922102758	2.88725
1ce/0ee345f269e7e	3.1988797729933416	4.5865625
1cf/6c3dcc28a7c65	1.4232316869517978	2.0589375
1cc/0219d7e4a4981	3.3068283466969883	8.2199375
1cd/d37dca23b0359	3.0086823728320797	25.5000625
1ce/cdd93a7f55257	3.5137774566661477	14.11225
1cf/d4b396ae2c13b	2.653271177335795	1.8269375
1cc/5206472092dee	3.0231197797869362	3.1879375
1cd/d85086c479e34	3.0986046313824738	7.1398125
1ce/de20ab3f3524a	2.3899577801433805	3.00025
1cf/08c6b3308080a	2.8153555915328505	4.8029375
1cc/63caa1075ef07	2.6892726833612906	4.9958125
1cd/bd3f5f0e24df4	2.815550619147557	5.477125
1ce/f090e537a1aa7	3.0119584298309645	1.1205625
1cf/c9901f5b8ffc3	1.3398607176289539	4.2919375
1cc/bb50710a5f8f3	3.1855423564740435	4.38125
1cd/67583ecc41f42	2.6877311595023263	2.542875
1ce/d2f0a0e5ec7d7	3.399149487953425	5.105125
1cf/df2c0bc959e74	2.7960135825824786	7.314
1cc/0de6c060e5e6b	1.9407202541260709	0.6574375
1cd/4ae7a87d3b120	2.0646103548528667	3.172625
1ce/575f6004d656e	3.032114481137815	8.4319375
1cf/fb6dca8e9ad22	3.243921189891828	10.91075
1cc/d12bf5eba5a2c	3.373899289300625	4.5804375
1cd/e0d87ec5ec633	2.8616932974417324	1.2919375
1ce/b7bbe8b1424ea	3.02924685761777	2.18575
1cf/6274a22ad6a38	1.4831311624893975	1.2496875
1cc/f1446d10c0ac1	2.8131063223748907	1.972875
1cd/2ddba3cb8cfa7	3.2856420506625925	4.5655
1ce/411cf570e53ac	3.052929540359637	4.688
1cf/6f9abf4b84ba3	3.3920220982751625	4.8178125
1cc/77dececa9c9da	2.4921591351341443	2.5874375
1cd/2e715f4260b83	2.6659982895770677	6.3096875
1ce/630f2d0dce772	2.1014506505638977	1.21675
1cf/71889258aec45	2.811194815012206	3.26475
1cc/2d07993a24add	1.9476379034705738	2.4049375
1cd/af865869b91f6	3.1897007892196774	4.549
1ce/3ad608d130146	2.5119628307961444	2.582875
1cf/d1430825ed482	2.4603050879657977	8.06
1cc/f2c46a0d4b705	3.0137966241638563	6.4819375
1cd/a91c65a26a3ec	3.043980665407839	7.2321875
1ce/86afd3e87ae48	3.496922426793792	5.2273125
1cf/4e9084b0f99b1	3.3900124999332752	14.68475
1cc/a24f2ef40787b	3.1770793580867167	5.0471875
1cd/c3405eed4b8f5	3.153369005877191	3.576125
1ce/4e10ef584b094	2.7026106859415333	8.77325
1cf/ab688834cad55	2.3811205858409985	0.9128125
1cc/d1a184a892a29	3.4177214757148744	17.1179375
1cd/ff45ec996628e	2.980642192315016	4.0673125
1ce/a35931579f86d	2.3337309380704583	7.5371875
1cf/cf1dc0b4a4e37	2.497360756725762	4.3949375
1cc/af0964e43d385	3.327493028531138	8.556125
1cd/093b8b4a5b830	3.281513874495156	7.2569375
1ce/8c2bbf26edcfa	3.248435532859491	8.7240625
1cf/b83c6daa9bc32	3.1994238316921995	12.363625
1cc/e8c1722e82de0	1.3959307383487767	2.3534375
1cd/25cf858dd0a3d	2.5921539616197635	4.8169375
1ce/aa6e78cadeed7	3.410682713030217	6.341
1cf/4debcc893ecfd	2.8897558452211443	6.45475
1cc/2f7c1699707cc	2.9959343351753205	2.2418125
1cd/d3e673d83e539	2.5696639782422137	5.3159375
1ce/a95913a5c992b	1.6397016014378025	0.891125
1cf/9d96b2b496dbf	2.910026003322736	6.122375
1cc/a408d09e140c8	2.429119971546471	4.3939375
1cd/9b6ca2d1ac215	3.2646672297674577	17.0168125
1ce/9ce143bc948dd	1.9654302389595715	1.1291875
1cf/7cdf71d75edd0	3.1923048723209564	3.9496875
1cc/edd644da84c35	2.7908001328913583	2.8351875
1cd/a528b5a6a97a3	3.465314524469497	10.6695625
1ce/764bef333203b	3.0215809712638553	3.242
1cf/0560f3e22eca8	3.24717416530551	3.2985
1cc/9cd3d7bf42f6b	2.464419123876413	1.9010625
1cd/455163ffc0372	3.0070864708877787	7.0015625
1ce/f35ce10f4fdaa	3.451672752101442	12.3300625
1cf/189c5408b4d68	3.0793273751719266	5.7715
1cc/7b7ad28eea692	3.3011156745853127	6.415875
1cd/f94c8a94fa702	2.719468581377104	0.8645625
1ce/10a29804bf30a	2.7200503478321765	2.4078125
1cf/48a32a03a6099	2.8860987733356778	4.80075
1cc/5f79e167e5fa4	2.865248509973275	16.0515625
1cd/91b9cc7e03100	2.8702849917984974	3.8638125
1ce/60ae760a41087	2.1594338325937454	5.484
1cf/4c6baf1e1fd68	2.539450969620818	1.9224375
1cc/2471b6bbbb69b	3.390457592696912	15.516875
1cd/73bdd7e315575	3.2695826568334057	2.42775
1ce/64ae38cbc041c	2.40925021399526	2.1644375
1cf/c94cfc84c3fd1	2.8832276488210358	7.888125
1cc/dcd6cd308c957	3.191070298132889	6.4881875
1cd/0d684a37d5052	1.1029806269944533	1.1531875
1ce/b80a188363f6c	3.344515666154198	7.1144375
1cf/4db4ba9e5879b	3.1232852405235554	9.76175
1cc/45a1c03105282	3.280095230036602	11.073875
1cd/9a43cc0425041	2.6480189005122154	2.0178125
1ce/542b43a00c8fc	2.7716307527374098	1.0088125
1cf/017043b5a9914	2.490143170117889	1.1606875
1cc/6f70c1ce32d47	1.9708598493418605	2.2399375
1cd/195b0c79de090	2.6627866196800687	9.42775
1ce/8aa4316ae80c4	3.30951423615777	10.74275
1cf/d372a7dbe156a	3.048464896625607	10.767375
1cc/1eebdacfa681a	3.3859574846265614	5.3045
1cd/be975cd2a7c8f	3.3951787161050055	8.350375
1ce/e2071022260c7	2.862488068876759	7.471
1cf/79958f12b4bea	1.6233099308488612	1.798
1cc/e75a963e2cc57	2.1660663940979132	21.6525
1cd/8a97b39b5acea	3.2571719569584583	6.9665
1ce/1097ae3c15f15	3.029516962304932	2.0660625
1cf/4f8b345207eb0	3.2526378132643488	3.9706875
1cc/615c50b850fe9	2.9960504757807183	5.7798125
1cd/9dcb1d273a2a3	3.3671772347086355	8.2846875
1ce/bcab58151847e	2.6379736282271815	2.7198125
1cf/b00201cf6ec9e	3.1380636376006197	4.8043125
1cc/a907f2abf613f	2.6054230105616845	4.3244375
1cd/9e51d375899cd	3.059566653249307	3.687125
1ce/829d271c9ba11	2.3001916730244147	2.8018125
1cf/a6598ff717581	2.4592296907267492	2.647125
1cc/8fd47f11c070d	2.666536329044506	2.8551875
1cd/ff9e0b15e4eb0	1.7812447097429365	1.249
1ce/465d3d6b8d962	2.5290058095393495	5.4398125
1cf/e10d43812c5f4	2.9492008050283416	6.65475
1cc/dbe0556330180	3.1177778376587875	10.787
1cd/83765c6754090	3.153146821015187	3.29575
1ce/388e0568f66b0	3.264853638621794	7.728875
1cf/12cf538644a80	3.3111723017099846	11.4699375
1cc/17fc9d564b465	3.347740190525722	13.24875
1cd/8049c33f9f66e	1.8758932227004426	2.062125
1ce/1f826276c8a20	2.7825487050333266	2.7895
1cf/ba512db63b4bd	3.1711584924090985	6.0405
1cc/7f750db52eb1c	2.496288011989552	5.132625
1cd/d264d71751737	3.0982621746928203	1.6025625
1ce/115c782591f52	2.82252174241973	5.7075625
1cf/29eb2c1b1fd2a	3.011948573806769	10.28425
1cc/ba47b42e94fb0	1.7498605868223183	4.538625
1cd/282bbf66558af	2.614691955682196	4.3524375
1ce/662252404c2c4	2.6754164730152596	10.2794375
1cf/d7e82ed716e12	1.7903375343860164	6.9608125
1cc/272ffeb0281c3	2.0913525815023157	1.525
1cd/44001db1e7615	2.9093727337755113	3.6558125
1ce/14bae70a34e3f	3.365653312346864	23.0669375
1cf/3aeb02f7ea389	3.3618047232103088	11.600625
1cc/1b28b0fab360f	3.031854059914789	6.1521875
1cd/ad31612db69c6	2.93618000611203	1.748125
1ce/3b2f10912dc7a	2.2506993928488725	4.663625
1cf/032ee0a7f9b82	2.9731024533669883	22.7085625
1cc/c189d5a237357	3.020811808017884	3.9406875
1cd/0018818a5acb0	2.8973884064174915	6.9853125
1ce/78729a1945374	2.381187247935081	3.8243125
1cf/5179aef7710c2	3.3363397649949964	3.1819375
1cc/ac1fb6c0e5937	2.820748264142347	5.9428125
1cd/a65488b37a226	3.1556539343498042	7.779625
1ce/61ce93826b0e0	1.6855034156881945	1.805875
1cf/a58773be42d73	2.318182066226539	2.6249375
1cc/a244259d40637	3.2884979194441897	12.669625
1cd/baae968b1c6eb	3.044870130207654	3.1690625
1ce/b5d4a29f4c42d	3.412603150094655	2.5866875
1cf/8c0e781ff29d6	2.957083336397723	5.8434375
1cc/329acee2a6c2c	2.4087240925525117	2.944125
1cd/22d89c3c27fdd	3.451961177919472	8.538625
1ce/00dcb4bb220bb	3.5287275302404053	9.1065
1cf/b1c4fcb86ee3f	3.0816502280999716	2.24125
1cc/e08e59cc0d289	2.471556560883621	1.4455625
1cd/d1567aa3d2790	3.356094314944129	4.09925
1ce/06b300b261bdd	2.163204670693265	2.783375
1cf/c3ceb954d46c2	2.3441009834179165	9.2159375
1cc/5611e871a049d	3.1045830181756	4.58825
1cd/97ab2943bedd1	2.5014997149726637	1.7866875
1ce/f17641a874a43	2.454295440435052	3.9075
1cf/0907969a418ee	3.0301701224440185	3.619375
1cc/8b0058268703d	2.489875891094631	3.775875
1cd/2cdb60ace5b07	1.5584603712574068	2.62025
1ce/e7f3b00dcbf6a	2.9025173038817753	2.4401875
1cf/1e5af47b86919	2.6961100605092185	3.2079375
1cc/4080dc0269050	1.736765106263368	1.3455
1cd/02e7935e97cfc	2.209032815704708	5.4234375
1ce/de9ec0de338c1	2.303325429225763	3.875125
1cf/7c33d6d33904c	2.5483464263108586	2.1855625
1cc/05c8b3b7baa55	3.5110895468004815	6.733875
1cd/95de65d86bac6	3.385019674323331	6.268875
1ce/3cbf84badcf5f	2.912918180653949	3.6999375
1cf/152d2dc22f550	3.3150748837957584	5.7371875
1cc/790b8b1fec0cb	2.5918322400983422	2.3825625
1cd/4d99ee4b7690e	2.5613795297130966	4.44775
1ce/e597b53cd0563	1.1623103396099435	1.71625
1cf/d30ca89016e3a	3.333869195739215	4.5575
1cc/0390fe168638b	3.2768150558033144	9.165875
1cd/4061476c44e87	3.031470432058573	4.489875
1ce/7795b181e20c6	3.1474158200783036	19.6820625
1cf/c1df4a72d3107	2.4327451446678063	3.4274375
1cc/3770888b9b6b1	2.04360008754269	1.0815
1cd/63be7d97cef66	3.238477854044655	4.663
1ce/49fcc11d9da88	2.17911669946318	3.3958125
1cf/884f643ed7ec7	2.525151664556169	2.706875
1cc/40d4e63146c7e	3.1685523180001507	5.17175
1cd/dee2972326814	3.237683868370527	5.00625
1ce/017cd1ae66a35	3.2087657035935897	10.6485
1cf/d2d9231806cff	2.396074618630121	1.8046875
1cc/f2e51b773a204	2.6800090247938897	4.2073125
1cd/bc858407f273d	2.9885747145362505	4.74425
1ce/b50a867ec0c36	3.270831742446319	5.11375
1cf/ef4e40e47fb0c	3.4868343618614333	4.226875
1cc/fb4534d30d042	2.5500062184435426	3.8361875
1cd/020a32300f4d0	2.6318565459162837	1.909125
1ce/a2c85b075023d	3.061014728275863	6.7014375
1cf/286178a5984e8	2.4165535161581295	4.877375
1cc/44b2dbd4c1857	2.689707335577463	1.20275
1cd/55ad80f29291c	2.508761569925093	2.403
1ce/dadbacec490ef	2.8879231220855837	3.1534375
1cf/4dd2db0e12272	3.2134502721568587	3.7536875
1cc/a38252854c78a	3.3079361296304017	4.1284375
1cd/be40073ffb3a9	3.36474811109427	6.44425
1ce/90c4beea809c5	3.3573135129532035	6.515625
1cf/489a0748e3a7b	3.3444867815494783	7.1600625
1cc/3fd64269fbfc9	3.436055818210974	16.5410625
1cd/4406ab4bd005a	3.334844523557996	8.9554375
1ce/5ab77b5eda018	2.7918600252408474	5.5441875
1cf/9ea09aff02beb	1.936944590099745	2.4558125
1cc/e89bc0fb2ec1e	2.468019834486606	1.627625
1cd/84635f85f67a3	2.388972618397567	7.435125
1ce/6e200f7b7d94f	2.7481664489387727	8.4775
1cf/8e0a4071a07a5	1.73376055083567	3.682875
1cc/f802b2f813da7	2.2589829461165056	6.89225
1cd/ce95caad83b99	1.0997243185090002	2.7080625
1ce/5091669159f3e	2.5170925543274185	4.3690625
1cf/e3329baf60659	3.072649999319955	4.666375
1cc/cd16b5395047f	3.0329843740859483	2.645125
1cd/38444e204f463	2.8507306983788263	3.50075
1ce/d27a9b6449891	3.2918362442328877	6.686875
1cf/7871ae60636c5	2.629695362015125	6.8000625
1cc/897926bac7089	3.2133671857095125	1.8413125
1cd/1fab1840d3959	1.0854386256685704	4.5478125
1ce/7fc6536f173b7	3.196335872465885	3.6188125
1cf/736fa65e02790	2.6132533471456196	3.0771875
1cc/b19f95f54f639	3.1885194873057636	9.165125
1cd/8e6d962e568b5	2.7748170396346676	2.9844375
1ce/42d9d9fc22313	3.362486364060959	9.705375
1cf/6aaa38b77547c	2.4511146716050387	2.6233125
1cc/bf007521b270d	2.4017158790423494	7.4755
1cd/d149a280be539	2.64147592485734	4.10925
1ce/e30922307f838	1.8474350133036728	5.549
1cf/87e8fcdc769a0	2.901538786839703	1.942875
1cc/f8bbd4a2c25a1	2.5869447154619465	1.4534375
1cd/942ad6d90f359	1.3348266830147726	2.877
1ce/ebe222b71d5eb	3.185001599131655	1.4189375
1cf/b8c38a7bccaaf	3.242208405002434	8.740375
1cc/58eea9704cc9d	3.0401887957572056	4.6818125
1cd/5491825a9f41e	3.0606871645176748	11.44575
1ce/78bca11e5d93f	2.512896924220827	2.3195
1cf/b94544d363825	2.5353981746469603	1.2305625
1cc/e0a30ad90d4a1	3.389094733472816	7.190375
1cd/456c577f45782	3.1064553393113328	4.0843125
1ce/e8057e5ff2765	2.995937591008666	10.3728125
1cf/d1e00b038e7f5	1.8775368481584744	2.2124375
1cc/54137eac76b7a	1.1695046640999607	1.1671875
1cd/1e88e716e0700	2.9029727150038567	4.5225
1ce/8dff2b0d64ae3	3.220230023281487	1.775125
1cf/7ad177daec484	3.493643685857657	16.2734375
1cc/138e5043aa325	2.85456400274904	2.7388125
1cd/d83ee95a69bd6	1.8108358490795855	1.874125
1ce/57fb5971f2693	3.2516760357526504	6.01575
1cf/d511024edfb31	2.855184964555384	4.137125
1cc/de6c2c2a22a6c	2.2844020787841646	2.803875
1cd/91b62a71af3b0	3.2624866658836007	11.7750625
1ce/8bb66ea0a1f97	3.115717961658185	4.4255625
1cf/4611614c2e7f4	2.8659622289842677	5.7726875
1cc/d6f83ecd96948	2.6415676709934073	5.431
1cd/aca770c648627	3.481086729776262	13.15575
1ce/6c7cc871d451e	3.155194042738669	3.1995
1cf/adfbcfa0ed7af	3.344543513032854	2.1525625
1cc/d9f0fe13276b7	3.054740507645746	5.6286875
1cd/25718b3430c74	2.4816641287031413	2.5050625
1ce/cb1117854e672	3.0558023264596264	5.2875625
1cf/cc812627a7a2a	3.0536404218814917	7.800875
1cc/0f7d6dfcdf815	3.360338721242892	8.6245625
1cd/e4845f969e784	2.8150905611725277	10.1145625
1ce/0f6b7c838b192	3.1810148812687786	4.3730625
1cf/f9228c1476e24	1.0887773774107947	1.1533125
1cc/a83fe39b45e63	2.167275701644187	6.1395625
1cd/e40bc517679a8	2.188451768038923	3.53925
1ce/fac46b9460cf8	3.3513340600570287	7.8908125
1cf/2ceaca263357d	2.431732472637716	5.0583125
1cc/f91f4e632321f	3.4970693399926622	5.6805
1cd/734fbfa5cd925	1.5732586716732329	3.624125
1ce/9987a5fa5a2e8	2.443679457789096	5.5498125
1cf/4838c754e7204	2.8793319373685398	4.5223125
1cc/1097eecd6802e	3.5086416564790492	6.11775
1cd/163bc30c148bf	2.2197138607280977	3.864375
1ce/0371e7092be02	2.754530220716185	5.548875
1cf/943c8020befb1	2.734107026267955	1.298
1cc/6cc1f00626261	3.226004114591858	5.3555625
1cd/840f78869846e	2.3681414517599744	10.7040625
1ce/13a1206d0836b	3.242110854865678	2.4485625
1cf/630b766506e2e	2.5144284735110047	9.7716875
1cc/175579ae63379	2.234613151102873	22.8681875
1cd/ae5f2066eebb3	3.056809882478147	3.047
1ce/05df89bc8c1b3	2.433491478544023	2.5286875
1cf/da2705d905c93	3.3602332115142106	14.955125
1cc/53bfd6a5dc028	2.8420749729345163	7.241375
1cd/05a5b0e5911e6	3.2481505703155107	3.9413125
1ce/c0362021a37fd	2.322860347714921	4.0864375
1cf/bbd86a33fa648	2.936309196271348	7.3170625
1cc/23133546eec92	3.2054460836208913	3.901
1cd/1fa0f008fe486	3.086219480659829	4.089875
1ce/1c79fb671227b	3.0059595232351097	4.6605625
1cf/c20bfd772db87	3.168874565496337	4.2774375
1cc/5c15578a27759	3.165163654046021	5.2408125
1cd/4770e57161819	3.2076273193318743	9.4599375
1ce/e60c7ba11f55a	3.3846603988492223	17.7544375
1cf/b4a9680960575	2.625299628588978	6.2908125
1cc/fe1936edf3622	3.2045873223625523	15.424125
1cd/02b2fa6860e12	1.7633965639637879	1.655875
1ce/1bbed7b6e85de	3.429143981752638	2.681875
1cf/d7fe41217713e	2.181664302610663	5.499375
1cc/1d3ecce4a2fad	3.1826201499232445	19.995375
1cd/30c7942f1835f	2.8242265208071213	3.4995
1ce/c048d91102fa2	1.0274135992761735	7.411125
1cf/00ba7350a0622	3.0994520191224284	2.812875
1cc/0a8255e73bd31	1.7049929683102834	2.6615625
1cd/c6bbf1d1dc8a6	2.744522723408236	5.16325
1ce/e58e2bee5f6e0	2.4895423285945943	4.7201875
1cf/3603eaf70275d	1.2198642647402784	1.692625
1cc/6c25a36ab9c3c	2.4924619967728217	10.739125
1cd/67bb637f29396	2.694384022849638	5.13375
1ce/d74de80247867	3.186506558888498	7.2529375
1cf/2707054b661b7	1.6444185647406129	5.3739375
1cc/30ace070582e4	2.3709276837091116	4.9040625
1cd/d86fb8bdac59b	3.4822337693906222	4.8625625
1ce/112d511daaf3f	2.929243699909951	5.2453125
1cf/a9faa0df98022	2.4518415150346415	2.15475
1cc/72e84e4f3c573	3.329993301433023	6.761375
1cd/7620e56da7bd1	3.4207462840243927	5.812
1ce/1b38925a6628a	3.212789485240942	9.3635
1cf/47365481cf9b7	1.8516898302348455	3.9054375
1cc/9ccf6ff1123fc	2.7223890060076616	19.8734375
1cd/531d27e5a1d02	2.3275588408750774	3.8409375
1ce/c6776e06d6b44	3.2385065215532682	4.81875
1cf/8c1f6ee9ecd41	3.232470271822706	8.1516875
1cc/8810be12e8edd	3.084569811462475	8.9626875
1cd/3309ee47c1a90	2.437769870778406	9.3609375
1ce/60ebfbb120933	2.278956626727709	1.2495625
1cf/9a9ded163219e	3.0861331300467376	3.269
1cc/c461ad485702d	2.377832317594994	1.30675
1cd/ef985768e5eb1	2.9442650041397544	5.4445625
1ce/2eff9e2b8564f	3.137578418348278	3.519875
1cf/347e6351c451b	1.716571123291087	0.939875
1cc/b62f7655c7d1c	3.3450944264455957	8.249375
1cd/01ccab77119ad	2.590346224279483	2.1140625
1ce/b8ecb8800b96b	2.947565635296349	3.2675625
1cf/e00242fae4522	3.205511324104585	9.7008125
1cc/50978c48d108f	1.6456187661123076	5.620625
1cd/5d018cec8fb75	3.0861521706873676	12.494625
1ce/0f49f7b0811c7	3.4535966209783644	3.385
1cf/dacebc68f77df	2.355122077218285	1.879875
1cc/3d1c6e4335e9d	2.7204865510601284	5.2030625
1cd/c9db972854058	2.8504856894554615	2.1915625
1ce/ee76d61ca69ce	2.975383832743788	4.5400625
1cf/a814fec86c86a	3.4215817387324905	12.9176875
1cc/209e6b4408e63	3.3223632290267564	3.46275
1cd/b00945ad3dc27	3.3749065346811924	5.3075
1ce/a9ec1453052c4	3.340120177514833	26.0961875
1cf/94ee3c8fccb70	2.8204638933539936	3.9128125
1cc/fa95128e95a50	3.1609506046978653	6.3100625
1cd/1e05722fa2841	1.309169811826129	2.1213125
1ce/079f30edc57dd	3.4613798623876604	6.0305
1cf/207d5513736e0	2.7273135018996935	3.197375
1cc/ef8d24321df87	3.3566756683087884	10.2988125
1cd/45a7a856501cf	2.8791907791292086	3.9890625
1ce/592bb39a92cbd	2.5552249193008327	3.5279375
1cf/06e648d578f18	3.197606337287085	11.52075
1cc/366d41ef1fbca	2.964697081439481	10.169
1cd/d9a32a2344f99	3.2193427828815864	13.60275
1ce/00ac96c18e51c	3.1574132104137114	5.2388125
1cf/8b857031e778d	2.318438720233436	6.317625
1cc/c14ba4e1b62de	2.7601177880057137	5.2841875
1cd/8f9f6f25de6fb	3.2919824502505706	10.695125
1ce/98d3c3eec2304	2.1288276852397265	1.166625
1cf/a898369604174	2.74513526271828	4.242625
1cc/a45ca2ef5cf7b	3.033916175963831	1.9444375
1cd/c419dfe0fcd35	3.3979483752890673	4.383625
1ce/e961c5b11776b	2.682986855726696	3.423125
1cf/96a50a99f3754	2.631234220601055	3.1745625
1cc/021bf6bcbde6f	2.3556992743221867	12.727625
1cd/c2b9fa69221f6	2.614891826884635	7.634
1ce/f26f04cb8586a	3.417408344611538	22.728625
1cf/dd3162268c6fc	3.376997292904492	4.9180625
1cc/b86280478388c	3.005643283503949	8.7658125
1cd/013afa1281bbc	1.909203031214884	1.34575
1ce/c32d17571b51e	2.948530887914447	3.329875
1cf/db9a67e114947	1.503486059352648	3.2104375
1cc/2a0b05ed2a0e7	3.009512160189164	5.2111875
1cd/7229cb146d419	2.3760977971986486	8.1273125
1ce/ea47158a9d5f2	1.1087445610107194	2.3211875
1cf/a416914c46bfd	1.832714448894855	2.6369375
1cc/7130d12f95cf4	2.7577785061645788	2.2595625
1cd/3ffd5d280aa6b	2.7235958658819936	4.111625
1ce/6fca72e425e55	2.879552348964836	4.8645
1cf/3f73fdba6a2b0	2.936610057931471	5.4443125
1cc/e04d0771a3d47	3.5226620261231463	3.798875
1cd/c97978b6b2cb4	2.9650161115513582	4.06525
1ce/e00f872baf7f1	2.130808614185023	4.4684375
1cf/d575aa572ba1e	2.736308702374131	9.0336875
1cc/4c65b85b221c3	3.089928133736123	8.4093125
1cd/f260dbee7186f	2.4340206293686832	2.74375
1ce/bb79a5db9799e	2.9246342740947	3.8645
1cf/b17458b971c1f	2.245527193273126	1.9705625
1cc/4131412157c21	2.5785455235128483	1.8503125
1cd/10d7415a7c27c	2.3541013779404905	3.7333125
1ce/469485556cd18	1.604152514132653	5.3859375
1cf/1b58faff11f20	3.4092511679349538	8.18375
1cc/06bc15d934f80	2.584894265949389	2.952
1cd/3c439f20e817e	2.1957719027003364	2.3350625
1ce/fdc3c170393a3	2.69614170292249	2.94725
1cf/039f381005955	2.6729518249044255	8.172375
1cc/5b4c7fe51c6d8	3.473814787106241	5.434125
1cd/47cce624d42b9	3.429287110170706	5.8938125
1ce/7ffe5bf75f0a1	2.842738796676392	3.32525
1cf/df8c42ae73205	2.920492002128479	1.727875
1cc/348879fb846e5	2.7202050796054635	3.7685
1cd/d28851b274d9d	3.0058542411886116	5.6300625
1ce/72cfd51d0de78	3.0793885973166337	4.986625
1cf/62bb945e205a2	3.434529562067259	6.90975
1cc/4e19b1610131b	2.406978553034635	10.0550625
1cd/cf82e667766e9	2.8108630617302968	1.537625
1ce/73f39b4f715f8	3.200799460656749	8.5329375
1cf/158cfd2b0124c	3.3107963836414993	6.917625
1cc/a9e838ac234c3	2.5927678945580337	1.980125
1cd/2201f3ee75a02	2.1089454579039497	2.69825
1ce/b45b1ccfee842	3.226471090707541	9.2673125
1cf/d3933908b3e52	2.9838224865748058	2.16225
1cc/2cd5b52379138	2.349129998957775	6.4658125
1cd/1525e3370596c	3.449198709034165	7.09925
1ce/aabc7017f7f0b	3.111162686757665	5.7175625
1cf/a4ad0fd4283d9	3.405007212183399	8.4710625
1cc/5c1bd0d8350b2	3.341570803497648	5.7258125
1cd/83d90e7b79afa	2.5687225819308503	1.1583125
1ce/6380acb0f282c	3.294166281588382	4.62675
1cf/5b6dd66a8196f	2.5390689247989093	1.9205
1cc/ff0fa3fd630bd	3.3776721304506503	15.028375
1cd/3ad49b1c3886b	3.3365865418250165	4.543875
1ce/99088af7777e7	3.307322469517008	6.0663125
1cf/0d035ed117a3d	3.447513088684942	6.6204375
1cc/a467504355f7a	2.2279478110392765	3.412625
1cd/7d37df1dc9b2c	3.002091495369339	9.7251875
1ce/b244715e5a205	2.6109475642370725	4.4129375
1cf/c866ff956cfce	3.073928325035214	3.9426875
1cc/1a07569345ca7	2.5406645424907723	11.1669375
1cd/92af0b21a5434	3.498515746087769	17.5911875
1ce/11fb64a7a4c10	2.8146492928701905	7.1894375
1cf/0e6ff20fbf101	2.7588679000692005	2.2223125
1cc/44e1084e4e350	2.6368200820939185	21.63325
1cd/7aacc8e8614be	1.8774085175043391	1.203
1ce/bd4e61562aed9	2.8130920929641423	5.8394375
1cf/6d8c2d2e87673	3.521090975676519	6.599
1cc/0db55eafd944d	2.6872001815386284	1.1048125
1cd/1f8e3e663cbe5	3.5097748137919567	7.354125
1ce/42344f5003fd3	3.3512069400547086	15.323125
1cf/c2fd247861336	3.334062208197367	3.7089375
1cc/81168120b3b12	3.1684613396486063	10.9475
1cd/767a2e7e679e2	1.1903019883571329	4.1535
1ce/de25b157a0eeb	3.264056244262858	4.1828125
1cf/f268c4c1468aa	3.071434468209865	2.71025
1cc/f1e2ec2215364	3.1846230223916336	5.64075
1cd/b0a47d42b4b7a	3.2437885299549456	6.3716875
1ce/8e8398b0b3091	2.5910530930827305	8.1144375
1cf/34cf171dcd481	2.4548374252146723	7.378
1cc/dfd7dcd352e5c	2.2005968107626344	5.6929375
1cd/3138558a4c8e6	1.7597065142155046	5.789
1ce/51b4fbdecb151	3.2665793880353546	14.417125
1cf/62c71addcce99	3.298601237192301	8.52475
1cc/d26eccc5c4398	3.41806614692926	12.214125
1cd/fc80ade0f6fac	3.0825517958731825	7.7189375
1ce/54fad2ddf343e	1.8704689329674726	2.7294375
1cf/aab9beedcd3ce	3.4337821737438103	8.1973125
1cc/a238eaaef0712	3.3719058583322643	6.1251875
1cd/83c25bf6c0b99	3.298339150311044	9.0310625
1ce/7cc6f65ebfcc2	2.002234848018138	4.1914375
1cf/adfcb249861e4	2.979664681066179	2.2021875
1cc/c136a8e9b4605	2.028548252699193	4.4171875
1cd/14f1cc3469164	3.242017929452523	12.8586875
1ce/3ed5e0c67e04a	2.9179067155980576	4.4785
1cf/433d5eb0b8daa	3.064138285321538	9.5233125
1cc/08a13d9947e70	3.3944816489162175	6.5259375
1cd/c1382c0ac5265	3.290148241105376	2.9064375
1ce/28620d0c5cbff	2.2491853220959013	0.744625
1cf/2af049ceba7aa	2.3901122715488556	4.926375
1cc/1189ce0fa21ae	3.1169961519567644	10.80875
1cd/7cc2aebe356b6	2.9708690477827338	5.0770625
1ce/66758201f0f26	2.887155513458264	4.1909375
1cf/9edbf34ebc1aa	2.266162818125202	4.3856875
1cc/80bc6a1b3357e	2.150120309161792	4.236625
1cd/78116ab17119d	3.341072191288451	13.891375
1ce/262bcec15c9c6	3.182085066831186	2.989625
1cf/7bbfe26efc8fb	2.6786793630235946	9.3780625
1cc/5eb279c82b35f	3.2317794157069932	3.601625
1cd/9af0828a20726	2.9505400205663275	5.439625
1ce/58744a19d9d77	3.2967115488806598	3.9591875
1cf/a30006e754cab	2.4715224792835504	8.7804375
1cc/e5db82cf86cbf	1.8072817780095376	1.178625
1cd/4bed5e0c19684	2.7033343117981516	5.3434375
1ce/312232e11c1d1	2.5992524070419374	5.0299375
1cf/ddd024d7de6d8	3.072657192207642	5.8649375
1cc/48bfb98157113	2.5992504446868496	3.3890625
1cd/c0b8749bc4f05	3.125151777174273	4.0364375
1ce/f460b0153fca6	3.1451811780805556	6.3793125
1cf/da38063cd196d	2.863372344542263	2.791125
1cc/5189ee306e9df	2.8505390182822024	8.0998125
1cd/fb802e06e9094	2.8059534485968496	1.1290625
1ce/0e583e9519a17	3.3216220716270763	9.2510625
1cf/2ff8d0a4f57a1	2.1763438746024932	3.2246875
1cc/f83a6ab7b84c0	2.613027474135222	4.6008125
1cd/a0f9746d46c24	3.324845996359223	7.9156875
1ce/c288459a93758	2.74232572565192	10.6421875
1cf/582531dbe2da5	2.709077199319379	2.886
1cc/07ba3fba06344	2.9467048008562036	4.7591875
1cd/0e70e546b6b48	2.4645293260567023	3.7698125
1ce/d490b61f4a6dd	3.3721200900989317	5.086
1cf/140e930b8d5e5	1.3607024784485433	4.4244375
1cc/e5da918e5a2fe	2.1224431264676267	1.0815
1cd/f2390855c93bd	2.1871773538227077	3.4856875
1ce/7bbb89c125728	3.212108033737571	4.593625
1cf/0a3a8c504c8ab	2.587827973289703	4.1261875
1cc/2896506ac6087	3.350877510722624	2.9651875
1cd/c99adbe4e1c60	3.149693283157036	5.4936875
1ce/c3014c56e6a61	2.2473403323731924	5.9975625
1cf/fb13be46f1cd9	2.6929844948320403	5.6340625
1cc/63aa0793dff97	2.2591856728381114	6.204875
1cd/6b9cda000d269	1.0625405660785814	1.1325625
1ce/d9533619377f9	2.2546781746898987	2.9135625
1cf/111f59d420aa0	1.085967588038077	2.5639375
1cc/e9a665984327c	3.1457455996373103	5.045
1cd/2043e556f329d	3.3327193491961036	6.0631875
1ce/bf8e94a08b0ae	2.8515709548708954	8.57625
1cf/d51901eb11879	2.1656227282117024	4.0865
1cc/dbb970b0cfa72	3.384861998223176	6.879
1cd/fdb344d25c956	3.334600404811986	17.4861875
1ce/c32985a532249	2.7832338427707706	5.2631875
1cf/350fa795cd4d8	3.3947029558462942	12.918875
1cc/6676f5ad37d93	3.0224453736176664	2.662875
1cd/6dc8c6707a79b	3.035873447201035	1.4953125
1ce/c619cb6292ba1	3.086527234965504	3.6981875
1cf/54637ac0e25e7	3.0571098076720826	4.9063125
1cc/c49ba59d2931e	3.302282093686755	9.762
1cd/cbb65a1ac68e7	2.383728647810341	11.034625
1ce/1589c4fdc7e56	3.3927166392392847	3.4119375
1cf/1b1d93b0134b0	3.435469173694359	5.4569375
1cc/d3cfd35e00f89	2.729699734668857	4.5186875
1cd/a3b69084ab662	2.1167211976954072	5.369875
1ce/327bc289eca5b	3.396458186593789	20.578375
1cf/db65a9cc09484	3.340007001168233	9.4846875
1cc/85e00bc0e2de9	2.443689644395348	9.6858125
1cd/babea2decb6b9	3.361810169248201	3.23125
1ce/000721d169ded	2.433196057564281	6.073125
1cf/19b1db183c780	3.1995647086247665	7.30625
1cc/91ea3e52921fc	1.405447617427092	1.1494375
1cd/d47bac661ec49	1.672094048414931	0.72025
1ce/a9f3d112c9b43	3.1890653070726227	5.174625
1cf/b8eb95b19b2b9	2.7717734122963313	5.1111875
1cc/c601ef6459044	2.542572810510041	4.2728125
1cd/0d0b885c26beb	3.3342673174738473	8.4869375
1ce/8f2a6477acaba	3.4323820774924094	11.5726875
1cf/9bfd801b55ee5	2.3668494037313774	2.459125
1cc/0e0925651ade0	2.8974366219406216	5.8656875
1cd/4ddc1dd896a2f	2.556314087617679	18.8445625
1ce/c5a8dc52e9680	1.617255194240638	3.0809375
1cf/85ecbfc294f3a	3.308171720025299	9.6585
1cc/ba7e865afb1c1	3.2335264817410185	5.6480625
1cd/cf37ed1e130d2	2.3949033757653355	6.912625
1ce/24a737ce70ccd	2.2665955787326135	5.8760625
1cf/e9322092d1125	2.914076546995366	3.0509375
1cc/758521fe5a5a8	2.646181754372321	4.0165
1cd/7c7fc990cb99c	2.5498727627508506	2.4036875
1ce/207166cf1629d	2.9074693042065576	4.090875
1cf/6363efd784f30	1.1011027043880683	2.3553125
1cc/8c70cd36ebc83	2.7351333478481523	3.392125
1cd/117ed744b3526	2.6912949902689327	3.96775
1ce/05cbbefd60c22	3.0931562087796722	4.3629375
1cf/2db14cebbe40e	3.010690475378417	9.934
1cc/7e25ec7d19212	1.3634066850709465	1.301375
1cd/be04c72bea437	3.2560500255539795	5.9735625
1ce/06825f5916098	3.5318130604920435	6.22925
1cf/6e9e97a5bd2d9	2.5618421299358616	2.0213125
1cc/48d4182f13d5b	3.236153784500207	5.235625
1cd/663a420825258	1.817470114523658	0.6484375
1ce/ead5db1584fe3	1.7143627963955033	6.79325
1cf/17253dee8c3f0	3.1845558127668543	22.315375
1cc/bbea614843331	3.1911343712422218	10.05825
1cd/904cb8382421f	3.470098236466146	8.9801875
1ce/d5707b18b5459	2.5243867337358044	5.114375
1cf/7e8afaec4bc0f	1.7738777703653033	1.4911875
1cc/1e3697e0724c6	3.1509268033535363	2.7388125
1cd/1287897469832	3.2559659281476496	2.4483125
1ce/30833318ea433	3.0272093653347265	13.6185
1cf/d1297ec98f067	3.415704791706425	4.6651875
1cc/bcc2764541b7e	2.631786679338486	7.0040625
1cd/0d63bb7ca1b75	2.936709930240557	6.364625
1ce/ed8277152372f	3.4746169497907573	13.4955
1cf/2c57cdd5dc98d	3.327796365505073	7.648625
1cc/ee93770446e14	2.088835952384002	8.113875
1cd/7e139a84e0f64	3.326133673088582	16.1093125
1ce/232b9e878e739	2.624633842217077	5.4734375
1cf/adf203393641e	2.7840200388635328	5.49125
1cc/7cf94b4aa594d	3.4481519486570065	12.3280625
1cd/c7c152bd9ae88	1.7104642007304522	2.33275
1ce/1936800180c1d	2.66625486148996	3.25925
1cf/7e5302fd93ef7	3.157796013453884	2.5565
1cc/917b83dac2e30	3.115454116215747	5.8428125
1cd/b79d4b41b3745	2.261460247339116	1.393875
1ce/b40c2d1c20db9	3.3096367492002736	3.57525
1cf/0e14a54315986	3.0542518665437184	9.949375
1cc/b73bef59c5a2b	3.018169847021885	3.7011875
1cd/f7f6adb014822	2.957709054366503	1.20125
1ce/f8b21be77ae6c	2.082836109306805	1.3663125
1cf/9405a8e345363	3.2293417859858358	3.363375
1cc/65bd0aa9969ca	2.4397710129490076	3.018125
1cd/7f1317d037ffe	2.8728699818269092	3.5405
1ce/73c6f487330a6	2.079210866660154	1.3931875
1cf/074b83760dc34	2.070085027403248	3.2455625
1cc/b89f04c225785	3.210611916460181	11.1275
1cd/0c79e3fe150fb	3.0507902718322515	12.4078125
1ce/c90c38f749feb	2.523663921462364	2.3369375
1cf/04aed6b691ba0	3.27099225033481	17.292125
1cc/f551cdda4aa55	2.2614719058095187	0.961
1cd/a84f9afeb88ea	2.062462391947942	1.327625
1ce/213d00be6aa88	2.8860597409454702	7.3036875
1cf/9bdc70e6e914d	3.326696797832819	19.020625
1cc/3f26a291e31a2	3.0309854155029528	4.6039375
1cd/3e5b3cac111ef	2.696315988893235	1.153
1ce/01e3df2b958f8	2.6623126185442185	1.8034375
1cf/085842cab201e	2.605780346244213	2.47325
1cc/79c339deea074	3.0491668286147484	8.66725
1cd/41d1421c9753a	3.18952835980614	2.7275625
1ce/766a302824a9b	2.787746074498159	3.9609375
1cf/a0e96e28f08d0	1.6308705582041692	1.9009375
1cc/fc4ce782c162c	1.7846024445325521	1.4808125
1cd/e834e9430b85c	3.012430249374343	5.4655625
1ce/4d014d2a53dd8	2.9783998824156974	2.88125
1cf/a5e1dd0b7636d	2.4869436026126164	2.307
1cc/a2028d6d59be8	3.3009888715134	4.7071875
1cd/064a951570cd2	2.661227755081173	3.0278125
1ce/ff7bacf2b21c2	3.404346420992371	6.829
1cf/d14d788ee1f24	2.851743720633574	3.280625
1cc/9e6e9ba20adad	2.7957981006023434	3.202125
1cd/b8ab74995dc6f	3.091670120766481	1.8505
1ce/7ad9a8e8a32ea	2.898746529661861	7.40125
1cf/53dea2979c38b	3.1339162427840273	10.343875
1cc/0416187e85b71	3.35872322720194	12.58425
1cd/d77fbfe115586	2.3269735593426844	2.3876875
1ce/9a6222396bbb3	1.8113442547765353	1.601375
1cf/014daed487965	2.7077991432066577	4.9000625
1cc/f8f26a68e5b37	3.2267177722815785	9.701
1cd/8fb80c15fd7a6	1.7592610089719574	1.749
1ce/d934c7c47a80f	2.931054194158208	5.485375
1cf/2e72996071964	3.1046128092001952	8.382
1cc/83ef3178ff5cb	3.321162055084373	13.11825
1cd/57d32c58129cd	3.312783454878604	3.19625
1ce/bd7b880afc0d2	3.2812467160150063	6.3758125
1cf/c5fe0726e68a2	3.229003341853465	7.7645
1cc/01fd93907e131	2.129561700476993	6.56625
1cd/019f3f7a5d8f6	2.4790524531478573	6.7944375
1ce/bbac15920d1bc	2.9157530486559238	7.299375
1cf/0414411fdca50	1.1103231129136406	2.1793125
1cc/27391b5d755eb	3.1547605612687675	11.4326875
1cd/52fd6a9c7f16e	3.25043986921834	12.6895
1ce/693c87c98f14d	3.119801815115798	5.60625
1cf/d3d72a1b47718	2.9711028278440854	3.6589375
1cc/4c701e2a3db6d	2.9717802194706975	5.6611875
1cd/cf1ae54083803	2.914605588215817	1.06375
1ce/918e6389bf6d7	3.1884455650258587	15.0621875
1cf/b7d6b5a12ee2a	2.891176647322538	9.4781875
1cc/f2d434595f954	3.3935316353327516	7.2280625
1cd/878dc63752657	2.919570891204303	4.2854375
1ce/6d8ed0779e5fc	2.222540692336484	0.7684375
1cf/b1b2b86ce1857	3.407346820007367	2.67475
1cc/afb04e8f04ae1	2.442328058842038	8.8454375
1cd/abb35520aac14	1.0944984782468747	1.6889375
1ce/f216f39ac1d5e	2.7117805718357357	2.1373125
1cf/d5623df07a63d	1.109950642623886	1.2745625
1cc/5e13c8684e254	3.247236322375548	7.9850625
1cd/8d58c8b7e3558	3.1142327154283502	3.9498125
1ce/3f4ad476e761b	1.1250715086427676	2.7604375
1cf/716e4ba6fb192	3.0469983035398824	5.679
1cc/359d64d743c0c	3.269942990476546	10.1838125
1cd/886a199b3ee60	2.6001508593383216	2.410375
1ce/3b3f5f221dcdd	3.0250577718628877	4.0639375
1cf/13e8caddd9ba3	2.642676327804123	2.8033125
1cc/d46d207d8db6b	2.3003078275931657	3.2265
1cd/6b05a2edd2a6c	3.2184267837213376	5.58125
1ce/5dbb73508433f	2.9576704147235975	9.84525
1cf/b1afa8b2f7791	1.9519345294169281	3.6856875
1cc/b3904a21b1e4c	3.329020355307926	6.997625
1cd/4f298178aa72f	2.6948951522220748	1.3239375
1ce/ca09bd45747bd	3.4457571599683163	7.5071875
1cf/450a5cda8d5c2	3.239803043547504	8.4649375
1cc/29197db71cd54	1.9310685678251016	3.779
1cd/8e462ece35fd1	3.3757128481996586	5.8424375
1ce/640f590db8f3a	2.898121606599441	6.389875
1cf/2571aa852bccc	2.8926466539459232	5.7415
1cc/730e71e8c9531	2.801654855869818	6.2543125
1cd/34f724baf968e	2.837277692519243	2.1138125
1ce/002f1ed465bbc	2.171771466069137	18.8243125
1cf/ffeb84150699f	2.5953824705158413	1.7463125
1cc/a406ca06d1b91	3.0290080445289944	3.8945
1cd/f50f0035a57ab	1.8258760377251761	4.6348125
1ce/dfc5017b92e8b	3.07189635468665	8.9493125
1cf/0ddf4fb6c2230	1.8715859374729475	1.0085625
1cc/e612c7bb392ce	3.0049702297070775	6.812
1cd/2725e4f4cd11c	3.07615601618707	13.5726875
1ce/61a35ba26cf8e	2.260963010787253	6.1588125
1cf/b5273741938e2	2.778041085553277	1.2745625
1cc/66b9879a4bb37	2.63037415997423	2.0456875
1cd/223b0591cfa38	2.578217926693704	2.0860625
1ce/c4a408c3f5b77	2.6803660827574705	9.008875
1cf/6c2d3e4262c54	1.0884580645346467	1.8735625
1cc/bc14b7020b5e7	2.894388811920831	5.739875
1cd/e3dcebbe9ea76	3.140175343382706	12.351625
1ce/a68ea94a876ea	2.4551944801497902	3.449125
1cf/44a630194ad3b	2.9943702418647677	5.179875
1cc/6b56fb175aa0a	2.871333971560598	17.6788125
1cd/f7daa69704838	2.5721690290182755	6.506125
1ce/68e359850d4d9	3.0866147652061042	5.7190625
1cf/05e7e85392405	2.878490031181567	5.5899375
1cc/4e5449011685a	3.429448066834459	3.8184375
1cd/19a828e437d41	3.1684720979434906	3.6510625
1ce/23ff47c5c670b	2.8708911040505836	2.411875
1cf/b47fe7d1a48ed	2.6916155920867713	1.40275
1cc/862aa4853ed12	3.360509754367121	10.0736875
1cd/e951f41206951	2.8883977774281124	4.7975625
1ce/83405b7fff953	3.378420204218481	16.0666875
1cf/00313467d10bc	2.9155679258525047	2.019125
1cc/a0af5b2c665c6	2.4889408921251706	2.833125
1cd/b3a58c0c600b4	2.1634583007119708	1.3925
1ce/28a79e24469b0	2.346721145936389	9.8308125
1cf/40b0d85351f47	2.9147897200166684	4.927875
1cc/3c9e5223af88e	2.78212338620489	8.557
1cd/96e5da750e7be	2.8738285291144408	4.2488125
1ce/cbd4ed7640202	3.2858924007456167	9.5955
1cf/114f256ced8e6	3.3047424196342647	5.286125
1cc/b8ba568c9b709	3.331039986739588	22.28775
1cd/709c3aaa84039	2.8908575983411597	5.882875
1ce/8dfa832b4e117	2.762818579228725	6.1989375
1cf/56f19a9cc1863	3.0586736089101776	3.366625
1cc/d5695df7289ed	3.1500640899290357	13.1308125
1cd/9282a58094d99	2.3908639873852895	3.845625
1ce/48b31ae6bdd4b	2.6985808695932882	6.3368125
1cf/0775bced2d32d	2.606356826563281	3.0055625
1cc/740486f67d6a4	3.0192931080275107	3.72025
1cd/c6426103bff23	3.4270718675011764	8.669125
1ce/b1beeadfe787e	2.95398020951502	4.132125
1cf/dce3b1da7ce80	2.7322730518244174	12.2016875
1cc/b54b025dbaf75	3.535929568238155	6.127625
1cd/d6fdd217a6d9f	2.933446221804672	6.1499375
1ce/989e9d444b988	3.205895011018513	7.1110625
1cf/f05e45d71671a	3.002566550823762	9.69425
1cc/089e4599404c8	3.2379565404993778	6.57275
1cd/43e0c64fa9693	2.610997877394911	3.133
1ce/8eecc5d290090	3.1565521769804925	5.318625
1cf/029be68935e4c	2.890831151980896	3.1235
1cc/fdc7b52637709	2.4017408730155267	2.382
1cd/7d7c6826ce3a8	2.7438689123368416	4.54975
1ce/2ba64c2187cf0	2.9321186922968963	4.0558125
1cf/db96d76d42afc	2.5458072225054926	6.7133125
1cc/a0d20039f899c	3.4812962894418695	9.08675
1cd/d0e7bb73d3ff3	3.017687159008474	14.492625
1ce/d675b167a795a	3.241157649832479	5.918875
1cf/e3e61aec55866	2.4225426719181278	3.930875
1cc/be2bffd7a74ef	3.2047341142247894	5.4841875
1cd/7b8cfef10f0ea	3.2378324980937556	4.402
1ce/371e014081439	2.710411660805655	8.6126875
1cf/30ecc9897abf9	3.2142089548403305	10.0285
1cc/8f9b3941ec294	2.6005485264766484	7.54475
1cd/bdbe1e67ab896	3.059231642962978	5.9168125
1ce/9a4560eaa1566	3.117631893562124	9.7128125
1cf/43106e3e3b00a	3.3681609086968947	10.7786875
1cc/05efd30b18155	2.6302751156457047	4.0565
1cd/5a039f6cb654a	3.2453076066292037	4.232625
1ce/93b3f9ac7b38b	3.3205780900662822	7.7873125
1cf/8f760e3ad5e38	2.4626019741394916	2.3416875
1cc/39aab6b9a60f4	1.0946891767863576	1.9305625
1cd/9b75f0f507b29	3.1895611770829504	2.22675
1ce/9b3814f34c6a3	3.3705541701336	5.185375
1cf/23c1d51806401	3.4515419259963016	2.2605625
1cc/309171da5163b	2.8320472040869262	5.3045
1cd/60da070d66881	2.69074176911851	1.5849375
1ce/3445438ba26bd	3.3674149953681627	16.3623125
1cf/8ab3e17f89664	3.059557229511298	4.617
1cc/a60290377cd55	2.6083027123583356	5.335
1cd/51698c5501ba4	2.9833512067618	4.3126875
1ce/8b0cb72a528ae	3.4620851378990634	8.3535
1cf/e9d05c5fa17cb	3.1447846633165706	3.538375
1cc/06936f11f9dc0	1.1385502957874207	4.6825625
1cd/f2c8594fe56d6	3.0952280876116176	7.53575
1ce/8ecee9e9e3667	3.424998447117125	12.2430625
1cf/3d14c149d1bc5	2.350771909758567	1.9876875
1cc/5267ddf899706	3.3836699642068626	8.2993125
1cd/f28b39e45e937	3.47410039264854	11.2895
1ce/856e5d8d2d8f9	3.3813167997582747	8.942625
1cf/3d1ccba84fe6c	2.708509613776162	3.2996875
1cc/1917f29c7e536	3.087557252720199	4.986
1cd/246ed6dd6c57f	2.691578997903422	5.899125
1ce/d66414b3acaa2	3.174186314585156	7.1400625
1cf/6b0ff3ed13fbe	2.2857052805636813	2.6441875
1cc/00bbef2329a36	3.1716906621421317	6.390375
1cd/a585cb9f84837	2.37069595683681	3.238625
1ce/63f57def351b8	3.058161958729347	6.9155
1cf/f35c5a5f94fde	1.9349118617772032	2.3554375
1cc/400d57e934722	2.380229178976141	5.4836875
1cd/8f60ef2ce4848	3.3011873969092678	6.8813125
1ce/c849e79debd88	3.2349822669360213	5.6589375
1cf/f1dce4c4919c3	2.2087556843535303	4.847
1cc/0a12ac7ecf6a3	2.9590049852414357	22.0144375
1cd/04d2f8ed29aac	2.9161190000094366	4.731125
1ce/198e0e844240a	3.1116927731125514	5.6986875
1cf/bc72225077488	2.5449074092256896	2.177
1cc/b1d1a846d32d2	1.8450411111693712	3.7201875
1cd/e109a7277d292	1.8175621176406587	3.0405
1ce/d3739416b7697	2.2732748424738523	5.3669375
1cf/4270e6d077187	1.4426674308032812	1.7299375
1cc/187f30d7ec081	2.796293013274923	6.548
1cd/171b5b2117563	1.1472035320186134	0.768625
1ce/d9959ffa99734	3.1351608054213633	9.5088125
1cf/8edfe6565ed98	2.8070375789244344	3.9486875
1cc/c0765743a2b56	3.158287056156103	19.58925
1cd/78a340ca7e73a	2.4509896912928895	3.7280625
1ce/a750602168d94	2.616402024392871	9.462
1cf/ae6ed67ae9d9d	2.5717973036267447	8.3453125
1cc/bd64719370f7b	3.201861326175505	3.7908125
1cd/b4f47579b4f53	3.512936123128933	20.58075
1ce/83ab952e40515	2.975165764309125	2.038375
1cf/7bdc21d476a76	3.374476133302601	10.4001875
1cc/f79c5ece0135d	2.698332184580803	3.74925
1cd/6e171e527c43b	2.6220189924324555	3.125
1ce/836c0b9f3793a	3.40534558711486	15.321125
1cf/ecfe29cfa9583	3.05828589283153	2.7466875
1cc/aedb883344097	2.881696066826048	10.97175
1cd/3380e36204e37	2.428804945113009	3.2770625
1ce/458a08c4139cd	3.2851160733691533	7.671
1cf/9558cf37bdf60	3.1644094023557634	4.6755625
1cc/ca82f457bc672	2.461636830739047	6.6378125
1cd/d7b933097e05d	3.18694892416249	4.63625
1ce/1fc8e22a815c6	3.1843722960231964	4.6899375
1cf/886dc6645997d	2.9715482983646075	5.189125
1cc/c8bdaeed70cbb	2.4926627804090566	1.8475
1cd/5d45b136b2721	2.798078031872908	5.6735
1ce/34809b0214931	3.3242726528931987	5.1253125
1cf/cf0997944a562	3.130058628078116	6.367125
1cc/c16c9cd8fb32a	3.306147497451594	6.124875
1cd/fc77eb6379cd6	3.035809150598035	10.2145
1ce/2626eecb759c6	3.2579686107949666	3.9279375
1cf/8252c326d66f0	1.580330397833729	2.00125
1cc/12d85399134ed	3.1140212058091046	5.4785
1cd/7d80e76a63f4b	3.158056508468741	2.834875
1ce/b4b6323be825e	3.283786297691728	4.571375
1cf/cad996b6a800e	3.1176083741627165	8.534
1cc/e7c316e5b9870	3.132692026349287	4.63975
1cd/90d47cf7b0068	2.6273184138322336	3.8515
1ce/8b09a0cd0b8a4	3.1173213784240157	8.8815
1cf/d668284574b96	3.2275436447822883	4.01575
1cc/c1d7e86755405	3.3219555696342935	12.095875
1cd/77756138a9d9d	2.690497803616841	2.3698125
1ce/e9f3653ed0597	1.5524810364095074	1.44725
1cf/ef5b0070694ca	1.0576549247817781	4.4133125
1cc/2cfefdf8d2f44	2.9746117387095232	9.825125
1cd/bdad327c80d04	2.954324284895002	3.42
1ce/6f749c3207e27	2.552142025405486	1.958125
1cf/d0449a731933c	3.3526857900289446	2.524875
1cc/33f8a4ee37a8f	2.8082433387326686	2.7713125
1cd/ff863efdbdad2	3.045556699046286	8.6834375
1ce/c144c4b63ec92	3.126847613665206	4.604625
1cf/cfa454085074c	1.4709841741780536	2.497125
1cc/b58f8eb2b7f26	2.472495044681345	1.252875
1cd/d2a3e101d1301	2.776075090144031	1.598125
1ce/623375f76f379	3.3548282396572606	3.8379375
1cf/aa0a2f3092109	3.427836896521613	11.1475
1cc/4db02dbc31ad0	2.599556214648287	2.0199375
1cd/107295f2e1a3e	2.831658067889001	4.5305
1ce/e14ee4a8f2530	2.8118222320522865	3.897375
1cf/0d08ed9f0db64	3.4572149424146996	4.883875
1cc/293bd31edec52	3.1268918139873447	2.7921875
1cd/efc403a88f3d3	3.328314858568882	9.556625
1ce/967d8b461da28	3.2904061761359036	7.5726875
1cf/57282de02db56	2.2880377083041954	2.1401875
1cc/891d143fe5b44	2.353322442504282	3.525
1cd/7c4198c250858	3.219626695789786	6.5841875
1ce/e2b06a083113c	3.4121911507385723	13.121375
1cf/8b6deeeb84942	2.9324005567457023	7.1468125
1cc/2bff0256710d0	3.3172556029157607	14.4979375
1cd/6046119e5b6fb	3.1543526625731753	1.6818125
1ce/be4b983320e65	3.480626109092192	8.042375
1cf/085b36664a4bc	3.370353343716798	5.5059375
1cc/2087fc38e04d5	2.190839984849399	6.0371875
1cd/4ebfba00f95ca	3.385276859682729	4.8065625
1ce/ae3cf3dfed6df	3.520223946989079	21.04075
1cf/39a6d737ff307	3.301141335158271	14.7588125
1cc/32d75b859abfd	2.525447711525294	4.1539375
1cd/70d5e71ca361a	2.9089802925036787	1.72925
1ce/f2880c3ad3c6b	3.1685959997920228	5.246375
1cf/68021e360c195	2.757902331273843	11.0099375
1cc/b5607f1cf13b2	3.477111663620259	4.59375
1cd/1e48a071f79e4	2.2245397275234198	2.7295
1ce/06989b17b15b2	2.6720141325405415	3.1015
1cf/f17dac9da879c	3.198493477997985	5.57625
1cc/78968b84d175a	3.1489418420395983	4.3595
1cd/0d258089d6151	2.1296482334792777	1.6516875
1ce/0bcbfaf2a0529	3.14086194845329	6.5785625
1cf/6942e0daa17f5	2.8209752116581717	9.9855
1cc/6700b31131d79	3.2162349705609956	4.327875
1cd/3dd75a52ddb18	3.074109385443284	6.24825
1ce/f2b4324b48011	3.3002659146655913	12.77025
1cf/b2cfdacac490b	2.459960475487775	5.4821875
1cc/8a643410c58a6	2.8960459392415223	4.2334375
1cd/4c66fe833f729	3.117357771343202	9.4473125
1ce/34f720ef3be33	2.8517459192781076	4.9744375
1cf/e2bce6f95b104	3.256959849168564	13.261375
1cc/b854f3142a0c2	2.693373791570987	1.9725625
1cd/9320e787b4844	2.9048240358920094	15.4126875
1ce/64849426bdb5f	3.1765287382489533	9.47225
1cf/87cce3f2b7332	2.899847832960545	7.2179375
1cc/52afd5efd7730	3.1602362268580477	6.265875
1cd/f968e3f7a147f	2.084509562573789	2.0244375
1ce/147d9869f1701	3.459387161223456	3.9904375
1cf/a22edbb113a33	3.458449680487423	12.665875
1cc/6b90942d7511b	2.8059579510949106	2.8184375
1cd/a39f17f461548	1.8439590421922643	4.03325
1ce/a01a6a9e72d49	3.328726684293339	9.943
1cf/f18ac7daff22b	3.2825051148931217	12.9460625
1cc/29dc557a85506	2.7422587082747283	4.4094375
1cd/510b9afe8c843	2.323269571612543	3.569625
1ce/fec589b62c140	3.0896888763541006	5.49675
1cf/0c8135311ce9c	2.509467521336799	0.7684375
1cc/dd3b03ff5ab04	1.0414802552973326	1.38475
1cd/2aba81eb73d23	2.7547988316923937	7.2573125
1ce/876fd7bcbb617	2.5335423667619414	6.68725
1cf/75d9a4e4a196e	2.5736362090898037	2.609375
1cc/b638982f509b7	3.3799175012010947	6.9488125
1cd/0d015f7b10244	2.960308066334028	7.491875
1ce/933b306d67b6c	2.7988801214290446	1.08375
1cf/a91204d55e9f2	3.4194304384821548	11.7179375
1cc/243ca6abb2fe0	3.28072020968435	11.6841875
1cd/e0840a794ae8a	2.0916691496581192	4.4835
1ce/e869c6062d2df	3.290879727873006	11.6715
1cf/ac9621f6aacb6	2.6358076437531	2.1235625
1cc/4d4dfb0c69965	3.227486872344584	2.4205625
1cd/fb115e7945084	3.3389183048451487	12.4935
1ce/a7ae56872c0df	2.237020139441727	4.8755
1cf/55b13a89777e1	2.140887831545838	2.5295625
1cc/9796147a9c226	3.5208381685252172	6.6630625
1cd/13dfd1aed1514	3.326868344976619	5.714625
1ce/e8a2cf43a90da	3.132396475585957	10.4859375
1cf/f38a28a530bca	2.898570353293999	7.000625
1cc/ea1547202a3ae	3.3108917192852974	4.2853125
1cd/c0d076f6fecc7	2.1667026449226716	0.816625
1ce/54c967e1de42d	3.3248304287536916	3.7305625
1cf/680d907d63222	1.1428931862517053	1.58925
1cc/320d97dbc6f0c	3.0610099687357555	11.0190625
1cd/6e6a19084f93c	2.730185461753357	3.5585625
1ce/9e4faf958c6c0	2.197820624574039	4.80625
1cf/7b30b77fbc62c	2.301759637669345	7.8633125
1cc/d014aa20faf7e	2.7546099306091842	2.3123125
1cd/43e90adb63f4a	2.1077654952663756	2.3555
1ce/568394734bb6d	2.4912328801582557	1.3166875
1cf/f8bfe8f461e28	3.1523398249199026	1.9115
1cc/e01d600e63c8c	3.2917795580058113	5.9114375
1cd/3f94b40b9c074	2.8224350715843762	2.128
1ce/1a99f33cdd6a6	2.7584813057817246	12.9345625
1cf/2e9d32335770b	2.84208354270369	3.2434375
1cc/522ba130ba26d	3.307207981955127	4.646375
1cd/18818673b40a0	3.156073584662985	6.7025
1ce/a12298db80040	3.2212256648185082	11.7205625
1cf/75320ad2a126b	3.372364337603539	7.9961875
1cc/816a8589ab866	3.542349168265145	8.3681875
1cd/236c6de250fb6	3.205700125787079	7.955375
1ce/5b87f69217adb	2.345653918953454	1.8735625
1cf/307f462b279be	3.0571800011424606	2.1699375
1cc/67924aea07fea	3.0374960710307812	9.2295625
1cd/df47c8d969ca9	3.477519995228015	11.486375
1ce/68c2d34389d15	3.0183923370215147	4.4258125
1cf/e6e8318857d6c	3.204209358576183	11.6036875
1cc/0d88a2544e42e	3.383767671324223	10.8015625
1cd/9418576b8272b	3.1446712017399276	5.2105625
1ce/a8412fadfa6e9	2.6462244282795857	5.9713125
1cf/165c499e6b857	2.999525749952646	2.951125
1cc/aa421b5aed074	1.5876176731289708	2.5623125
1cd/8b0e8569cb7ec	2.81965224223796	1.7303125
1ce/cc32a2e967e3e	2.807239885073693	3.1158125
1cf/12b8fdea797c3	2.13765360595787	5.136375
1cc/9a1b425e55262	2.2829097904356894	5.4785625
1cd/96c38618173b6	3.3167313016073754	14.1679375
1ce/9c9590fe0fe35	2.247642821986356	2.2269375
1cf/7463305eca6d8	3.2974455743319386	6.40825
1cc/f66b23dcf1bbc	2.0803235958020014	1.171625
1cd/8eede70351c4e	3.223057261295663	2.5004375
1ce/bad20f0cc9ba7	2.7808019578461938	3.2073125
1cf/d4847b8c8f67f	2.104656712363231	2.81225
1cc/8a849dc7d2638	3.2403581142732434	3.531875
1cd/e50153eac33ec	3.0015078341614174	3.071625
1ce/62b783e3de7a8	2.014768277517971	1.2945
1cf/9cb9cbf16f0bb	3.0130556289199455	7.091625
1cc/a0f155d16bb57	1.9962974813753647	2.733875
1cd/c5ad6a392bb65	2.12164634399777	1.219625
1ce/c070578689dce	2.7438949592414925	1.5388125
1cf/a41bfb30108cd	2.968949103515926	3.3200625
1cc/0670da98520c5	3.2748427645584948	9.794625
1cd/003155fe7e99c	3.102736912472731	4.9575625
1ce/fd422dec9d732	3.0045941435556207	4.0431875
1cf/b859a72be3665	2.958347340220369	2.253875
1cc/d368e7d2242f0	2.170670177190999	3.65075
1cd/e557414d21be8	2.95154253548059	4.4264375
1ce/446cd92857b27	2.87951673195534	3.674
1cf/87636aa4c552b	2.9019005637644133	8.6965
1cc/20b1e941de101	3.3556211190604652	8.954625
1cd/e01ae56609ce1	2.4839876825415854	3.5965
1ce/734ae0c98c98a	2.99282782216023	11.81225
1cf/8ffc7acb5188f	2.8442404976375677	3.1219375
1cc/de1603337d9ae	3.173852134574452	11.350875
1cd/17894e7d5675f	2.8217676955241373	6.7589375
1ce/45e656e412909	3.4449971540321394	14.553875
1cf/436bd8e9faf03	1.8876071202991322	1.201375
1cc/3d9eec6e43436	3.259150864586021	8.46375
1cd/b920897a03a2e	2.7429866732716457	2.1185625
1ce/9e6d4f0bc905e	3.355169871266507	10.8255
1cf/3c3726c1bb030	3.1016384452406096	2.019
1cc/9d8c27905facb	2.9663434089589025	6.96375
1cd/ac8450db1e95d	3.395465172339904	3.35175
1ce/b3fec1c332e8c	2.9484932908167565	5.05225
1cf/f0866c12a21aa	2.64388144762396	4.2959375
1cc/721babfd4db0a	2.9658261061959807	1.063375
1cd/77b3a587ebb98	3.332082504710414	6.5253125
1ce/bdd42c0d346a9	2.341570508704685	6.174375
1cf/33de6f118f155	3.273524634250534	2.9878125
1cc/1ac3525c2ccf4	3.0044379127292586	2.899375
1cd/15b9303cfd0ba	2.7805036669874283	3.7123125
1ce/6cd631e08940c	2.2609880795072814	1.4705
1cf/3e870bac8d146	3.3356173880950135	4.7845625
1cc/058251f8dfef0	2.4193658741636965	2.8665625
1cd/8716cf3ab8317	2.0837405779849743	5.6799375
1ce/f03f5261b7891	3.364113936276816	10.3023125
1cf/2879d5572f944	3.4459534883936365	12.5850625
1cc/8c1082caf73d2	3.339201774006101	5.308375
1cd/16e627e716b21	3.2249793629840817	3.720125
1ce/176516d396d0a	3.158781131774745	6.367625
1cf/01e86861daca2	3.1238808070962962	5.6085
1cc/b0639ca51c015	3.4076610821900783	15.8749375
1cd/69d53fa219d01	3.121314161734274	1.7111875
1ce/627e49dc4e290	2.561671546762938	4.0341875
1cf/ef9fca1e9cf73	2.9284343720925303	5.8500625
1cc/bbc5ac63b3190	1.5591094281854805	2.30075
1cd/e633457c9f795	3.2513426388547866	6.018
1ce/e27f48bccbef6	1.4471547831664213	2.1183125
1cf/c156ccae33762	3.355094808577435	2.520125
1cc/8f6894053efe4	3.1294061997334195	4.5360625
1cd/f0db0e113b5b7	3.2248578809903705	3.0781875
1ce/e8215fd5d6a02	3.1259531247380314	2.7650625
1cf/92df7bb06078e	3.268165288245851	8.976625
1cc/67bf8e2550fe1	2.915002565876737	8.7248125
1cd/0b7e33b0fdf41	2.748642631067897	5.5364375
1ce/dce54d2c8cc1d	2.4473553893058857	3.80225
1cf/256711f5eae79	2.7046494249338116	10.43375
1cc/133a25b1c0735	2.6988441672246393	6.131125
1cd/acb3cf312eb48	3.233841779282827	8.245875
1ce/d74294d608292	3.4559968422791743	7.4053125
1cf/259ba2970e01c	3.0813073442945282	23.1183125
1cc/ca29b19df8a30	3.355615731536338	7.1835
1cd/ffdf7367d74ac	2.9002479913657524	4.201125
1ce/e8414777901f0	3.23673201184418	7.4724375
1cf/b9d68745ebda5	2.024213847277326	1.779125
1cc/c7e5fadef85e1	2.5899074732396263	4.2146875
1cd/9601bd0469c6a	2.302269997132935	3.4565625
1ce/35bf851bb55ec	2.402094304839518	4.4569375
1cf/38458be80c9c9	3.391651078148056	12.07575
1cc/2b7b73bf310cd	2.7301708754166123	2.8381875
1cd/b7e1a0250b8f1	2.750922268850758	7.978125
1ce/b9aa870d9dcd6	2.742184894941079	2.6456875
1cf/1b919dfccd3e8	1.9007590560834715	1.1535
1cc/858d77361f035	2.889115513779727	1.009125
1cd/382658c32020b	2.6349606909796592	4.8343125
1ce/722efaba411f4	3.0733174310915325	11.40375
1cf/c8fd7b8cbbc66	2.6237318995201413	1.8050625
1cc/012e86a96ad7b	2.696973297972835	1.9235
1cd/15bf3c11832c6	3.098427976198019	2.9358125
1ce/7c35a0072bafc	2.985529809354954	5.46575
1cf/1d966393175b4	2.735828651739889	4.1754375
1cc/2027dac8b7d11	3.2044087162896617	7.0336875
1cd/a5b0b9156774c	2.9410414607773903	1.81625
1ce/4e5ce1d538ca1	3.242847242675971	7.133125
1cf/32d2f0e978cfa	2.9485412487053604	2.4773125
1cc/361a9bd79a26a	2.607955893388246	2.3558125
1cd/4e83049748fbc	2.8654190025832436	3.763625
1ce/14c0283345ff0	3.0143592657903313	12.623625
1cf/406c5297d6b1d	3.231359755941487	3.934
1cc/13cd72d57496e	3.5368832286570684	9.129875
1cd/4a9c2cc5b33f8	2.82658010097684	4.2655625
1ce/71f200f8e1b2a	3.0687817698283113	8.5
1cf/a285409b0b017	2.980208508231076	6.7323125
1cc/902a73f8084c8	3.3057620725556247	22.784875
1cd/c7b7bb023f36a	3.2570675806478495	12.0221875
1ce/68533a16fd1bf	2.2247884076349513	1.4396875
1cf/02bf324ee7ccb	3.3171632097458406	2.991375
1cc/b08310b4049a8	2.5539437574466146	5.8731875
1cd/7e217047ab801	3.019339562914691	6.0446875
1ce/15ed1f1424705	2.500563777555686	1.0569375
1cf/dc486744baf16	3.362051465794852	8.752875
1cc/1af4731532153	3.029085395287531	3.6839375
1cd/e7385113feeae	2.7023555406588375	6.6773125
1ce/d77b72fa4485e	2.2373867554184628	3.02075
1cf/6e0944eff1a8d	2.551458089117188	6.62125
1cc/98b3ab20e2476	2.3268434910588565	4.8750625
1cd/e23c899944dbc	3.04078574354093	15.0963125
1ce/7a5d305bfc32b	2.2048889093550303	5.30775
1cf/770212f956b6a	3.1501895412628196	7.27575
1cc/9af14b689b785	3.2541828398413193	7.3329375
1cd/221be535839ac	2.453649893355938	3.4559375
1ce/0663216912e69	3.3020390081081947	9.451875
1cf/ea1ac41ff8743	2.290011802865624	3.862
1cc/49cb57d7c8224	3.195767989315596	5.9725625
1cd/5a7dfeb07f965	1.096064126507382	2.7954375
1ce/0034cab548b44	3.14147544995273	9.4664375
1cf/e0d277289c0af	3.189713045775062	5.8170625
1cc/162d2025d9425	3.439682981863304	19.7466875
1cd/26ffea053d568	3.347085492993603	6.4466875
1ce/389a3694bed35	2.6972397393081944	2.388
1cf/a84a1fe340cdf	2.5801474600729644	4.2648125
1cc/a4b3e3ec33146	2.277680713211248	1.2256875
1cd/a351718341704	1.6719442860267584	0.8780625
1ce/5a1f2c422d890	1.9679905519131577	2.4565
1cf/2d9a2195285e8	2.4369988567154315	4.1894375
1cc/c8cfe7cab78ff	3.242180091207365	6.479
1cd/c3829f2c0daad	2.7909017883592466	4.5354375
1ce/6ba91d3bd6d34	2.645422217046328	5.742375
1cf/78f8790826476	3.399207757347449	6.035625
1cc/a77d5abf17ae6	2.3972064752041464	1.2491875
1cd/bb7df6314a15d	3.1413681067716466	9.1555625
1ce/336e61b52ec64	3.161493447364924	1.247
1cf/ea53fcb732c72	3.07416603300232	2.412625
1cc/256f885a5e2f9	2.6874280091681566	3.8934375
1cd/357712e322aa7	2.839102487440484	2.684625
1ce/fa029da690dea	2.280123321762711	5.2029375
1cf/7ce483d899d5c	3.1382781735437297	8.3083125
1cc/d44ae5053d42c	2.9859859799741035	6.5099375
1cd/9fca9bbab1831	2.813061430497714	6.79525
1ce/e116f5e63b71d	3.2076408949518873	11.7435625
1cf/c6f3a1a37ce15	3.5068499276260248	11.3083125
1cc/90ad6cd31f472	2.970156828113896	25.9855
1cd/ecfe9c77b38c5	3.0978679498079087	3.7083125
1ce/609fb3512a231	1.1063944906900285	1.530375
1cf/e53b6ca0d03c3	2.6543332120340506	9.4391875
1cc/307b418b41206	2.0578988501189044	2.404875
1cd/484944d9e49c5	2.1871781209594032	2.912875
1ce/444d2af316d7f	2.178007352346578	2.1135625
1cf/b9ccacbf763c9	2.557035086656029	1.897375
1cc/cabd5ccb8c92a	3.0561882168411185	4.106875
1cd/85af2dfc8f2d7	2.592481030028026	4.2970625
1ce/ea6ad7a76ee92	2.8212733768475355	1.6694375
1cf/30928645aba74	2.018615184642769	4.3510625
1cc/11d088145df28	2.0787315940306685	4.954375
1cd/c51b67c27a083	3.0888132362932446	4.873125
1ce/41044220c9943	2.8401457997754824	6.25375
1cf/b87e41d81276e	2.5529869525823683	7.4371875
1cc/f3b8db95e6490	3.2366141699057405	6.9883125
1cd/9adf103a4901b	2.587338472839865	4.768
1ce/b9c6f1a72c545	2.6298370094838086	1.2488125
1cf/03f18a5d5ac9a	3.479163571877962	9.6289375
1cc/72e69ef1bed92	3.3824743045305086	20.9699375
1cd/5404938f86e39	2.976850401084729	6.805
1ce/74dfa8fac1c90	3.315670707364626	5.3804375
1cf/998cd11cb28c4	2.224423790470987	2.6346875
1cc/7d2ed78f649aa	3.382904335541081	7.3929375
1cd/81fb5d3f2fbe6	2.997273891660416	8.3090625
1ce/be9a72498f69b	2.9962765085497725	1.947625
1cf/6d8a86e72a6e2	2.9674955988980356	3.42175
1cc/72b6f36652765	3.4124608661945848	4.981625
1cd/e0d24de73e82c	2.990130326101608	1.346625
1ce/9a41e3a1f1849	3.170272419154738	7.552625
1cf/523236de0335a	2.4921140187098536	4.5388125
1cc/9d4376d79c86d	3.3443825929097453	6.414625
1cd/5eb9d9cf17775	2.3160992390112902	4.5303125
1ce/5fee81b3501c1	2.806649435756322	4.838375
1cf/ff58089af35e8	3.000006029603963	5.54
1cc/2aa8b32e1a61b	3.3530575275851784	14.8668125
1cd/1ab244102602b	2.687071804764707	5.597375
1ce/959aeee70d1e4	2.610974526868134	5.83125
1cf/8ee741803ecb9	2.8346609054022918	1.051625
1cc/180dc285cb8c8	3.307338907120945	5.9006875
1cd/36c8669e7e629	3.0663118916293435	2.3986875
1ce/ce608e9679864	1.0729658700254237	1.1440625
1cf/6e2de1e6b377c	2.8454853080316114	1.807
1cc/23e3043262651	3.4221750278109675	9.1310625
1cd/9917839518bf2	1.5484378981880347	4.57075
1ce/da067eabf4979	3.109604330266146	1.706
1cf/7b28966d952eb	3.3500555300932238	3.2734375
1cc/d48c277fef7f9	2.8285685569681576	3.23675
1cd/f8b74dde1260a	3.1961495875305617	4.560625
1ce/ffce9c78a0bd2	3.111628037891853	1.3896875
1cf/ae999470c1efe	3.3432052570504194	5.604125
1cc/8bae80fe1c813	2.023191047174033	2.5689375
1cd/34c8ed0837274	2.5233628761465194	1.6590625
1ce/eb6421f21aca8	2.5760865579245467	4.7143125
1cf/6cc3e9c139e62	3.2273002966679134	25.58375
1cc/354752f68afa1	3.4828363626002163	21.365
1cd/3909b2b644022	1.7086084422315233	2.4845625
1ce/1a60477be6fa7	3.003080624015882	3.23425
1cf/0808513c4f9d7	3.2220129112900198	15.0210625
1cc/d56a42706cd69	2.45196359156341	2.3015625
1cd/22ee5588903a7	2.420409896519836	1.8825625
1ce/fcf47e3f675b8	2.991793043188533	7.0815625
1cf/1bdbacaf54a80	3.211125691809548	2.262375
1cc/65486005a2b1e	3.2561485180204115	6.0754375
1cd/247165bfb2e3a	2.5955263898194127	3.77925
1ce/71a9353c3375d	3.410007739334775	6.6784375
1cf/d35655fbbeb85	1.5681819823666805	0.912875
1cc/31a1876bec1b8	3.1062148874509274	5.3391875
1cd/dc30404361d3c	3.2456104051030277	2.366875
1ce/b5693de340771	2.9657076814654824	5.9830625
1cf/b05a0ffcf3dfe	2.457947268503373	2.2541875
1cc/b1d67b2dd1be9	3.1174044018554325	8.644875
1cd/262c3a3dc7cf8	2.452631913468927	8.4994375
1ce/63be0220461c0	2.7854382557798143	2.6078125
1cf/3178c8450a767	3.3099295277367546	7.3355
1cc/273869c97d89e	3.2735437604053264	1.882875
1cd/3dc967c296367	3.242077439119932	11.6335625
1ce/5b732bc96c218	3.295800310901786	5.5755625
1cf/340c8514625bc	2.7166816964479756	2.280375
1cc/42268fa3e220f	1.737237203855634	1.7148125
1cd/fbfa1403fc5d4	2.943860868912443	2.0776875
1ce/04458aa89cec0	3.1342734464321316	16.6878125
1cf/6ea16a3bc05ba	3.304029555596233	5.967
1cc/bd92696383b0a	3.257948552759265	2.909375
1cd/1e5e6f1a073fd	3.25464357781038	3.393125
1ce/04ec5a12c96a9	3.4421279073614834	8.349375
1cf/cae12652d2e89	1.8797975845957475	1.1773125
1cc/88d469800dd24	3.3234047753006175	8.597375
1cd/35007d21562ff	2.4755314233480163	13.950625
1ce/e8c66689c3944	1.9235608249239893	6.743
1cf/7b6ac5d876daf	2.834899759207601	2.26
1cc/b5ccbdb5f5428	2.7740509237701882	1.7055625
1cd/519ef355b790f	2.9069842268094233	14.991375
1ce/7938f3d096472	3.3002069448793816	9.5280625
1cf/a06258eaa59fa	3.12738256957129	6.14325
1cc/454242fc9b763	2.9810468826357606	4.329
1cd/85a95f0f06585	2.2485994235659494	2.4994375
1ce/ebfe6588323c3	2.860230420056837	8.8021875
1cf/92840d81a03fc	2.762441832755229	3.978875
1cc/725158a9fc3b4	1.9118564400600764	1.49075
1cd/e5ff08cc3f4f7	2.0423660343069754	4.3453125
1ce/53f5cb610ba7d	3.4594777004461568	7.396375
1cf/4e4176368da14	3.2497133078611555	5.2878125
1cc/a3080a040fa18	3.3673060401381156	7.08925
1cd/bb9407d39d068	2.9147998305391782	4.9538125
1ce/a604f3f676983	2.5075425025623526	1.4875625
1cf/3fa354d8b40ef	1.339763042341541	4.7509375
1cc/79bc7989dba1b	3.03955300815751	2.5309375
1cd/c972edf6439a4	3.333105843246995	10.8093125
1ce/d882e7481f562	2.4823222263556963	3.17275
1cf/f6cf25faa0870	2.834615259007037	4.1660625
1cc/e69f584cc1edd	3.0642102769990207	2.6925625
1cd/bedfe300801b1	1.8547014763235314	1.8596875
1ce/c5f4d55fdcd38	2.6666580315233914	1.2988125
1cf/35c55ebf2117a	2.469903873010903	1.665625
1cc/f9a3b7f7e8384	2.8631170066147678	8.523125
1cd/5eb3e22dd2617	2.9885520441863913	8.0238125
1ce/5cac89bc278cf	3.1547528062678682	6.136375
1cf/18dc70c535b1d	2.370930711815561	3.58025
1cc/0d26313469d1a	3.2025313173649423	8.1938125
1cd/c5942039781a2	3.3135114378100328	5.9374375
1ce/4e1b64cf21b52	2.844620224953744	4.83025
1cf/9fd8092bf481c	3.2293982757151247	4.071375
1cc/a6687ce9804a0	3.3029867527815977	3.9379375
1cd/5f1661537d761	2.8755172470364894	5.7715625
1ce/2f7170e51c1d8	3.0859605556756957	2.7385625
1cf/6ddd0b09fb995	2.4260490562138326	6.9849375
1cc/3eeccd26c3401	2.668296220139954	3.12775
1cd/8366272b9bc46	1.3126778920513535	2.580875
1ce/77c6e481935e2	1.077294586121516	2.210375
1cf/9e06d9f48fce2	2.1982321870723305	2.7933125
1cc/5a243bc254170	2.8170595907597624	11.782625
1cd/021d0b912ea55	3.1058213315510645	5.6031875
1ce/035c8bb0d2e33	2.3332774461371284	6.1788125
1cf/1dea80b17648d	3.143627502662555	3.85275
1cc/ccd49d5ef22ff	3.158323361207238	5.911375
1cd/066ccba2a1ecc	2.8588581337605916	5.32975
1ce/3d687c0de835a	3.2983482779192657	4.92275
1cf/ba9eda3543c04	3.147248988080059	5.326125
1cc/0c26d82a128f7	2.9428873398419255	3.1081875
1cd/960aa4d88e6d3	3.4858430413824326	2.6565625
1ce/e94fa96df7f06	3.16644937768286	7.1655625
1cf/20c4e05f3d9a9	2.796758225165926	6.159125
1cc/9c620335db3fa	2.2833057632956035	1.1721875
1cd/3fbae3eb4033d	2.8849173993058916	1.792
1ce/87257769b7613	3.383102978950812	7.386125
1cf/8758985cd71be	2.5156120679076093	3.88925
1cc/ecd7534e7db18	3.3977367623190555	1.74775
1cd/ea878fe789f6f	2.5617226878059793	4.44125
1ce/f58b9fa2ff50e	1.915446256311812	4.239
1cf/f89c698ce3ed2	3.3301625685961067	5.9035
1cc/d70495939b2c2	3.3575296938657844	6.39975
1cd/7a8d8d58f12af	2.828993622882017	2.0213125
1ce/6737fa0fa13c4	1.0981384118750077	1.0329375
1cf/444ca8f4cdf4a	3.4121892501992668	12.1234375
1cc/4879df982eb5f	2.877959265992826	12.249375
1cd/c267e4c7999fb	2.8067892897290423	4.832
1ce/9bdfdcecfccfd	2.5259243987049955	1.2988125
1cf/97aaa3d5db886	3.34127387328776	12.9450625
1cc/76f51e490e641	3.3208103789356302	7.27975
1cd/3dbcff6970872	3.41425691435987	11.3689375
1ce/d3335e15371d8	3.30455238045078	15.5184375
1cf/0a12980f88382	2.512639873916118	9.6020625
1cc/54e224f639d2b	2.021755127958332	1.4629375
1cd/dcb72ed38104c	3.106714396418077	6.030125
1ce/c409b35cc6599	2.8757671765206854	10.920875
1cf/d77a91c37e46d	2.8397626503733124	6.18675
1cc/baee509946bb9	2.9858069709147848	10.0706875
1cd/1a5c250ea3693	3.334227947195084	4.244875
1ce/9ffc4e151a143	3.068447073932863	8.988
1cf/22d2df0e4a7a9	3.1972383260347206	5.8074375
1cc/80a4fb7f2c00d	3.0838667968414435	7.7605625
1cd/655c88e3773ed	2.453245297438677	7.0139375
1ce/d51ec0053b5e6	3.1361513271098826	3.8968125
1cf/bb2c062b41b07	3.495722627431443	5.1990625
1cc/f05a6d6db06fa	2.7785247550397862	5.98625
1cd/8926b2059ae3c	3.2697087353852368	10.4170625
1ce/cd25c65b49e72	2.7361174266935104	0.8648125
1cf/02f64b48fa9be	3.136851892586072	2.0790625
1cc/030fb963c8826	3.1662076671254065	8.40825
1cd/e154fd48ac6dc	2.629536377225984	3.7775625
1ce/ddcae38c5698a	2.9298287409264763	2.643375
1cf/9fa31a0922955	2.774757327405758	4.766875
1cc/bed88bda03c1f	2.9269255761849777	5.96275
1cd/c6276673ddec3	2.549284738732976	3.111875
1ce/f072145b979ae	2.270100335553622	6.68275
1cf/82fa2f53975a3	3.284749295549676	10.7578125
1cc/328176bf818bb	3.2673707951125666	6.8979375
1cd/59f31564623d0	3.021711923785958	8.6915
1ce/c3fe493cac000	3.081213118497159	9.340625
1cf/47d22fa75f507	1.7418170300158409	3.57775
1cc/8fb9df5a3996b	2.77284369571181	8.501125
1cd/7b1c4162c0347	2.8849338489755807	4.16925
1ce/e19b1422ff791	2.872236105482705	4.4283125
1cf/815df85c3e1cd	3.3429986415308526	4.6056875
1cc/8a361eba9303d	1.0887522385426123	2.4993125
1cd/3c2ba919ff0d5	2.1277182637944927	2.6206875
1ce/22ec164853949	2.337717699628381	5.06575
1cf/8782822bc8060	3.270632527169455	6.779125
1cc/bbab089801c6c	2.829375217314709	3.999875
1cd/aeef1e904fdcc	2.9114692924566903	3.8315625
1ce/362e35ac6aa59	2.692506221121606	6.0191875
1cf/c469352ec7e79	2.685661659464758	4.8085
1cc/0709143587861	2.5859381994169337	4.5798125
1cd/a3b197b79a485	3.254299097587179	3.3639375
1ce/974d715245a49	2.8737005302742302	6.9213125
1cf/ff26107e2fee6	2.6067603950714533	4.057375
1cc/cdcfc061827f1	2.1413000559695603	2.5315
1cd/c950f086a7b7d	2.025674876409456	1.1049375
1ce/a7ae9a5dcec81	3.0598042505162915	1.9779375
1cf/d762c6eb7376d	3.4435897254075987	12.1491875
1cc/e71355cbb7625	2.572493667998917	1.273375
1cd/53b8f4470887f	3.3826253668238273	23.2361875
1ce/da61935aec644	3.1091959681473833	7.434625
1cf/bcc8baf4646fb	2.0161795453041855	1.56225
1cc/ded0d697bdd69	3.176243721586516	4.6648125
1cd/f7fab1645263d	2.764598501305756	4.092125
1ce/b955aa77ac0da	3.0567479365837187	2.7785625
1cf/7b088a5f4ccf9	2.881662576039413	2.8064375
1cc/720d7d952483c	1.946777832068271	4.582625
1cd/fe3a9811284ca	2.711727056789679	1.6239375
1ce/75745956d13db	2.8692522960876485	2.642
1cf/97d3534f05346	3.265229191376238	5.7286875
1cc/9389d250cfe38	1.8725747421622658	0.993
1cd/4287fdf1d3483	2.729448701789434	1.3365625
1ce/2dcb06bce4846	1.4571712464891684	6.69675
1cf/a92f58cc27979	3.282472369036301	14.2944375
1cc/187908b90abfe	1.9735501534818052	1.6819375
1cd/134b9374b8388	2.3180791764077338	1.1635
1ce/c0e6915fe2912	3.1459791327666244	12.9126875
1cf/e7ba81cdffb98	2.287851923958922	4.7774375
1cc/f3683b47ac5a8	3.00561645050265	4.024
1cd/05f6a59b0c726	3.39343430064858	9.8928125
1ce/7ae41154ba093	2.7972203559323505	10.078
1cf/bc807a4eda7ca	2.0931008429480897	4.5474375
1cc/8e5a5797b8c80	2.893103506388976	2.9955625
1cd/e03d84aa65cfa	2.914083597527956	3.46625
1ce/d1b0228fcc40c	2.283378764963364	4.3763125
1cf/bee28ea23f867	2.7901321640646324	6.2091875
1cc/d8fe4fe596783	2.1220162969683765	1.780375
1cd/cbfd43b51ed82	1.5126625770777022	4.7300625
1ce/549918f444ab3	3.3009430080970494	3.653125
1cf/b01ed216420bc	2.8355163526071587	1.833625
1cc/f94e3e68c06b1	2.7848225526479236	2.9195
1cd/7eafd1b3c7edb	2.8267355893237753	1.3460625
1ce/fa891be4ff5f7	2.9248500264034143	2.2866875
1cf/9ee4f3511922f	2.634114446029461	8.86925
1cc/3d70ebc0baff3	2.548871687498121	6.01625
1cd/e0f0af003e918	3.1593915529552494	4.516125
1ce/87641970635f7	3.256547766300484	4.569375
1cf/6a89c6519067c	3.1648368477509696	7.8290625
1cc/9f90213c736d0	3.218074984443726	3.218375
1cd/7abf521784f2c	3.2217622354235758	8.3754375
1ce/ade5809168683	3.1257886328341193	4.1408125
1cf/d26647a068cc2	3.2012001696370405	9.7956875
1cc/50d4528e6390d	3.0347244227184977	4.7170625
1cd/aa042e57e6f15	2.0944443485328605	7.42675
1ce/88fac8cb2950f	3.1286598217241184	3.74425
1cf/3589911931caf	1.9385068841909192	2.486875
1cc/f81abf0b66f57	3.5167992035719506	12.804
1cd/0484e4d09bd30	3.374211183174562	10.2776875
1ce/46e2efd5c9286	2.6330194554557678	4.5343125
1cf/41383be631322	3.1016071566344636	4.91875
1cc/7a38b5df46eaa	3.5346810115317995	17.2618125
1cd/cc405d167f6fe	2.078009509178412	5.1733125
1ce/5f43f465e2f4c	3.155862769196537	10.2294375
1cf/30646e194753f	3.2384066745519955	9.353375
1cc/cee3694336d30	2.2948034503832355	3.4875625
1cd/936fe141003cf	2.9216418985533013	7.105125
1ce/9e4dba2f64cb1	2.4781646521150322	3.0444375
1cf/b185672a43eb3	3.3660589418299502	6.774
1cc/dbb0b18a29011	2.6950990489069517	10.2775
1cd/59247e8f8eb68	3.1897667883732046	3.46525
1ce/4601c83e22a82	3.314221325207721	10.91525
1cf/5a3b23625cc1f	2.998452808124983	5.5620625
1cc/ccb348605609c	2.13921210655286	1.9435625
1cd/71150e861cbbb	3.2489783114040516	19.723625
1ce/1eabb4c197b80	3.038171118071706	1.3998125
1cf/5dd50e1a4a02b	3.1856506970333514	1.9285
1cc/60ac8e440c2eb	2.0009777871230745	0.9134375
1cd/3263aad2dc39c	2.725662338968942	2.3596875
1ce/bc42362adac82	3.2212600732867056	3.0715625
1cf/f17ecb8d8f4bd	3.3916015666972106	8.0811875
1cc/5b36fa59b626d	3.4520323522735916	9.95725
1cd/26207f2372e69	3.3028316848648154	8.0769375
1ce/4e5ee204577af	3.3580442139839732	9.9549375
1cf/b554c0eba5fce	3.344302866196941	10.2
1cc/474659b73e93e	1.9044555127295464	0.768375
1cd/21e95a5ab5493	2.5328658148037966	4.87075
1ce/a53c44b743a7f	2.8489885883662716	2.3743125
1cf/a53409de4f370	3.318168397952682	10.561375
1cc/8f5da077b6285	1.1230924487946536	5.906375
1cd/1db588eee255a	1.2976418459896322	1.0853125
1ce/6cbfca479dcb8	3.2640497345389163	15.8225625
1cf/a0dbb086a5441	3.346773787514698	10.4523125
1cc/85f280d904cb0	3.358926367768759	2.4430625
1cd/a474034bcc3fb	2.865409845286557	6.3953125
1ce/399516184d568	3.137594970790121	6.8130625
1cf/fabe70a0d273a	2.681406103282206	4.8074375
1cc/633b911d3a1c9	2.3425461036501845	2.13775
1cd/4ebf0eace5442	2.836926666578629	2.932625
1ce/9465f5e8540bd	3.3538823958230153	9.0815
1cf/96873c9997a76	1.720399236489939	6.000125
1cc/c2c57104deb25	2.7219792081729492	2.921625
1cd/422cd02596678	2.593244975205899	4.3615625
1ce/adbe8873bd9c5	3.36142293301625	6.3498125
1cf/f76cc011ff69b	3.146789965709769	9.8833125
1cc/2d06390362981	2.929536103321194	4.32725
1cd/bc495010b7c5f	3.277422464210821	23.27
1ce/bc6ef32bd2e0a	3.0988692612854387	4.013625
1cf/1d78f987a710f	2.3929108811914603	1.25
1cc/6460b952b202f	2.797113359917393	11.363125
1cd/a1884d3fa3119	3.1166211597314684	5.812875
1ce/d7c9c46364779	2.7836245483990285	17.0855625
1cf/f25a4b0b41dd0	3.166101692038388	8.4236875
1cc/eb1db689e39b3	3.3546035400875356	10.626375
1cd/bc87263cbca6b	3.0442114723663467	3.31075
1ce/1f012ffcb6255	3.1836875381053487	1.8505625
1cf/95a690d6a0c62	3.180371666530995	2.573625
1cc/2c38eb523f169	3.0397658613418295	3.118
1cd/c882636e83ed0	3.0600975224921325	8.9665
1ce/565fecfa3a681	3.2479755856540002	4.571
1cf/cd8ea271769d2	2.1037483082369537	0.84075
1cc/2f78a4ff6f7ff	2.5405733713584646	8.52675
1cd/8876d57c4f59b	2.4070738139288954	5.8068125
1ce/0cd45b2f1d873	2.898517052088079	1.1048125
1cf/a1be10c0c8f8f	1.1420710548195765	0.6240625
1cc/16291800434ff	1.2636623632430741	1.5941875
1cd/26c6f60ac183d	2.256763629171519	1.770875
1ce/8bc012f4c3e63	3.034210751474421	2.28125
1cf/73d3358545ce0	3.316874529199539	11.3204375
1cc/e337580c4dcb4	3.144866616877135	5.413875
1cd/30c12b8aadce9	2.70166514277499	1.89925
1ce/2d8c7d20fab0f	3.291013965369473	7.811375
1cf/64aaecdc78f3e	2.3499337995937353	2.59425
1cc/666b1b1c308e2	2.805656689347245	5.4476875
1cd/2205dee75279c	3.2010837209074126	3.7848125
1ce/df4164ce1d27a	2.029044730152726	5.2490625
1cf/1bc95617b4d32	3.1275381552925694	3.4596875
1cc/613afdd303faf	2.938286837665441	10.924375
1cd/fee1d17f78766	1.7222714175065572	6.4784375
1ce/f5addae29b895	2.2721971817021736	4.8255
1cf/6c6c7c27c27b8	2.464865863244415	4.94925
1cc/048d22c5031e7	2.079166386902388	3.073875
1cd/0857e6b716ae6	3.3133564371378834	2.515625
1ce/fffef3de10e49	2.244222132275606	3.4565625
1cf/c2933476dc164	3.2073493206432695	5.2635625
1cc/6eb04213cdeda	3.057260129106896	9.2874375
1cd/08f5889ec9e0f	3.1416393991973823	3.2748125
1ce/52a1e8d3817f7	2.9986359662418214	3.958
1cf/828dec2e9ef05	2.317927121341986	9.2190625
1cc/b8ab8b549e21a	3.2727993751974953	3.4954375
1cd/ebed77782d50c	2.995917989005111	9.0763125
1ce/8272efa2aa0bb	1.8769289917010052	0.672625
1cf/c4aab1726488e	1.833638195814666	1.6468125
1cc/9e29e424832e7	2.1028790262841808	5.9884375
1cd/1f1ebd2894aef	3.0983227989732733	8.3178125
1ce/abc2077fa9014	3.2742966699748033	2.7495625
1cf/4d568da54ef07	2.5019678777717655	11.287875
1cc/8bf1d9cceb065	2.3928695735863443	4.92175
1cd/1fcf43b99e7c6	1.6305236270667762	0.8169375
1ce/fe45d04ad8792	3.351138902848204	7.85525
1cf/c3c36dc3eb9dd	3.213221036532525	2.076375
1cc/203dd21185d09	3.3560878668702903	7.649125
1cd/caee906dcae70	3.133273679322692	3.259625
1ce/3a8f0df266d3a	3.014586324663716	1.58525
1cf/8bdf32e7166b0	1.1382844067078168	0.9130625
1cc/9ca01eddd215e	3.054894158244885	1.5724375
1cd/277730269c219	3.4555825581620376	5.51075
1ce/93846d1831ffa	3.411551423425149	8.804375
1cf/8361c99dc4b35	2.8173586986167565	2.4058125
1cc/f95d6ef1d7eac	1.9272724121353004	1.6333125
1cd/749cf260e6a17	2.627419739454986	11.5618125
1ce/55c2f7d461a02	3.489475271329417	7.17625
1cf/b936fc78fe73d	1.331635813300891	2.743875
1cc/b6c413c6f593e	2.975501262837676	3.72075
1cd/23a7da460263f	3.024696101235672	7.2428125
1ce/219ac3f36d8d7	3.404886560589469	27.494
1cf/dfd3438d71fff	2.4287448018746325	10.4893125
1cc/e030fe9e36bea	1.8861466772144204	1.438
1cd/080022db7dbc9	1.08294288137732	2.9150625
1ce/11dea0ac3c0dc	3.2325175271498474	11.49525
1cf/71331840b6506	2.4311043757790065	5.882625
1cc/80e0ecd63c164	3.580673788364683	4.6761875
1cd/d94644432bbef	2.9324088952171214	5.7619375
1ce/04c2a9e36bee8	3.007090250449864	2.212375
1cf/cb57690ea0ed2	1.5449594944331746	0.7849375
1cc/4a63f2b08d06e	2.742960467765481	4.344
1cd/17d34e32e39b0	3.460829910067183	9.5889375
1ce/28bc2a573aa76	2.1328320340685654	3.5760625
1cf/7f3d1926a3c72	3.154746085271586	3.5065
1cc/a6be3f84c8229	2.5415025072678166	2.3086875
1cd/2e5a27799ddeb	2.8969911746203665	4.9043125
1ce/8fd9f04051ea0	2.9527761717135963	7.425125
1cf/d4c2bd2c5c21c	2.989060593696976	7.05675
1cc/fe97f10490f82	2.9101471539080075	2.019
1cd/5107a790adbaa	3.3718053827298675	20.422375
1ce/06709bfb22378	3.2086115986502666	5.863375
1cf/6dbc651d5c315	3.4347142038589524	9.775875
1cc/4052d49b770fb	3.178309772176903	5.450875
1cd/af101247355d0	2.9534472136671233	6.466375
1ce/14a9aadeb6467	3.2588927825702982	5.8778125
1cf/e9815824f4778	2.9073359130521075	13.003125
1cc/3b02292bcb876	3.018244530408075	5.0814375
1cd/f31b3976eedd0	2.653424183168154	0.9605
1ce/a1d8355cdf948	1.1397538062356907	1.7161875
1cf/d463d50d3fc53	3.096104083636141	9.94
1cc/1f7ad6df5b6c6	3.537152830255038	14.3094375
1cd/cc32bf79c5644	2.259491279907478	2.742
1ce/4e35b1bfc28fb	3.3378624606977234	9.7146875
1cf/c9157d4bbaf84	2.8092460763463074	1.853125
1cc/9edc85c71756f	1.8782195521864347	6.7594375
1cd/1ebfc6e93d9d7	3.3460829938980656	8.5910625
1ce/fa2852c8081ea	2.1817867675881466	1.5875625
1cf/6294ba8bd7707	3.132484537058003	2.3165
1cc/d27006c7d809d	2.472521187618422	8.000625
1cd/ac0ed3602cf6f	1.9434849537166834	2.5421875
1ce/276b554d114fc	2.9605038497539327	3.2229375
1cf/fe0440e218e1f	2.9936649562890714	7.8246875
1cc/cc5b83dbdbbe5	1.7794783293176522	0.961
1cd/e4f975fbdb592	3.2132945227776735	11.000625
1ce/df9e9f8fc52c5	2.791120933906808	8.674125
1cf/0f54e983a64d6	2.467573372300039	7.60125
1cc/0dfc8941007a6	3.0980773829347896	2.9889375
1cd/d6b3f5072d539	3.183154507407504	10.4404375
1ce/66ed16ecdcdb6	3.0936653921325594	6.1244375
1cf/c21e2a8bd0f54	2.20068875105983	4.5695
1cc/9b7cdf52e3362	3.1320533192011495	6.9508125
1cd/72f832e3a8242	3.123421315618584	6.97525
1ce/982a988bbd271	1.0634320602573297	1.3229375
1cf/81108eec9a026	3.051626181438337	3.7484375
1cc/dffe65248a263	3.300434421744954	18.6443125
1cd/adf4fd7139587	1.3345410692913542	0.7201875
1ce/0b81057e6ad72	3.297722944059682	6.661375
1cf/c954655bbfb00	3.218002029516283	7.9889375
1cc/eb6638e580727	2.66504630129933	4.4475625
1cd/dc1402f122fbc	2.379178948894029	9.6954375
1ce/b6b31aba064ab	1.9835107993999308	5.1218125
1cf/dfedf18f5d653	2.584562187217766	2.37025
1cc/4394ba53be203	2.341103989167667	7.950875
1cd/eb0f4374f179e	3.431541926470955	7.605375
1ce/d59aecf7a2ec1	3.055606970525304	4.6160625
1cf/65cb7a4c0bf57	3.314428606866609	4.8660625
1cc/23d112292eaa3	2.259387270884915	1.9929375
1cd/58f0835488963	2.985136304645002	1.7788125
1ce/f40213fb25551	2.590147849264766	9.3439375
1cf/aee25a0c41633	2.6345643311111266	2.06675
1cc/1d7ec2f55dd83	3.266546090599996	6.974125
1cd/7e22d738dec6c	2.1042605749879195	3.4848125
1ce/effd6023b641e	2.4711319463518335	3.05225
1cf/d532f2e927d45	2.289570547901812	1.6095
1cc/d9cf272fdb88b	2.9484369898547422	1.6821875
1cd/649218da96f5b	2.7386993644762	8.746125
1ce/5ee7af14218ca	3.0343511604465836	2.0433125
1cf/b34da6552e5e3	1.2227019951027134	1.77875
1cc/d051bf2c2d40e	2.8044376212225663	3.56625
1cd/c9a9463586bb8	2.9448299116042578	3.0685625
1ce/b01c20423cfe0	3.097949036691041	8.4123125
1cf/fcd82e5d2d8a9	2.5619584233563253	6.3133125
1cc/862bc6580459e	2.6359340317412263	2.9969375
1cd/eff3582ff617d	2.612651641816799	2.09425
1ce/2dde210f02307	1.8856255711244807	2.258125
1cf/5c5c1abbfea03	3.167192274988004	13.64425
1cc/5ac1443d1bfd6	3.2782728600673794	3.29025
1cd/ec02319629ed9	1.6452762086241506	1.777625
1ce/a22b5ee4ca208	3.0411742593062434	6.370625
1cf/8bb2d393600ea	2.902596277008794	1.4203125
1cc/5945db8192530	2.2063548347349853	3.5598125
1cd/952f6acd9248e	2.897381272490361	5.9148125
1ce/22a7223efe5b0	3.4763079386891955	10.456125
1cf/1ab971708dab5	3.341841146949215	8.20025
1cc/e79c5cbb182fe	2.3845404071491414	5.4043125
1cd/baeeaff2d776f	2.47725183778905	3.9278125
1ce/ec2fc05290fc4	3.0879646228421715	1.799875
1cf/e42ca534a4310	2.1309721391860967	2.1596875
1cc/ba42cb54f95f4	2.770798951962803	2.451125
1cd/62d7c0e96f3ff	2.8104236972547225	14.7441875
1ce/bcca04dce116f	2.980538295283154	4.2743125
1cf/2fe671c59148f	3.4268465120644986	19.7565625
1cc/2c7e7cf60b085	2.358807342971155	11.687125
1cd/032657d4f1f5c	2.939983371457852	1.153
1ce/d094ee6c9caa2	3.1152693411521732	6.99475
1cf/433d1eac817f0	2.4442564009185133	1.929375
1cc/91a7eec17d952	2.7618110767642725	3.139125
1cd/4ee91c8cc71c5	1.1742028236245876	2.3641875
1ce/fcd48c3322c47	3.365907815608631	5.8315625
1cf/a14c79b50c06b	3.3661842225250576	12.0050625
1cc/cfc78346730e8	3.3356551616237304	3.00375
1cd/6062ddfbfb8de	3.1208699486672087	19.641
1ce/63a06665d7377	2.885047857709562	1.888125
1cf/ac5e489d7d992	3.360338989071874	2.61225
1cc/57285a1ed5fb4	2.6244978309124805	1.53775
1cd/d866340b76616	2.65694041640699	4.3198125
1ce/562ce727b949c	2.7198877269615567	7.0474375
1cf/d7256e6106314	2.5127775209151553	1.85425
1cc/2c31ff99c00c6	2.8475013541393612	3.8840625
1cd/f686ec79c2b77	2.0502170265814557	5.5984375
1ce/f1a16cc8183bc	3.005300522626119	3.5261875
1cf/ceee840ba4029	3.046652116187356	2.4620625
1cc/d715b1a068190	2.9409262642915066	4.4059375
1cd/2eca1d22feac1	1.878280155067009	1.0086875
1ce/9c94dc3c3f134	3.11248301760318	1.082
1cf/dcd8be4b3f5ed	2.7909854166557566	4.0858125
1cc/e35a6f5cc8a88	3.42262006373851	5.9650625
1cd/6879c3e2e1f14	2.463109753224942	3.60425
1ce/dafee3dcd76a9	3.0668406760608824	3.363625
1cf/80ae6a7deb71e	3.297512020070688	6.640875
1cc/2cf23c80a197c	3.0449708121094003	11.9004375
1cd/7e7225acb6bd0	2.741467400050177	11.1009375
1ce/ac4e160e66c75	1.7174857400202463	1.754875
1cf/6af95fbc99572	2.8867530245114077	8.9065
1cc/e3da20b518b0e	3.2130311421268245	17.510375
1cd/0408467f667c9	3.2661190029794454	1.568125
1ce/f23b9875f3433	2.649336728264164	4.5186875
1cf/f76b1b6d1a2ae	2.8983257785396637	11.5150625
1cc/54c7af869f1da	2.679999210696168	4.03975
1cd/91a71b19f68a3	3.363902618437138	6.068125
1ce/040cf216778c7	2.5819343336536376	1.359375
1cf/34843d7747466	2.7017747485960197	3.933125
1cc/469ff77cc249c	2.592251245092097	2.7910625
1cd/4a9d992d57941	3.111588433042443	2.596125
1ce/5f205dcfacecb	3.1569455369995247	11.432875
1cf/e0624f3fed7e5	3.2935033440907526	17.807875
1cc/79a127ee4b787	3.444964403584656	8.1946875
1cd/3a790a79e6ed9	2.9974281944912105	3.7683125
1ce/37cc48639c644	3.2677356034884446	4.658125
1cf/931e2e5903eed	3.5158075522168537	13.8204375
1cc/254400b71d177	3.173817594883559	3.381
1cd/ac881f3122c39	2.470241331235467	4.4831875
1ce/0438818d824a6	3.309576939086876	7.2270625
1cf/c885cc08e50c8	2.5898606143647522	1.9500625
1cc/194ee2d64d4b4	2.923544366498902	6.2245
1cd/f5c9d251e843b	3.2234997442708435	2.870375
1ce/e4908bb9a4633	1.8332000471281116	1.1061875
1cf/7388358313450	3.2739821858229985	6.8945625
1cc/394d2f566e2dd	3.183232206520407	8.0205625
1cd/7abdb27877c83	2.9899804118089426	4.7451875
1ce/1f515d0a91dc1	3.344186284081214	5.65925
1cf/4743c172137d8	2.635731367998102	1.7894375
1cc/e618b7b9198f7	3.0106699461438104	5.188
1cd/c337688d73b44	2.8525025735991663	10.1308125
1ce/7459545cbc545	2.972347806654769	3.0098125
1cf/ff1ffac4d4082	3.509779461038942	9.926625
1cc/b4674aad91fdd	3.002874575266804	8.902625
1cd/2b3e00deffde8	3.4546355914307743	4.7183125
1ce/1c3565050e96b	3.0758298751940707	7.08925
1cf/b392bb9cbc2c0	3.423763388244717	7.682375
1cc/daf2283d6b53f	2.798212261347042	3.7045
1cd/f42dad142f793	3.013132837880541	5.260625
1ce/a82cea2eb1275	2.9063725549350434	11.31375
1cf/4a1dc311170ae	3.029456395519718	3.9709375
1cc/5f5aa8c59e123	2.7776951451818443	3.84575
1cd/64b288c7ae368	3.046274187935537	9.26425
1ce/d0b38ec6fd9cf	3.526257191294839	11.7534375
1cf/888d8584ad2ab	2.5852784953485766	9.2023125
1cc/f33823fde1298	1.8796301525542702	1.17675
1cd/cbf753d290c7b	2.4572863951863466	3.33825
1ce/df11de84eb2f4	3.308248110302677	7.4988125
1cf/3f7ab852dc1d5	3.3250036474604343	2.9295625
1cc/b2fd4c7bd4104	3.15086013142309	2.526875
1cd/2b9cd93fd3d64	2.716878872765495	2.950875
1ce/4db4e486addf9	3.274554549080267	2.481875
1cf/d69a24d4bc46c	3.3298745129938667	2.8194375
1cc/e766459f3bffd	3.2397052188953346	1.655375
1cd/db8a91e8a60af	3.425119733797095	9.685375
1ce/e16013a6802db	3.431547063804838	7.2746875
1cf/939ed40c09cd2	2.7659702156318287	1.72325
1cc/a031a5ebe2e2f	2.9533881150739836	3.4175625
1cd/14a9e80fc1c9f	2.6439250366914973	2.9098125
1ce/eb558615e5243	3.1012408937120677	11.91775
1cf/33cacfe0a52ca	3.2085428727942253	5.9435
1cc/61981c1391c55	2.996578375062793	6.3564375
1cd/c8b65f01872a9	2.0614398727595096	2.6468125
1ce/f8265ed720e42	1.7535588402265776	2.17975
1cf/b08b57278ecfd	2.509029070535604	10.8113125
1cc/4661ad5dd4470	2.236026260066092	6.153
1cd/e3e9b97aeb014	3.317713104468885	3.6661875
1ce/65405b65290e8	2.0565305176356143	2.524375
1cf/a3953af78151b	3.05000280433181	4.777375
1cc/c0a1b02dc15bc	2.849351935899849	2.2783125
1cd/80793d8de3ed2	3.1483072727942227	7.4860625
1ce/7bc32576a0aea	3.39192624787867	11.627625
1cf/194440bd0a18e	3.2273109424738182	2.37825
1cc/1349b827ed630	2.3889202396132827	0.9229375
1cd/1e7cefa1b5f3b	3.231770968581192	3.499125
1ce/f43127a1869db	2.558453780653062	4.403625
1cf/6a6fff01dfbfa	2.85698660661406	6.433
1cc/92f06bfb51e58	3.132981054542398	2.7481875
1cd/0396b10840bd7	2.769572166115326	3.4750625
1ce/f94edac13f18b	3.091445380171575	3.1031875
1cf/d191c224ff5ba	2.0279730880673354	1.3228125
1cc/94afd6040bc1f	2.6569009924359315	7.981625
1cd/6a8f94305318b	2.6495241321222585	4.5443125
1ce/b639e168282fa	2.6887349792498254	2.688125
1cf/25287f9dea143	1.9936278898506514	2.7201875
1cc/33501fe3eb07e	3.048196592683224	7.6131875
1cd/835cb9babca14	3.1978026822498142	5.357125
1ce/e1a7d3472b418	2.874764608893058	2.6189375
1cf/0e3154bfa0a38	2.6808252373051635	5.873125
1cc/8247cc08d36aa	3.1347751490177815	5.913875
1cd/f128144905851	2.4211061265910288	8.4004375
1ce/e86a3cfbd990e	3.4183279814476184	6.289625
1cf/58768c6b72d69	3.151339530064576	5.0228125
1cc/121b9168eb13a	2.1875875920528927	3.394
1cd/70092855c6d09	2.520360339164483	0.7683125
1ce/f1480f1b468be	2.9744223794819074	7.1325
1cf/0f670b2d85ec4	2.050475291488033	1.976875
1cc/05e4fcadcc99b	3.2326901952830696	5.9101875
1cd/bed5c20c72ff1	3.182414118718143	4.9078125
1ce/d129d3284129d	3.2711586077027337	9.4794375
1cf/77c6b721d08e1	3.144263057427234	4.1081875
1cc/a9976f0aba23f	2.9144269702282997	4.143625
1cd/892dd95e7e160	3.030028795980662	2.604125
1ce/0d6bf1f34a857	3.3077043799755628	5.5566875
1cf/a0c9168cb372e	2.976359593205818	2.8289375
1cc/4ef1d548aeb5e	3.337864507428973	11.972875
1cd/1857e437f75c9	2.7927092864079577	14.545625
1ce/7935719d75e25	1.769788959372228	1.704125
1cf/5b166fe10b120	2.892434822450031	6.1028125
1cc/38f22c51ce658	1.8869897888342844	0.720375
1cd/953498cc82ee9	3.0472090422667093	6.2223125
1ce/55645628a3603	2.794177659731301	2.0185625
1cf/f6ad63ff118a0	2.5411584861312884	7.399125
1cc/0debf13ce73bd	3.168761609735266	4.4346875
1cd/1449676e66d1a	1.8259413029810965	1.668875
1ce/1fbb4be21e620	3.1647022170262895	1.42475
1cf/b034ece0fd891	3.3269922587511216	5.498875
1cc/90ccce5dec617	2.5862645545776393	1.4415
1cd/161f7a0e7f4c4	3.249063821117871	6.5765
1ce/4ddeb4601886e	2.97830938582819	2.7755625
1cf/c23ef4f2d8c6d	2.145661548911822	2.7046875
1cc/dec2564311284	3.1671690739221785	2.00675
1cd/b7d9fcd9c5c75	1.4303190407657354	2.2949375
1ce/baf6a518a36f9	1.7614330049514633	0.7203125
1cf/1f5d49eabeba6	3.402572592482539	10.8476875
1cc/2af2a428c6477	2.840516022168603	2.5749375
1cd/cd3b3584ccb03	3.408331610545594	11.998625
1ce/74531c35cbf37	2.5346642746066514	5.175125
1cf/a9da95f96055e	2.724555607355549	1.8783125
1cc/dab8990791f93	3.066009253496933	13.6815
1cd/093cd457d0287	2.9301076720466988	3.8276875
1ce/f4c700b2ee81b	3.0678270896333792	5.0009375
1cf/1df2cecea938a	2.413069446071982	0.72025
1cc/8fbff35089a33	3.22724353783898	18.2388125
1cd/47c339990e520	1.137996894182988	1.518125
1ce/8412c29c4c217	2.0874719688649335	4.9985625
1cf/f7c4b90793e08	3.0573497457132266	5.3600625
1cc/9a781575344df	3.445322613157203	9.222
1cd/71459af785c7f	2.5607931728599516	5.1471875
1ce/2429bb13c6477	2.3127358799701923	14.30075
1cf/917227d8267e1	2.17562493890204	7.169
1cc/eabb8a804496b	3.2249373104366486	17.0530625
1cd/b31eee4d8d9c1	2.526710115746549	4.393625
1ce/c0c795534b0cd	1.7502268930940708	1.4083125
1cf/4c51495e46728	2.3419208257717323	2.03375
1cc/426ddf57b71ed	2.3215602669949864	1.640125
1cd/996d0212e32ef	2.4475739894439723	4.7301875
1ce/b118122981154	2.39360014372189	15.60275
1cf/f536451a7263f	2.9949453674529884	11.482125
1cc/22821b719c119	2.77703877450222	2.41775
1cd/73486e107b420	3.279299716204998	10.25025
1ce/a630f2caec075	3.2737374417687732	6.0831875
1cf/13b0b6006cc8c	2.620503614435103	3.88175
1cc/287f66a758759	1.1082265064752899	1.2104375
1cd/1aed0aa3a69e5	2.297973868362224	1.2209375
1ce/98da16576e9a5	2.2883482409548663	2.1366875
1cf/f35b6eeae991c	3.1132951341385677	4.3224375
1cc/945765ce71572	3.2444762193348913	10.3051875
1cd/e1868fcd28266	2.6996650036229095	6.73475
1ce/9893a4c8abc94	3.3149724636181266	4.772375
1cf/284c95c3d4cc0	3.0539075725291682	3.943
1cc/e64a0be21e4ca	2.48952539970361	4.9701875
1cd/d29a23820586f	3.4974541543205637	17.086375
1ce/581c64367e297	3.087573806540337	2.3219375
1cf/f4f279815bb6b	3.4376605025987073	11.3073125
1cc/f0ef78055d514	2.7691161670337867	7.4795
1cd/f0c3792340bf8	2.983324738304314	7.1476875
1ce/5c28c24d2a6c1	3.411649650708652	5.52875
1cf/8272fc7c5542e	3.3694848595218536	15.9741875
1cc/015381ce4e7a1	1.0926725514005935	2.95075
1cd/2504437afea73	3.3263162145728447	4.5340625
1ce/c67778ab8b307	2.6485942071694293	1.153375
1cf/65d2b1466ae82	3.100783323850087	9.7333125
1cc/85ddf26eaeec9	3.2134084984546654	4.9330625
1cd/4a03bde97bd3b	2.6398450220584224	0.951875
1ce/21eb29d93c937	2.3021136988061652	6.490375
1cf/467598549cf1d	3.3050035532245885	8.229375
1cc/3657a2c7cbdd8	2.804897569714443	3.0664375
1cd/d64199b8c3359	2.6405735244211845	3.6973125
1ce/f7fb545090d1c	3.2332662483356076	2.5355625
1cf/0587db84c5101	2.540548159882323	11.549875
1cc/8bc6af4b0566c	2.650416437289142	3.7515625
1cd/6ba984d6cec87	3.2127181704159544	14.153375
1ce/de0a53cb8e202	2.4641784401987765	2.04175
1cf/535292f28ca50	2.8324320873863704	2.1396875
1cc/d2f97a7eb87e4	3.233629145206021	10.67475
1cd/8e126a443a9ff	3.4223689408576616	9.051125
1ce/cde30a58c14a7	3.0243610338462834	8.87175
1cf/13a0089efa8f8	3.407060476124101	13.712375
1cc/fe1a97759360a	2.912267189949615	3.576125
1cd/9cb1dd90ad5e2	3.222417860990425	5.9150625
1ce/d72765f10f0d6	3.4350679267720565	10.7855
1cf/4cecca2394e68	2.9315762585657987	9.919
1cc/437b0f388f681	2.932397271287428	3.173
1cd/b830bf60903fd	1.8484848122147146	2.5175625
1ce/6bc826f6fbaf3	3.271417863872959	2.5561875
1cf/3ea8f9f61297c	3.0841376563331186	4.3536875
1cc/60123c7930089	2.8553315692355	9.9306875
1cd/c7a025bf093db	3.3386044864413953	15.402
1ce/e89489b4eb9fc	2.9197365881642816	4.9184375
1cf/379806dbaa943	2.482628487600733	1.6516875
1cc/5ef39b394c47e	1.7787035271766707	5.02325
1cd/7746210ee8547	3.3389380504054693	11.72575
1ce/f123879530f98	3.01702403375855	7.3558125
1cf/af5da39c4314d	2.720267079594478	4.7600625
1cc/6e23c7026cb3f	2.38376075166066	4.53025
1cd/a8248dc82df5c	2.4735472976363435	8.308125
1ce/cdff106545f4d	2.3071333579312956	2.0675
1cf/04fa3ad3d7980	3.3279162833784577	11.6099375
1cc/c01e0eb315158	2.9527917851184955	5.231125
1cd/d4c849283cbd9	2.359004071356413	5.80025
1ce/1f17dcbc5fe59	3.4132256718701335	4.4731875
1cf/8fa149f9b385b	2.840003542421279	5.378875
1cc/33b8cb1c252da	2.792060529042866	1.24975
1cd/bbb6c13cff6af	1.1067287744425314	1.6584375
1ce/87620dd200682	1.674856977491558	7.33975
1cf/aa00cd3993c94	2.784812167054006	9.776625
1cc/364d6b3c9681a	2.1373015515781812	0.81625
1cd/ccf5baede2505	1.9731673096515683	2.244125
1ce/c00ff88cff998	3.2543568619468153	7.2635
1cf/910893b383860	2.701862835053821	15.9961875
1cc/d2e5ff513aa6d	3.010238478424006	7.8823125
1cd/825f7f9905c24	3.3873355475647835	10.53025
1ce/bdf898dce8580	3.3663596674229823	9.3125625
1cf/d6e7327dc76a8	3.3514525765079624	5.5595625
1cc/00adaced12bf9	3.466691910929903	3.583125
1cd/66b2891c26ce8	2.8134677598961093	9.6545
1ce/22fd3758d4063	3.378904182038565	4.88375
1cf/33ca1502753ed	2.580797291380206	5.3550625
1cc/3132e13dab88f	3.3649607066148253	5.7943125
1cd/a496ed4396972	3.355601496541322	12.1258125
1ce/8f8ddded0757a	2.248181245859033	3.067125
1cf/9258cbbc0f87b	2.455424409812481	4.6489375
1cc/97445e0eaf14d	1.2042872517129724	1.6111875
1cd/08afc27d1a520	2.7006032581429382	3.681875
1ce/7bc58bf925ef9	3.309838713829684	4.676375
1cf/79edeb969152a	3.176993053674619	8.0660625
1cc/1e951b8453129	2.5442792589994325	8.104625
1cd/2b70ba85db709	3.148601664084158	1.082125
1ce/9deebc39ac525	2.4343813598816837	8.029375
1cf/2faf744ba0fcc	3.0764244558083185	5.7500625
1cc/ddc46aff96294	2.695689947996071	9.68175
1cd/57974343bf646	2.307424554255295	3.912875
1ce/04f861cc988db	3.254558377541517	5.1831875
1cf/0e8ec08b0643a	2.0172321271877394	2.7418125
1cc/9118b5d8f482e	3.4119731915826232	6.821
1cd/28a5e10a95d9b	2.697079012916992	6.59225
1ce/369ab473a7995	3.0618626653210335	7.4338125
1cf/2b6cffe9f2715	3.508051029834983	8.2266875
1cc/c4cc4d1bc84f8	3.4184353951571222	12.904875
1cd/a2a15df41ee6b	2.37724905497589	1.20125
1ce/ea7bdc69e2b4a	3.2551742278354268	9.3659375
1cf/e2c29a5a98cd2	2.8255530626344734	3.631125
1cc/ff668495bf9ce	1.9007824291763784	2.7716875
1cd/e2a58548c7095	2.9383353054267256	8.1960625
1ce/e4a7656a4a481	1.9785998189402043	2.627625
1cf/71bfadbae7ac5	2.655584758647726	1.44225
1cc/21724450248e7	1.9409251782789663	2.606875
1cd/095670bd3b5fc	1.8278595870040504	2.6085625
1ce/f99cac00814a3	3.034816948415576	11.155375
1cf/37eb6ce671d0f	2.831481078578636	9.14125
1cc/668badb2fbcde	3.243937601257045	6.634875
1cd/2ec0bcbf71dc7	2.6425610019141317	7.1190625
1ce/547658a4d3412	3.360481234296196	3.7025625
1cf/6d015a2e9a45a	2.258749918986228	1.5635625
1cc/f3333c78b1102	2.97855486996871	3.3294375
1cd/8e5cbe2ab921e	2.8431345327600646	4.424875
1ce/2cc7a853b89e2	3.1282077898993474	2.33925
1cf/06b4fcd16097e	3.281136572682627	1.9716875
1cc/c1337c3517233	2.6127365567601863	5.9665
1cd/b1867307b61c5	3.1362084964954358	15.6699375
1ce/1518b829f8a63	3.02341036235263	7.9705625
1cf/669407698b131	1.8967882676424173	1.3655625
1cc/e05d43e5016f8	3.149373954547966	8.8348125
1cd/31eef100773fb	2.9124430715237573	1.7295625
1ce/46e3c6b29d034	3.138492228028084	4.08875
1cf/149e29e517c0b	3.2391560614519626	8.9965
1cc/0ecc66a0d1f23	2.7886312810766665	1.577625
1cd/8f59303bf6735	2.421549220189349	1.4904375
1ce/e97c8907bfba3	2.6698603810589296	3.9759375
1cf/39635ae73e2e6	3.0781056163302254	3.701625
1cc/46abf661c68aa	3.0277549584273094	2.59475
1cd/f03e4465cc529	3.10324796203412	15.404375
1ce/c3a26a88978ec	2.9715734049888396	9.1725
1cf/22e88b0648f5a	2.199227786362492	3.257625
1cc/20d2134f8b490	2.9492526975499604	2.96425
1cd/e55e10d61b486	3.280502543569284	8.223625
1ce/b49a59c1c8a86	2.534172631536709	11.737375
1cf/5f528e281f3e2	3.2517351452093552	12.9100625
1cc/2300e23a277ff	3.03283305277953	4.142125
1cd/fdfdc11187ca2	2.251786537062258	2.0874375
1ce/c288c999251f7	2.715305337799457	4.9229375
1cf/959708b2db3a6	2.158692702395988	2.001375
1cc/791a544f44d07	2.579084156510559	17.4358125
1cd/ea739ea89502c	3.1263651441306526	5.6505
1ce/d087e50a69a13	2.9442196110128465	9.557625
1cf/c47984f486af4	2.602392331739758	1.97025
1cc/44e0b738ab7fa	3.3316958922933	12.2850625
1cd/0a7d38c4ce5cd	3.017591923448675	6.15575
1ce/dc07f4da6b7c8	3.067099508195557	3.021875
1cf/86261a49e3e4a	2.53477174554953	6.602375
1cc/e925ff409e945	2.6422089990448603	4.487875
1cd/5b352f92ab2ad	3.1511309144522466	21.5946875
1ce/a20659d23a1f9	3.3779187685439154	8.05175
1cf/46477844d9901	3.3572943870065277	6.380375
1cc/ea254c4a5d4e5	2.8700840172230957	2.6473125
1cd/220e417f78af0	2.13217082711563	6.4713125
1ce/a5a921ea64bda	2.4460509780871185	4.704125
1cf/0bda785a08407	3.063677247099291	1.9139375
1cc/0a326ea86993a	2.725609728491347	1.04075
1cd/b4e822b6a0bcd	1.1042069423829475	4.58525
1ce/2bca6593ebb4f	3.1885022212006415	6.0919375
1cf/cc9cb90e2e8a7	3.1261754471297056	2.9208125
1cc/39ddac8a2faa2	3.428696900407602	11.829125
1cd/608716b30c7c6	2.657878107389979	4.6019375
1ce/358844f466893	3.3349940489798406	6.272875
1cf/4633b48282725	2.547307808261126	2.2666875
1cc/00031ac358f28	2.649659164811486	7.4016875
1cd/383d212783cd2	2.539320271898818	1.443125
1ce/b008883090439	2.247404099049321	5.64275
1cf/fc310493cbb28	3.2292558946062107	2.5064375
1cc/8b641a6fd12d3	1.127783913212335	2.3494375
1cd/104fba4595809	3.2325446767066874	10.2134375
1ce/1f950d4bb35c7	2.499613944176492	3.0394375
1cf/e3e04b2228221	2.9000297885257247	5.91425
1cc/a1cc10f76af9f	2.581294348917984	5.5845625
1cd/7349d75e5392e	3.058656596698975	6.2250625
1ce/b1dd9b1b9689a	2.4045251969915067	1.2493125
1cf/3e5ecee93cdb0	3.2747167001203437	12.3354375
1cc/a80cea44d8e74	2.684543752656223	3.914125
1cd/63ff380b69884	1.2631611404215888	2.240375
1ce/d62c7f7a751f7	1.5498285386012414	0.7203125
1cf/f11f4feac12cc	1.9709337933664235	4.9809375
1cc/aeec29015e6fa	2.700405787614464	2.309625
1cd/e9fdcf85a0a53	3.1015997372019655	19.059625
1ce/54c7fddfe3e69	2.2967678447297617	6.808125
1cf/e9e246ff3f1ff	2.3012607497609356	10.586
1cc/0b5de019cf1a4	2.485030726847997	3.404125
1cd/3fdde5784084c	2.572720821085013	7.5385625
1ce/c57ac94ea4a59	3.347622257573548	10.0145
1cf/dcff932e70073	2.511870659677915	4.6266875
1cc/0e038f14fefb8	3.159653087027833	2.340375
1cd/a3f3ad98e1563	3.0610006232163713	5.474
1ce/f06a165cd813c	3.3535196033849717	9.0135
1cf/96fad1194025f	3.302896817230896	7.0630625
1cc/10a170f033bcf	3.2485802276049336	12.807875
1cd/a85f1d6a67d60	2.756427507725418	7.2791875
1ce/c14ac3d50edac	2.336406066872431	8.2551875
1cf/c5a9eb39cf8b8	1.9472573749461934	2.6436875
1cc/149b1c234fc73	3.0023976594048856	4.1121875
1cd/3762a9cae444b	3.5110586493978317	12.626875
1ce/53d65e30ccabd	1.9888183610472212	1.8596875
1cf/4bb22b80e6b88	3.219738045813614	1.65925
1cc/350987e753643	2.807127559879232	6.173625
1cd/887d9eca59c26	2.6099104337360646	4.637625
1ce/300f3a4e93f7b	2.009338607189302	1.3935
1cf/a59b8e4d2398d	2.614455959284972	10.4426875
1cc/b97b3a4c3295e	2.110473971257187	3.792125
1cd/4c6cc149baa01	3.2283019511616935	1.5879375
1ce/13aaa93063ae6	1.7067730478895977	2.1489375
1cf/a49d7474e7e4f	2.1478573474276437	1.7681875
1cc/6325223341ba7	2.0729956188799368	5.111
1cd/e8dc70ece8948	1.757906665538555	5.5270625
1ce/7d0e711fd1eb8	3.086682869275868	5.0681875
1cf/2bcb5536cf182	2.3457289143890816	2.2125
1cc/d9376879bc0a1	1.769639384141506	2.1831875
1cd/1900369e1d340	3.0944087185015965	14.412125
1ce/2318b2c370ae1	1.6738984487836415	1.545125
1cf/50c52aa8579c7	2.5769672655514926	5.265875
1cc/c7cef89d9a6eb	2.8401476487565525	3.702375
1cd/3ac5b84d6888c	2.465099070903738	3.0771875
1ce/d12ad59270ad9	3.1378041645740176	4.92175
1cf/a7e5e371aca26	2.37462166454049	1.5479375
1cc/2852a635f4542	2.3711092716000217	4.3930625
1cd/d6bbc70b4bfae	2.7221140707623452	6.4019375
1ce/0f22547b04512	3.2337214838900503	6.242875
1cf/a3152da945f73	2.851872643847984	4.1415625
1cc/d63f86f647657	3.341801824830843	3.588
1cd/0794b191ecfee	3.31668537135914	10.512
1ce/cf58371e75aeb	2.4998909118861286	1.709625
1cf/7624ad650f07f	3.1285887151142293	10.188
1cc/7829cd5a82b11	2.8591626599851017	4.9049375
1cd/4bc490e742676	2.3235410262469416	0.986
1ce/0f5e6679447c8	2.5994985391329424	2.4735625
1cf/0d1288f22ee34	3.2424273882327226	5.1141875
1cc/66e28e82880d8	2.7550801428608684	7.10475
1cd/f1e60a8086637	1.087770796781435	2.7555625
1ce/14ebbcf6ecc95	3.2085595214976848	3.1733125
1cf/e86c254e88243	3.238900242670452	6.85425
1cc/f22ff876bce40	2.796411553927153	2.415
1cd/7a320c0861011	2.086096577368445	1.458375
1ce/a32dd976e7195	3.351347065446301	11.2763125
1cf/08cc8ff375b39	3.314414240083734	7.876125
1cc/d03ac9d84dd53	3.3047322063690356	8.735625
1cd/67b23f9bb8b84	2.615953863884823	2.26025
1ce/34265383ac5e4	2.987045750820378	4.199625
1cf/34721fde52647	3.351154161163561	9.63175
1cc/c1a83e9700703	2.517974623233956	10.54975
1cd/9345733c5557b	1.8752511001107341	4.3765625
1ce/7c004be503d63	2.983648791826537	2.4956875
1cf/ab3f165a6ca94	3.0486905183444324	4.81625
1cc/999d00f7dcd04	2.740780891569028	5.000125
1cd/a01da4d91641b	2.9565966330708577	2.0876875
1ce/a351f5a6c0c88	3.3306539808538003	11.7160625
1cf/abbe21bd502b3	2.6326739778261197	12.48575
1cc/8732b0da4f0a6	2.3320149000551442	2.604875
1cd/29bc61b0fef4d	3.429288332531381	18.635
1ce/7d3101c86dbc2	2.9810377148545797	13.3111875
1cf/ba8b6b72177d4	3.0300668048368293	9.025125
1cc/8467360e01923	1.8917958474961452	0.6819375
1cd/4569f7cd926e9	2.6228290251244726	2.4025625
1ce/c25d9934764f1	1.387756272004214	2.065875
1cf/eb74a63adae80	3.0003489349838954	1.31225
1cc/5ed9db5d56a55	3.02400067915613	1.775625
1cd/2f2d5a8f8ac97	3.3240518745014485	7.4559375
1ce/19416bbe57836	2.6647102507022047	7.9731875
1cf/a9a0f54115479	3.464135529456992	10.806375
1cc/985d65ff16b27	3.151538329844754	6.8188125
1cd/6e7e6caece5c0	2.1186037909541366	6.0401875
1ce/f0d93c01c5bb3	3.1543848323271497	5.5895
1cf/39dbdf81135a6	3.343100859622044	9.6821875
1cc/8d26f3c3a219e	2.2679593311991324	2.234
1cd/fd96cca01609b	2.7136106970554024	17.228125
1ce/aba607a4daf75	2.795352579749681	1.893625
1cf/d9d516fab0d1e	2.539168599797558	4.2334375
1cc/92c11bc3777fa	3.5185465249487384	16.2936875
1cd/9da53c6d93548	2.354562977129144	5.044125
1ce/60c4b1fcc104b	3.2519720155316585	4.8555625
1cf/32695b4072456	1.884710224505018	1.7896875
1cc/ecde1e79a6e78	1.5551301444464367	1.316125
1cd/4e5b4693ca3cb	2.939100612799123	27.151375
1ce/ff2cd30165d13	2.576369702792957	2.1350625
1cf/ab37447cdbe1f	2.543417334895259	5.9306875
1cc/46b521c740bd0	2.6430308499560673	4.1728125
1cd/249684657f241	3.216677187233177	3.021
1ce/80b4e48975d7c	2.8328925675689685	1.5194375
1cf/ed3f20a9b1cd2	2.9636720430539136	12.7765625
1cc/063d0ee522dcb	3.0442345925042478	6.6036875
1cd/07043247f1e92	3.1680019962681683	6.4916875
1ce/13bee09df0e17	3.2548783993119037	6.40175
1cf/1af495d5c6798	1.9803933759187116	2.9343125
1cc/5110e5417c984	2.6985402918902666	7.51575
1cd/0c46ec6118892	3.1371295831728676	8.4488125
1ce/46b4d6a9d17f2	2.6713624171577712	1.3455625
1cf/8f3d17d04d11b	3.4162224032390176	14.0968125
1cc/7ca06f97f1469	3.0634361672436903	12.2253125
1cd/ce49a3b1327e3	3.229787690149733	3.7714375
1ce/6d360ebd316af	3.160392145775553	1.0774375
1cf/bcf1bd55d02bb	2.45902456512745	1.2014375
1cc/78a9d0b3e62a0	1.6265680696790021	1.7043125
1cd/7e0d3856fb6f4	2.5822345716220023	2.727375
1ce/37397ce4a1f88	2.351862367839223	7.81775
1cf/c66c67c36c185	2.3304676914836655	3.7203125
1cc/898d22f43df0b	3.0017035591911627	1.4904375
1cd/995cdd5ea6df9	2.474433005092218	1.93875
1ce/276b4fda6a746	2.7538176268701227	6.6145625
1cf/ef7157bc31e1f	2.8371963540106258	2.4505625
1cc/1e412b3ab157e	3.42238527473287	6.2469375
1cd/84201e3c02fb5	1.706620732117341	0.817875
1ce/4ef5983663d7b	3.05178996369477	2.4098125
1cf/e301de4723767	1.9348574048533898	3.56325
1cc/a38f55ff0ae85	2.945935580391041	6.509625
1cd/97285244b5e64	3.2574969469777173	7.2668125
1ce/b97796568d905	3.2902189264125017	7.902
1cf/0cc8423211b8c	1.9542710932766618	1.415875
1cc/01fdfa5ecd10e	3.0403518169720947	6.3836875
1cd/cbd8d7a56c8d8	1.7211202045844942	1.4905
1ce/fe87735a62ac3	1.2011603660365022	0.72025
1cf/f0dab29b9d74f	2.400401189694352	5.388
1cc/d2a11b5f78f10	3.3796860883722153	8.989375
1cd/846e64cae7477	1.072058921365235	1.3369375
1ce/11b1e80542faf	3.4136923758715643	5.9174375
1cf/bf1f04a3abcd5	3.3983421316383287	7.9349375
1cc/85d15e0316c8b	2.441508368881856	0.8646875
1cd/36b2750fba83a	3.2449685477103922	6.3794375
1ce/7a06144a72019	3.1708878806580465	10.7494375
1cf/87fdbfa5a50d1	3.102337966764391	6.071
1cc/03b79d1f180e6	2.6070150866386235	4.9904375
1cd/ffc2ee08fbee5	3.450320964769373	8.113625
1ce/fca178919c245	3.1087069411176698	9.0945625
1cf/4a7bd1fb51c49	3.1605164909674666	4.3448125
1cc/7af5c54982250	3.123727249048436	10.4486875
1cd/26c333e8b154c	3.1478435746070477	9.269625
1ce/a62aaeb93fa2c	2.9687028089918885	3.066875
1cf/c63ba445d3308	3.423636267494313	6.251875
1cc/5d97a996fc480	3.053983684516917	1.9860625
1cd/aa1a92609082e	2.6726545008660034	13.3548125
1ce/118f4e64a1854	2.995277240027869	3.66125
1cf/7a8c2419a6493	2.8409348050959946	2.0423125
1cc/1738d8b652aef	2.8482570313762228	3.7171875
1cd/8a182b46fd06f	2.3104346522856494	3.123625
1ce/c9a3ea5ecd902	2.889045081529657	5.739375
1cf/353a1f0452998	1.1191461122644535	1.3453125
1cc/11c2d3bf33dca	2.06954064221101	6.9453125
1cd/94ff80a20b189	2.049954442776147	5.74725
1ce/e8e55d1dbc661	3.3087459235714607	5.1706875
1cf/0c4918d49121e	3.437203458437996	11.5385
1cc/2e46c53cc3df6	1.5992946659987977	3.2388125
1cd/d255c36415e4d	3.1867374923105767	6.4085
1ce/dfe1fac5b5cae	2.9620487666694	5.5990625
1cf/79569383da7a1	2.6889822525652862	2.62925
1cc/89ed829cde9c0	2.2984335269013476	4.3304375
1cd/d9e36ca3c3cad	2.9294806307654295	9.892875
1ce/b86cc018332da	3.26261639654344	5.3823125
1cf/85d632fcd6244	2.1935159916154316	8.131375
1cc/71a4877e122ad	2.9412862594577476	4.574375
1cd/aeba31796382c	2.700699708714191	6.894125
1ce/2748054cae731	3.3984141717485628	15.04625
1cf/50d3c4225262d	3.0108834326918936	2.809125
1cc/563c988df861b	2.1233118010867296	4.6828125
1cd/0245ed0538e5f	2.9996593105188256	11.42875
1ce/fbe1a3497f6db	3.08273365499883	9.777875
1cf/8f67c17f2efe6	3.3293367932344475	29.24925
1cc/610f824d9f879	2.3505753148744524	4.12975
1cd/e847a552720a9	2.966044406857636	1.5660625
1ce/11be4a82408b5	1.1307802358596457	0.8646875
1cf/f7f183bab7c35	3.369658995409903	11.563875
1cc/5b8a28ccc9c3e	3.2342868345938593	7.9940625
1cd/92fcea978e40c	2.2236246944927776	5.404125
1ce/8b7567cb113f2	2.7231706225796373	2.3356875
1cf/1ef43d0b230a2	3.5158200533993216	7.31675
1cc/8dc17f694e5b1	2.6737227132169132	10.026625
1cd/8ae023682d53d	1.9665098860526353	3.663125
1ce/052ad109e2fcd	2.9264524619250847	4.0055
1cf/4e265f907a1bf	2.948488092631345	3.1346875
1cc/b1a5f1ef912fe	3.162378507608192	6.0096875
1cd/8807c9ccfe6ea	3.1664972227456385	3.1034375
1ce/4261cf6b9eb7f	2.5999084506305756	3.7443125
1cf/f93c2f50974e2	1.9597186830663584	11.37275
1cc/b500c930f6c15	2.7962982652146837	14.1679375
1cd/105318342555d	1.1100952176952834	1.033625
1ce/6df7e3324b488	2.581562122188712	2.43025
1cf/95df15ba7db73	2.3106809276385767	3.84675
1cc/b4a1f52601fff	2.1891544297335246	1.0409375
1cd/c553c6de8b490	3.415176225495703	11.512125
1ce/9dcf513a9ce91	3.185057500964742	5.6334375
1cf/2d7e4de7c9c7d	3.187198168431791	9.366375
1cc/40c8085a67417	3.272122444408002	4.16775
1cd/f1e67cfab8ca0	3.4854197567788354	5.78925
1ce/bcdf688510e6f	3.3738159643818326	8.92775
1cf/084083233f492	2.5744621042669014	3.2596875
1cc/df2b58d995d26	2.481051709215781	4.8466875
1cd/af51d8b75fe3a	2.000756832017545	10.3871875
1ce/2b1b5832cf66e	2.996731444738087	5.0325
1cf/3de03b87516aa	3.285105935191344	6.1075
1cc/17a0c2430ba0d	2.77323551916048	3.5164375
1cd/b8659fb6701a0	3.1070885833394892	9.7590625
1ce/6761e45a127b1	3.450728185005403	11.0421875
1cf/01a55461c9079	2.0528290212478795	4.80325
1cc/7aca667235dbe	3.451442427567486	4.136625
1cd/3a063f428e9b9	3.334696474545641	8.593875
1ce/25152dbdf3f25	3.2637088723572587	20.92675
1cf/3b6db72a3d5a7	2.5998191872863563	3.2299375
1cc/3ba1523c08ddd	2.5012836407034698	1.906875
1cd/c8554e992d450	3.242540245761239	5.6669375
1ce/f59d408e9a148	3.4898011762827554	6.340625
1cf/a228d07066349	2.879640444225855	5.9003125
1cc/25a927232fe8c	2.8158415481420187	5.1259375
1cd/c60b5095403e8	1.4515375481845085	2.9220625
1ce/22f399bcadc40	2.8754702679265485	15.7268125
1cf/8c023cd0a0b16	2.810649468919976	6.497
1cc/9849d23f5e8d7	3.0687379123338316	7.6446875
1cd/f84bdfa2f8677	3.0116090766637926	7.0285625
1ce/c53550465a090	2.850360171713661	2.983875
1cf/e5981be75f117	3.0728343263909	7.18575
1cc/05e727f569589	2.9410053481595457	8.855375
1cd/a1dbb9f8f0920	3.1930237010960454	4.758
1ce/165e5f4054367	3.0350986509804074	5.1226875
1cf/9ddc41f787558	2.8200790550059103	2.8101875
1cc/457176160ba29	1.892304501748781	1.68175
1cd/eb21246d4876c	2.9565910255559587	4.0085625
1ce/9b8d4c1aad781	3.4467412101811026	6.742125
1cf/566d21c48cafa	3.2881817885765003	2.115625
1cc/30d70be75175a	3.1833631943684404	3.5468125
1cd/d61b5d0bc3e4e	3.0856244919728155	2.69075
1ce/b2f83fdae5902	2.1892767921062664	6.1999375
1cf/b24d93f693dad	2.7985902363896358	2.9983125
1cc/df81d9639fa36	2.394302465402961	5.234625
1cd/4e35c8c1d85f9	3.379198435753473	23.263
1ce/43c2bf8b7afee	3.014211895112748	2.775375
1cf/89caae5c34c4f	2.626576382755797	9.8724375
1cc/2f2577ed25390	3.0256317120904987	11.195875
1cd/f83a929264608	2.30793446877662	12.7316875
1ce/fb17a020fcdf5	3.142630625604125	3.93325
1cf/4eab9a69927fd	3.045681285756451	6.0238125
1cc/3393d89b5b39a	2.6645565373474662	2.799375
1cd/c8bc5fc6fcd4a	2.8062192877137506	2.1781875
1ce/ad57f498f0505	2.6579074690402673	5.023875
1cf/6f30610e91e20	3.0642070691796164	8.3971875
1cc/370623f481185	2.8953985970164178	8.450125
1cd/76573d9427f05	3.235945511481918	8.9923125
1ce/50c0be2592227	2.892425687882249	3.5035625
1cf/2516f9d7ae0e0	2.02411263807389	1.7775
1cc/fa6793d187ef4	3.0591650512936113	8.5339375
1cd/04d2f59397aef	3.2531491996967823	12.30875
1ce/bae9410cc45d6	3.2012109226181127	6.2916875
1cf/78c909dc4ef3c	2.5041541880709848	2.5208125
1cc/74347e23f0250	2.4595260884507955	1.15425
1cd/c4fda1ef9d9ad	2.662208302777213	1.5748125
1ce/393c7c7d6ee68	3.3268235561993182	13.27075
1cf/6ba8e320dd629	3.059549112560514	2.637
1cc/3804cf1379d58	1.1156880475436466	2.735375
1cd/d11ac0b3ef8d2	3.1841170717008462	10.024
1ce/7d72256502cc6	2.697888436923018	1.9620625
1cf/b62c49c747cf5	3.3926642090592862	17.4093125
1cc/593a81e5bca73	2.934641016193623	4.200875
1cd/d0cf7b726350e	3.11212852882341	3.408625
1ce/186b518c91319	2.2370155216888388	2.5955625
1cf/4dad14d148afd	3.249824114275363	10.5428125
1cc/571431b84174d	1.8704093292067403	3.03225
1cd/edace35a5e72c	3.1796550172304796	8.2180625
1ce/ca50356f0e61d	3.4395398446314944	6.7343125
1cf/a0a2a980fcf02	2.7151519114885647	8.3515625
1cc/721351c410131	3.0603167766016695	6.5185
1cd/d01326b8b71d4	2.2795484072338073	6.496125
1ce/7feb012517b09	2.4564967049023	6.1995625
1cf/605fbb5ee15e1	3.487735306666301	5.0245
1cc/737f50265808d	2.559333637246425	2.91475
1cd/16d0553451cc3	2.838671095997604	8.6695625
1ce/fca58390cd049	3.1561718650822757	5.90625
1cf/bc544da6589b8	3.098295716914224	8.116125
1cc/1f346e890bfbc	2.606960013767039	3.623625
1cd/5a4fad1940cc4	2.4411666150144353	5.01975
1ce/2068592e2fa32	2.1155288072553224	10.646125
1cf/606fa17c8451f	2.5876563905191645	0.7989375
1cc/467f50f2ed65d	3.3559944967305646	10.8670625
1cd/7963086b1a8f8	3.1438388512894337	7.3126875
1ce/aca3c50eb7fc2	2.0826560894722244	2.66325
1cf/07d9abc4f081c	2.5163526826098166	1.2495
1cc/fdd9ffaa8968e	2.4638468493134633	2.114625
1cd/e8190b28dd789	2.946632535587438	6.1575
1ce/cf52d0b59c25a	3.54571212047966	6.757625
1cf/e5618c6051e1f	3.100548733515438	4.0194375
1cc/fccb6a524ccee	2.4258076939060964	8.558
1cd/1eeb107315d6f	2.560697879143609	1.5911875
1ce/7d914aadbdf80	1.151034351943449	2.005875
1cf/19f8d382f0a03	2.766777939040369	1.3041875
1cc/13182ad2b1af3	3.0207762743892346	4.704625
1cd/042faa57bc8df	2.8028932406997584	1.3265625
1ce/d7fc1591d0712	2.8185263263389713	1.778375
1cf/ffa73423db135	2.8131564891426057	10.6635
1cc/c0dacefacb94d	2.6255215009895148	1.0570625
1cd/be547ffc98b7d	2.8933413616146293	3.961125
1ce/7fd0245f3e839	3.2131457655440054	13.3815625
1cf/8e477d38d1382	3.412119709112857	4.7540625
1cc/186c87f84c10d	1.4724616675165725	3.03875
1cd/c38d167950265	3.2255628929677047	10.166
1ce/4040429602c36	2.7716339283050537	4.5448125
1cf/8f87abd8686a5	2.9535570739415893	10.30025
1cc/a742b07dd10b1	2.4692448650598706	3.6561875
1cd/a294400bc96e8	2.7762573747832455	4.890625
1ce/e0312dc14bca4	2.6756902759491497	2.4984375
1cf/1ad6ed652ac70	3.3270101954098457	15.2649375
1cc/ee5bf53e64e2e	3.316578963689092	10.051125
1cd/730b7cca37ed0	2.553148758179032	4.4235
1ce/314981a7c9e7b	3.2884549715823503	10.628875
1cf/622fb16622ad0	2.6365686565394832	1.9209375
1cc/ac9c68dd35257	2.90599284520977	6.705
1cd/925aadf4180f7	2.682899776089853	7.763125
1ce/fc5137686c7bc	3.3532407169747747	9.304125
1cf/61369ba9fa5fa	3.465895137224333	12.26775
1cc/fb893f8f22bea	2.871845165227207	21.01375
1cd/ec1dd4c3080d3	2.4720926237527237	6.96625
1ce/3701f8fba4bb4	3.1305407034658486	13.088625
1cf/fae90daaf8457	1.5250919314194322	1.1928125
1cc/ca4f7fc26d222	3.2411852344760588	6.9273125
1cd/5380fd7c54e57	3.424110608993521	5.5705
1ce/fa40ee1aece9c	3.060169239464424	4.413125
1cf/f208860828a76	3.5461953217590367	9.882
1cc/5f000daa43532	2.8145870131333552	1.9749375
1cd/99f69881bc21f	3.1898755783056907	10.5223125
1ce/36f5abe203c72	1.4743496251153787	2.770375
1cf/cd1f5f34daf47	2.9744697499331147	4.342125
1cc/e9cd030801e3e	3.036653621783639	18.477375
1cd/63348457dd2ea	3.0116700559596876	9.9034375
1ce/8a56e332c91fb	2.3534162405169656	1.619
1cf/d5992c1a4a961	2.7190611518878733	3.2289375
1cc/9d75bd671d094	1.993272731085355	4.98675
1cd/8b2153f3a3c37	2.6914570910835054	6.6460625
1ce/78cb57c3aa166	3.3591415714679527	4.6488125
1cf/db744703312e1	3.3342404005838397	8.1214375
1cc/8ddee81909f3e	3.092684894341165	3.6241875
1cd/9034c875ec440	3.267254228122333	13.283875
1ce/4dad1835d7c9e	3.0283908738327	5.355875
1cf/c8fea243f2d4a	2.37893385622755	5.7388125
1cc/9fbc908bce5ee	2.4678615084310067	8.7125625
1cd/561eff76af5c0	1.567993726244964	1.5455625
1ce/87a4c7cf69b9a	1.5208113925317301	2.21075
1cf/ac36b5f2fccbe	3.120776648505591	1.909625
1cc/bcf0354d67927	3.216404916046551	10.7181875
1cd/edf3019a66e53	2.705646178660298	3.3150625
1ce/b086eb8801cda	3.1702460971200925	10.6650625
1cf/c3e67f7c97d6f	2.29900197518763	4.5645
1cc/f23510f66eaf0	2.754468218842713	14.6561875
1cd/68215250aa855	3.2758214315152445	15.59275
1ce/f1d1e43784415	2.4655468111861243	5.79
1cf/e33833461f678	2.9372465336658853	14.059625
1cc/1564da183249f	2.706737919096087	5.0043125
1cd/e349098c6113b	2.656638513158002	8.6431875
1ce/9e6b72854aa9a	3.4885701000397256	4.634
1cf/8666173b5dda9	1.9518283456158183	4.3189375
1cc/958bf2506a83a	3.3604066120416016	5.9090625
1cd/1f07d5e0fff70	2.8914973876397365	7.6904375
1ce/835042bc8910c	2.3282805032588976	4.291875
1cf/32398ba08a95c	2.622344113906167	6.676875
1cc/b93d630d571e4	2.7658884681365263	6.9929375
1cd/3558dcc96f521	3.0956416122299197	16.617
1ce/d85db2d35616c	3.296474875431225	15.5491875
1cf/814597e20bbe8	3.120994518753219	5.2844375
1cc/d62b53237d560	1.1312414971639997	0.7814375
1cd/ae4c9d3639338	2.5514084089973874	3.324
1ce/2a96a86bad95b	2.8290437126110093	1.140375
1cf/7357c76af14a6	3.3133245385797334	5.4750625
1cc/151d1e41e1c6c	3.230610121440116	6.9708125
1cd/092574d75c186	3.1385203386145477	6.802875
1ce/4edd10ea01c28	3.2770126666851294	3.829
1cf/5441b49c9cf1e	3.2611798507441083	4.740625
1cc/78c440496109f	3.00640687212391	3.6660625
1cd/048640f9424b9	2.9618023437899126	7.2321875
1ce/332a59bea84cc	3.214529807481686	9.4293125
1cf/c9581a083bdce	3.1033260177941964	2.06625
1cc/6b50a843e225f	2.870894076406501	2.3586875
1cd/c2fe797d64ebc	3.132898129450836	5.2335
1ce/1afcdcfc28f8e	2.6648979294647157	7.060375
1cf/d20e71bae533f	1.0648860008154242	1.153
1cc/c32d199c29f6f	3.321612891515514	7.4910625
1cd/37200e5bac256	3.141956089173646	2.4305
1ce/e244be06ddef2	3.44303190804733	14.4208125
1cf/4db8de3aadc12	3.0813340946116483	10.0545
1cc/b1ca3058a1b06	3.293037596651559	4.0145
1cd/13cda2943f1aa	2.5484459672468067	5.0795625
1ce/da977e0cbac96	2.371040526973453	2.1391875
1cf/481eae00e0777	2.4877730553852753	10.8591875
1cc/c84ad4404f20b	2.8356120539207437	3.741875
1cd/0d2e56c48f061	3.274354830120829	11.9624375
1ce/783de685683c1	2.840001676891456	7.770375
1cf/8faa8a4c26bbf	2.328731494445272	1.489125
1cc/3933acae05227	2.0844735248268673	1.58675
1cd/abc45c8bb7502	2.0588750118248638	5.1161875
1ce/fadd93fec60b5	2.788858688206414	13.2388125
1cf/e0b55c657faad	2.8297587414732632	6.2696875
1cc/3ddbaf8f71aae	3.06079333139074	13.466125
1cd/dab190cfa41a1	3.0042173513125	13.1115
1ce/3e6c3ecd1c77d	3.296408478457403	3.1005
1cf/aed58cc06cb0e	3.025937751601311	2.9329375
1cc/884a4f9be3289	2.155977882296321	9.850625
1cd/6d1e3cb43dd45	3.2788629548725643	7.2925
1ce/a7af05bf15817	3.3174861405745957	7.9566875
1cf/0e6f7b1c6d0d4	2.994110904300338	1.8816875
1cc/3913c5622cf66	3.093876398527955	6.128
1cd/7344dc11f5eb1	3.1923456608524634	8.9379375
1ce/3115586c07e55	2.0585516841491645	1.3934375
1cf/17e2e12dd569d	2.7688827582271522	11.0800625
1cc/508b8709d3dfa	3.467940061253959	4.7194375
1cd/baeec1b1dc055	2.927023435716514	2.7074375
1ce/7c381f63bd96f	3.3909825735682357	5.868
1cf/85a152ef10ef0	3.274174570999409	3.4159375
1cc/930049117433a	3.1131826746123004	2.7185
1cd/822fae4506f3d	1.368847479984801	2.065875
1ce/20370940423a0	1.960221727218703	19.532625
1cf/2cc6987dc16d9	2.8511769221715615	4.66175
1cc/338f5f22eae26	1.10521583878237	2.3351875
1cd/5b08432526333	2.40566672268873	3.439875
1ce/90f64390402d3	2.1965108388217844	0.9848125
1cf/9b9300b922a4a	3.1219173475813173	1.2009375
1cc/bda71405c856b	2.097080784683829	5.694125
1cd/3230031abffee	2.7175181768476113	5.9626875
1ce/1c90fe2626385	3.014813838426426	9.13575
1cf/c50c622fc85b7	2.013237612327509	3.25075
1cc/ee2753c116a1f	2.438809049087136	4.6866875
1cd/3e3b515b469f3	3.0177533794353675	2.284625
1ce/578152648851f	2.0441502432162384	2.7340625
1cf/65695f7df4810	2.046572101705642	0.9133125
1cc/97a5cfa5ca22a	3.2690615888319385	9.4729375
1cd/8da09392e399f	3.2936057406399444	9.345125
1ce/1b42589e56ba7	2.941525580575147	2.6625
1cf/f684d6365ce83	2.36692802100204	4.15275
1cc/a430d88241ea3	2.3129000087030263	2.76375
1cd/a671ef19d0607	3.0699428509532134	3.3830625
1ce/fc6c1a94ff02f	3.2887328294775853	4.517875
1cf/77c74efe53301	2.7909998691660274	1.1853125
1cc/e4dda2addd0d2	3.046799575573265	6.36725
1cd/e6bd535e86a66	3.454137098322012	8.223125
1ce/60de05bfa6d35	3.007850243663986	8.17525
1cf/2f70f1665913e	2.608396136089518	4.6339375
1cc/0bb28555c0ca9	3.2632086411529313	5.1943125
1cd/7d2e0adb8a0c3	2.764518415330688	5.9061875
1ce/3f50eb2a65d4f	3.066601435254565	12.3349375
1cf/2fd30085a1dca	2.655347646284459	4.9731875
1cc/5b15018b1062e	3.3326893213685573	8.3741875
1cd/ead27f755dedf	2.8649173558291645	11.5560625
1ce/a5ec32ae639d2	2.252250047084324	2.967375
1cf/2625ae656ae49	3.28619302043466	8.413
1cc/051f3d4e162c9	2.8367030573835543	6.0661875
1cd/ff664af521768	2.8104736896681364	13.216875
1ce/0f205ec180267	2.4689678230245224	4.7333125
1cf/62ac770c0078f	3.143248083520114	3.5865
1cc/165d47302dd12	2.078082822439371	1.6819375
1cd/66ad7d05baa49	2.5231815192298352	2.9741875
1ce/a761d959a824f	3.0534528828996588	2.721625
1cf/0214354d2e0de	3.32384717553054	17.6635
1cc/36e3718bd9fcf	2.499783006357198	1.074
1cd/a406c37d8b380	1.086935018428125	2.0076875
1ce/d4f1e702c6395	3.4600847681546765	3.9675625
1cf/cb5ecb9fc41a0	2.4818019440462655	1.6315625
1cc/56c8ce552fbf1	1.540159271965701	0.9608125
1cd/1d56e4447a205	2.622259640872488	1.4559375
1ce/3aa770e6c0909	2.015593911452856	2.361625
1cf/a6ac4672db36e	1.723949411530993	1.681625
1cc/c2fb5536feb0a	2.6137050335425065	10.162125
1cd/cb0ea57c8bf0d	2.6847511668706465	3.6085625
1ce/218bfc0ee539a	2.883851341606151	8.10825
1cf/5a9bf6fcd64a2	3.033304422545543	4.0773125
1cc/9ae58a33bc70c	2.9029609336486764	5.2706875
1cd/02d25c6a610e5	2.8444799298681134	2.819375
1ce/f172105586311	2.8148636248414802	8.3350625
1cf/3a329a1890bb5	3.166494255849042	9.8569375
1cc/044804f1fb2ce	1.9879801573587907	2.86125
1cd/eadef67d1ef68	2.817423919610859	1.72975
1ce/d3bc72589c64e	3.315417998165387	10.2801875
1cf/22f45badc6dce	2.95807742665201	1.6983125
1cc/1b4c8f02ffc05	2.8838342959145664	5.4985
1cd/827ea06904683	2.6297263520725713	3.50275
1ce/7c6b18216baff	2.9032131656875744	3.2704375
1cf/24a3d7b9e04de	2.9572951619459165	3.919625
1cc/924d1b2245ceb	1.8638094699698542	1.4894375
1cd/4dd38c5cc7766	3.0137863872478983	4.3976875
1ce/76179b83cb4ff	1.7890070882964466	6.1645
1cf/906a5560c0793	1.919093278335801	1.952625
1cc/fe8955185500c	1.1754364786715708	1.4904375
1cd/39a8c5587c789	3.306617599612499	23.2574375
1ce/272cc586443be	3.400047258599484	6.0179375
1cf/6cb98de2d2a55	2.5530418437108886	7.7405
1cc/99f6ca66f415a	3.085342446067993	8.483
1cd/0bc80d88aa74a	1.9768449148897056	3.30225
1ce/a9b099fd6aa0a	3.091102089944277	5.11425
1cf/cf2cf2d0f2e91	2.112982218753116	6.42925
1cc/b0fdb9164d529	2.6428266490173153	1.71925
1cd/a1ca2df278f94	2.742494560361703	5.710875
1ce/123c6383ef634	3.0762184657477163	2.2963125
1cf/4992b8c939de7	2.6540007524075	3.6064375
1cc/802845d85bd38	2.2179925651158503	9.551875
1cd/d3623d25d7b0c	3.3583124878623205	8.3399375
1ce/4bad12c2c5ee8	3.5452836648337267	19.324375
1cf/c684bc9228915	3.048677000712484	1.8485625
1cc/52d4d5d94206a	2.7611767051375913	2.195875
1cd/90454c844fe0a	3.213054127358698	4.447
1ce/7c8271f7a8f75	2.53126741002919	6.0111875
1cf/c31ac7cca8cae	2.405189769879478	2.0925625
1cc/925fbdb8de5c5	3.319118208910057	5.3269375
1cd/2a1494e70b718	2.9296728696484524	5.2205
1ce/73f7e1bf5e4cd	2.869776045501778	1.9245625
1cf/54a64fb25156a	3.396831209805485	7.0725625
1cc/8bb44dadb7bf3	3.122307026471005	11.6398125
1cd/4efc609041b95	3.2277035226363284	2.3726875
1ce/0378c546568ab	2.3539393800251274	5.1639375
1cf/d1cd336a320f4	2.587330291732422	4.8234375
1cc/e1d96e45b8a18	1.081782423339153	4.9950625
1cd/c7f73122deb49	3.383987020528785	5.19225
1ce/843c9a09e7a4d	3.3490422197658574	2.6895625
1cf/af1017a79595d	3.077280627891057	12.5950625
1cc/4871d30c63592	3.49396306492081	7.15275
1cd/22373e0e736d2	2.354875802643192	3.937
1ce/89495148c67f6	2.5840183740668965	1.9265625
1cf/85e73d2097113	2.49790925104187	1.9560625
1cc/bb66eb53ae4c0	3.292654849236626	4.6025
1cd/4b1d79c7f5585	2.940632227492254	3.8239375
1ce/f16cdc02b6c7f	2.7503039832954634	7.0959375
1cf/22e5dba5432f9	2.6617432614833363	2.1575
1cc/f1f353edcc290	2.2084485378153045	2.699125
1cd/03580ec55b80d	2.014378137462681	2.3080625
1ce/66fe12da9e37b	2.5306209485517814	3.57975
1cf/427b4ce9312de	3.117640782761258	1.8014375
1cc/e9abdcc57ec10	3.20218906702394	4.1266875
1cd/0ff1b8c0817b2	1.618620590448437	1.20075
1ce/76171b0526efb	1.691884252593765	1.2903125
1cf/6bf9538fec738	1.0875303359874589	2.211125
1cc/6860465aee6db	2.716584938638308	1.1926875
1cd/b18fb3744e5f9	1.874089226110809	1.056625
1ce/6756769a8fe25	2.5807637885075	3.1031875
1cf/bd7a3d61822ca	3.4494280186564255	10.264375
1cc/01196b5a808cf	2.6866510892005695	2.4666875
1cd/027b8fbbc106d	2.583110292556916	6.52025
1ce/7513f8038f898	2.965839307683487	6.364125
1cf/aed2cffb0db6f	3.2777464803355083	10.0213125
1cc/75c3ac72859cb	3.1177245815649997	12.646375
1cd/a5ea9855e6062	2.398999558059282	6.6371875
1ce/a4b372636e677	2.2936001133561033	3.8643125
1cf/9dea4d715aaf0	2.599267415616912	7.3198125
1cc/5aa1f608b3321	2.1764075057546037	3.9415
1cd/f2d288587c649	3.248695194700824	5.5880625
1ce/60a531530ef3c	2.204701185759722	3.43525
1cf/eb5bd6e3ada1f	3.2827514646416085	2.6531875
1cc/c15f99f28263f	3.2488899768447927	5.9769375
1cd/77911802404ef	2.1359968221414993	2.6595625
1ce/eaf606307a164	3.4477670640562597	6.5670625
1cf/1606fa43645fa	3.0739143912855043	4.41175
1cc/fbe301d311b64	3.430152412817061	3.387375
1cd/3e70b9b23fc9c	2.971146461818808	2.054375
1ce/32e0155f011d1	1.245987399488639	1.3929375
1cf/f0e33f1bba0b7	1.9813226027298825	1.5375625
1cc/9b70dc781467b	3.0561022787336194	3.323125
1cd/300eec6d07f0e	3.3652495727787626	9.367625
1ce/9cc8f6b69c42e	3.380738580320668	10.457625
1cf/d3fd4d03d8f7c	2.679168066597325	3.7964375
1cc/04f8c03274c60	1.9884873924885298	3.749875
1cd/acc801936d7de	2.9647263534484725	12.0725625
1ce/f7a526e326bee	3.5298081324683137	5.5635
1cf/094d8f2e5b788	3.31837128185034	14.2950625
1cc/b7ac8bae5cfca	2.876378200864571	9.6779375
1cd/b32abc300c99e	2.7735791078592804	4.658375
1ce/8d5f07279cf31	3.50834313722187	4.839875
1cf/7421b4fa9b70e	3.019886719091864	7.163625
1cc/09a4bb92da88b	1.3668460090594872	3.899
1cd/fb4a1fbad720e	3.204636105249242	9.82675
1ce/bbef8f97f5f5b	2.8048621883367275	3.595375
1cf/9ba807210c370	3.019818521870892	5.594875
1cc/d1791e92a5760	2.868064668833846	3.040875
1cd/7681f606a80bf	2.719483857800521	3.9121875
1ce/8182a0704d020	2.642288412618374	4.0569375
1cf/644dee608d52e	2.2885885718759105	2.3334375
1cc/10ba206c4da9d	1.1215511990834446	6.5080625
1cd/c98c622a6efc2	3.4133099011976173	6.65775
1ce/71cb4e940d0da	2.9607219667445706	1.5788125
1cf/fd77b26d61160	2.3297025664553965	1.0674375
1cc/8510cb21e019e	2.753676878565528	5.4599375
1cd/67be730e4cb7d	3.1714549094944178	9.939625
1ce/308b5c34c8ad8	2.894767158368157	9.3319375
1cf/0f150c3cc6f9a	3.237465620601243	9.861125
1cc/68ee960c161de	3.253798483041164	5.2914375
1cd/cc49dd971789c	2.6119775302067088	5.3083125
1ce/a2c9bae03f7ce	3.2888859386915854	7.0843125
1cf/c0c5d382be439	3.199277238944014	7.5655625
1cc/9f29366ee67fc	3.231938355578409	2.8176875
1cd/ad9ad3bc0d9c8	2.9363746405050266	9.2118125
1ce/991a58a9f78d2	3.079675856433227	1.2489375
1cf/354b581aa72d9	2.1667196097350248	1.730125
1cc/1dd4556448677	3.2660892399470334	7.3081875
1cd/49f41fcd07741	2.5815652249205847	4.16475
1ce/cc67ace1dcb8f	2.6286832968720404	0.8164375
1cf/27047c1372061	3.2724542761967235	6.5494375
1cc/f22bdad7cd19f	3.386818125779412	8.9990625
1cd/a0040d8c10b63	3.1728559290493568	4.99975
1ce/bb625fc280377	3.089527586070121	5.500625
1cf/32355ba45fea8	3.270828847359087	16.784125
1cc/77b2dda86af03	2.654918776563155	8.7446875
1cd/cfca566cb946e	3.389705874112782	7.69925
1ce/dda0e3b68c100	2.444296793025951	0.672125
1cf/fa64074df2389	2.940935578775626	4.3085625
1cc/7c6e2f4069fac	2.9167463703135392	5.2213125
1cd/eb52b6ae72e07	3.1059013170455616	2.2818125
1ce/604dec6100867	3.035293114731072	3.744
1cf/5ee11253305d5	2.9393370835968664	4.8145625
1cc/3e4b486b8ba44	2.9003652209214543	4.385
1cd/d0c114105299b	2.6163257094958334	5.73375
1ce/456597948ed57	2.8308897623718448	7.1960625
1cf/c138761ff46fa	3.0156531392729584	1.8661875
1cc/b5c43f8867c9d	2.393485901242431	2.056
1cd/305c4d65846d4	3.0703335856900256	4.716875
1ce/9cbc1e20c20f3	3.2193894539459857	6.0998125
1cf/e85fd229c020d	1.52194031652886	1.3695625
1cc/7f37b590fba84	2.02073622072447	1.1536875
1cd/fbe2c63cd68ec	2.604599779337901	2.550375
1ce/18a1a5e6441b8	3.1618000030540254	11.286375
1cf/cbf07cf8cf5ee	1.156533363482014	1.4018125
1cc/28e1d90935f18	3.071705974491044	5.0545
1cd/33ef48d24ded3	2.8681804657297016	3.60075
1ce/f06cf51be6235	2.5762387566444223	6.2405
1cf/52fb097e87fb6	2.917015146034661	1.5159375
1cc/98229a9345d67	2.8706980254571746	6.9824375
1cd/0bb3aeb06e2f9	3.575500159458218	11.6645
1ce/a76e41843facd	3.220514807297113	12.32025
1cf/67efe16abbb8d	1.9321582068545253	5.9195625
1cc/07735b1216c56	2.7242120033607073	7.311
1cd/a513859cb9431	1.9629155297428686	3.123125
1ce/7d5232835833c	3.03811368864526	10.887125
1cf/1f569a9b3db9a	2.773394574682408	2.41025
1cc/e41a79fc6be4f	2.481802097687251	6.9255625
1cd/8da29c0f256e1	2.608510381383587	6.7346875
1ce/9b47aeb8cedfe	3.1134427267081617	1.3511875
1cf/d80e13567a181	2.6575824623064266	5.9933125
1cc/da969f501918e	2.8888746480862553	4.0538125
1cd/d7c33a18c7a04	2.5048235351830934	3.706125
1ce/2ee30e4bb991c	3.2919131631509986	8.466
1cf/d6479323f3ef8	3.1582801750753613	5.5624375
1cc/a52dc9ae55a49	2.8044769815555037	4.7709375
1cd/bcf89a554d0bd	3.15338779765156	2.1083125
1ce/b45af4ea9a21e	2.224843411710668	9.72675
1cf/1ae4891390969	2.7791785333130457	19.551
1cc/d7095cce39a7f	2.7389428404888325	9.3758125
1cd/85a4c7d27feea	3.0887357851855923	3.1229375
1ce/ed7991471dff5	3.463714547910909	3.969125
1cf/b250e718aad5d	2.676924865332104	4.853625
1cc/1f75605e1fc3c	2.5908761475801203	1.4516875
1cd/6472796a03f80	3.421674353791667	14.593625
1ce/afa59b7267c2d	3.092031989761049	10.276875
1cf/139ac34775fee	2.74993762322584	1.9949375
1cc/a25bff2e1e848	3.006913385189044	7.7955625
1cd/9c9bbdc9412b6	3.4253557552962013	8.3928125
1ce/b2329e3775c6f	2.2559582830802754	1.4049375
1cf/eaa7473201f17	1.993408568760983	1.8259375
1cc/70aca6a5d1de4	3.3176337587355382	7.0231875
1cd/0d51d8c6a3cad	3.16073992127075	2.46675
1ce/46e626eec8ad0	3.0876134115843716	5.201
1cf/5f031de74457f	3.5285484670582936	12.286375
1cc/762c18583dcdf	1.9514987940822661	5.0989375
1cd/9a4f81c4c6b94	3.0871760263658397	1.2400625
1ce/0a68b25f0eb67	3.148012104881579	4.0390625
1cf/e641b3dc965b3	2.9863474559509093	5.8185
1cc/cc7e6ba7665aa	2.2766029753268193	2.0415
1cd/33b989097c107	3.0041927150920675	4.9944375
1ce/164a9646aa7d5	3.419573973004822	12.845375
1cf/17391ba89a7cd	2.059524520931499	4.501375
1cc/e61d9d29599da	2.270747230386808	1.9233125
1cd/21d3e267fdb2d	2.5725507173527307	3.3166875
1ce/88297677401f1	3.4800910810578474	7.492375
1cf/d9c222e26cdc9	1.686251064653201	1.70125
1cc/3e1ff57dbf9e2	2.421620408643207	2.2151875
1cd/feab3a5c1699f	3.3871248900156163	11.7139375
1ce/743830920d916	3.3055409597627383	10.147375
1cf/dd2df6de354f7	3.036317445049479	6.602375
1cc/c33ccb999d4c5	3.139409038359545	4.5194375
1cd/faa29e8cafe7a	3.168737885838505	5.35825
1ce/0f5e2ec0bfa68	3.265386671794619	9.9834375
1cf/534bd04da93e1	2.6941353145908087	9.846875
1cc/aff8e3b6c743e	2.6761994815066283	6.53925
1cd/31d94ec1a9795	3.2855353170470702	7.9015
1ce/0d85185c4faa0	3.2677342971032877	3.3334375
1cf/2af92e4c9f30f	2.0174138657838276	1.883125
1cc/1df48e9724fe4	2.602217772832493	2.304375
1cd/f7a23e831d8b1	3.2514091896799227	8.4375625
1ce/9977aaff16bff	2.4864464242917803	4.0265
1cf/ac01dacb18064	1.5814158349383782	0.72025
1cc/5129fe213e51b	3.187747237430207	2.3291875
1cd/2d24f2606bf8d	2.5435992263111054	9.0005625
1ce/8d67ef7162c3c	3.32645792713402	10.41225
1cf/6840235a57e46	3.1833928244606526	12.956625
1cc/c464698f19e28	3.409178913224085	10.80625
1cd/8e7c0caecfda2	1.1415522227107786	0.72025
1ce/527c79366bcba	2.7247527355964754	6.420375
1cf/a9c11a55d1e9d	2.3491163678669067	1.4411875
1cc/c808331d323b5	3.1262618647448237	3.47475
1cd/902b96614184c	2.780235547191489	3.72025
1ce/21430fffa2e96	3.4746073951468888	5.06875
1cf/1e781467857f7	3.0962107138212445	6.6744375
1cc/f6a45d65dfe0e	3.3818226506490583	11.908125
1cd/2e1162c45c5f5	2.5136876383816067	2.6324375
1ce/26ead4ce3506d	2.8175433105806205	1.7499375
1cf/88e2ea8f5f12a	3.124838657590282	3.9101875
1cc/74b4e590e7e9f	3.339666187590432	5.4841875
1cd/c1d8d0bd009d4	2.4490670150218823	2.066625
1ce/0f5954f5541db	2.7981387598789143	7.3409375
1cf/3def4792149a3	2.6893480678857133	8.4075
1cc/77e31e52c8cee	1.991953347152276	4.5375625
1cd/971e34f3e97dd	2.1721431220807847	2.4529375
1ce/5ce2cf4013223	2.1974106467612895	3.33925
1cf/a891302b01747	3.305554529279547	2.7951875
1cc/1083197da11e7	3.0988664853444297	10.2445625
1cd/1099d746cf29d	2.911734989326229	5.1335
1ce/ac4a65b933ff1	1.7848121861227613	1.69575
1cf/e7c09d7a32be7	3.0782438175039766	6.06975
1cc/71d89317b7d45	2.7702151490384033	1.39475
1cd/4617156674308	2.6727950412804287	2.9550625
1ce/79299acc234b5	1.2919219608945784	2.80075
1cf/79f4fc81bea8c	2.789282404783994	4.0198125
1cc/9340871745c3e	1.0747886623619427	2.894625
1cd/e29b5c79fbbc9	3.231192582547979	5.4019375
1ce/84a195ac98253	2.9641981798073083	1.256375
1cf/3253035ed6ca6	3.0305044073670793	3.87575
1cc/281cabcf27806	2.951353371885781	6.630375
1cd/8c335d8916dd3	3.2541120782502317	11.9280625
1ce/dd9528cd120e4	3.1702812561113247	6.325
1cf/424ad77111521	1.870323659309887	0.7203125
1cc/df8076cd3587f	2.923066651006053	6.3883125
1cd/20e4bc71e8235	1.6020894820905232	0.7684375
1ce/167bfe3fb642e	2.674120025878453	2.1300625
1cf/e5c673d726c30	2.840020518427456	9.664
1cc/9c41dbfbe1534	3.0176953409184413	2.4938125
1cd/dfbddf25a2cc2	2.717148658681194	2.0115625
1ce/b0136dfd22150	2.2737489911655078	11.257375
1cf/a1290f5a54104	3.009232004375632	4.8280625
1cc/8fc78caf17478	3.3503752823227915	8.8339375
1cd/499f4102c9516	1.012375192195118	3.8848125
1ce/a275e66910128	2.881115850381819	4.491
1cf/cc962fd90818d	1.8856615480604257	2.1715625
1cc/fa38ad2f452db	1.2808853024166393	2.419625
1cd/6a123c49965b1	2.7803563645731373	9.5444375
1ce/4a82d2554c7d1	2.7541514574704915	18.9614375
1cf/aea1e74ef066d	3.196644376313817	4.056375
1cc/5616b990ca67a	2.147759939298737	2.8885
1cd/ba38c2cf8b1d1	2.7745564051741827	4.572
1ce/293f7c5694336	3.4209079781698346	3.48375
1cf/0656ccc4f9bbf	2.881085604100062	3.4480625
1cc/614d874865b7c	2.928152266963058	6.81625
1cd/74d29f5a7dc74	3.0164915611465055	2.9819375
1ce/bea3c7cd78b97	3.47994107178928	14.626375
1cf/c99ca529ed013	2.4380563140558347	2.3083125
1cc/da6d3b48561c8	2.68563101395781	8.52325
1cd/859bf2e8dfa4e	3.011928673672071	16.0929375
1ce/77cc728c2190b	3.3491197926995087	8.685
1cf/692258bdf87ee	2.3629210601748794	2.305125
1cc/8b99155280ca5	3.2556731133199617	11.098375
1cd/86e2be5d5122d	1.1376412123473165	1.6355625
1ce/b4099d7d83d74	2.9696363388525495	15.583875
1cf/1a20871a2fc84	3.2525799321297293	8.7755625
1cc/885c301eb3e98	3.1212260555764657	5.478625
1cd/3cfa9ad54a067	2.419831723411176	2.6203125
1ce/faac1b7c57819	3.0599284764474577	3.2995625
1cf/34fab6d1dade8	3.1955702886940407	5.0353125
1cc/6b6a2cd286922	2.4064463175251385	3.5379375
1cd/f1da8bfa37b4a	2.5156243214026865	1.5866875
1ce/1c8534b7d8a9a	2.2099104789404436	1.9501875
1cf/89380522f06f0	3.131707949846328	4.065625
1cc/5a3e0dd7267e7	3.3230053124918397	8.8155625
1cd/22fbd084feb71	2.0761846682241742	1.414125
1ce/ef418ac372e2f	2.905393555103182	7.4615
1cf/36d10dfa0ee2e	2.0683794957462833	2.603875
1cc/0e48e2a68e8ca	2.4907792317846704	2.564875
1cd/ba3c59d9fbf7a	3.2538717935995054	3.4523125
1ce/ea250e993b5b8	2.422397092434011	3.297375
1cf/0c082f3e74898	2.4367172679213507	2.9796875
1cc/0327333d56c0c	2.865085209043828	3.4836875
1cd/ad6888355de2e	2.1933906891913586	2.1910625
1ce/d128f18e771dd	3.1253973294783672	5.593125
1cf/d34fba77b163b	2.7014806606527935	1.0574375
1cc/897dbc39c01f5	3.164213819963726	6.3030625
1cd/8707e54722891	2.7313700865747883	8.9618125
1ce/98d94d50f19d7	3.1590871415160957	7.78325
1cf/bb043ea88640b	3.524778014393798	8.485875
1cc/1f73f6fdc94c5	3.233509548485595	7.3415625
1cd/7796ea40dc464	1.7111534543382445	5.451875
1ce/fc485b8a0e549	2.7986143753407613	2.5679375
1cf/f89a034678e18	3.1871457203369706	9.9000625
1cc/4e1c37d617112	2.7719456565353275	6.4170625
1cd/45a5eb815d49b	2.442400345419987	2.0674375
1ce/8946db67e6a19	3.2858565262092116	7.941375
1cf/be1017a739147	3.1343977371448615	3.686375
1cc/b5831c31e2cfe	2.789415938266317	7.46
1cd/8b8f2237b3822	3.123486616964803	11.8363125
1ce/ccd5661896a24	3.164545370687243	4.4583125
1cf/3fedef1505ead	3.394766627360657	11.4088125
1cc/8d6dab182b233	3.0593928572038394	2.465
1cd/536cc894d534f	3.3091129539424915	3.76825
1ce/628b396c48f92	2.402593864860108	7.326125
1cf/3b5ae961c400b	2.8602690663501114	10.336875
1cc/bcc0909cfcd66	2.8688353413398535	1.6443125
1cd/7d6f64627c722	3.3491708200295784	13.500375
1ce/87377a5249938	2.7944080652194856	11.5811875
1cf/03a69c626c8c5	3.5407418213241235	10.32425
1cc/ffea517185ecf	3.3204992383717005	7.409125
1cd/91f360e56d854	2.1711896751679336	7.88075
1ce/206d22ea0b8be	3.365719987743196	3.80725
1cf/004556062832c	3.1234699632537737	5.1830625
1cc/eaed9e3362164	2.9409043464251647	5.232375
1cd/cc28bbeafbbca	2.437224459075097	3.1188125
1ce/2ec052387b547	3.128488830812591	6.5380625
1cf/baafc8829dbcb	3.224066893653181	3.311875
1cc/e49568aeba7f8	2.8013726188573616	1.200875
1cd/4cbe8c5638fb5	2.418862648315967	4.772125
1ce/b52c8b9cb83fc	1.108365497598774	1.1533125
1cf/3f6d49b0f24a0	1.3283798563246818	2.0678125
1cc/167bc6afbfaa9	2.739581169945598	7.501625
1cd/9155008fa21d4	3.0767176247319417	5.2984375
1ce/a992bc6f69d7a	3.103007526766189	3.8604375
1cf/4625a8d3d7057	2.871077423150488	11.031625
1cc/b0c3b804a30cf	2.398571579744031	3.593375
1cd/80052c37a248a	3.182199779689812	5.530375
1ce/6e06a9b3ac301	2.7987242649777753	4.1535
1cf/85e82ce6bf033	2.91955371437018	2.6493125
1cc/dcf14d2532de4	3.221659467792116	11.895
1cd/0a6a37e06e13e	2.046725907329335	4.29675
1ce/7e668e9714e47	3.4012322532279797	6.08475
1cf/f736f7922627d	2.692476878973306	6.663625
1cc/059466771b4a8	2.956823099019689	15.280625
1cd/6561ffe47eea1	3.388150699953986	2.6884375
1ce/23350f49ade3e	3.0441701215094072	4.672875
1cf/60b3a48cfa334	2.452223219053707	2.00475
1cc/2606ba9ff2511	2.685598052830815	5.59725
1cd/9f469ba064075	3.451895375619703	8.7170625
1ce/a76c7468681cc	2.428842738426167	6.556875
1cf/7e30393f3c39f	1.8639710981904496	5.98175
1cc/661afa093d191	3.170356464018195	13.3551875
1cd/c17c44724c8fb	1.0999746450135381	0.9604375
1ce/4fa982b501ff4	3.1304091655911814	2.575625
1cf/4fa256bf98646	3.017235965388117	0.768375
1cc/4e0452f00a8ec	3.017279035688892	1.7296875
1cd/220b864306626	2.9885422483784243	6.0179375
1ce/a2efb50465d3e	2.9144666827564727	3.8071875
1cf/118caacf54b06	2.913189275660307	4.6384375
1cc/26848a32368e0	2.1523307981263784	19.0759375
1cd/ae95be7b806b4	2.3638594848617314	1.79675
1ce/f756b3bab3af7	1.6820027297493818	1.1055
1cf/d05f070099a64	2.780816141471476	2.2031875
1cc/7f1e5bb1c948a	2.8774440182096193	1.7351875
1cd/3f7cc4eb0f36a	3.4162734971264896	16.7776875
1ce/c9f7e095ce385	3.443176096859486	10.67525
1cf/bbffd3b19317f	3.139577266221925	5.2555
1cc/b831c335cf787	2.8768068773214335	6.4264375
1cd/81bffedfa0129	3.1077950504359806	8.01375
1ce/e4ba0b9494d46	3.0643483958561544	6.9011875
1cf/1a753606ef5b7	2.0980353430749448	5.773625
1cc/99d64923b655b	3.4324658485986945	10.3501875
1cd/ef5869ecf1ed1	3.371166594296995	3.0749375
1ce/621c6b234cc66	2.559577444235445	2.5469375
1cf/85d396c77f749	2.7681169448577134	13.5013125
1cc/ebc180c78d902	2.2442474488568314	4.7091875
1cd/6c802176eb90d	2.0427938618628447	2.243875
1ce/b6eaea6bafdc5	3.2711432476217652	7.137125
1cf/1d556344334c3	1.4266896858900848	4.9013125
1cc/857a0e6ba6d65	2.740877263967284	5.6886875
1cd/a239f49a3c057	2.4438331840135374	6.8426875
1ce/8ff537b95ccb9	2.4031344906883776	2.062875
1cf/5fa01f7f10015	2.413528683458401	2.6208125
1cc/7fe49bf70eb3a	2.464780190683597	13.6688125
1cd/a46313e785e61	3.474983753583845	17.8585
1ce/603e5edb60d36	3.1876634429659987	16.34625
1cf/95974d8ac199f	2.4206372827965494	3.2296875
1cc/d67ccb173e254	3.2322394168890667	13.166625
1cd/699b4787e13e8	2.0458158515589395	3.5539375
1ce/3810282b5b955	3.060205866321287	3.262625
1cf/706d63d5d909f	3.4204076892505513	11.71475
1cc/cc4c689154798	2.8325916908773516	4.540125
1cd/2c6a147c8ee1b	1.9723032278295323	5.79475
1ce/d7dddb820a844	1.20447251820855	2.263
1cf/4f4c27696198c	2.9083165152125217	3.27175
1cc/d6fcd9ce53a7e	3.2824507719432012	8.1044375
1cd/dd24689a8cc9d	2.5279679136857167	3.848
1ce/873182d18b570	2.569037910594235	1.732125
1cf/e25a55634f3bb	3.0854965427534964	4.135
1cc/a7299b41b6016	3.0267455920531314	12.102875
1cd/c89ce3dc272af	3.2826213955731958	2.5266875
1ce/4c6698ded01a1	2.48064204372127	1.178625
1cf/304c02654f0ac	1.9895678882623746	4.1536875
1cc/6dd0542e61289	3.1514076529834796	14.1206875
1cd/2e5db09ac55c0	3.079831284547923	4.1069375
1ce/5734c7c36e803	1.619568749677418	1.0095
1cf/f8e214e4faae7	2.305660277895654	4.4649375
1cc/ca65267ec016a	2.223812808392005	1.16975
1cd/ba937882cd91c	3.503748710477407	15.065125
1ce/ad1b9800dd5cc	2.822774995256515	6.0896875
1cf/6692fe7db0319	2.170604652267073	0.8806875
1cc/ceae983b6d6b5	2.5461398820935197	2.3328125
1cd/80302720f3235	3.295441764635071	15.39075
1ce/47708f9501ac6	3.4383989670013215	9.0943125
1cf/6b41a3331a8b6	2.6446794725912603	1.496125
1cc/dd69092657059	3.4917555326064758	9.03925
1cd/a37ae7753b6a5	3.3508810178744604	9.1488125
1ce/0038a48125847	2.882827688669253	4.3126875
1cf/6c4de672d8ad6	3.2636339252852116	3.5581875
1cc/861df69d14eea	2.515365044493692	4.2151875
1cd/ce522ca540604	1.6906174180343208	0.76825
1ce/ddb7e2fcba676	3.148250487866811	4.389625
1cf/d6556ffc11288	2.897977451513937	4.256625
1cc/901f8ce26c090	3.339424519733499	8.4475625
1cd/8aee72d3c2aaf	3.1716087270149975	4.2833125
1ce/fc6e68e1bad1b	3.345669757897728	12.8190625
1cf/cb413a97143f5	2.4842164921242342	2.162
1cc/bc38b82708b17	2.953993952489224	9.461
1cd/38767ee68d221	3.0028955614834323	4.2575625
1ce/711b79641217d	2.6853700627431034	3.759125
1cf/d26225408f466	3.074585229940839	3.94225
1cc/fe74c8e68229d	3.208806337564472	6.745375
1cd/b773ab1efe8d6	1.779600599463966	2.579875
1ce/edc2861e98957	1.1220392922864846	1.95775
1cf/b1c0fd665348b	2.7965038634094195	3.694625
1cc/b280dead08a58	2.8099855076862403	13.79875
1cd/f16b1d0bc8e1b	2.7372953754656035	8.0498125
1ce/5ff7a5cd849cf	2.0921881491810814	8.7053125
1cf/2eb9ef257b6c1	2.9152317226819795	8.9585
1cc/67f236fa28ba8	2.4441973266386965	4.4279375
1cd/36558ad2c1c3b	2.6798880718459155	2.5478125
1ce/177839a58d808	1.136775549144296	1.2971875
1cf/b5b1d21495f17	3.4173793128708745	9.8328125
1cc/a744b7498dfcf	3.3138402134870684	6.69675
1cd/936b123c47258	3.4409193868951564	23.7939375
1ce/b14959ac5c181	2.912015319935833	11.7268125
1cf/35f5080100812	3.289098689535071	9.196625
1cc/2120a73de367f	2.844492303310429	3.512375
1cd/2b98fc65b201e	2.775051861000205	5.6359375
1ce/ec7ab17ef7230	2.548207282650811	11.255
1cf/88eee23cb0686	2.9528823830815965	1.7845
1cc/f7d8d379a1c46	3.069023061593763	15.184125
1cd/5b53627ac9dc0	1.5519993055637917	1.540375
1ce/d4b5b7f6bac47	3.3140117680998027	8.359875
1cf/e1822b4521d1b	2.858585511797213	3.536875
1cc/c319cf0e3dc20	3.1787913203774267	2.86525
1cd/d49ada95e4d4b	2.7050774149526995	2.3191875
1ce/4202ced5f4958	2.8162290205477416	9.4855
1cf/77eb5e4820501	2.6836731822718285	2.876625
1cc/b0e0df631f58b	2.9828972911809766	6.914875
1cd/7ce4d792b90a1	3.3504129693780076	6.073375
1ce/d4f250634dcdd	2.0391750461899933	5.0633125
1cf/709868ba18e6f	3.431666425344994	14.86425
1cc/07acab1edc8a0	2.925571445020993	9.9703125
1cd/ee191d955960d	2.13814123040113	2.170625
1ce/19d001a25d527	1.8430268497824034	4.56375
1cf/ae30941c9dfc4	3.0522026384159586	6.555125
1cc/6e6fd57992765	3.387876844226471	9.97425
1cd/f2a1c6f293cda	2.7691066447754444	0.8483125
1ce/7b92c9b6431d4	2.4110178180883524	1.955125
1cf/ac23630fc09fb	2.1835130376635568	3.8888125
1cc/f6169af442d8c	3.417800514167573	13.2571875
1cd/5e4e586501eac	2.6080286361347143	9.3375625
1ce/21e12cd6576cf	3.1760240665124613	8.60775
1cf/09bdd4344ee65	2.104316741172478	2.175625
1cc/0037c7c3820a2	3.1346664094268304	1.4419375
1cd/0a9a2a0c406ff	2.045105099068832	2.8386875
1ce/b4cadb463902d	3.0748402621823856	3.125875
1cf/b4f149cd4b265	2.7624148239876227	1.939
1cc/f0f46c938967f	3.251314585751923	5.3530625
1cd/fe1cd16c8b8b8	3.202224627949667	8.8335
1ce/e684b90d7c12d	2.9137750855825346	3.715625
1cf/85df996a43297	2.5382382902466913	3.310125
1cc/79aa255c735fe	3.5512512513541816	9.1289375
1cd/c281a47ef101e	2.3344366184247725	3.8661875
1ce/759fcf2c08331	3.0708427628138906	8.8944375
1cf/8862b74a3b197	2.669511323958692	4.5025
1cc/095d139ee06fe	2.070454840225943	1.072125
1cd/ac9233d2a3fe2	1.093456597537026	1.5415
1ce/5e451f8325c4d	3.063637730995941	5.2863125
1cf/5fa0f53f2f68d	2.14377033625567	1.1564375
1cc/eb9a836c3006a	1.561507985321358	2.9166875
1cd/b03c90b6e70dd	2.464668780351249	6.3635
1ce/22c19cadf3fe6	2.3154293580409098	2.6969375
1cf/22acc12ecc3f5	3.2254704966670555	2.868
1cc/c97812501bfe9	3.429509304259232	11.279125
1cd/38250e9b219cd	3.296396719737288	4.8060625
1ce/868ed112dffbf	2.092279160739762	1.9519375
1cf/05e275cc453ff	3.126807289260881	5.186125
1cc/ee4613cc39055	3.4222214758178957	8.7815
1cd/476f1b554290d	3.237110643207783	3.3745
1ce/aad2ad61a906d	1.1959396404636236	1.269625
1cf/1130da6ccb5b4	2.5428067304431474	2.259625
1cc/82917e6b5024e	2.6646538342483646	1.2734375
1cd/2cbb50c5aa574	2.9096320179030672	2.1936875
1ce/5376605497ed1	1.6551818616278586	1.3449375
1cf/ccfe2317ba1e3	1.9969840198053095	1.7306875
1cc/4406fec02bef4	3.0217384345579212	8.7393125
1cd/c5994fff14bd6	2.8857771004990806	1.911
1ce/4411ba6baceb7	3.3864644712718914	10.8996875
1cf/efe748c29cf0f	3.223627208638601	3.608125
1cc/1530d76ed0be9	2.214931722276105	1.9705625
1cd/aefea1f2bc631	1.9375722666225907	3.4184375
1ce/dd1cc357060c5	3.4533484374533314	14.9514375
1cf/b5a12120268c6	1.833686186780187	4.8639375
1cc/b8ce38d83e805	2.7745839290173575	7.326875
1cd/aadf271f7e160	1.8728765830336118	2.2541875
1ce/30581b9b68873	1.6219154937739166	3.22125
1cf/b09cbbb61f945	2.7178259393024433	3.9334375
1cc/5caa99a0f136b	3.3212122552600993	5.241375
1cd/994509447ca19	2.92530118780018	8.31575
1ce/08f7fc342fb48	3.0387288846217384	2.878375
1cf/34da8005c133e	3.160232694933096	3.7614375
1cc/a934fd408f6c5	2.9029002546640683	6.162875
1cd/ded0a4472e006	2.3540043146513177	4.5381875
1ce/727c3a2f36284	2.994968798570588	11.939375
1cf/176270774b0df	3.169879536509384	8.033125
1cc/77f69ee508b4c	2.2440231826615262	1.7305625
1cd/6b390456bc4d2	3.151986177592541	3.1715625
1ce/37cb9cbbc385b	2.0996780876684835	4.8760625
1cf/fa27fd970681c	2.252292471187479	5.800125
1cc/355f5e1ffa8b7	2.8128347747243607	4.118875
1cd/d7489691bbe93	2.745844018202621	4.832625
1ce/2c62ce44ff168	3.514307474778711	6.3943125
1cf/a9f2b4db19a5a	2.949746916281878	2.52825
1cc/af47fc50cf0dc	2.7195626669478243	7.097
1cd/031d65fca6c2c	2.6807784489502393	3.01375
1ce/53d27b674081e	3.173397047398969	4.7466875
1cf/5d56f4788573b	1.5361213620987784	1.308375
1cc/21a82af76bb17	1.918085303750163	1.6426875
1cd/c0d3125b8f76d	3.4256046533596707	4.356625
1ce/ca43d65545725	2.987206693113628	3.9025
1cf/288b58783eb29	2.7095135038478837	4.5181875
1cc/38f41fbf20c66	3.3651302554158695	11.0461875
1cd/53c5ab1e61c35	3.379954974255084	9.960875
1ce/4196a69300887	2.871529442831996	1.345625
1cf/8d588a19770c4	3.384450460440596	14.479
1cc/50f8f648cc9ed	1.4968396172980225	0.8165
1cd/38c80452aa629	1.1062279738429026	1.201125
1ce/599ac10fe89ac	3.088112254577762	3.2939375
1cf/c4f6daf8f9eff	2.225751511913417	3.5953125
1cc/3fbf8c8abd887	3.1387072235450004	11.8398125
1cd/23de3c6d0ad86	3.1912727741426337	6.0718125
1ce/6ce1d1741364b	3.1461047629907593	8.7353125
1cf/a8954593ac7b1	3.4034660483011323	18.2600625
1cc/2dfb660f0a7e3	2.755506623111455	4.7925
1cd/4db71c9057fb2	3.0226282320523086	2.531
1ce/4931f23b58376	2.748507484955879	10.3405
1cf/5ac9e75182d29	3.2257964151640692	9.0429375
1cc/826777baea740	2.0085577959190757	2.274625
1cd/23dbab8e55aa6	2.8777211447851947	1.5371875
1ce/9a19e1272ffd0	1.87883666660598	3.4056875
1cf/8fbe2513e7703	2.4890124912991354	2.760875
1cc/275fd88268f0a	2.086376578040712	6.24125
1cd/e55e0ccab4960	3.1002838889184083	8.06575
1ce/3421cf4dc2632	2.9954568826662338	2.1204375
1cf/ab09560c839cb	2.478260532711674	3.822125
1cc/6f9a1cede0993	3.47713401408271	10.9045
1cd/f21906651a4cb	3.0620805381750777	8.272625
1ce/e9ddb4e11e5d6	1.88452122091128	1.29775
1cf/bc008ccd34fe5	3.0090189559294873	12.588875
1cc/1ea1538482107	2.7616686192816022	4.5715
1cd/351be542133be	3.0982159693744262	3.94375
1ce/851d211d79b32	2.728466461893148	10.0096875
1cf/f8f5f3a579e33	3.207508713064067	5.961625
1cc/5a019590f12db	2.044390273504242	1.5854375
1cd/ddeb2be5067e5	2.793869507927933	4.37625
1ce/a7845c51beaed	2.2380463250986944	2.4143125
1cf/d0d75ba509c01	2.8804153627147784	4.450625
1cc/cc4f3a6975e1a	2.794529554796375	5.44525
1cd/109ad5ca678cb	3.015293012276605	12.3445625
1ce/fb8204b17e37d	3.3967136117716596	7.8395625
1cf/9d574117edb2d	2.43258885717943	1.9005625
1cc/26ef6d8bfc652	2.5154170395416893	8.1746875
1cd/52c2ba3155502	3.2122168432302947	6.4674375
1ce/1f67696203a47	2.748200426709671	5.095
1cf/137997ac59830	3.0754157033320153	13.619
1cc/f68d543a25b99	3.014683837051014	7.0659375
1cd/699e22b6b8c80	3.321735463402466	14.5135625
1ce/d202aedbb07b6	1.5522493597580709	2.7834375
1cf/9e7541d6529b9	3.3663331609217217	11.39175
1cc/350709d17a06f	3.0985751765425733	5.8144375
1cd/b0f2fd65cb5b7	1.1413823168892328	4.4469375
1ce/f2d8d94220e42	2.54843393910253	2.476875
1cf/9b88c0d3b3c4e	1.7756614414292078	1.153
1cc/6ee03b180f419	2.4960624909365996	6.8814375
1cd/aacc7a7e41790	1.922165285236882	3.809
1ce/c339a74a4fe0f	3.482254466543449	4.2295625
1cf/196f1a8fe756f	2.7534498080110357	3.3380625
1cc/0213284439df2	2.9502285467322427	5.0289375
1cd/7e4c065eaf88e	3.2910300888954986	8.332125
1ce/a46c2659510f2	2.7686560464372043	6.08025
1cf/35de2472897bf	3.358186150866865	7.45275
1cc/3a84524f9ca24	2.465855796304414	4.7636875
1cd/f329d83962a06	2.3347606892849675	3.609875
1ce/9b888087b4c73	2.9874576004024282	8.44825
1cf/12c343b424110	2.683559200314971	8.2396875
1cc/0eb7d049b1194	2.551007533809247	5.07225
1cd/0a180f30d8c43	3.340527719869834	3.898625
1ce/7a6120c3c12d3	1.5716038284789038	6.5589375
1cf/fe71350a4b54c	2.653547150033337	6.3159375
1cc/f13c626f4a87b	2.545821913333554	3.605625
1cd/dcda114d94cb4	2.60783485368981	5.258375
1ce/c76c36cb0eef5	3.0866817860083158	2.388125
1cf/80bfc664d8954	3.038397975943196	11.327875
1cc/4bdf55bf138a4	3.113595792790767	9.0660625
1cd/483565b4c1544	2.9065541990363903	9.593875
1ce/0c088603b3804	3.5693465588923163	8.9330625
1cf/e1bccbc48bca4	3.1942475166292716	7.826375
1cc/fa1fa9ee0ca2c	3.2905890478380897	3.768375
1cd/b02304a35731c	2.30978886297764	8.0255
1ce/bceffa73e4c24	2.7436186521027275	8.269
1cf/a593225c0859d	2.274074815703069	3.8573125
1cc/c28d1226a51a3	3.1518365231494183	6.6211875
1cd/dd06d858f4f07	3.1760460398077845	4.1098125
1ce/b1f41b6d72b6d	3.4402987327200285	8.39225
1cf/e0a394d80e42d	2.179154620990908	2.86125
1cc/081f526a373e2	2.9125328654461384	6.996875
1cd/28b169d7e48c5	2.4748448345733607	2.23025
1ce/d762236ab9d18	2.3606539758101723	2.244
1cf/8e890db64fcb1	2.5518675584819865	4.6018125
1cc/af0f5a9e3cc50	1.8710913115639094	1.8258125
1cd/fe48ca573f400	2.2079130650942207	1.1158125
1ce/71d6e373830e7	3.2162414517557685	6.547375
1cf/95bdcd9d370fc	1.7164912935002394	3.1263125
1cc/2f79202626b2b	2.5585569322891843	2.545375
1cd/d8ba2fdad8818	2.7235759948742078	1.39325
1ce/503100d45c0d8	3.1953941133008765	5.971125
1cf/92bf94d798532	2.744325441635985	2.829
1cc/2f941ab876cd2	3.368666768789111	19.3723125
1cd/10404562bd6d8	2.129570310080973	1.3370625
1ce/3aebb812a7af8	1.7677280720273063	1.489625
1cf/a3dbe1efe7fe5	3.162194571969613	18.4354375
1cc/f2325ae8c88f6	2.602277602487619	3.6049375
1cd/9b9f618fce5a3	2.4784606183352547	1.7644375
1ce/84f11e36aa4b9	3.3687233287212246	17.0806875
1cf/fe1c75149ab25	3.3680110103797247	14.0665
1cc/e2bff409d9ba0	2.5678420848385652	2.5464375
1cd/70480ad6f19bf	3.2570769549206005	7.960875
1ce/58e09b93de4e3	3.1816495055338705	6.8834375
1cf/9c9ff686cb5ba	3.1153943873921572	3.080625
1cc/80fe363042caa	3.029044954326608	18.9526875
1cd/89f6f06fc4192	3.312581360999007	8.8826875
1ce/1fc0071d0836a	2.4002790709305453	3.7348125
1cf/21b47b01bdef1	3.0103326154974397	6.765375
1cc/2f9229b1bd539	3.327035888499507	3.633
1cd/994afc400a15e	2.273801333064503	4.498375
1ce/8c074e092af87	3.407199297398093	3.3049375
1cf/df702c69665dd	2.633428316351398	2.3629375
1cc/e4fe6d8486edf	3.375291471067258	16.099375
1cd/aa3b77e581ad5	2.7124344550046273	21.7748125
1ce/0b1647450035b	2.10214056068808	2.4935625
1cf/9886842e6f3c2	1.8183853464662723	8.343125
1cc/9021c57d22284	3.3867703862895575	15.492375
1cd/9c422f3e44bd2	2.8742617083966584	13.32675
1ce/ce20eae031279	2.7589181509649015	3.708875
1cf/08eab6f75eecf	1.2060346993142417	1.1535
1cc/94fcc88b2bbcf	2.7256773679490096	3.1705625
1cd/c222223fae68a	2.6981625049613562	7.096125
1ce/10923f5e9f81c	3.0425067500917016	2.5241875
1cf/93881faadda5d	3.2014383802704467	7.447
1cc/ead17385e61bc	3.4801136619362345	16.19875
1cd/fb592e8e2ceec	2.5530685946642167	7.89875
1ce/95e3e64314a2a	3.1159670697570325	7.353125
1cf/cfb3506138018	3.4766079376305092	8.944
1cc/7afbbf19e2f23	2.592234965381899	1.346875
1cd/c0668f5f132e5	2.8383802033134975	7.118625
1ce/4b3d348456993	2.591939905075627	2.8736875
1cf/fb8b074453b17	2.7774228509984424	6.6975625
1cc/18fe82631fee5	2.8586652101269334	3.52
1cd/f1780afb67948	2.941677500664268	3.3843125
1ce/b37da1a76b2c1	3.1713347601160833	5.074
1cf/0a891974c2057	2.8581494973682773	7.4325625
1cc/22897fab5d1e4	2.3528901678087912	3.6388125
1cd/2e15bdf2c866b	1.4646339809921414	0.6240625
1ce/cd266d1460050	3.362901043771306	19.913125
1cf/62d1ebc9d96c1	1.9026339188245425	1.97175
1cc/1179c2e0546af	2.6248796748873873	5.4301875
1cd/434760e552016	3.118733938173595	9.7984375
1ce/74089c648d7f6	2.590427099766782	2.5330625
1cf/5d2f03ec2c073	2.643416276796915	9.270125
1cc/df9118218b0f2	2.423012836638119	7.6168125
1cd/5791536d5fa40	3.35197035272274	9.458
1ce/5718a434c3ba3	2.054507372571745	7.3535625
1cf/02a600e0555dd	2.5446862982865985	7.090875
1cc/938ca86087722	2.487009749930133	4.4915
1cd/c7e1d362823fc	3.3306518159340315	9.0656875
1ce/970db61ce922c	2.8581023391832363	4.6895
1cf/fd5ea3815894f	2.7582080127946638	8.7808125
1cc/4dfaa11b14d9b	1.2029464660284483	1.0050625
1cd/039de9fc02127	3.3196419355253552	4.3940625
1ce/fee4ca45fb63b	3.4293723150838753	14.8283125
1cf/0ad35d05bdcb7	1.9125535966391518	3.6070625
1cc/b9d573ec8f98a	3.365961634213911	3.7495
1cd/90edf40c5748e	3.545178988099	7.53825
1ce/ddad70d0b71e6	3.0105407885630866	5.514375
1cf/8f480743bba0e	2.197383600753308	3.8416875
1cc/b5acd50edca39	3.327329504312718	5.2218125
1cd/d57c7096f066d	3.27651708770078	4.5863125
1ce/bef0605a5bcdf	3.3150439746888103	3.803875
1cf/60c87fbcbf32a	3.0952208175213696	2.022375
1cc/0a7a73dd3d560	3.355439859777546	9.893875
1cd/b18aed773f362	2.1930535346843514	0.9604375
1ce/44e3105d7899f	2.049129569048116	1.48925
1cf/cdaecbd18f4ff	3.094420198345857	4.42975
1cc/98e2b3938dc82	3.0505766648151074	5.5941875
1cd/090acfb5cde46	3.180606001177216	8.4174375
1ce/41ce646f4c1fe	3.135088325152279	1.2519375
1cf/fa3c50a08413e	2.683501583603049	1.4470625
1cc/512403d70cd57	2.637889135100832	15.8254375
1cd/716f35c08bdba	2.6449167439697088	9.65825
1ce/120c169377713	2.5180937164948247	2.982375
1cf/2102c8565f4a0	2.688115983694736	2.211875
1cc/dc2585530c83e	3.1394567853850015	9.353375
1cd/e96c1eb56681d	2.7171900753127556	5.5016875
1ce/ef0c54a76347e	2.886769711385569	2.4580625
1cf/56db87629cfec	2.991673590090751	27.1104375
1cc/4649af4102c9e	3.32939430225864	6.055375
1cd/cb0f011a38c89	2.58449277832326	4.8565
1ce/8a8faacd7238b	3.036545097371241	11.8659375
1cf/399120a953a56	3.41958424873104	18.1994375
1cc/e987a9758030f	3.396555263029202	15.23575
1cd/2e040e5959e95	2.9996699945330065	4.8850625
1ce/5b4de9da77483	2.690157020563784	4.9566875
1cf/ac17d4cb9e315	3.339980052706253	9.4276875
1cc/10c34b1a6cb22	3.2966937231249194	3.937375
1cd/d94916d6a425f	2.531851426296494	4.368875
1ce/aece90ef3594b	3.0251868353906746	6.9675
1cf/d0955e64fa574	3.3584739824287446	5.7764375
1cc/5997d40c47445	2.8179524115140193	1.4435625
1cd/4de843672742f	1.2490277237471292	0.7321875
1ce/dc3c53ca55b8f	3.2508890428052433	8.733
1cf/253147cd5179a	1.0778319390442401	2.5950625
1cc/ca41a6ad62b53	3.0789005244211327	8.8201875
1cd/884cd3a56d61f	1.1583564669766955	1.6689375
1ce/9cdaf21138dc2	3.0710937286897204	5.8833125
1cf/22bc107dcfad0	3.2239587446972835	8.461125
1cc/b64571d9cdecd	3.24604026364761	3.8959375
1cd/5858bceabfb7d	3.3233027235158086	12.40775
1ce/4b98145879f1b	2.4976674200031708	5.379375
1cf/df3a24101e05b	2.0803395828628006	3.155375
1cc/56f706e26fb2b	3.403206543917574	14.354625
1cd/485720e6d67dc	3.3188117314015093	6.5850625
1ce/183276e881958	2.091411513437826	6.0594375
1cf/37969ad930433	1.9721835568128228	3.610125
1cc/85a9fe5bc3b54	2.7947686525116167	3.7354375
1cd/122a531d97351	2.6959764062085876	4.644125
1ce/93bd5da485a71	2.3254706610624973	2.637875
1cf/bc0fd8b13c4e6	3.189567636582994	4.0713125
1cc/b96885a05c502	3.021437988924579	8.2428125
1cd/0aa6124cead0b	2.926465270020835	5.815
1ce/9f1f73d3b4511	3.039961292985499	10.27275
1cf/f20d9fd699bab	2.7565957984139837	2.6805625
1cc/a3eb59bc69a27	2.930986350350423	2.2809375
1cd/3b1123dacf17f	2.353117822205897	2.1155625
1ce/6cecdd0968dee	2.7620384631911996	10.3664375
1cf/cebb0c201a96e	2.8075539646692227	6.0600625
1cc/08af3108189f7	3.00326485168718	2.836875
1cd/096e6d25c8040	3.3058813159405074	5.367375
1ce/246a83dd741d7	3.330719581232212	12.5984375
1cf/f1a3701b1d5c5	3.16825576955205	5.6356875
1cc/a5e1fde6664b8	3.10666505108761	18.7739375
1cd/8e1afa4b61fd8	2.4504776924887457	4.09925
1ce/74d52d50d3c11	2.873513634994083	7.436125
1cf/1ddcc2939f032	2.2269598816318243	2.648375
1cc/aa398d64b5266	2.1951144078534037	2.2225
1cd/c639df246b334	3.3927304626677257	18.07975
1ce/79074d747c537	3.369089261252943	9.9915
1cf/38ddfd281dfb5	3.22861553463168	5.7448125
1cc/7cb9251be12ed	2.7730049558916168	5.289625
1cd/24c79e113f85f	1.7188422724098869	2.2023125
1ce/fcb2cbaea87ae	3.4369804014263927	10.860625
1cf/9c754f1fc2ed0	3.328197056532368	8.05975
1cc/ff116a4703807	2.9787914803720827	7.6571875
1cd/84f693291ec1f	3.2345115110613905	6.4383125
1ce/3324b5ba2f0c2	3.2853095455160783	5.8514375
1cf/e99176882405f	2.8950700470759756	3.4594375
1cc/83d9270bbf102	2.60355534635642	7.4495625
1cd/6cc2bdd78c11d	2.899098077238937	12.6206875
1ce/e782dafe270f4	2.753328723729998	8.9275
1cf/6ece85c018a2f	2.368665542019939	2.1015
1cc/0c7b10a8980d5	2.134477606249744	2.597
1cd/b0b8dc869f97a	2.9831727373246197	5.159375
1ce/4087535963b8c	2.7302821515368376	2.0100625
1cf/460f277061859	2.5799298721811046	2.644125
1cc/9835bc51bcf93	2.9890426677442186	5.975
1cd/b731e96073944	3.3531617080557408	3.1544375
1ce/af68caaa0fd99	2.7127809266871226	9.2154375
1cf/13270c5c6c4fb	2.671528537157072	1.4996875
1cc/ee574cc75c790	2.818683384717676	2.741375
1cd/12508da746769	2.360672876203615	0.9608125
1ce/6051dc5efb613	2.559870518946087	6.7698125
1cf/aa57a17fb260e	2.098949191467977	1.681875
1cc/f7bb3e24477d0	3.2856485526358368	14.9568125
1cd/0993f4f3fa8e7	2.144388990175577	2.526875
1ce/348a99bc86187	3.2425674685983346	12.4605625
1cf/6f2f477ff720e	3.1714318854757573	21.3641875
1cc/87031c3d0bccc	2.8969861477546788	4.10025
1cd/62da7fe7f46d1	3.044844982093318	1.355875
1ce/29f65cc78b653	3.1182543900648123	12.155875
1cf/212fe64e0f146	3.144253950304122	2.890125
1cc/690b1980f6534	2.987544820547999	1.724875
1cd/cd00e36a8f6e2	3.1875087095652126	8.263875
1ce/59ca674ac31f9	3.385335671774965	9.1750625
1cf/a1da669b7e292	3.5058750426743006	15.424375
1cc/ca8f682bd4df8	2.5935272176665496	6.298125
1cd/942c92892313e	2.8164681957211717	1.971125
1ce/91c6b2c0d8852	1.243312811069968	2.0199375
1cf/ae310e9e57f31	2.9854344662347887	4.964625
1cc/35c4ac6e85bc2	3.183348089071145	3.9065
1cd/9dd477a91c81c	1.6541750150888528	4.586875
1ce/516ebce9a766f	2.4262397828251316	1.621125
1cf/2d7d12dd40369	3.3527467635463526	7.669625
1cc/93f2da00cfad8	3.0677204813775494	5.8621875
1cd/7c6ab20d38f7b	3.069787583343753	1.057
1ce/ee040cc6742ad	2.8715804587401363	5.2395
1cf/3249f0bd4a668	3.2927819044010036	2.1855625
1cc/5c7c44c387717	3.0653267003028977	4.6106875
1cd/0447cf0ccbea4	3.2607350588325446	6.357625
1ce/90233055b5d14	2.6890003514039873	3.810875
1cf/b39fe3341d8d3	2.727523757273725	6.58775
1cc/3d720f0116b3a	2.503745265431984	2.4325
1cd/35f232454b438	3.079583944402947	1.69275
1ce/ee033e3815031	2.491573541771811	12.6395
1cf/35eea16e5d341	1.8382679246411222	1.669125
1cc/ec6d5aed64e80	2.1489816922288827	2.6931875
1cd/122211a1fd992	2.968403179965053	4.935
1ce/d395c86c09f09	2.615913420457009	1.173
1cf/f220044c17a6d	2.7640879531211535	2.3418125
1cc/4b50a9d37744b	2.9105549804381012	9.4065625
1cd/2dcf0f526f532	3.5191265416600843	6.18825
1ce/28eccd62890b6	3.1076754363307564	4.70025
1cf/e1b054f7e7a57	2.9217510536341185	9.545875
1cc/9e649d819aca7	2.696725448602503	12.5894375
1cd/a34b73264f8e4	2.8491287168739836	7.2651875
1ce/668fb48244a39	3.3476508212781013	3.1126875
1cf/2e37e4e76ef25	2.5357837543357795	1.979125
1cc/dc98d29f26a1f	3.2259921529027458	6.7549375
1cd/8ce5230596e73	3.1273955489526624	3.6720625
1ce/b83a67d562ba0	3.394833320634215	12.300375
1cf/ba196e4acd28f	3.0431518007468803	10.2691875
1cc/9a05025144695	3.4157563377649103	9.8644375
1cd/6ecf784e36ffd	2.1963545486207203	0.961
1ce/2b8c2b7d58088	3.3966459719862327	23.3684375
1cf/b4520218816c2	3.370094368117694	4.1959375
1cc/b95e5a03c606a	2.6659676438386493	2.7986875
1cd/19774df4e48c7	2.6212440103916026	1.970625
1ce/afb8b442a80b7	2.993747373551735	6.60575
1cf/728a80ea14ccc	3.2797440731838456	6.3538125
1cc/573d2fd883015	2.4574499065059845	1.8264375
1cd/883021afa137d	1.6290460148533739	0.864625
1ce/b5de02c196e6f	2.9244735915783293	4.8915625
1cf/12fb296143158	3.2123269747027994	22.1225625
1cc/2e1ada376ad37	3.0988284938967334	2.1169375
1cd/b39eb6f98af63	2.9694214049969565	4.186875
1ce/3b96dd5ffef4c	3.5286233446005104	5.06075
1cf/68cc08e3b5f29	3.329940154542784	5.6443125
1cc/fd1116d94b020	2.641623827011671	2.4191875
1cd/a9c95bda9b45c	2.7538448059852625	2.787625
1ce/cff27662c630b	2.730156680517195	1.8589375
1cf/88471638388f5	3.4943959382853707	8.346625
1cc/003fad1a46bd0	3.1168206265844165	5.06975
1cd/57f59ab66b39d	2.551229334341173	8.1738125
1ce/f4696c675c5b5	2.4165129813865627	1.1531875
1cf/8b75635e131ed	2.0020064772575012	2.470875
1cc/bf3dac0ad4ede	2.4826956350692755	4.5433125
1cd/a7181ae57e17c	2.8145716219942436	2.8351875
1ce/7b93b0b6f1c0c	3.033506870472105	10.2953125
1cf/a770a7fbc8eb4	2.1932453233754208	2.6048125
1cc/8dc4e3d28cbbb	3.0614184275314797	2.44
1cd/0043353607b26	3.248893649178017	4.980125
1ce/e5befd847eafb	3.3704566354676797	5.43875
1cf/de0a7169b8643	2.8429011800617467	7.7813125
1cc/755cdb7a567cb	1.9551619818025439	2.2100625
1cd/5b5a34b853655	2.2206156554449676	10.93775
1ce/439c435e281b7	3.406539740023999	14.541625
1cf/1dcacf0b0d6a9	3.145988365988768	5.8991875
1cc/d7a46e188f552	2.930800962550308	1.9854375
1cd/09fd4c37bf276	3.136960879233429	5.935375
1ce/ca3f6014c68b3	2.5102913085948657	5.33075
1cf/7ad573eb81394	3.099274163867223	5.5670625
1cc/218c422aaf745	2.503650695220228	8.330625
1cd/55ef6e3366dd2	3.4521660219432	8.464875
1ce/925051d816e59	3.125666141296165	10.383625
1cf/bd4257410c83d	1.5472889244965764	1.56125
1cc/09d70d362b1ed	2.2568163544846755	6.317875
1cd/cee9f33bbb35e	3.291050093060732	8.03425
1ce/974ccfb67b791	3.144102423014739	11.547
1cf/d0a65083034c5	2.855002422578345	5.404
1cc/24bff04a27f49	2.7627184779075105	3.0945625
1cd/2c74f3f212a29	1.8355723152921213	1.2215625
1ce/77ca8933be356	2.048146877316392	4.6435
1cf/29facbd9163f4	3.3224664954990213	10.7525625
1cc/5de162215670d	1.1651442418815183	3.7663125
1cd/216c088d8d9dc	2.9668140384294213	2.173
1ce/8e96a113675d4	2.4861475095821346	2.1046875
1cf/c366e7e44f85f	1.0876149045696688	3.505875
1cc/3446262cb358e	2.6625894443705445	5.4174375
1cd/fd3dc17987775	2.886363082905806	8.166
1ce/0a117b5d735ff	2.401397868202574	1.7871875
1cf/6b5d3911a6dfb	2.189391499470727	2.1158125
1cc/68ab9bc176a0c	2.590006956832143	1.2275
1cd/ba49ef447ec40	2.769199418588825	4.767625
1ce/bcff4ae064268	1.7201867533129431	2.28475
1cf/020ee202c23d2	2.620869801398581	8.839375
1cc/c6432e14e53cc	3.2955357542721644	5.4791875
1cd/3dd22e79b939e	2.319360973501436	1.046875
1ce/80db5f1901f6f	2.8093148599916264	10.3656875
1cf/86d766447ee62	2.4090169620028528	3.9561875
1cc/589b623b7dbcd	2.099813495992985	3.5565625
1cd/9581737549e07	3.4482574574442406	1.41775
1ce/cf4cf0e45d77e	2.7483387703086786	8.3855625
1cf/59ad7cc644d7e	3.234109514512403	18.082625
1cc/6d98825ee1eab	2.5994460493391545	1.73175
1cd/ac80b30b02eda	2.4669783052922987	7.30525
1ce/ea6dfb3ba919e	2.8612812629853805	6.079375
1cf/25d0be9aa916a	2.4858396546174144	10.0438125
1cc/a12892ce163aa	1.8857509100515126	3.5105
1cd/69c08e1f1c30c	2.8712538624284134	4.36175
1ce/9258b574087b9	3.4090187811299795	4.9981875
1cf/d0eaa821c35c7	3.2628075892527666	9.2175625
1cc/76e944e4f1c0c	1.448096396773311	1.93825
1cd/a4d4692582f04	3.1340923059407424	4.2685
1ce/28391f2ce71a4	2.9875859761935426	6.4876875
1cf/8a511b4796678	1.1385455355526826	1.2639375
1cc/8a55f1da347fe	1.1084310463476466	0.75725
1cd/6d2219fd08ff6	3.3795981934398833	9.7355
1ce/c48b3a656c593	3.4562639091868594	11.8800625
1cf/ad1937042d27c	2.933421509903332	5.8833125
1cc/5ed7e5bc17c91	3.377122449477055	3.946375
1cd/edeece96c3ad4	1.294895259898319	0.96075
1ce/cef39b1f52c58	2.525974401416826	3.773125
1cf/e7f25a2d4d428	3.1861228074423837	7.234625
1cc/7a47997162af2	2.6334422080986895	1.2733125
1cd/c4e90351f2d09	2.843268812620458	6.5586875
1ce/0c1be94f7d6fb	2.56331822584346	1.7895
1cf/e3c67847333be	3.016354355225157	5.5294375
1cc/187e812e9594d	2.1021107932848655	8.861125
1cd/0895dc509896e	1.9123979837811178	1.4736875
1ce/95144b929b1ca	2.058969626514159	1.4010625
1cf/952d30aefbb4d	1.8793130352582885	3.4931875
1cc/e65da210c584a	2.2912467790473454	2.40375
1cd/de09b4988f585	2.792447482855057	1.297375
1ce/13cf34ffd825e	2.134489012070872	1.0085625
1cf/9986ee980f773	2.8196010907623936	6.1571875
1cc/f9b44ec0b1514	3.0850702404885144	5.375375
1cd/aa5e1d9b191ea	2.908299523262325	5.28475
1ce/d653af7cf713e	2.241023175915573	8.851875
1cf/e8e077a70a856	3.4901222532838876	6.819625
1cc/f3237b3a19e81	2.456639530431427	1.0089375
1cd/ffa30b96fed5e	2.574817502656331	2.269125
1ce/f99d7600260f1	1.6301722604208846	1.4814375
1cf/e3c0420463f5b	2.4478940618068297	1.6774375
1cc/dc0f5df9fc834	2.01504538003355	1.298875
1cd/12d1447294a8e	1.2232829396415061	1.6338125
1ce/d26f59854dde9	3.2344320709620686	4.887375
1cf/41caefed4dabf	2.709766205561223	4.12075
1cc/89a5c30497ffd	3.477840623612777	9.685625
1cd/7a2d9eada1cac	3.147503935960287	6.5178125
1ce/07a5f40b17da8	2.894601515758379	4.1619375
1cf/09903e666a61d	2.952417788062982	4.215875
1cc/bbd95b7a0cb0a	2.9981812409400903	4.895625
1cd/6fe01ac01d72b	3.325397655106805	4.71475
1ce/02e1a2bbdf488	3.2580131449828493	6.4941875
1cf/7b4154a48ee23	3.418941746636323	4.2458125
1cc/b663302368025	3.398649726883813	14.5198125
1cd/3df3fc9387e60	2.352608176503268	2.9304375
1ce/13b70169f8fb2	2.122893635153854	6.3528125
1cf/38f9bc9578b6f	2.9069933402839223	4.2739375
1cc/2480c43627182	1.9635941356857707	3.793375
1cd/2fac385ae0d95	3.414859796769261	9.5515625
1ce/984a4e3023b89	3.1245953470722108	5.1860625
1cf/bedd86904e7cd	2.4111383029480415	2.1366875
1cc/89ba8eecb8f1f	1.2308429804247083	0.9364375
1cd/6f450dc04c3da	3.214508804092946	7.1914375
1ce/0b068045292c0	1.7600567007725705	1.48975
1cf/bfb2d80b1fa5b	3.088504319450217	7.304125
1cc/6a97c2efe4ed9	2.974496976635491	5.5084375
1cd/b9e1a8c021fb7	2.920610788810715	3.8705
1ce/c9f423a73157b	2.8346343720571543	4.808375
1cf/26990eb40cbea	3.4624485346561555	7.0449375
1cc/8b3e184a787af	3.2996018671797924	3.769
1cd/fb9cd226480d3	3.1384326442938892	4.59975
1ce/dfb58533371c8	3.2292479298457035	4.707125
1cf/ac76649d42a61	2.4746142166115135	1.804125
1cc/4fd99a61b192b	1.7541227305576015	1.4443125
1cd/337f3ac58f6e0	2.6521433609103315	2.643
1ce/524289b6fe664	3.173127770720863	5.6990625
1cf/024d147b80888	1.8644430717153944	4.0335
1cc/7fd8e53bfe117	3.349020283506274	8.0099375
1cd/6df87e1de2c01	2.9214017216640835	3.3325
1ce/86b2011aab86f	3.3649442073028553	8.573
1cf/41d5989e10d30	3.363774931111113	5.6709375
1cc/ef3a65181d283	2.7569854191799132	2.712
1cd/26948b93a7fb4	2.966360837187185	8.790375
1ce/9c6d4dddd2fc0	2.131593238931425	2.091125
1cf/c59066c263f9b	2.8609811291247715	13.3693125
1cc/d08d905a062bc	3.310858467114099	2.3913125
1cd/8dab236fc0e21	2.643923768840927	4.04075
1ce/648a843d780c7	3.420233632643435	8.944125
1cf/7ffb11051b971	3.1052303274693385	10.8311875
1cc/d013ab843f694	2.595154527633182	3.070125
1cd/64ba27e5ba520	2.4347341157984537	7.756625
1ce/5a78940e6262c	2.5948384487780722	7.304875
1cf/4ab6b8913204d	2.74482037107429	3.1000625
1cc/5d90a913bc7d4	3.0688049898280108	8.5675625
1cd/4c67ede2dcc6c	2.738217144758771	3.3526875
1ce/fee44b7bbd1be	2.9567491438060616	5.29025
1cf/497d37973aedd	3.0437144355824652	5.002375
1cc/7bb3ef658b8ac	3.128244126194495	4.9544375
1cd/12ed7818c3895	3.2931481813339794	6.461875
1ce/a2230c93ad57c	2.3399169555423294	4.5855625
1cf/ae84b2979adb9	3.3448628454736813	4.8134375
1cc/fbbc795906ee3	3.0457675298835327	6.6816875
1cd/4c809aca7c569	2.640475512664187	1.8535625
1ce/31a19118531af	1.478681635027738	1.7904375
1cf/308b82f051900	3.374128847727651	13.60575
1cc/fd39a0bd9fccd	2.3686326726537086	3.31975
1cd/8ab7951a65f03	2.754025223802342	2.896375
1ce/c8b30f3be0f4d	3.436305326175544	13.834125
1cf/1bedf9b5f8b81	2.338663621256068	1.2974375
1cc/ba88315d5f8f9	3.4914955794514877	6.3624375
1cd/d32259d5d30fd	2.9491618949692655	2.6840625
1ce/bfc6f1a47a0d7	2.4894044364950942	3.891
1cf/623aaeeaaf80b	3.130738144937248	6.5748125
1cc/f28082e802ff2	2.7686205886894917	11.4658125
1cd/851ce81f0601f	2.3710553865551316	2.494625
1ce/674ad50491ecd	1.5489868800243085	5.175875
1cf/2682ac754a0a3	2.2315615845337953	3.84025
1cc/8cd1cff97448c	2.528963215712617	2.019
1cd/a9c21f67d6288	3.32978487237125	4.4229375
1ce/2d6ef0d8c5034	3.2491328077499055	9.7846875
1cf/4fc6fb94ed2b7	2.9857690463655775	6.00775
1cc/39428dcae4b13	1.5428920376124668	1.6365
1cd/b2bb246a9afbc	3.08101304644865	5.7521875
1ce/9accd7f2b47de	3.3833965873586087	11.703375
1cf/6b67c3e809281	2.8638678836567415	3.916375
1cc/7c8f504fad72d	2.4809790476983484	4.2438125
1cd/27386299c78f9	3.462496594440006	12.946
1ce/8bb26ac6a8219	2.533026968547737	2.9889375
1cf/c63a59ca04f6e	3.1492113459381885	5.373125
1cc/22cd364b69c7d	2.6739867168572644	2.8416875
1cd/ad261eb419dbd	3.3033034220677506	21.38025
1ce/40a6793356a46	1.8589014734177316	3.680625
1cf/3af9547eae757	2.9179419538246596	2.412125
1cc/7701a8735fd13	1.3872035142249743	1.0465625
1cd/274ed1d13e6e7	2.7968760892121933	2.491
1ce/257350248ae7a	2.1746745086298285	2.759625
1cf/c024e55c51841	3.398844046450408	11.372125
1cc/82126fa0cde5f	3.3165086755951956	5.7951875
1cd/f663d02f21cea	2.5439600629602315	8.20375
1ce/b3b427fbc063a	3.114936332305605	1.327375
1cf/6fe0c9fcaa27e	3.3133279569102925	6.66675
1cc/24c319e84efdc	2.970335499993746	1.44225
1cd/96528e9c50710	3.0289299134699683	3.11525
1ce/e6deacb1f22c3	2.440641011717598	1.7649375
1cf/8778ad8b16223	3.267153511365212	3.8131875
1cc/0263257c6431e	3.1625910562074644	5.8414375
1cd/69871ac2df9f6	3.44005948873178	10.5393125
1ce/2a988885dd93a	2.494837075202419	9.1403125
1cf/7ac8072692686	3.3828085268416745	8.331625
1cc/36a7131f0f2b7	3.0367739969083978	8.3425625
1cd/a1d3232041a62	3.504080608761357	5.7690625
1ce/849aac85401e0	3.397319533314409	4.884875
1cf/17d6661bcb262	2.863876501979595	3.1494375
1cc/571d728f9efd5	2.3590409935986916	2.8849375
1cd/8753d665fdbb8	2.202194333832236	4.2315
1ce/8b1808fd21f16	2.7254388048443756	1.0566875
1cf/92c21ab47af34	3.0841931451413576	5.483625
1cc/030f4d1455fff	2.2119672720927075	2.259
1cd/be7901719dd0e	3.300293329810825	2.9083125
1ce/8519e9e459f34	2.2633568140425395	4.11125
1cf/7b1e652b1c177	3.2773371866918826	6.138375
1cc/1f55e43ead409	3.307798722811377	5.7415625
1cd/460fe8d5cf82c	2.377825628590918	6.9256875
1ce/9eea8ea030e0e	2.017858008218648	2.575
1cf/eaae09b42b4d2	2.6851307722909246	5.9511875
1cc/faa2593d8e560	3.3303863380303476	6.251625
1cd/fcf14b14661cb	3.314037260932323	14.4681875
1ce/5c923c4c7c1a6	2.383343493325072	3.5390625
1cf/e06efce302b1b	2.858456808703612	2.72475
1cc/d4382c7ee0cff	2.297630080757569	1.6339375
1cd/f7f9a85f5661e	2.278043741726483	4.9974375
1ce/c3944bcce87a5	3.1282862603148933	12.691375
1cf/d57f619786501	2.757927657595784	6.062125
1cc/1dc973a6c9efb	2.7879373997968764	3.799
1cd/1e16ec6eca4f6	3.3398530383393705	12.8161875
1ce/b29612187372f	2.682990661266064	3.175
1cf/12a3d2d4651d1	3.0306621976211674	6.0253125
1cc/eb478d4499887	3.07984878355468	11.3230625
1cd/c824c6dcafbf5	3.3028956807194163	3.578
1ce/bded810b91cff	1.8130945869531472	2.628125
1cf/c321e1616b497	2.8830823160126977	14.025875
1cc/c020eb480f063	3.2349568573535166	3.0250625
1cd/3d14fd171818a	1.0860781247420703	2.564
1ce/e319a994135a8	3.0573640335857513	7.3139375
1cf/2e4fcf25baf9f	3.0694793573360157	6.3735625
1cc/4e078234091ad	3.1914703576844894	3.3561875
1cd/5d0458f167e6c	2.8305962043867177	6.2233125
1ce/32a10ebb61159	1.7216813112458977	7.874125
1cf/2192716b60935	2.703869485659515	2.25925
1cc/cd114b2fca05e	3.320324245425059	7.0015
1cd/4742e3198c96e	2.479779904912741	5.3681875
1ce/32e379b52118a	1.273555253925522	1.82725
1cf/0cdce2c938999	3.334343710665799	10.042125
1cc/3da4f6ad08160	3.497025563767079	8.8841875
1cd/6b01424e2ae03	2.835578923870257	3.806625
1ce/33b61a4b4c3c6	3.0358044220964073	8.0351875
1cf/660d44e5c99ad	1.9327250919361862	2.2178125
1cc/04a8debacfb4c	2.1026919864182156	5.1515
1cd/d95d26757fb44	2.7700062310275992	1.1973125
1ce/5064035859894	2.8518675590872857	8.0064375
1cf/fe32b168f26e6	2.538348501288623	1.8746875
1cc/52a970379be90	2.387542127167449	1.3940625
1cd/31a4887db451a	3.2976067891684053	4.5556875
1ce/a5edf380b996a	3.322432692997524	8.8459375
1cf/c21fac092fa5a	1.6176132171747226	1.3999375
1cc/d1997b41eb676	2.77952906489179	1.6095625
1cd/0e408eeb6f1d0	3.3200950279860644	4.5216875
1ce/97ec3b09bb30c	1.0957722305538982	3.088625
1cf/dd46965685c4f	2.86862840338795	3.843625
1cc/22f63d49883cf	3.06347450598129	2.6668125
1cd/d19ced9b2f31e	2.8642757919816186	6.187375
1ce/8f83b3005f33a	3.0500563771469418	8.1240625
1cf/232ba7658dd31	3.1614953205475875	9.5455
1cc/f1c4456c9b2d8	2.434351979603563	6.5931875
1cd/df54f4c38fb89	1.972867116737513	2.3546875
1ce/4595483cd332f	2.4573146977869635	3.4141875
1cf/750d8e4c14b56	2.4839408823593288	4.742875
1cc/7d70be5af4ee5	2.453241028806132	5.647875
1cd/cec2601255c48	2.4806507064369634	6.1515625
1ce/040384d93df2d	2.9169093310230427	10.0790625
1cf/bf94e3b73f596	2.9766860783146716	4.68125
1cc/5c72a6c683c74	1.2456392656262032	1.0568125
1cd/27d67a8411983	2.9241828377622707	2.248125
1ce/3e9d168726b2e	1.557470994777473	1.5445625
1cf/507fd8650b856	3.13160853435556	5.25875
1cc/a55ed1cb4fa9e	3.0231562245141133	2.208125
1cd/186ac3a8d1f00	2.0048235569956887	1.1769375
1ce/e5800562c832e	2.5607004442949552	5.73975
1cf/60850ea5c5878	2.3619909952538176	5.2904375
1cc/882cf92976b97	2.856926477795617	7.1826875
1cd/2d15cad666b61	3.4082797646756355	7.25725
1ce/adab147f1f5a7	3.0964512573126655	5.4735625
1cf/e838c7505e359	3.303377631216265	5.34675
1cc/7563ae991058a	2.4827005577018983	5.10725
1cd/1de1a86acdc78	3.290786065503866	3.4115
1ce/f2200283d4952	2.5030229550242886	5.94475
1cf/62dfc7f1a7823	3.2170923710812063	4.3319375
1cc/03973e33196c0	2.7664614392825633	3.5451875
1cd/77507d82dd242	3.420655932989732	13.4563125
1ce/f963aefcd1f4b	1.8624969325217093	3.5605
1cf/22447d25a9839	2.9841076130099995	4.1289375
1cc/8f5f0311ed121	2.9345211282566113	10.628
1cd/e91876a711c39	2.822991176690341	14.856125
1ce/867bba501a2e5	3.0078472032313854	5.201375
1cf/dcd873059a989	3.237428397216567	1.7485
1cc/d68e24c9a8dab	1.2482783469616001	4.235875
1cd/b06ac777daf00	2.7284523366485267	2.832125
1ce/a184d0797ef92	2.766174254363219	2.9085625
1cf/6d63ca3ee8c3c	3.0851582772567006	2.9883125
1cc/f5bcd6cf16756	2.7427741892635646	5.411375
1cd/4f36bac6aa269	2.1238234661515807	1.7249375
1ce/2ea5f6e6ea38e	2.6934905560590914	3.8599375
1cf/deb3e26678a19	2.697643255692204	3.1541875
1cc/aeca800faaf0a	2.885133818462483	5.267
1cd/c3329733ebd67	3.070759644005627	4.77425
1ce/edfb750ea943f	2.4149877635371326	3.943625
1cf/67f69a04e9a24	3.196554066479228	3.34375
1cc/09216af77aae4	2.5711240327457676	5.883875
1cd/127d2887ff622	3.003587794021001	6.5086875
1ce/a94fbd3c91140	3.388441909399031	6.2376875
1cf/f37e08540a8d0	3.088654524936007	6.4031875
1cc/22291d113fc30	3.3333779728225728	11.9635
1cd/c8e08f0a8a14a	2.5810582819920356	19.9161875
1ce/fa1d6ce633169	2.792904530237287	10.810625
1cf/c9597e7bfa797	3.439399822854048	18.743125
1cc/f1e5f72046fc3	2.7408594185955732	1.297125
1cd/8c78fee0f7d8b	2.1035744594001358	1.248875
1ce/056669bcdd7c7	1.9304883128907082	2.20175
1cf/ff5b196889a70	3.277015109574956	5.9495
1cc/a6e870fb0a5f1	1.9717100069647402	1.750125
1cd/4a2cc594d46e9	1.8667019862283543	1.152625
1ce/26c03131c5c5c	2.6161994172410887	8.8181875
1cf/070f321551720	3.316728086159203	5.603375
1cc/a1eeb3fb2ec6b	3.112170827027851	2.117125
1cd/7d5f23de5a1d0	2.26236410960595	6.9125
1ce/eae2a36e4f926	2.904894456621373	7.9728125
1cf/1e5c9790dee1e	3.4524292732924384	5.5819375
1cc/9d34cbe6f395a	3.342565519399039	4.8193125
1cd/1ae21d4e0657b	3.1894999235735413	3.9065
1ce/020df2a9f330b	3.4580832320729677	4.023875
1cf/2bf9c4878142c	2.61249477446471	0.816625
1cc/2ab319ea2e4b5	3.537776036886309	4.9496875
1cd/1338bc0e1882a	3.100523689711345	8.88275
1ce/6eeb0c9c5fdc4	3.0940230900350065	8.9379375
1cf/b1d0d094c2d83	3.501190220345745	5.0828125
1cc/000180b5a8aef	3.14575106400841	4.952125
1cd/f216132633539	1.6846121627010782	2.3645
1ce/fc964493170e7	3.2597418513131022	7.646125
1cf/385153aa8b4d4	1.5273011980897584	2.4048125
1cc/3c5001a183ed1	2.7066884713821087	3.2506875
1cd/c237f6cf30895	3.098391365201184	3.4973125
1ce/84e056f5517b6	2.4389591387004477	2.33425
1cf/68694741da355	2.126593398465707	1.6445
1cc/cb5c38179c568	2.6762508209391576	4.826125
1cd/43767cba6f678	3.1120735002962445	4.2215625
1ce/2b79a01624cdd	2.2629361140670556	0.8889375
1cf/be85db2e9a97b	3.2616841199500697	3.8176875
1cc/c5a3d9a43ecc7	3.2612945717611894	9.1193125
1cd/7a2ad7090f47b	3.3045643921598957	15.3476875
1ce/e611e691d5a30	3.5078646447832917	9.9383125
1cf/69ddcc6d20536	2.3449753539386116	6.912375
1cc/17dd8d2d67761	2.7505254682719187	6.2785
1cd/d0af54a7ffe86	2.5129167230446043	12.571875
1ce/3aa45b9d66f78	3.2409302171898537	14.4369375
1cf/46555299d5334	2.4736625459627004	2.09875
1cc/49c31885185da	2.840629334152472	6.0365
1cd/d22dde6b413c6	2.1199424377501495	3.1715
1ce/ab92c448116b4	3.2514441078371377	9.0045
1cf/e0816392cbca5	2.950656201634009	3.0655
1cc/859218c3b8c7d	3.3448315970011917	5.9116875
1cd/2804291984981	3.177867125297433	5.9891875
1ce/21efc3a4869d8	2.9046963141318947	8.3558125
1cf/0419ace89972e	2.3629289269847167	2.3058125
1cc/8ce077e5391fa	3.3932792022042535	7.6670625
1cd/06d509d278e23	2.1458171901424987	1.3215
1ce/b38406614f3fd	3.427321375330194	12.371875
1cf/118170875e3ee	3.0722912037960333	1.30875
1cc/06cbfc2e3c35a	2.5624985242618967	0.9608125
1cd/c5b7feb1815a0	3.0545126104652813	2.0483125
1ce/d53afb0cec8ac	2.898827136412425	3.944
1cf/93cc79d00c58e	2.798580682344379	4.523625
1cc/5f5181d9d74dc	2.923561358889307	2.3671875
1cd/c7d03bfcbf831	3.334663147581257	10.22075
1ce/e2d29b47d00c7	3.2154974917409356	1.59375
1cf/7754910aae56b	1.9361498946074638	0.960625
1cc/ce6540e8a5610	2.5602979652086617	5.536375
1cd/89f3adba171bb	3.4157967877398683	6.63625
1ce/d24731cc244f8	3.290177344559129	5.1318125
1cf/b1d341af2bbb1	2.9638325414538182	8.81475
1cc/52009e669e51d	2.3895715575769674	5.4604375
1cd/a4abd3dc0db1c	3.4360781875218374	11.0085
1ce/dae13783420d0	1.8486889532760968	2.2696875
1cf/c58aa8b9884d7	3.3353290563584106	6.984625
1cc/533568830ff07	3.1339289236368186	5.737375
1cd/9ae0320cc2420	2.7506400917586915	10.8674375
1ce/00faf89df0907	3.422403528764781	8.331125
1cf/d842169e163ba	3.292557860815413	4.254625
1cc/9d973536f38d9	3.3599376101906357	3.729
1cd/a2298b421d1a9	3.100580333349568	3.1686875
1ce/138a431b578f5	2.5267184614232816	1.0086875
1cf/3549f98e9cc59	1.750715649033131	5.0189375
1cc/44fa7b362a9a5	2.973545197619106	2.1315625
1cd/4a18725ef66e2	1.5386459341569956	12.031375
1ce/94095f65d06f7	3.3728185803878006	23.006625
1cf/7da29fc019869	3.1246559107721494	2.0670625
1cc/46412d18fa372	2.6107765083922123	9.455625
1cd/5c4ccc104558c	2.8687984482094993	8.847625
1ce/fc69c17ab05d5	3.4047801028549722	12.4043125
1cf/c122023973cba	3.0417270119859876	4.6093125
1cc/de8c640826ad1	3.2936180933774515	11.4638125
1cd/38d57cb3cfc39	2.0192932407228597	9.033625
1ce/715b31b484db9	3.166506774457041	7.651375
1cf/c5a8e9404a88a	1.1520763703824228	0.961
1cc/5cfe889d2acd9	2.943645412856064	13.830875
1cd/92147a1ec2a97	2.9224866664415483	5.41075
1ce/70c1cf9de7210	2.3513639296709634	1.993
1cf/bf36215e09542	0.9615535390416929	0.96075
1cc/c50c99be08487	3.1203811254738816	14.3958125
1cd/1f499ce38ec2f	3.3022362300660153	3.223
1ce/1233539f5b71b	3.395595888657619	5.313625
1cf/fa641e7e7a6ae	1.101962714067622	1.1161875
1cc/0543c707a49bd	3.1315858384614685	7.303875
1cd/780abb9006ea6	3.268258227510955	7.9715
1ce/ac077273cda93	2.708096055277236	9.177375
1cf/51e9cff1f00b1	3.626211995191228	5.135
1cc/27bae3c9a2358	3.2895975015281587	3.7863125
1cd/d56a10ade44d5	2.8441227203642634	9.43875
1ce/ead93b5dc08dc	2.9832267400521455	7.428375
1cf/c315e4e108530	1.7620238408756088	2.1634375
1cc/5d59fe4a70f94	1.0643156999077008	4.931375
1cd/fc85a9346e0dd	2.625705699361476	3.143625
1ce/d1a159752e304	2.753725032071403	7.9036875
1cf/119f39ec7b095	3.2458569371415833	3.20575
1cc/e9e4213440b6f	2.9223143570795527	10.0968125
1cd/9499c1671948d	3.185127908992515	15.8280625
1ce/3612a6e8748b6	3.1380902499354586	5.6181875
1cf/666fca5d92383	1.6532528385824272	1.6818125
1cc/ae5d72b863704	2.6841495894257665	3.0760625
1cd/9b9e28886360d	3.0360656771542787	3.766125
1ce/8eb8bf93ab887	2.300692897207274	3.1325
1cf/09c119482e37e	2.0509895525755213	1.97175
1cc/650e21329f030	2.8862839058698526	1.907375
1cd/3d365c8da5dc0	2.831448803051522	4.452125
1ce/f5a763028d42e	2.5980786426095417	4.819875
1cf/3e84987e893f4	2.8064313982755555	8.683875
1cc/c492a76730144	3.3287173057170674	5.4488125
1cd/7574664625d50	3.1505643640663314	3.37925
1ce/da6387a61d985	2.9490491539518247	10.5278125
1cf/fffc04736136d	2.8620571772449943	2.647125
1cc/6fe0fed4c7a7c	1.8348410216332671	11.6411875
1cd/87c6c2934721e	3.321236517100808	4.307625
1ce/7eabb414a6d91	2.114401505868714	1.2498125
1cf/fd556ac3f276f	3.1894531473402954	12.153375
1cc/59e0f31a4c2f2	2.551566910798305	2.7345625
1cd/1e7eecfef0bcb	3.039570047675225	5.528875
1ce/e91227fc0f5a6	2.580975190044109	1.4410625
1cf/1057876923180	3.3222416642817456	11.57425
1cc/770f0ec480e04	3.1551965774544217	8.843
1cd/7317981a64676	2.439774118838159	9.9535
1ce/a889a6b229358	3.1291648297257106	7.2825
1cf/25ff2c41b2d99	3.5131852274988082	7.18175
1cc/b7cdd21e586ad	2.7438815310664344	4.1698125
1cd/bec0ec695824e	3.3660539989638023	6.7461875
1ce/ee7fb539af23e	2.7398727128923204	2.0178125
1cf/ea56fde540f56	3.037427981688329	1.7788125
1cc/c5b2b0a110f47	3.0828906742375146	5.032
1cd/aa1a99d363f48	3.3769277822878907	4.9185625
1ce/633141810b4d4	2.704597374613624	3.56425
1cf/445432f224239	1.2681781970748578	0.960875
1cc/0bc583eedc4de	3.438106212722821	10.4711875
1cd/1307963cb8b35	1.127560184161004	2.403125
1ce/091bffcb55c9e	2.4536631723430578	2.946875
1cf/f6f7869522f87	2.2610495494027174	2.787
1cc/49ae4128fe0c8	3.4081356517928234	9.37525
1cd/3e2c46bb68ea8	1.1663801585015037	1.2013125
1ce/dd291a36f6d15	2.6480577683681896	0.6000625
1cf/1db69ac5f1c8a	2.0856993799501797	7.3224375
1cc/5337aad14502d	2.8561651820571754	7.7876875
1cd/5c2324cfac19b	2.6623092802640866	11.8948125
1ce/8fb7f50cfd939	1.4907061739532579	1.2095
1cf/ecbec3b524c04	3.152252514736108	1.443125
1cc/7c3bb76800a67	1.197539101282519	1.301875
1cd/1b372632b30e7	3.453579344414115	9.6049375
1ce/f8b1833573f4c	3.2869797767553046	11.0130625
1cf/3d2b4f3fb0f9c	2.0133458471110033	4.4303125
1cc/99428ed3ad1e3	2.3024291299294357	1.5614375
1cd/91044f1b1b1bb	2.947142276160258	6.343125
1ce/ca5f78cee5e1b	2.3741929321233806	9.1200625
1cf/f7967da839306	3.340601007826851	16.734
1cc/f419ac0ecf8c4	2.6322482116979775	1.6819375
1cd/0e6a56c39a5d4	2.092073537314699	4.154125
1ce/031b303777bbf	3.3758996118283013	8.39525
1cf/d942c89fb4648	2.5351107531859722	5.0815
1cc/8fd56c9766cc5	3.1968278256689233	5.068
1cd/42db33adda1eb	3.4445190688695817	6.826
1ce/772f35deb37d9	1.0831007541353261	4.8164375
1cf/df7f6a987d89c	3.2459995600135487	5.76475
1cc/1071c293c5397	2.478272482391352	4.999125
1cd/4f3cde2f3ef51	3.1257211258527224	21.903375
1ce/fb879608b530f	2.6999134467986967	4.114625
1cf/5f208888d8051	2.641362384165904	8.3570625
1cc/1229b2939e21e	2.8002701963444836	6.082375
1cd/c48d83a72d6c5	3.353095887615564	5.980375
1ce/e056532140dd6	2.55357345034356	2.6436875
1cf/4e346b53628a9	3.1994442472662428	14.9020625
1cc/56b2e659c9d98	3.059906738904797	2.171
1cd/d24fd4a2ff804	2.7702017957623633	4.8376875
1ce/b4be72b60ddfc	3.519031280816621	8.418125
1cf/0e4cce0544c42	3.3793923747826278	7.7625625
1cc/d11cd7cb58c32	3.116766846612665	3.072125
1cd/b75bd6898da92	3.3576644177394077	7.561875
1ce/69c07a1ccba15	2.806926449030059	2.7288125
1cf/973d0c4ad21d4	3.0069126964803123	5.611125
1cc/98ccbd578b7cf	1.1269382637270926	2.45175
1cd/b8acb67c71686	2.879202451489556	5.09125
1ce/0279831a06f32	3.2506027021277752	4.180875
1cf/8d9503c3c356e	2.9707008757222786	9.1718125
1cc/7aa0394b5b3aa	2.9444085692386834	6.41475
1cd/2ebceb6f0f0c4	3.1949932324285157	7.51775
1ce/49f1fb112c4a7	3.5155154710289636	9.1620625
1cf/fd251a95482b5	3.3577038754182533	6.896875
1cc/3f2f9c1a5a1fb	2.420333392025124	1.858875
1cd/1eff090b6e07c	2.1744231611741283	1.8401875
1ce/d2e26d7857394	3.2009390528020814	2.4530625
1cf/8afc1216c14f2	3.494602277984955	12.462
1cc/8ed14524cc38f	2.9043859413529693	1.803125
1cd/528e3f08fb98d	3.1662619908587004	6.5345625
1ce/15aaa33ea2fa0	2.5128626141914094	4.2428125
1cf/650fe219b1d85	3.0168671223700914	8.744875
1cc/85473d4d49878	2.201170890466689	2.7899375
1cd/18c663fa090f7	2.959494172844398	3.00675
1ce/7b297ae3e9277	2.3949287204622154	1.011
1cf/5a290fb6cf421	2.829419028905166	1.4659375
1cc/e1fe0918abdc9	3.4503335890835944	9.6500625
1cd/ff808b233002a	2.815044491855167	3.7516875
1ce/1dfa654389a49	3.34611878354836	10.2041875
1cf/7a40ba4b75db1	2.58665938553126	2.6726875
1cc/65598ebbecdef	3.073369269525226	10.266
1cd/fbd17a60a21a0	3.1085852038032282	6.67475
1ce/9e74451c93f83	3.132523413799817	2.6614375
1cf/5091396c5a270	3.425645800303999	7.1596875
1cc/a042b2cc2509d	3.28207968757563	14.688
1cd/8705d4ee05f8a	2.0966430043228663	2.49275
1ce/58afdfb437e9c	2.975925602594612	3.86325
1cf/01c97661d6be5	2.6924246187622325	2.81625
1cc/a5a1974d8f033	2.8688521416154558	7.7494375
1cd/66c6c30a636e7	2.630823795046054	6.021625
1ce/3c10f32704792	1.3445082405404722	0.976125
1cf/8648c18000b44	3.1657105053995758	4.469875
1cc/b819129293945	2.1162136235951823	2.241375
1cd/6380271805e77	3.4484693754573614	6.52175
1ce/aff8523e05b06	3.011785644168644	1.4283125
1cf/a0308dfe6a983	3.0222099129311535	20.3285
1cc/71ee3e37b685c	3.211779658931286	7.962125
1cd/14bd18b853529	3.3504502173741275	8.9445
1ce/939412aa04052	3.1743932988444135	5.3200625
1cf/da6cf50c710e4	3.1387335304075914	6.31525
1cc/7564449e137bc	1.8873860792413266	1.660625
1cd/7147a73c9b5df	3.315446460346255	5.2710625
1ce/96eae556a71cb	2.2667180102024855	2.545875
1cf/65a09040fe6c3	3.110170288470823	8.5633125
1cc/de6068853ab82	3.185593464397646	16.16975
1cd/32eabaad584e7	3.384575044402306	6.222875
1ce/be69ce2536530	3.271398977429967	5.49925
1cf/4c36029dceb14	2.530147665371915	1.1360625
1cc/3632acfa4eda1	2.808993263141084	9.7528125
1cd/0d4bb6aa48f77	2.6332304856265094	4.56425
1ce/a371bf36724a8	2.803661528861956	2.7969375
1cf/e06a3c3dfeb53	1.1619899524835415	1.3283125
1cc/d554e3140c351	2.462514420078467	5.024375
1cd/2feb3b0a8f61f	3.3587916388402923	13.385375
1ce/79cbc49d764b7	3.2101961713714293	4.8328125
1cf/c4daac8a1039a	3.079294642703547	3.23675
1cc/1214be4840698	3.3515016683390226	10.4935
1cd/c3e0099a6fb4f	2.870219152910117	6.29
1ce/279bccd6181dc	3.4286442588113646	12.0605625
1cf/8ae87126c17b0	1.6243528330672838	4.85675
1cc/52c4bf70ee3b7	3.350613096395649	11.5531875
1cd/4ac9c11c58afa	2.6554765079488907	2.9781875
1ce/15b76255ad3f9	3.248011138655734	18.103375
1cf/a4d0c864fb9e1	3.23189526401853	8.1153125
1cc/a653c49bae542	2.9540647976032184	9.0160625
1cd/30e3e2da3ffc9	2.693176776765414	2.787
1ce/379bdf9ab35ff	3.4198768091310656	15.4175625
1cf/1100fedd5ef3d	2.1273976566451798	2.212125
1cc/153b884b643ae	3.26670833184035	6.3449375
1cd/53dbbcb21104a	3.273245945807345	3.17875
1ce/aad287fd6a18f	2.2322747950631143	4.8734375
1cf/c0064b2988cf3	2.7172373637591356	3.5395625
1cc/e262e0b5c1948	2.770609661100976	7.21525
1cd/3fcc683be1530	3.5093696391191584	4.7859375
1ce/ef91eba385f9f	3.0478311325799914	4.731375
1cf/2993a968969f7	2.203866967254627	1.4581875
1cc/ccf8cc1b3a7a8	3.1244048755830294	11.7890625
1cd/530152865e646	2.7822484950195006	4.5091875
1ce/b44d95ee13539	2.473942546453256	2.3586875
1cf/dc92798a9b953	2.276250037855053	1.5008125
1cc/af02fa088e935	3.404425666130494	7.9485625
1cd/4afba08365e5e	2.858346509627926	6.572875
1ce/b87803acb99cd	2.558069483098548	3.888625
1cf/77920dae3a03b	2.7458247787281342	3.46975
1cc/b04772df54b27	3.1921134284068353	5.032
1cd/c8169cb198371	3.1853129233206565	2.11225
1ce/6b3a3e984eadd	2.863426277134436	4.956625
1cf/76a71e1538e93	2.306094829218318	1.858875
1cc/c5a904caeae07	3.39605109111374	20.354875
1cd/ae4b931fe2aa5	3.0914117987192262	12.4501875
1ce/54d2ed2fabe94	3.0446985103973065	5.490875
1cf/76aa5644d2a03	1.563616849314358	2.406
1cc/bf489c9b1a176	3.557483548252724	2.3525
1cd/0226a4bd52e6e	3.555423786090509	7.092625
1ce/5b5e0aed20142	1.7930043372984044	7.5061875
1cf/b5ac2b3338d89	3.4742074747189733	12.327
1cc/8ed41f06c8e2b	3.33679323976707	10.1868125
1cd/195d929e95295	2.8016630546833006	1.8750625
1ce/8e3d8c9d421e2	3.386775006680801	14.016375
1cf/029e5189a943c	2.763990692734253	5.260125
1cc/8429d2db85630	3.2852752234727776	5.801
1cd/e24198dcc4e26	3.4178725880788194	8.17225
1ce/f998493dee4aa	1.5189161739286658	3.130125
1cf/d77c6da682fd8	3.1395275675825007	11.2416875
1cc/aef2733af4ec5	3.1668398714408967	8.9694375
1cd/34deb1634ab5c	3.2060040214582375	2.55925
1ce/a6232e879d4aa	2.01323389487589	5.297125
1cf/1636d88012f78	1.1448002473153138	1.3215
1cc/a38e4386bf956	3.404749787946252	11.172875
1cd/60f862f820ffd	1.2434832376734208	4.58675
1ce/b171869d577dd	2.3294213331751807	5.2945625
1cf/7f67bc1a0a516	3.0457763891858827	11.6746875
1cc/6c92ddee9872d	3.3521474485137652	8.9514375
1cd/dae4713ee3f4c	3.3940070102306064	14.6950625
1ce/ae2652fac9575	3.0847693685807207	10.167875
1cf/b791161b1f499	2.8995649727118233	3.980375
1cc/64bcfd1a37a87	3.349726177281446	13.0945625
1cd/f87e2a18ce732	2.5582688485473626	2.9943125
1ce/b7cbb4167bd8a	2.244008043700457	1.10475
1cf/00b8a37146377	3.0381268592982247	3.489875
1cc/2e520912079a7	2.711993807571547	5.8734375
1cd/406b3bfa7440b	2.8487168483075425	13.068375
1ce/c17da2b8279ab	3.463572846174327	25.5858125
1cf/c81961ffedee7	2.1478306797396476	4.58575
1cc/672254057e513	2.98013390178407	1.6003125
1cd/d78ec3ada31ec	1.8432938986644167	4.008875
1ce/8a669b68e7109	2.9277156974323604	8.934875
1cf/181bc74c6797a	2.9219043752834444	1.6208125
1cc/e0239cc3b224d	3.0398701172346403	3.798625
1cd/25b1172c34842	2.5714125860610517	2.5151875
1ce/68c29995270b9	2.320680795119996	5.1208125
1cf/3f08b87423394	2.9838800607390743	1.6924375
1cc/769619888960b	2.6954310389932084	9.6151875
1cd/c90e4bc84642d	2.151883459524181	2.822125
1ce/0e96ff8369787	3.167201078578443	13.914
1cf/b2db19d8c9d23	3.215542302942385	8.604125
1cc/da24de14956f2	2.3155163838374975	2.796625
1cd/e194bb247351f	3.4235673714030015	12.337625
1ce/b7ab8b72ff83f	2.653715869503332	11.3548125
1cf/6274b0718ec41	3.400007780255769	10.5588125
1cc/3d8a614f7c0be	3.197382687110126	7.3034375
1cd/d16574215134b	2.939365551396404	3.7154375
1ce/f64f6f7cf581c	3.346192424838742	10.554625
1cf/80b726c1fff7d	2.628474809796382	3.44325
1cc/d688f4e798cfe	3.2189160848163394	1.6494375
1cd/b4a0c2cec9c7a	3.193377327269697	7.993625
1ce/700bd88aa6095	2.8949154498178635	5.350625
1cf/ed276cafa2a61	3.0985971470590727	3.5230625
1cc/79cbbf9155b74	2.0529593808968576	1.249375
1cd/56aaf1ef7df8d	3.2221265778963257	5.88
1ce/fa346f8ae3092	3.0879787572957316	5.625625
1cf/92abf7af1295a	3.3425027092881985	5.4524375
1cc/1ae883cfc45bd	3.059580694136938	7.768875
1cd/9b88e758ed3ed	2.2112925838509594	1.88025
1ce/65a715fd25c40	2.732832801168199	9.0093125
1cf/41c730c08b807	3.416320846517434	3.132375
1cc/394bea4ffbb2d	3.1663883930591514	12.5484375
1cd/264d5c9887ff4	1.4386441607415281	1.298
1ce/9ec9036d6bc19	2.220320651868212	1.0821875
1cf/4e7af30076253	3.3808006120841685	3.889875
1cc/18c5628710a09	3.0954754467623107	1.6136875
1cd/993f92a771619	3.1284278012546474	14.1040625
1ce/ff38cb7153546	3.437589756128264	23.5548125
1cf/20e0d70109b5e	1.3657466183822424	5.1758125
1cc/8d26bd641a3d9	2.7216570575866896	7.896
1cd/672748331bd0c	2.372927165297458	4.306875
1ce/b833a8d0c7de4	2.0889332726659706	1.518125
1cf/94b6b05850ae8	2.816638578790738	1.7178125
1cc/3afeb37ae4e59	3.1577929899264205	2.3689375
1cd/8f2ae0d617d2b	3.048971553183229	1.063375
1ce/a24dfdbd53fd6	3.2102786037434163	9.395125
1cf/63b6f546fdad9	2.242187122485035	1.5445
1cc/38bb295512ca4	3.3598177743584245	12.22375
1cd/0708479ac0781	2.7657950410836207	4.755625
1ce/7170f7bafe127	3.1711645557324473	4.850625
1cf/721858cc210fb	2.6385609463060105	5.147625
1cc/02bbb437fbd58	2.971543437188918	7.974375
1cd/b4c65cfa9f4e6	1.965273688642131	4.4138125
1ce/9549f50009994	3.20616302826215	5.676125
1cf/22e0a66c56d53	3.049418465171172	3.994125
1cc/aa771082ef89e	2.7213083401127958	3.5123125
1cd/d0995867ea2ac	3.3112069353796456	4.7639375
1ce/cc02855a89607	2.682492898481939	2.2473125
1cf/0af96cb95c803	2.7873377201112404	5.117125
1cc/7db803d3e35b0	2.9636815679223423	2.2734375
1cd/f0d84faadf60d	2.6697257202829285	2.0344375
1ce/b7df5c30e889b	3.4173704661553943	6.790375
1cf/73e069b214699	2.379936939664959	4.358
1cc/44c50f5837ea3	2.55988472247252	1.838625
1cd/81f04ba044eda	3.1419668998821733	8.384875
1ce/79dd5404b394a	2.9930789313381214	3.27725
1cf/0132cb3cee527	2.6416862959324177	1.561875
1cc/328e2e844d0f1	3.0354816432291307	5.046375
1cd/e3b9ac0ae446e	2.4587250548822146	1.7941875
1ce/b077b129d9f7c	2.6907640130008006	1.9711875
1cf/4bbc2e94dfd26	1.9985586263737225	1.825625
1cc/ea607e4ca78ae	3.266604071447912	7.927125
1cd/eeb9ccb5a2357	2.804655412609808	2.968125
1ce/c0c18f25dcaa5	3.4174087806698275	6.938125
1cf/2b5e39131d555	3.1835993445957653	3.256625
1cc/6cc7ac7384040	2.065398409376087	1.6330625
1cd/61b4115890d0a	2.1343234631388763	1.4155
1ce/cbcefc475650f	2.4326009515831437	1.5449375
1cf/7fb407adc4075	3.014461495612852	8.4275625
1cc/ebbb432b593c3	2.243649475635347	7.542625
1cd/cf534cc3d1ce7	3.220278713024142	14.796875
1ce/34f3089cb3aeb	3.323087689340607	8.338125
1cf/add46e4a48b37	3.2097437275426124	5.80375
1cc/4e277ed636456	2.1173743505521965	3.945
1cd/839f21349da67	3.4137356891237984	25.077
1ce/d1593bbe422ac	3.2567225773091173	7.543125
1cf/f4250b34c891f	3.3289184707090556	11.60975
1cc/c969e838530a9	3.3021132756281797	5.436375
1cd/2981f95a6d2d9	3.5314999087046783	12.144625
1ce/778b43509868e	3.163879467034551	11.00125
1cf/b8d033ba22105	2.051226707173667	2.39575
1cc/1925cbe85044e	2.182975354502142	2.9104375
1cd/a115978b3af86	2.1911917728607233	2.699125
1ce/7e206b2115838	3.1064722331364796	16.2493125
1cf/75de8f7aa95f1	3.4333359335790643	19.4858125
1cc/ab6bbab43c99c	2.854336062925983	5.26
1cd/037eafe7f2284	3.2294755292480937	10.3514375
1ce/b454cf5bab1fd	2.4298921708314105	7.0000625
1cf/6b27d06c95bad	3.2512047824969765	14.4663125
1cc/7ede109a4a508	3.290244082334588	7.82725
1cd/bef937f58b338	3.435418463215008	4.9464375
1ce/267d2483b2c55	2.7531725322911287	1.6695
1cf/280eb0c52cf9e	2.9225870382304073	3.2113125
1cc/a2630aed2928e	1.0790257013992128	1.0085625
1cd/5814d5802434d	3.320336245001585	14.28125
1ce/ddd8ef45dbc5d	2.6759510732635077	1.24275
1cf/2998fd94b8b1c	1.0970262335705674	1.4016875
1cc/231292c436459	2.763528501467384	5.2928125
1cd/37e087771d2c4	3.3951754754955163	9.6895625
1ce/de5b1d0d07fda	3.1893861314925336	5.1728125
1cf/506963948a5c5	2.577499895674695	2.0746875
1cc/935c1f11d0157	3.3738112267882525	6.1396875
1cd/02fdd13822675	2.3429481065566167	7.3733125
1ce/8824adb513b5e	2.501300031315215	4.183
1cf/bb1d75df62656	3.2002412740541137	6.679875
1cc/cffa6d850a4cd	2.3450514492042336	2.191875
1cd/9d9c424ac7b5d	2.1269409329174866	2.3270625
1ce/3fd505a8790ee	3.293490854174837	9.3150625
1cf/a02ab87d72f66	3.3403917302815493	8.701875
1cc/5282cc2477b60	3.1730045284419877	5.2774375
1cd/484b2931d189b	3.129428897340813	7.255375
1ce/2939f579beb54	3.0429983275439425	20.873625
1cf/0cd4234143517	3.2383725946367914	6.4439375
1cc/0dd9b444b7d60	3.2413830275350746	5.69225
1cd/b8c5e424b997b	3.129668030254536	6.379
1ce/8e8a632a0c3e1	2.5638504873782293	3.105375
1cf/1f4ca6709d5a0	2.8840628086518114	2.16275
1cc/61eae461ad9f4	3.0187333497686994	2.9598125
1cd/d7abe50c719cd	3.3943548681049	5.628625
1ce/68a6bee0926ac	2.1859709192793377	1.85
1cf/bba2e43df8985	2.2338840626305605	8.8295625
1cc/ff4351f1358fb	2.3745127635740912	3.701875
1cd/e51cea2278897	3.148032525526318	5.78225
1ce/22500f50ce12d	2.7111139041600976	4.4689375
1cf/130f922201009	2.6705935211072105	2.474
1cc/636a9cb84f116	2.2632967033538742	2.3240625
1cd/207c74100df35	2.478173015285307	4.8601875
1ce/f9048cd9dc24b	3.263151940279481	6.241875
1cf/8000fe83e558d	2.598160569094543	2.0275
1cc/8f2dd3a82eee1	2.5107584734592865	2.512375
1cd/913c905833ddc	1.11927246760614	1.9713125
1ce/7f3b9ef6fdc1e	2.010464679083143	2.390625
1cf/c78c1730b2d8b	3.387858457769199	9.1891875
1cc/b73bcca8b5e43	2.085770671492483	4.200875
1cd/20954aede39fd	3.0935820763280897	2.790125
1ce/4b96999326981	1.8138189843871746	1.1029375
1cf/d3d8ff55ab773	2.2278388737443064	1.6583125
1cc/fc80504ef0ebb	2.651212647512393	2.9365
1cd/ee1db59fd877b	3.2644711616887587	3.965
1ce/052e70c4c9203	1.0771906451704494	2.2594375
1cf/d2f5288bce4b6	2.8443523910963036	5.2819375
1cc/fc0ba9ff9de1c	2.8572491923952286	3.9633125
1cd/174ca36cc78a0	3.4987403233200065	2.413625
1ce/03352bb5982e4	2.649805829748411	7.3775625
1cf/5a9738575d37e	2.9397611973766993	1.98175
1cc/7e4e54247779f	3.5101314001192923	6.64725
1cd/169f7608ee18d	3.38559987694591	4.924125
1ce/df41b5a293377	2.7351671119487793	12.87275
1cf/40526229bc894	3.573037560053455	6.7766875
1cc/2d7877e0b091e	1.898661740826837	0.864625
1cd/b9db4aeb85e1d	3.403832153398817	6.611125
1ce/702bcc4f99adc	2.3782390014686463	7.3119375
1cf/ee47048425d83	2.4874497413967274	1.2591875
1cc/a07e3e92515b6	2.5806087486246385	3.0398125
1cd/45f516e7e63cf	2.442320374169707	8.241625
1ce/777414a9c9114	2.6726698752448947	1.517125
1cf/d54e7b64e3c0d	3.1584601094766795	3.5809375
1cc/c52e08fbc2bcd	3.400973391511237	6.840375
1cd/8d69c24779804	2.5186570569514357	4.4780625
1ce/e3fabf63b1f05	2.4893844733820494	3.307625
1cf/edd059670259f	2.6589892609565404	1.393
1cc/8ac22c2838ce8	2.7868069211988806	4.705125
1cd/62978b0384aec	3.1654468884957896	11.083125
1ce/5da9faf244acb	3.4665401781166874	22.2586875
1cf/9032eb924bb9a	1.8881722934604537	5.4039375
1cc/9caf063773ba7	3.3829122021892237	8.4895
1cd/fb50b2e1628b6	3.3286789296508195	4.199125
1ce/bf1731b53fd61	3.081097162456248	2.0619375
1cf/ae157b1c5e61e	2.8127153818497286	4.49675
1cc/d8f74148e5619	1.098908810315284	0.7683125
1cd/411db0b803b11	1.162697972584714	1.1771875
1ce/45eb6bb8217ef	3.144547074952826	9.273625
1cf/1102b5073ee7f	1.934246971827971	1.738375
1cc/be2bc0842ba11	3.287079995652058	8.28175
1cd/ef47fe0e030e0	2.2234778641015325	2.6946875
1ce/a35714e496f13	3.2712939763044524	6.292875
1cf/54a7bc8c71a93	2.824835647983618	1.297375
1cc/8715d18718f2d	2.0715117412344966	1.285125
1cd/529b89b9eb3f9	1.950039999687986	2.258125
1ce/372927dc962e5	3.1858130770572917	3.281875
1cf/502e35c9abe36	3.325557855819441	4.168875
1cc/02d8348f8d09d	1.098020628432827	4.3439375
1cd/15ed1cc0795c0	2.267861898183007	6.903875
1ce/59b8f04fcbf48	1.710969806011589	4.0875625
1cf/5e7573f255a44	3.171354634870977	7.18975
1cc/29e3b394de346	2.3726574437708297	2.599375
1cd/d156b0a5d01f2	2.5147590680106764	4.592125
1ce/0c650192d6a9d	3.3201299443103243	10.486875
1cf/049c3ab7e7bf7	2.658304179576816	2.4213125
1cc/73fff261a992b	3.400906773058901	7.0438125
1cd/687f1893b2a84	3.3701816305182173	9.66675
1ce/d03dd11218d4c	2.981862080275594	8.6808125
1cf/a9817aca66119	1.945946844738466	1.9289375
1cc/73c24da758739	3.4561786018104925	20.190625
1cd/204a92bd917cc	3.37949724666738	8.1641875
1ce/d049a7baec173	3.1892026152825252	2.6941875
1cf/d93e38c9ee73a	3.0095580410983565	10.32925
1cc/55a496f625251	2.638558311997118	4.929875
1cd/e4c858ab0df79	3.1067193933910886	2.6894375
1ce/98e1f758420e0	3.5573290340429855	8.1795625
1cf/dadd32d1cc82e	1.1352905200211678	2.3075625
1cc/d5d227d1e039c	3.1090226866703348	7.5383125
1cd/fc250f67f6691	2.1785748143217996	4.11075
1ce/b56d017ddec71	2.5723293519975385	0.768625
1cf/1f1bad0eb3d2c	3.195279272593234	7.126
1cc/9fc6969b32b8e	2.6138429153897014	6.238
1cd/e1b8540d5ff79	2.925086473535786	8.7885
1ce/b07752344ba80	2.7570307331940085	2.737375
1cf/7e48c6322a539	1.8528543663930233	4.1283125
1cc/dbd4fec5da26e	3.0078402463641356	1.636875
1cd/11faa4ba52661	2.812294659631343	1.4418125
1ce/89e69ebfb8204	1.9615123716520748	1.779375
1cf/3304cc56d3f78	3.4205218501670838	4.5625625
1cc/c1ed49ce5698b	2.6504147482412668	2.8833125
1cd/f0e854a5b0265	2.81784050050577	5.661625
1ce/a8c2efe307d77	3.441561546330239	6.7145625
1cf/45af78967991e	3.2175698058367175	2.7899375
1cc/6d53ad13d7910	2.2561492922098543	1.826625
1cd/a3cc514e2e384	2.739432227922667	6.292375
1ce/a4449799dac7c	3.2182544350143143	5.47875
1cf/814b55d3645b5	2.66757916207068	7.9455625
1cc/d3d0cd4c66b3c	2.6974097495286475	1.6750625
1cd/2d6106b3c45c6	2.3268825073287687	1.4833125
1ce/5e1e3366ed3cf	2.2976548775918078	2.201375
1cf/18311ddaf95f9	3.3806323592002543	7.8365
1cc/ac4e793eb9ac1	3.0843275000956667	14.1428125
1cd/1f60f5879767b	3.3298890234993075	9.02875
1ce/21b9cec5d83f1	3.363147866059299	5.464875
1cf/36bc83322e0eb	2.3958272719457554	7.244125
1cc/af0696538b8fc	3.1079277165600754	2.8778125
1cd/4560964974e9b	3.195657989912221	7.63075
1ce/bdbcc95c86d63	2.754627193868709	6.965375
1cf/5275b285a4ce7	2.5935622731984513	11.3109375
1cc/5dd51caaea9f4	1.6766985807516364	2.7323125
1cd/2f24942bf65e7	2.3198747356495626	0.967
1ce/61c8becf224aa	3.4731264082133912	6.12
1cf/c6616cdc0806b	2.5679083040755586	1.3845
1cc/f3aff17d84e32	2.845430919841747	9.7915625
1cd/4e12009aa7846	2.0426344604704973	5.4825
1ce/701fa85c020f9	3.134885323247225	6.3369375
1cf/fd851ca4681ab	3.0146939554821515	2.5175
1cc/16bce8604ea70	2.134707174720628	4.02425
1cd/f9ef1c551146a	3.096535919068185	6.3169375
1ce/f58eb9a266456	1.1485309618653647	1.332125
1cf/b9fecee46f9dd	3.161530741176357	4.836375
1cc/2dea00e9c6cda	3.165642408256136	2.30575
1cd/c353a4e1ed1ec	3.236830728139772	6.014375
1ce/4e0fb7511ba73	2.820434683996609	9.36325
1cf/ba198b3ed1c42	3.04813857470272	9.0038125
1cc/f21919aaf6a9c	3.017761468898241	14.20875
1cd/8558fc2552cd1	2.6955115605215902	7.503875
1ce/3ae77f9abfbec	3.1117921088724287	1.0568125
1cf/e76a00d5a4411	2.7948792701551297	6.4718125
1cc/90b453bdb21a7	2.7636684758912518	8.2441875
1cd/9b427b76b5793	2.640314610403016	2.961125
1ce/e52c0f87c3118	3.4353880950165894	3.1188125
1cf/7f164194e762d	2.4872083393561555	1.5616875
1cc/efa0798730a6f	3.280724880525432	8.8006875
1cd/fa415061d2215	3.374324415774675	6.986875
1ce/7d2f7761ac77c	3.2241578825038752	7.1656875
1cf/7ee2574684bdf	3.2587313685190185	8.4368125
1cc/54b89293bce0f	2.986273473775692	8.228
1cd/02fc3d2d48673	3.310900560606304	4.7249375
1ce/da46cfe5f72c6	2.3676858594717687	5.3588125
1cf/d14458e58099b	2.832866597105159	10.6605
1cc/ac899bfd6b05e	2.943751084242293	8.203375
1cd/9ed303977733b	2.930479426927943	2.4005625
1ce/27cbccc4e5cfa	2.1433475535744484	1.6256875
1cf/0113b17066a27	2.968035394155803	1.104875
1cc/f2e1d5394b454	3.3158286116701876	10.0611875
1cd/243678c029980	3.428925785399283	6.080125
1ce/bcf79d25ddae6	2.8905927048640057	3.8199375
1cf/2399001785ba3	3.0783266348708134	3.2961875
1cc/f425c47e18449	2.8457522131135997	9.6595625
1cd/3067da39e7b77	3.245648081409052	4.4495625
1ce/7237b23f27ac1	3.3773803610461735	10.976125
1cf/d3057ea4e9ebd	2.8542865721994852	5.7565
1cc/a75e3558c42a2	3.040358862840347	5.7389375
1cd/6da1219cc25d8	1.9320624982750967	1.87425
1ce/549d33051b18f	2.6881610837768575	10.195625
1cf/28d410c096e21	3.215699429279687	8.624125
1cc/9392387c87f04	3.4197226959484177	14.306625
1cd/91dccf7b0d010	1.8696028463610677	0.9605
1ce/d339456b2dc61	1.6801403004257847	7.104875
1cf/2fb854271f63c	3.014875034704732	5.1359375
1cc/22db8ebdffb1a	2.5407797042781595	3.990375
1cd/e6412ee1578e0	2.9193648590629526	6.7258125
1ce/89b4a25d7a92f	2.8310060725605153	1.4530625
1cf/e05901939cc7f	2.9406876625762455	3.232125
1cc/46e87077a78da	2.288841459843444	6.37975
1cd/411c8290e3332	2.933890181277681	7.1328125
1ce/f87d62f94e42c	2.4258938639962593	5.3730625
1cf/35c8d066f07d4	2.272487442398634	1.1049375
1cc/a25015cfd6383	2.5897827299494978	1.1076875
1cd/d4caf59edc7b3	3.0504870249938043	1.5266875
1ce/221998f6083a6	2.983867699648164	5.08425
1cf/fe586ce4c12a0	2.4330303097314907	4.6176875
1cc/a94ffac49556f	3.158575659660272	2.939875
1cd/4b9f3bdff640a	2.4847500560623703	2.0588125
1ce/6ff5b9bdbf6cd	2.8021841810315493	2.0986875
1cf/dfbae4c3134c5	2.9923181413602267	4.855375
1cc/d4218cab3973a	2.460073249182193	10.191125
1cd/140563bac1c5a	3.1936863237336524	10.6386875
1ce/15afd8dd05ed5	3.0041445542997574	11.0460625
1cf/26ad793349bfc	3.1831366360916817	2.67725
1cc/3da9c34416283	3.011517834174592	1.60925
1cd/4c47cbfc579f4	3.3546120894446894	14.17725
1ce/b2f4e8409a7da	3.4299680561127306	11.882125
1cf/827c3777a1acb	3.2734803860817228	23.5673125
1cc/e1b521ba94d03	3.1586016766293556	8.31825
1cd/a1d32091e2b51	2.394619876632958	11.05275
1ce/2390cdc2c7192	3.2868759917210606	7.938375
1cf/a94deefcc576d	3.4452842422217054	6.3630625
1cc/c90511c09b862	2.6024561293904194	1.9223125
1cd/eaac64b24bac3	3.4391605263410234	4.29575
1ce/3d445c2a3fb12	3.2572278271570188	6.4583125
1cf/50439ee6ec905	3.1390291984726657	9.6380625
1cc/d5807ccf12860	3.3779370598658813	6.880375
1cd/226c91a33757c	3.150887142865527	5.798125
1ce/33a45557860f6	3.4686069489737235	2.2565
1cf/8f71557d69337	2.4222312126707637	4.6638125
1cc/eb8f4c5bd28e0	3.3419438563264547	7.106875
1cd/8acd8c3fbfeea	2.9514776280450876	5.51925
1ce/88c5eeceb58c8	1.6726660562083666	1.58675
1cf/532e69650f3b9	2.817535991469584	2.20575
1cc/b0a54aabe770f	2.9022936866946547	10.647625
1cd/8d54a4005d549	3.435686016712868	19.3409375
1ce/17e868276ae0f	2.698746885234305	6.0840625
1cf/fc888279c0fd0	2.2452615497876667	1.63375
1cc/ced0d1db7a466	2.940820353884348	4.3910625
1cd/4ca3446214883	3.075295523643445	7.638875
1ce/5b612d521157c	2.3781303185221896	5.57675
1cf/79defecad2acf	2.060875846558912	2.877375
1cc/b4c45df0cdb37	3.3042211857020534	3.1928125
1cd/3489450bad569	2.5937341341145475	9.156875
1ce/1b77c05e75df8	2.914215913257684	4.206625
1cf/d7aafcb73c170	3.345485357506438	7.39975
1cc/e9853a0c64f0a	2.7120604367603267	2.4535
1cd/e5707c01bc19d	2.4241461642576834	1.60825
1ce/cc3a43f2b222b	2.8562133962421505	2.27725
1cf/357b30ea0bb80	2.992901259687288	6.116
1cc/a1d5313b445b4	3.412033846881086	11.4295625
1cd/694a5188fa39d	3.162201940377666	3.521
1ce/534dffa0c16bb	1.53445276111593	1.5020625
1cf/54a06dfaf8009	3.329598855238774	17.3675625
1cc/5e632d4b19608	2.6117082582063524	2.93425
1cd/37445be42b09f	2.28996566494335	7.691625
1ce/1a04d10f3e1c9	3.066940569231605	10.4355
1cf/1ba88925cb402	1.966053939912936	1.4425
1cc/adef3be4eca10	2.9431049904123574	10.218
1cd/7abd513838579	2.9739641218994692	12.841625
1ce/9d911f55948a9	2.5651805713428217	4.3935625
1cf/6b109475c72b5	2.0776916781795753	4.345125
1cc/34f030e080187	1.2019186215840825	1.4425625
1cd/a210050a51d89	3.1168619209312807	6.9705625
1ce/6976ee8ffad2f	2.0603649232274024	2.436875
1cf/aabdde7fbc000	2.1596841601770063	2.21975
1cc/97c4199ab5a1d	1.4188648295029431	1.58175
1cd/e229f9f563bc2	3.2702026740761356	3.296875
1ce/2ee2b5356416c	1.2291231093037664	1.1528125
1cf/a18697b348a39	2.505346644690343	1.3821875
1cc/c0b4fe9494c34	2.9884634811747826	6.05425
1cd/b1a70f4e82856	2.3808316444605113	3.6089375
1ce/b3f3a8683475f	1.74503304842407	2.0258125
1cf/89efb47430d17	3.4585348508352958	7.22175
1cc/5f8a1e4a3d5e3	2.563071337161306	3.12475
1cd/9e97f454e604a	3.2620488098915588	2.847875
1ce/fc8fc9b1b3a98	2.732266256859756	5.004375
1cf/efd19bf4fe837	2.339781843649385	2.1118125
1cc/a88c99508710d	1.2223300122435752	3.0180625
1cd/fb4a1943c4693	2.121208028368747	5.6583125
1ce/43f4a073ddf1d	2.0233934226625303	5.1926875
1cf/f91958df42af9	2.546067134119622	1.2488125
1cc/0df8897960df6	3.1632897686814183	13.6855625
1cd/20cb98118b766	3.0670979092189112	5.63575
1ce/b7f59b075c48b	2.9083330593572967	14.523625
1cf/7ad599281ef3b	3.349831808835628	12.1955625
1cc/590af221005cf	2.703351091961848	3.0635625
1cd/6a193018f26ed	2.8863341678273757	8.460125
1ce/69467cf20472e	2.6093491833067235	4.7645
1cf/78104d1d3b434	3.063811080134757	4.948
1cc/7b7beaed579df	3.35422131206897	6.2235625
1cd/4f20c8d3f4162	2.7572270770020224	3.51425
1ce/d5d2e3f1d4f69	2.8282731227731994	6.4756875
1cf/e5094bfdcb36a	3.1513280046907157	3.6301875
1cc/328ad82ba3b22	3.04690755976605	7.2125
1cd/501731d005f47	2.7147463743987026	3.8919375
1ce/4154af72ac0d6	2.8733838495347896	1.923375
1cf/ce86c2b763e7c	2.8816104007510583	2.82025
1cc/f75fa3d321730	3.41399438448191	9.8381875
1cd/22ec0e8b75920	3.0801804246978786	7.0311875
1ce/a9e043ea546bf	2.8007202038844126	3.58775
1cf/f7165a9a37c82	2.9372754476223313	10.124875
1cc/a501366410f2e	3.14997002822708	4.2769375
1cd/a12949e7f8e4b	3.383496015929597	9.59175
1ce/e670c73a09cb7	2.0093616509487213	8.315125
1cf/54f0f7b8f15ef	3.1402028997551583	11.2310625
1cc/169c9db3c8c29	2.552635932440873	11.048
1cd/5b61a2ec26530	3.0135962436615555	4.494
1ce/b06b358d16b15	3.375675151748895	7.0904375
1cf/bc9a08637108c	2.2772014714800743	3.9075625
1cc/826084fcbd2df	2.169335133860863	7.3458125
1cd/d4dd8ea844ad4	3.1935998768941447	16.9474375
1ce/4337f011aea1b	3.2215814619920065	19.529
1cf/7639b1dd5d457	2.36434641693065	2.38125
1cc/616455ad2e51f	2.788495896832497	1.8703125
1cd/60e7bb9334367	2.5827791422480897	4.36925
1ce/ea8476983a97c	1.910178576453824	2.7406875
1cf/976558d294339	2.3077733908758358	5.0315625
1cc/ce12b799514be	1.2318679543427506	3.5543125
1cd/3362ca52b1af5	2.5742643953753537	4.0050625
1ce/0ef2baca0d0c9	3.5064794084456303	7.9633125
1cf/421aa59e8d3de	2.860959393346743	6.0206875
1cc/21ae4229a81c8	2.4049992797368085	11.129375
1cd/9c04ee63e1380	2.5194431687343175	3.960875
1ce/021a7ac884197	2.770189974563496	10.112125
1cf/7453b88526320	2.9104184706600376	14.60725
1cc/79111a0edc296	2.820195045346959	5.579
1cd/f814a9407aa9a	3.399327547259427	9.11575
1ce/8373fa3089f25	2.027754370167716	3.625875
1cf/f1bb93a4cf734	2.9497292491684255	1.5884375
1cc/9e4f5a6d33177	2.582132004580257	3.66625
1cd/c1abfd92107ea	2.442559718125491	4.4095
1ce/4c56e66529f85	3.1374202662706474	3.338375
1cf/3fdfdcf142186	2.6296254940594226	3.7004375
1cc/e1f5728ac3125	2.6610479082170784	6.9125
1cd/aa74dbd2e6289	2.806734659904704	2.6425
1ce/366e02ed892cb	3.368476145110849	3.8025
1cf/0534229daf92f	1.7738724846607339	2.94075
1cc/7ff803ad398d3	2.9836584275735776	3.28675
1cd/c0bb2f15bc291	2.798123372529645	4.294875
1ce/b3398d7ba3915	3.0076038839967376	14.365
1cf/74e5b056e53f7	3.2999723741838647	6.79725
1cc/6ae1d64e45e56	2.8047528095838223	3.0345625
1cd/fff84d02bb72f	3.1571797549705685	1.1341875
1ce/c4e587293dbea	3.492372117612643	18.6753125
1cf/734e27c8ca172	1.6647133474580353	3.9686875
1cc/e57c9432861b6	2.532889960279901	1.22575
1cd/65ba4ad6e04ec	2.826609790886055	3.1151875
1ce/b8337379f1dba	3.2418130769555575	7.2301875
1cf/7d732185c0b2f	3.183721634252763	6.4801875
1cc/88815f5307d92	2.713406075134622	6.854125
1cd/6d828f5890552	2.6653130561996448	4.1120625
1ce/63778eb4d7e60	2.9021623781005657	5.883875
1cf/d41073c08f48b	2.3124181179587473	1.611
1cc/fdb97315507c4	2.896357264968483	7.7089375
1cd/9d3a94172bcaa	3.2640957945471962	8.535625
1ce/6ee504e83fa08	3.419820515856195	6.74425
1cf/cbcf00c834699	2.7162746189926	7.785
1cc/8e954f83f77e0	2.549866243741854	5.772625
1cd/e637c7c2bc9ca	2.8099037912421676	17.7795625
1ce/6f58271129cf0	0.9476108585833394	1.104875
1cf/370ab26d1224b	3.3698416678041916	3.0785
1cc/327f3d1e59dab	2.851425287415122	2.018375
1cd/da168d59a952c	2.785167573123983	17.1995625
1ce/50d20c1328675	1.3134435264153088	1.1531875
1cf/4697068a1d745	3.2043630369588803	6.7095625
1cc/50334e2686e0b	2.1869106338893536	2.2968125
1cd/3bfc6d4559f0a	2.841633999123863	5.728125
1ce/c40077c8d3209	2.397430801002024	6.466375
1cf/9560b03cc929b	3.1271929665556515	2.961375
1cc/a9bb5b8bf463f	2.081816616697407	6.2373125
1cd/5970c88823852	3.073277914499853	6.1963125
1ce/349aeacce5bed	2.774974928277661	3.2285
1cf/5dbd815fc2c26	2.306189046680917	1.585625
1cc/90f3b9f59b53e	2.7027120360907793	15.073375
1cd/84c3b99561d73	3.1155485336843305	3.6304375
1ce/e1d06ab5beef0	2.5502271874440363	2.429875
1cf/356b87559829d	3.179714941425446	2.362125
1cc/cd3e5cd4a2b14	3.0661935044914697	4.068625
1cd/7ae7bf5ece838	2.5921463517150833	3.7135625
1ce/48a6e2d6d1d06	2.5893000457728146	5.355125
1cf/c3ceed14f63ee	2.85844695804106	1.6636875
1cc/6fa2a20d0ff76	3.077617075395332	4.0365
1cd/ea57e859aee14	2.931956181384401	3.819625
1ce/1b8d332363e4e	3.1390838117109907	2.7435625
1cf/c9c451f306eae	2.4224894421324583	8.329375
1cc/3f93df0075e73	3.254065181662567	9.0535625
1cd/1efd0ecd49658	2.362440867275783	6.81625
1ce/f1f6046dd41e1	3.079094161238503	5.7770625
1cf/032cf1bf597cf	2.844150568662658	5.501
1cc/8e06a728f1576	3.385088180299903	11.4831875
1cd/5202470bc9e58	3.401012756662466	13.9811875
1ce/df48e23da48e7	2.8590693361602524	2.8591875
1cf/c3673e3cf1588	3.2270243929281364	17.426875
1cc/62ff441dcbca9	2.7083224033598703	11.396375
1cd/b2eb77ace8693	2.803648176432922	3.1521875
1ce/94efa66d6e903	2.3902704773572987	2.790875
1cf/ef5d648eff603	2.715897693430487	9.846125
1cc/3f75157d75e64	2.114311899923984	6.7994375
1cd/a4b9c49883e2c	2.5475602778786888	10.894625
1ce/66f12e6127756	3.178867270974917	6.5948125
1cf/50f56abbf5c97	2.2251202594379538	9.101
1cc/6f0dccb140c8a	3.2544449575413066	11.232
1cd/d2cfaf6484bde	3.183850481933353	4.4425625
1ce/2bd67cf0e5b48	2.077092205622017	5.0251875
1cf/e8ce857d93d79	3.2849257775033567	13.5505
1cc/b8465fd8ec454	3.4462017966732894	10.946125
1cd/8cf56d1714a77	2.160703837020443	6.956875
1ce/a4f434d3a6786	1.066758251509626	3.1338125
1cf/8032eaf3cc75e	2.502730452595835	5.6113125
1cc/d122b7d5cdf26	2.5892222249468344	13.8140625
1cd/5a6c3852dd9a8	3.095618416545139	2.741875
1ce/3e9e26125e14c	3.434360841074227	6.8315625
1cf/568f316bfe200	3.1036656881511164	9.8169375
1cc/1b5e52fdf1a46	3.1222220904607325	1.324875
1cd/fc0ef96a869b8	2.9661799845393295	5.1094375
1ce/d2da581a072c4	2.859276463212442	5.8250625
1cf/8103ffbe810e6	3.2515543587714544	3.3186875
1cc/73a9e83fb33e5	3.020007697769786	5.0191875
1cd/9c4371bef464f	2.6398055514275898	5.4850625
1ce/900483b77dddb	3.064069411494712	3.9344375
1cf/46a304c1bb516	1.850071633405417	1.494375
1cc/608f92d2a50f1	2.3621264560157336	1.481625
1cd/cb354c8d85549	3.2662976121447085	10.6210625
1ce/3443f000929cc	3.028729699810541	4.35175
1cf/c3fb20bc5f2e6	3.123148794447422	7.0245
1cc/af04d9b22d5cd	3.3787659062135207	10.449375
1cd/fb6dc579b2fa0	2.323958619785077	11.5090625
1ce/3b991c1e35d7d	3.168978160350023	8.876125
1cf/790766b8268ff	3.38382048881646	4.3578125
1cc/02a4a33a8f9e5	3.3337563897436793	9.7453125
1cd/bcba2efbae464	3.217986640555696	9.8849375
1ce/32c43890ed444	2.823775884943639	2.592875
1cf/7b348e07b98b6	3.340293388996021	10.997375
1cc/7ab65cc9a371d	2.9088712722521453	15.8978125
1cd/93de44816bd46	3.288302116633014	6.2009375
1ce/1112fa68abbed	3.4037854672961476	5.442
1cf/f1896b799e64a	2.532020275668415	1.2198125
1cc/836b29df0715b	2.0103674054270506	1.465875
1cd/fab5855e64e9a	2.138403273251625	5.91475
1ce/56bb2f4f08349	2.85846012288555	5.016375
1cf/a350e7b2e30e1	3.4359206578700023	6.8645625
1cc/3d7fea378bb17	1.56401559694696	1.68525
1cd/c368f86a91670	2.4914189379622447	1.987375
1ce/089d9ee400cc9	2.988106908481633	5.9613125
1cf/2e6475f4b54c7	2.7278424224759874	2.5359375
1cc/f136731e00c28	2.2062594369304307	5.186
1cd/e3d54922a1704	3.243730993292693	14.8286875
1ce/e8cf3dca3b6df	2.4604994585660105	1.1530625
1cf/78ef1a20812ab	2.6778395012063316	2.984625
1cc/4e0ce7c2512c7	3.13856774818262	1.39325
1cd/8d78e1d6df2cd	2.803925197960352	10.8774375
1ce/ade79a103851b	2.7609806840422735	7.85375
1cf/92d522820cfe6	3.154617956059287	2.9570625
1cc/a1014f0862c25	3.3765899454207795	14.285125
1cd/c28d99de950d0	2.899548121048144	7.4365
1ce/0975ce18ab26c	3.3231943426031387	5.3269375
1cf/8a5e92307507d	3.623796616291282	7.0285625
1cc/f99d78e92e91e	3.2057623688046597	4.5384375
1cd/d8f395f7ffe9a	1.9523948382356004	4.6561875
1ce/8d6fe937c7d54	3.075298449160766	4.3204375
1cf/5ac406ae3d3c9	3.030145124580312	3.271
1cc/800e90be61146	3.326013137723224	7.9100625
1cd/8b33dae357db3	3.216061124072478	11.576125
1ce/77b73377451f9	2.674689797382677	12.1553125
1cf/617fdc8aa3e9b	3.112702999414495	10.0678125
1cc/25e921115fe15	2.901737671843723	3.3909375
1cd/8f8cc2c6ee01b	3.2499874737225043	3.7319375
1ce/0f5ce457fd5ba	3.3980192204940414	5.6899375
1cf/7863119c2638c	3.2761114643738534	2.886375
1cc/21e823f5e9a6e	3.26307904059918	13.5005
1cd/322a049703dee	2.595949923212281	7.421
1ce/2bd30c45bb86e	2.3238249404227376	7.3031875
1cf/a8244b76e7e49	2.188077873125841	4.017875
1cc/13246054c4f21	2.8715759949718533	7.3546875
1cd/73102e6583313	2.7872635378786836	2.7273125
1ce/197b025b209ba	2.4060585327769224	3.324375
1cf/2e108df086896	3.239277402124801	7.736875
1cc/c1a64554e65aa	3.278618609812987	6.319
1cd/50bf3e1cc5e67	2.918698876428248	8.17475
1ce/fb5545144028b	3.3886578326355403	8.68875
1cf/fbed9eed7f707	3.2716225042152893	3.9604375
1cc/bc00b5a1d2f30	2.802340507542408	3.4715
1cd/4f453a7ef76c0	3.3147216339789667	6.644
1ce/8c47484afe448	2.1239676134967334	7.6803125
1cf/d611a0bbc7270	3.035162842088029	7.5175625
1cc/f718b48596014	3.2029278292268386	1.8086875
1cd/e17076a0b43d5	2.8793161825769613	6.414875
1ce/b18cfe70ff5be	2.7687853352977743	4.4914375
1cf/6a2c6cb752345	1.9245159372614786	0.879375
1cc/856d4d8681328	1.3693705879134281	1.1035625
1cd/d91f9283b8d93	3.3465303302760114	6.7114375
1ce/d235d738b0bb9	3.2430442056260786	3.5765625
1cf/79b5934ad5503	2.9325942033328176	3.6113125
1cc/782fe7a87c678	3.020700171563479	3.36675
1cd/ee668e0905fc1	3.158889580371283	6.9825
1ce/f184adf947c79	1.9542098699903345	2.65525
1cf/c8ed03d1cd9b0	3.1847361832909455	5.5708125
1cc/079bf4213a1f5	2.9783905513282787	3.370875
1cd/9a5da54780c82	3.392062749066089	9.8536875
1ce/7cff0942a979c	3.4015100867625248	8.1430625
1cf/5fa8a3967c0f1	1.6694874950032277	1.152875
1cc/d90995a91c089	3.354009577080086	6.209
1cd/c210928f0c339	2.334337731933488	2.05
1ce/6286af8556a46	3.2014727122459727	9.721875
1cf/c93f52265db4d	2.706160155431251	4.5584375
1cc/2503c5648ee9f	3.1135286115729475	6.4680625
1cd/7a2fae7ae49b0	2.412426778295112	2.913875
1ce/eaadfa4846727	3.0651401112485845	1.96975
1cf/cdba3a5bb8614	3.4154249100925265	9.73575
1cc/a0af7604bd8d2	2.126404156057412	1.778875
1cd/2113a81a0c5b1	1.1476178283632361	1.8504375
1ce/89560bdf77ddc	2.8439162521912236	5.62825
1cf/a1d5690686570	1.1278589822449898	3.0536875
1cc/c30904620a185	3.292602688613293	12.8538125
1cd/3eee125303e02	2.3404760963280484	7.8475625
1ce/9c14b9bf0623f	2.0353818373669132	1.24575
1cf/b324c03bef984	2.5738915512169624	4.6336875
1cc/34ed7156d0457	2.9386683251055046	4.6953125
1cd/14c2d1c3fea90	2.4581589594864632	2.8865
1ce/b13ce4773ccbb	3.279137252751324	16.8361875
1cf/2926114360257	3.4563282315477237	13.495875
1cc/4185786a6ecd3	3.247556344136029	3.849875
1cd/d6d196125d190	2.9739185791967997	5.3784375
1ce/b632efb5a1972	3.234097278155602	5.5653125
1cf/931802e4ef4df	2.7656291091007588	5.6851875
1cc/eef92de97fe35	3.25844866318855	13.9799375
1cd/a9d5b4d4b451a	2.92627484040698	8.3218125
1ce/4e21150f35b5d	3.027291394540495	7.6204375
1cf/27b5c597e1942	3.0860645799049777	11.454625
1cc/a281e128ccc64	2.452826313524026	6.485375
1cd/9de163e032732	2.783445072659717	14.041
1ce/278fd2b555e7b	3.2198642197327114	4.607875
1cf/27c63260351b4	3.1060395007733113	6.5151875
1cc/d9895bd4c0688	3.0121637915104476	7.8395
1cd/279c21f55a578	1.0876257215522642	0.9895625
1ce/4f2b55d9a1cbb	2.4036886226419187	0.9124375
1cf/648d202f384b6	2.3988231542666227	2.0670625
1cc/c26b3e7df7178	2.5468448672692414	1.719375
1cd/93e6d058b9428	2.6016219780236285	3.6058125
1ce/867da071cf5be	3.2030260959886543	1.7306875
1cf/3a4de7eade9db	1.8506447817319829	3.1174375
1cc/73176afc61157	3.3980593277938276	7.5303125
1cd/807f04d119f76	2.3438619458549232	10.7098125
1ce/dca367120e1a3	1.4597034588023952	0.731875
1cf/ab1f6da15f0db	2.123823213981581	3.29425
1cc/1d489bc31fadb	2.46180005105861	5.5556875
1cd/0c4c8e0cd3b10	2.1879091617296305	1.2250625
1ce/810a1c2318e0e	2.913742033506082	7.4628125
1cf/2c6438e785af3	2.318697237624475	5.220875
1cc/feb3b8dddb3dd	2.8772103073108064	2.71475
1cd/c843c02ccc527	3.066916950322008	6.724625
1ce/db79d4e551e45	3.486367987285397	7.0890625
1cf/80272d741add4	2.6188610200661664	3.7714375
1cc/2e7c0d419dd69	1.056989261737906	5.2784375
1cd/21c21f416eac8	3.302563752148618	6.748
1ce/94331687c7feb	3.000931776288995	4.297375
1cf/80fba0bdb6de6	2.948710318019792	5.5671875
1cc/e185b125b9357	2.6606249791060104	23.947
1cd/267adc7a7f0ed	3.589428166413509	11.2755
1ce/988378a92d96f	2.9121141221594407	2.3141875
1cf/9d289f86a91a8	2.856772911870637	7.62875
1cc/2bba8e2f918c2	2.4861051283365136	1.2536875
1cd/b5225d6bcc55e	3.265412702437901	5.4338125
1ce/8bbefa843dfd1	2.016277469032137	8.2601875
1cf/fb2f824205829	3.207111794541461	4.8756875
1cc/9e7413241e813	3.5055036881361366	12.2008125
1cd/8bf0f7e935019	3.0893926523582578	9.8196875
1ce/25ab7b06a6aa8	2.40159398186791	3.1596875
1cf/735f1c88d0e01	1.9420284746321286	1.297875
1cc/e01433561fffc	2.070834829264388	3.9605625
1cd/4e1fa9ede8164	1.0574415013128362	4.1526875
1ce/35b3f4e06e38f	3.0094319058744374	7.033375
1cf/27e85ff1cfaa2	2.9835497935349706	5.6143125
1cc/b552935d6e1f0	2.889418681166314	4.276875
1cd/9cdbb0ea59b9a	3.1598744135696135	5.048625
1ce/ea392a84e7c8a	2.9591879327976396	10.0051875
1cf/3e4102002b2cb	2.8276489230920294	6.6559375
1cc/a4a921ca2a890	3.10569430306953	4.739
1cd/0512679040492	3.4913822696290047	16.628375
1ce/bb16c843345fe	2.661014799785944	5.8350625
1cf/70a4e3348ea42	2.635592982981748	6.5181875
1cc/d9a3f5f9ccbe4	2.164694286602349	9.2345
1cd/96dea51092386	2.5773674127333166	9.0546875
1ce/7e6f70f73437b	1.9715458627071734	3.01325
1cf/41b313054e5f8	3.3798728005012264	13.3741875
1cc/5ed46af815b9f	2.334903319435963	1.092125
1cd/cedab334ba556	1.1531728448044414	1.2521875
1ce/b46f175b3c64a	1.797735067197673	1.1328125
1cf/acbe93861b7ed	2.95790198501887	4.1529375
1cc/03faa7bd4b78d	3.4588910384405183	16.7435625
1cd/15d16efa94bbd	2.885576204548173	4.7715625
1ce/1876c75f3d493	3.1674799351997462	2.92975
1cf/b31cb1a5ab7e8	3.3451904071010383	9.204125
1cc/2f3e83fc056a6	3.3978247277709723	2.8299375
1cd/263a5eea5b415	3.216539538008032	14.12575
1ce/31f28e14f2b81	2.9944905132668103	5.58025
1cf/2400302fe0872	2.5627389285719775	1.67625
1cc/f4bb328bd87ca	3.519214845525604	11.068125
1cd/d0b9b5ddbd9fc	2.597731477000071	3.9505625
1ce/bfff8426d236b	2.4525947883665418	1.537625
1cf/c666b35e5810c	3.238134604923946	6.8406875
1cc/3b654c36134ca	3.081673531416537	5.3271875
1cd/1c7a8490bc0a3	3.277522073359277	6.6459375
1ce/3d905ecd932ab	3.1513277126926478	4.6920625
1cf/d290fc5a96c70	2.9162416573843886	7.878625
1cc/75fcb873d3045	2.363768872978168	3.460625
1cd/bbf7c70b8408f	2.8731599373407346	5.0983125
1ce/83a4a71d8b512	2.771907461355844	5.46325
1cf/1c024ae3f5eb7	2.620827161385952	3.49625
1cc/5716bfc8856fc	2.122100726334377	2.8738125
1cd/827e306dbcbda	3.3475229882527584	16.6066875
1ce/31e0d36e871f2	2.7402132286517933	7.3876875
1cf/14e9bec583a8f	2.7547804104906817	5.8134375
1cc/e761da7fa1897	1.6438552616256106	4.2281875
1cd/f46e727cec331	3.328309352584784	8.8335625
1ce/256bf516c2f0e	3.0298015986985334	6.7060625
1cf/79976fae0a534	3.2541775473047254	1.451
1cc/2afdd3c0b9032	2.3837738609245713	1.8173125
1cd/7b16dd51d91f4	3.4047000397288656	11.2765
1ce/1862ad0ca6a15	2.6694949536496497	4.4771875
1cf/62936c165d050	3.5964683947844547	6.759625
1cc/e4d5bcaf2f98a	1.9809917555243692	10.6219375
1cd/054bbef8b1121	2.978614209370015	4.124125
1ce/436c976ef86d3	2.594514671547998	4.9176875
1cf/2c1c195b1ac73	2.8397101306211527	9.66275
1cc/d80a9c63d7ef4	2.0834662609650643	3.465875
1cd/36170e663dc07	2.0754825205200658	3.656
1ce/0fd6bbc94ee32	2.954656893488559	6.70425
1cf/8f24b7acf6f0e	3.249732712645389	8.810875
1cc/b895a8972bad9	2.8421376390130977	1.3914375
1cd/8140059c3d249	3.240690931935791	5.6969375
1ce/76d99c139fb5c	3.309525076402458	7.6720625
1cf/5b7d470ec1aae	3.2845182830713187	4.856125
1cc/02b1240551034	3.5010984668199074	10.391625
1cd/292a7d47ae7a9	2.4838598073274922	2.9528125
1ce/f0c4e3082e1de	3.335323499067942	9.3145625
1cf/f7b4b4c57fb91	3.05332623739244	1.9496875
1cc/28e4c058bc8ea	2.610658529277572	5.2655
1cd/e7693f5b8280e	3.316287324743428	4.59575
1ce/43318a8edcb62	3.1992908795744297	1.777875
1cf/425429a0974d0	3.1125243647633476	6.3083125
1cc/801f5ab8ce578	1.3640006102613917	1.7535625
1cd/70c66ac96b5ed	2.1412062734824238	1.3130625
1ce/8146a4ca023f9	2.2029408713305325	1.5125625
1cf/7631c58ffa9e6	3.2609290685611074	4.0454375
1cc/2909fcec358c9	2.8862104958471098	3.6991875
1cd/b3c1801908a9a	3.2966726606502457	7.07525
1ce/4654a99ce065f	3.048713161853661	3.2678125
1cf/c38c4ead2becb	2.6378827290725364	6.146125
1cc/a8a6233221d3c	3.191078543618371	12.8119375
1cd/740f0fa71b9b8	3.1910439684020133	6.1181875
1ce/2f841d84a197d	2.986121185166582	1.9191875
1cf/cbb664352eedf	3.2960813042868895	5.1514375
1cc/30d58574eba92	3.16736126461571	16.441
1cd/346043f25d8b2	2.439495118391354	8.122125
1ce/6a08f481a27a7	2.3606780332875568	1.44125
1cf/028af17871d5a	2.0531931416694493	5.0028125
1cc/65658af89d08d	3.062896063455252	4.0763125
1cd/2fea9226aa576	2.9822277677610862	7.0500625
1ce/1651d3723ec72	2.5686036578619027	1.8051875
1cf/2243667e920e8	3.072828431911527	14.8613125
1cc/ad38911506407	3.0968239897479477	7.92275
1cd/07c7f134c5ec3	3.2453490308148756	4.5028125
1ce/d2bf8b2d42688	2.6831408061127555	6.192125
1cf/65241baaee070	3.209173296758315	6.2830625
1cc/3c9cde10afeb1	2.798407902650955	7.0585
1cd/9f75912ce397a	2.3668602580563043	4.634875
1ce/d3f01e1cd7d25	3.131096297721281	8.1323125
1cf/b5a8631b5e828	2.685343138919502	2.928875
1cc/782178f7ff10f	3.1631110614549023	3.2541875
1cd/12efb293a4216	2.852151650179645	2.6185
1ce/3bc1b1d4e002e	1.0916406387570199	2.610375
1cf/841ead08ee698	3.2616071011152554	8.667875
1cc/9bd8adf433497	3.035601679204862	5.5048125
1cd/277297dbb0f83	3.3968779800794002	7.3815
1ce/3cba54e4c2f81	2.785377726819236	4.1615
1cf/78ecabd7a6d83	2.918493355209199	3.9619375
1cc/72add09b0f91b	3.2135417910518975	4.178625
1cd/4ab053aad718d	3.5442327296536367	18.827375
1ce/d173bf08cfb56	2.729866080813648	7.953375
1cf/80ee11b933de8	2.020236105497578	1.1241875
1cc/61726cbfb8c5d	2.8818430390380176	4.2444375
1cd/b00408e3f91ab	1.9862400012759305	1.625875
1ce/41886b0346c1c	2.704680883779145	4.1739375
1cf/b35a631f5fd5c	2.670834100299669	2.59675
1cc/3f57089abac2f	3.0231155084473365	1.64225
1cd/e6aaf2b7acf7e	2.3896803952296524	3.89525
1ce/8fbad700f68d6	2.8613963783670533	9.063875
1cf/9ce6794a82161	2.2600466143173854	2.659875
1cc/96b33c19a8e7c	2.77171826413758	2.4225
1cd/e14462255ff07	3.00997198717972	3.3855625
1ce/eac6955cca00e	3.067610879871581	5.5464375
1cf/4dec4799aaa5a	2.2671509018720024	2.5390625
1cc/abf5c3ca26d92	1.5549537998994507	1.008
1cd/e61d3bcc30da9	2.053530927135465	0.9661875
1ce/3e343c8887cd3	3.4853352360506094	5.64325
1cf/f84f305cb9f9e	2.4072627204070103	2.2585
1cc/e6e84cbdeb5fc	3.099869683713905	6.1968125
1cd/8a15f110d31fb	3.400543425253904	3.0701875
1ce/306bbfa47027a	2.8830628977525636	4.3356875
1cf/0f01a32db9343	2.857730868959702	3.3030625
1cc/a9def46c49038	1.0771263481601872	2.0018125
1cd/1b73675a8d08a	3.0432845329403926	9.6275
1ce/46aac41007544	2.953061808550571	7.6414375
1cf/3fceda8b4b588	2.8404461151196445	9.5326875
1cc/a9fbb4ca811de	1.1109101310895182	1.39375
1cd/049f17551e383	3.1574257627897957	8.0865
1ce/2aeada2da322a	3.008044620113622	13.105
1cf/86e236445fc87	3.083891979423771	5.525625
1cc/71ddc402fa7f2	2.197329252022268	2.75725
1cd/d1b64e951be1e	3.2877022524481756	6.5665
1ce/5aba4b2143903	3.349542706022508	10.82175
1cf/9cdf490e06019	2.8751246871804006	2.934125
1cc/aaac196d6b439	3.3388589388509025	8.27875
1cd/c73e6e9526808	3.36256279794233	7.7264375
1ce/7558441a839f7	2.4110127352343764	6.646875
1cf/cbe0a65384979	2.69372873903529	6.509875
1cc/fc2df28bef2ff	3.014712212800756	7.4411875
1cd/e16a89d7b7490	3.473647854379291	9.7551875
1ce/f3a68460f8376	3.3112619615465158	1.6813125
1cf/d4ddb4ccce224	2.2534419809088506	1.378375
1cc/834493241d299	2.8079867820244635	1.39425
1cd/3c2500f4f8f00	2.0247781175272146	2.21175
1ce/2e224ff9e6101	3.355216933139092	6.107375
1cf/21f7ceb443693	2.1472069649749894	4.8604375
1cc/3a169a36141ff	2.6556127899647737	3.6164375
1cd/6082506ae4c6b	3.506815566817317	9.46
1ce/f9485ed51db8f	3.1147972425775885	11.7176875
1cf/b662768d3847a	1.1972957699193154	1.45725
1cc/d1fbc7d66bdd5	2.420007610373904	2.6196875
1cd/be473b58d0633	2.9779838041406843	2.116375
1ce/c5b7e7f8f8648	2.093573543192	2.9519375
1cf/a47ce03f57141	2.7441709705104977	10.9988125
1cc/7cf47ef0de1ce	2.9847806840574163	6.66475
1cd/ee49b03ee9f9f	2.8475835516163674	4.4204375
1ce/8b1d73d592f4a	1.118738188910069	0.72025
1cf/c00db92c252a3	2.7871711037286273	4.5715625
1cc/9257f0f5da319	2.292657283176718	1.160875
1cd/e953f37eecdc6	1.993681384383343	3.600875
1ce/e13923e3a7b0d	3.257843284984458	9.2564375
1cf/14e7b4f627509	2.0549194501207975	4.3875625
1cc/d492bc5374172	2.4558504444454314	1.8740625
1cd/1b296fae0904b	2.148159481756585	28.9828125
1ce/eeb1bb2a51692	2.947142831860451	2.001875
1cf/326e5de504c88	2.9851051765518974	2.8228125
1cc/00a2dbabacabf	3.3109972851485265	9.84075
1cd/c08d78714ca3c	2.3992176526006905	2.81675
1ce/553ae533b72b7	3.3648698053909953	4.54575
1cf/47ae269783bde	3.2233512483686715	4.45075
1cc/de1c261c4e7d1	2.8646436250249985	8.1576875
1cd/0aec6a3f24aec	3.212505386486985	1.1470625
1ce/13fcf5a02b868	2.97413876880119	5.1611875
1cf/16463556ec6c8	3.2595339178407414	2.6915625
1cc/c102c5784777c	2.6513677513957745	2.5733125
1cd/8791f507a39ef	3.1277135945474983	7.356
1ce/668976e9d93ab	2.7118642757229012	1.5105625
1cf/eee422fc8a27c	3.069862222691398	6.501375
1cc/a2957eb541755	2.7867073135936278	12.789375
1cd/bcabe8e8ffc86	3.261482888410771	4.1553125
1ce/e94552681ae92	2.608965718240103	1.9955625
1cf/4f180568d866a	3.223768473086234	6.678625
1cc/9e12a6c32b0a1	2.3141839008659724	2.170625
1cd/0dac16ac35a40	3.2673742206741703	5.175
1ce/56906acaf5044	2.138154113690299	1.7880625
1cf/cedfee0472f9b	1.8335331584227248	3.7845
1cc/b24d0b69b5173	3.3487332588917313	14.27525
1cd/24f90e841aba3	3.137781130614164	8.368375
1ce/20c1d689bbf2e	3.146244892007027	3.2619375
1cf/9aaf82469fdb3	1.7046060452533875	0.769
1cc/df767ba5c09dc	2.654800782077906	3.198875
1cd/542fc51311cfc	3.401648474478129	3.1865
1ce/b12be235f2046	3.3607143092878697	3.465
1cf/66fed0b3a71df	2.9245334195006736	6.949625
1cc/de43bc30d9f62	3.3158698165665106	3.437
1cd/8994d455e1ada	2.880782974287692	5.32225
1ce/6b102b8ebffcc	3.453304558773195	12.623125
1cf/027cadad0a114	2.8450722824991392	3.6619375
1cc/6b6ab6a6a4534	3.2428590935629154	8.649375
1cd/754e8faedb63b	2.3420621012703853	4.757375
1ce/a919907603b45	1.1456526770229354	1.282875
1cf/a17b5e261d828	3.2145544064567155	1.8260625
1cc/7baeaeec844fc	2.81437174250116	5.140625
1cd/975c976f28c89	2.702920217089263	2.0048125
1ce/9545ed7ac5381	3.4642973484775967	5.473875
1cf/b29bea21f9301	3.4483638830124543	9.0145625
1cc/4e66a2a345154	2.8668969807366715	2.7430625
1cd/a97b8b96add0a	3.073201805734878	8.440875
1ce/95052e6a0af5d	2.3208655196300936	1.780875
1cf/02bf28f0873fa	2.7680277095997203	6.5845625
1cc/7bdec53cb5a25	2.0722745306125496	1.056625
1cd/53d1b583f8dc8	3.271300617494748	12.5251875
1ce/f0bb8e22f135c	1.0827778333302847	3.434125
1cf/f0fe56171f11c	2.1258156108475066	2.7895
1cc/68d36311d49b3	3.147148629473385	12.361375
1cd/0213d80e73ae8	2.2042796532167666	0.720375
1ce/31dc0be197607	3.3681281287093476	4.6064375
1cf/fbe415cfe6816	2.7305920292540113	4.8864375
1cc/02e744c9d6296	3.328521859452144	7.577125
1cd/168cb6285da57	2.594148559447499	6.017125
1ce/d02114769715c	2.4515089259257716	9.1541875
1cf/70404f896a654	2.5995925273379816	3.5061875
1cc/b7e8b90ac7acc	1.7196358283960127	4.0923125
1cd/4becc32d617b6	3.0655801977350885	7.0400625
1ce/55462e2d313c1	2.705685382225455	1.1535
1cf/4ed1a35d3270b	3.1149119468813504	7.022625
1cc/3bb52b2a44afb	2.5008421344037965	5.0505625
1cd/48da9faf3f3f2	2.1440068352214836	4.489875
1ce/f5128ac13793f	2.845891823487981	1.77925
1cf/afcca6a0975a9	2.2111918110306097	1.4904375
1cc/2118e75a58ca0	2.388538195273193	6.4355625
1cd/ee652c6d2396e	2.3394360859141266	6.2175625
1ce/81701078dce9b	2.376387604182796	3.6555625
1cf/bb0c2b2a8a8d4	2.4090916202707198	21.647625
1cc/ecda4f9f11a03	2.7037893112078066	3.4528125
1cd/aa693280f4ff4	3.162601429009065	3.7
1ce/5019f58f3e650	3.2039870912981385	2.1871875
1cf/4bcfdfbe7ec17	2.6524643265987566	1.5049375
1cc/b96d4ce3e6867	1.1123017172615541	2.9619375
1cd/a26cd22c77c0c	1.8363592414370433	1.7596875
1ce/db63170a9c91d	3.332895806159037	12.3858125
1cf/070010024a9cd	3.1331254058427547	4.609125
1cc/04c69f7dfcb5c	2.778957940582593	1.1939375
1cd/ad09c1cf6fd20	3.083741042917929	8.5035625
1ce/fdd9168d3d05b	2.928440720410521	11.279625
1cf/c670041975a9b	3.293077766050026	15.3509375
1cc/bd781f993b307	3.074920876422983	20.2028125
1cd/4f00a91625102	1.3917767340346925	1.8763125
1ce/d90b660c69246	2.9142560989535773	8.26275
1cf/9da0106568176	3.2651508414400663	3.9781875
1cc/1c5860f0de92f	2.1049143944021704	3.936375
1cd/0f1be208c2f19	3.110640823903145	3.3286875
1ce/368262e2ad1d6	2.4091698453524737	3.843875
1cf/3b4c7d4501f6b	2.5793962932435996	0.961
1cc/fcc7ae2bef5c7	2.2182970342900306	6.315
1cd/2f10a5d3c8f2c	3.359570219255577	3.893375
1ce/4ddb44862b64f	2.20117661148922	20.22725
1cf/b83fb68ee50eb	3.1139968943751084	2.2149375
1cc/12c1a487fb3e7	3.3886567470566957	5.1025625
1cd/4c52863b94278	3.132715489142799	17.47625
1ce/e0c5294709a93	2.8615461353966327	4.4939375
1cf/fd5f62c434a21	2.728315110800865	3.0975
1cc/34abe0f575b5d	3.1992310046676153	5.6876875
1cd/8b531b5ff54f6	3.171071299783543	2.230375
1ce/f4d5b87725d39	3.0165231207151613	2.6663125
1cf/cb38e7a33fba4	1.3123052500451344	2.249875
1cc/fb005ac80ff8f	1.3729173083402089	1.8748125
1cd/742876b64a595	2.3537772495730374	3.2159375
1ce/22ed36c66812e	1.822356220554873	2.2605625
1cf/21b930a7ae5b8	3.3209616611067605	3.083
1cc/b3c59bb683bb1	3.376366144400174	7.616625
1cd/952615b696f34	1.8604197492751717	2.6765625
1ce/938aa7f11e62a	2.771900763883516	9.1239375
1cf/18ebfdd128e74	3.3446412187735906	4.9799375
1cc/2c805172c3ee2	3.094817971542576	8.197125
1cd/18c474af547ff	3.1836531863850888	23.45625
1ce/7cd20c23881b4	1.2040306503830727	2.6171875
1cf/baa28349cb565	1.8693327343576729	3.42775
1cc/6a230c3c88ef5	3.0497503876859016	6.941375
1cd/929c7c343c1bf	1.7129092869969686	0.745
1ce/8db35638a949e	2.7315718811562495	10.7005
1cf/e88d243d543f3	2.40224094609192	5.452
1cc/818936f1ac235	2.987124687303154	2.162875
1cd/751abfb232225	3.162409995072911	9.3729375
1ce/dc5a864c47100	3.329614156632114	3.7241875
1cf/0deca7cc178e8	2.3202461903399256	2.520625
1cc/7b195e1cb8197	3.1498762443066006	5.2853125
1cd/4294300c65499	1.9283948195854332	3.020375
1ce/cd2acf54f158e	2.94491708486351	6.0491875
1cf/5506f353509e0	3.1256789689603335	3.0910625
1cc/4bee2c194ed76	3.250616161771777	5.3753125
1cd/04c80803e168b	1.1099299946706371	0.8424375
1ce/faeb2f811157a	3.0240634229371572	5.206
1cf/21a2dde7341b7	3.0631386054838097	10.9850625
1cc/d5230084df9e1	3.164221486166186	6.0929375
1cd/f16a6cc355e79	2.8152299932223457	2.1085
1ce/7f847f745f2e2	1.0663675617921167	1.2494375
1cf/14ddf1064983c	3.2019687277902675	2.8086875
1cc/90a0af6f53ddd	3.0419272570806406	2.9829375
1cd/6777d2afe199a	3.103510900781292	5.5741875
1ce/f1579588f6831	3.124572877109182	5.3405625
1cf/b436a346bde39	2.4171627578787556	1.0088125
1cc/d000dfcdf9d30	2.71278376569515	2.041
1cd/6388a8b455403	2.8104354211342875	1.4411875
1ce/27ecd655792c4	3.0222186021990196	2.295125
1cf/b0d8fa3f0743b	3.163534271127929	3.267625
1cc/c2da3eaca5273	1.2326929741949408	0.8646875
1cd/6ae6b65a8a93f	2.989789015768701	9.748625
1ce/f0eb5d1dec1be	3.4481118492596368	17.0886875
1cf/77260038392fe	3.235137044018689	5.066
1cc/bad07e8941207	3.375719601100577	7.756375
1cd/f8446acb350f2	2.8734241002491037	4.1865
1ce/402883a407ff7	1.7030944320603265	1.2969375
1cf/c7caa37b73a65	1.8814591870321753	1.104625
1cc/91ac9b433bc6c	3.1565461940537003	1.9719375
1cd/904303dce104c	2.9820779845451426	5.242125
1ce/5b8cb17e8a575	2.1988412712648047	9.295375
1cf/d475785829ca4	2.810187476913817	10.161625
1cc/baf9032f5b3d7	3.4193453254245516	3.9233125
1cd/c8e09348e0174	2.438802369741484	2.087625
1ce/f7f8ff693ca6d	2.4143854859496647	2.922125
1cf/c286b4805f403	2.494864527574471	4.714625
1cc/61b07ff3a4631	1.1146636648033934	1.7693125
1cd/a611b7158c4e5	2.3217883902663634	2.5993125
1ce/4210fcf8e22c1	2.8922715214017787	2.145125
1cf/178819b8b5c5b	3.0261262368501733	18.898375
1cc/f0bd384701deb	3.2739917351347603	8.551
1cd/2206a2b17409c	2.4493780639585365	11.14925
1ce/1cce26190ebf9	1.9244167023059457	0.7203125
1cf/e08a5dcbfe04d	3.219984196882805	16.4518125
1cc/14217ca45cd4c	3.1775837277726957	6.66
1cd/79f2beb803517	2.8567016576498006	28.1081875
1ce/adc28bbf4d6a0	2.1581786696250216	2.6090625
1cf/af72f6ea4c3ac	2.8482601928249944	3.22825
1cc/11c89d62cef7a	3.2989672611782375	3.86825
1cd/e7d07cb6cfb64	2.8752089573928905	5.3936875
1ce/dd6690189e8d2	3.2435901846034407	2.1749375
1cf/0070993040d3d	1.810810191107375	3.9058125
1cc/befdb826fbd7f	2.451901464750482	16.17625
1cd/04eaf19e1da05	3.501934568430781	7.052
1ce/6256756599225	3.382737695375855	4.2649375
1cf/977131b94188f	2.7664352690301177	3.529125
1cc/7c52fbe3d0db5	3.1438294044431925	13.3784375
1cd/e247f31c21c73	3.2629182607729352	6.01025
1ce/077811e3d7746	2.697871600257987	9.97475
1cf/54fca70a2f2a0	2.760471473924966	4.8331875
1cc/d54fad11f2cb5	2.776907067949792	3.4931875
1cd/64baaf18b4d69	2.2086089403599174	1.82675
1ce/5af11b305202b	2.652777011294472	2.7876875
1cf/9b18158e96999	2.509590918319883	1.3545
1cc/5d3948326f03e	2.356538978106805	1.9875625
1cd/4766707f34b43	2.91537306732451	3.6489375
1ce/89acf7c6c0ea1	2.3630214546343984	4.7203125
1cf/43511784c2f86	3.1973497918731133	2.238875
1cc/8c041cdd8b653	3.2174980032746063	5.178625
1cd/b1da00012f678	2.941700272651828	4.0630625
1ce/a6662b77cbcce	1.907283938413773	0.9134375
1cf/212ead2c2ad78	2.6406084016866553	3.1233125
1cc/18ab7ba4f178f	2.5817953555815047	6.0768125
1cd/df7435cce7734	3.0789487816420773	4.065125
1ce/75def883a317f	2.196383310922788	4.923375
1cf/bb75fec1b6b57	1.101631784855604	1.2383125
1cc/c9f57f7f720f4	3.0177497168664185	6.6085625
1cd/7b78fd03afe9e	3.1370255808243193	7.76875
1ce/00f6c4954492e	1.1038115221839255	1.019125
1cf/66759e4fb3332	3.1247012746589773	4.99125
1cc/bf1e1fa23c829	3.213917074767569	7.5378125
1cd/3b27442354fb5	3.2016031563646132	14.9886875
1ce/ffd225ad66ffd	1.3770497104892998	0.9705
1cf/10f7a5551e079	3.2356072414772363	1.384625
1cc/17b65a0b24644	2.412503956971303	5.5424375
1cd/126769ad5c575	3.159896610147432	6.5493125
1ce/d9a28c0c32f84	1.0760633550868686	3.782875
1cf/929bdc808ca9c	1.845545142614378	2.5935625
1cc/9a0bd60ccd2d3	2.7831941634931154	4.056625
1cd/b3c61694c7115	2.6212098529091987	5.5114375
1ce/0005e00e6b4ae	2.5580022571268004	7.693
1cf/f7b12bcfaab3c	3.0951902683110393	8.846125
1cc/55d1fe654a9a2	2.9148344017798262	2.7176875
1cd/6bd40c9bedbdd	3.2464041943598128	3.7365
1ce/7f70a308aa0b9	3.215619879033064	3.778
1cf/d21ad081c41ab	2.952645605303779	6.3288125
1cc/16e02301abbe1	2.616200366404664	1.401625
1cd/7a04c1db9631a	3.2201124378050348	9.317
1ce/76be159c20de3	2.7850130287086623	3.4633125
1cf/cab967bb69999	3.231391380341552	10.9478125
1cc/341177e6fccaf	3.280884761669273	5.13625
1cd/b29233f9be873	2.9423018691987806	1.7754375
1ce/94fc1e4487b21	2.829543373753311	6.9268125
1cf/d77acdb8d30b6	3.3260992928535544	7.211375
1cc/86b9aa52e41ed	3.310076117506409	16.0609375
1cd/5e6ee08fcd67d	2.6725100283586536	1.4895625
1ce/f7f4ed5b3f175	2.2634408713813556	2.836625
1cf/4234a90b4221b	3.2267048596999226	3.3658125
1cc/fbcbe848a9e8a	2.380164558934652	11.861625
1cd/f201a2ab50cef	2.260109703624948	1.744375
1ce/9aa759aa2977d	2.198826594077855	2.7523125
1cf/689db03ede4b0	3.0713916443174596	8.14025
1cc/6dcc2fd744574	2.5117812028951745	4.8065
1cd/4e80487ba76dd	2.5604538859027404	1.419625
1ce/5d81019e21666	2.7244501691522394	3.0583125
1cf/7b9c3729d7a22	3.008006304464146	3.954125
1cc/923189b17a4af	2.828682992759955	2.6206875
1cd/6a9dc15354505	2.893217883202545	4.5200625
1ce/29c7ee7948949	3.0821442660476643	5.882375
1cf/6a7b0e6be4848	3.3340599044211685	11.0175
1cc/9ec0195271b40	2.5369356866655153	2.21875
1cd/174d175601bae	3.2208424498550583	4.09725
1ce/a6ac3b4e6d5e8	2.669935954596392	3.37275
1cf/9ba6aab89cb01	3.3537163424474605	6.0933125
1cc/96bf9c06e1395	3.4221828234276193	14.156625
1cd/b32c404588c25	2.432381472638253	1.7391875
1ce/006b9e81003d7	1.1309271494771163	4.149625
1cf/cd2d6c8ed56ec	3.4736546230343017	9.808
1cc/c5cce07301a92	2.971332109044456	6.23025
1cd/c2e94993fde06	2.6875248163865497	8.8931875
1ce/a8df4bd8c9a77	3.2879894278032036	11.093875
1cf/c9f158310594a	2.9392101429219677	4.7538125
1cc/16f2ba5a87f78	3.3209284007875826	3.8516875
1cd/8266c53202f69	3.235911486960022	4.4928125
1ce/d2e44323bdde7	3.111028804923134	7.9540625
1cf/bdfc6ef8a5307	2.5262579132018828	3.09575
1cc/62e190f0853ea	1.9881944291173215	2.529375
1cd/b003b58fee265	2.426569088308424	1.9759375
1ce/16614e2cae25d	3.383244043877046	4.5715625
1cf/6aa9470d17d65	2.7999488931331564	21.4804375
1cc/29ab7d101f918	2.8037219221028606	10.073375
1cd/895cb171990d4	3.2794066149445107	5.21275
1ce/34100772aafaf	3.357769663774338	8.7379375
1cf/314033ec43140	2.1442863959561946	1.6678125
1cc/010019e8b4c19	3.363831374967482	8.9709375
1cd/7fe28b6e3c75b	2.808381275696603	3.3899375
1ce/d6f1c3f2a8dab	2.490182862566506	1.3954375
1cf/fb284d0e4f7b4	3.435469897386793	10.4396875
1cc/675c9f1b21ce8	2.051442359513887	3.2933125
1cd/fce92cd7b245e	3.3517141631427676	9.074125
1ce/7829319a9e8c3	3.4127889524753767	11.168625
1cf/feb9f4432871c	3.379203777102822	13.6955625
1cc/b3500bac0f248	2.9202543177441442	8.9296875
1cd/eec570b0380da	3.6356536320405537	4.8155
1ce/089f81bb9419a	3.257694286018147	5.350875
1cf/cdfe56e1bdc3d	3.264662626562319	4.1051875
1cc/e860c72b50132	3.2770924251648323	2.61075
1cd/ae04a1e220d0b	3.006853090273985	12.976375
1ce/3d7b61d99762f	3.230795339598531	22.045375
1cf/fcd0156637ebe	3.1942981275033766	6.4593125
1cc/a552ac53e703f	3.050351407076254	10.831
1cd/2ac0f19f18e39	2.4182754403718096	5.2109375
1ce/7861cd8c7660d	3.223543030101092	3.76475
1cf/e1e87e2177f0f	2.7548888431672403	7.5990625
1cc/fedd1d9d06591	3.34423446329424	7.5950625
1cd/6b416809de089	2.956741401070253	1.8755625
1ce/8b6f753fea047	3.206010998123767	9.5731875
1cf/c91d9096d3197	2.363683295756601	11.4914375
1cc/cbc17b96f48f3	3.1270196551647693	6.3949375
1cd/4b391392b4c42	2.67473664908373	1.0565625
1ce/7aba3b113043a	2.4557381144811905	6.768375
1cf/671f3f3819c84	3.3486553652115454	29.278625
1cc/ffca94fd2906e	3.140803684152736	5.82175
1cd/265482f92c221	1.0988624576548838	5.1309375
1ce/b56f2254b6547	3.456544202652953	9.7755625
1cf/196fcc6c4cac5	3.4516587862736596	6.9895
1cc/b962fa1a1b12d	1.1178178119811184	2.8763125
1cd/83c88b1de8577	2.0797000592371755	4.433125
1ce/7379bd3497a71	1.6638261309976865	3.89025
1cf/13a35149acba8	2.189331179764118	6.72575
1cc/2d6b71cbbe985	3.3147544417208805	9.558625
1cd/8b1277a8e08af	3.3413980483168406	13.9941875
1ce/8642984b2975f	3.164179713853829	8.2573125
1cf/7ec6876756a29	3.2685162082175983	5.9749375
1cc/d384e54d592cf	2.4992543427325886	3.54025
1cd/20e97e01225e7	2.789519284129799	1.033625
1ce/f2268d2e7b78a	2.6704767117600774	1.9505
1cf/c6c1307df55b6	2.4637563144510786	4.9296875
1cc/3378de926f31f	3.1545391246909325	12.99275
1cd/8ef880a8b6fe3	3.3106449827386855	5.3386875
1ce/a08966c27fd53	3.0091352590004803	2.03075
1cf/2f3dd6112be2f	2.8365154524078364	9.1748125
1cc/a35c05eff1d0c	3.3769728839274853	4.2838125
1cd/329c44c4f198d	3.2226076576014626	10.7585625
1ce/96ebb4680baed	3.026783042656092	5.6933125
1cf/87f4c50ea093b	1.6237492215340654	1.3958125
1cc/88eb66c5acec1	3.086117215716638	4.2495625
1cd/e0652502e8746	3.331785442669825	9.6211875
1ce/fc548be6ab29d	2.4953013952558534	5.8350625
1cf/5f3c418847940	2.460955370537591	2.2661875
1cc/82d8a17e23758	3.063539984077386	5.0296875
1cd/5e2cc8695671d	3.306170678396763	10.199375
1ce/fa251d1683989	2.590576758069046	3.555625
1cf/886ea3158befc	3.352979411754634	6.3071875
1cc/dcb7337871a7d	2.9393675227497456	4.802
1cd/d097d9bef2ac8	2.7227069043331014	3.4224375
1ce/8e5087b3c398d	3.3267399259580133	8.7733125
1cf/7ff2a30ff21ce	2.689903798003138	0.864375
1cc/7d269992d0661	2.8680564901333034	1.78725
1cd/43cf6ef0d2fd3	2.9211346087612724	2.46775
1ce/e9f710e2ddf4a	3.059488572822077	3.5229375
1cf/ad65dd1262d66	3.1885889584607994	7.7923125
1cc/27a3e412c2914	2.1640351575362846	6.0644375
1cd/29ec78be29bcc	2.6459811623386966	3.2299375
1ce/8c919dc09cc0b	2.188243643570907	5.3795
1cf/e1f58b9ff3312	1.102423006132094	1.8466875
1cc/ae825903d93df	2.712376120471836	25.56475
1cd/b5c667ca3e5c6	3.1466211208538737	6.4068125
1ce/296aa449f4ccd	1.0925857655025073	1.281625
1cf/c81b16be71e12	1.0984089602375522	1.75475
1cc/641add0c18764	2.950479475072351	1.5823125
1cd/795b78556e740	2.685556836754905	2.739875
1ce/8ebce29ae4c3f	2.260970241072946	5.0598125
1cf/5268821c8fd09	3.0759582252511777	3.5440625
1cc/d973dc242e776	3.0475740753048335	6.906
1cd/fcb89f069e3d2	2.235947547349039	2.3395625
1ce/42d509019f2c0	3.43460613257882	4.582625
1cf/1322710dc42db	2.0002094603198346	2.601625
1cc/a08b2b43bb51f	3.11117471561468	8.4494375
1cd/cfd45abc0b7d9	2.98976796842684	2.5036875
1ce/5d224b808e249	3.346439306753598	19.53875
1cf/74b6faa0b0a72	3.203586139643182	6.037875
1cc/0064d02f738aa	3.0535137201829854	4.5131875
1cd/e9af98ef90465	3.416731500222395	8.3245625
1ce/9c8e7ae5e49e7	2.521703239374855	5.0963125
1cf/60d43af874247	2.434265135564342	11.0935
1cc/324378ba2f0d1	3.31338082415654	10.05425
1cd/383902e5fef20	3.3315010875255604	18.3544375
1ce/5a8d877b6aa7a	1.414102031904864	1.0566875
1cf/32288aa72cb6c	1.1145648771726455	1.9574375
1cc/1dfffab1a7580	3.320453061527188	6.3773125
1cd/02a349ab8ea4e	3.4920040526946305	21.1435625
1ce/05ba10cd1574c	3.0145017211808476	6.446625
1cf/2783625ca9799	3.087533096999337	6.3325625
1cc/40e0811b6c549	2.4668758696697584	2.805625
1cd/ec46fb4c03170	3.354220889287165	8.1681875
1ce/fd9797e829e68	3.3510355376169634	8.285875
1cf/9875625c3589b	3.071472834445466	12.5630625
1cc/71849075e6469	3.2507113702300816	7.59675
1cd/050bbcd3be95f	2.4213381785346564	1.8989375
1ce/455fd7d2a42df	2.2904311724882462	6.0073125
1cf/ab729f759c702	3.06475812832407	4.096375
1cc/a4d2f8eb131a4	2.788664456131098	3.482375
1cd/a50273384abd8	3.458499563119681	7.7766875
1ce/05a83f3464f29	3.308165985132109	18.927125
1cf/b288aee89b68e	2.327648844493601	7.999875
1cc/8727e401cfa2b	3.038160837632776	9.1338125
1cd/23c9ff6c7c752	1.7070519995607825	2.6744375
1ce/8863da79c5250	3.0971186342821038	2.23
1cf/c60a3da369243	3.463938289381407	5.84725
1cc/d0e2aff03522b	1.118456148644921	5.4374375
1cd/80dc1b6ccd422	2.8800049789068556	7.2806875
1ce/2ffd9a75b85ab	3.2846948382256356	5.5138125
1cf/17e13bf784f5a	2.9907434730467752	2.813375
1cc/69e4653cb002a	3.2300817476702655	6.213875
1cd/16727d19f377e	2.9400137286179415	5.7656875
1ce/d2811230200b8	2.8958878282610194	8.3741875
1cf/f570af2d1d3d7	2.404176659946957	3.0439375
1cc/efdefdb38585c	3.3031810061642863	13.1246875
1cd/130e29d5a40b4	3.3823872829490753	7.92775
1ce/88d38d2611373	3.3612659487297774	2.16725
1cf/ba36687d04d26	2.833295872170505	1.658
1cc/7f8f61975ee50	3.240461849138086	8.115375
1cd/434cdc4d433dd	2.553370068462246	3.1794375
1ce/6343de2aaead1	3.3574264272074226	10.6606875
1cf/e1b784f32ee03	2.2128158909465303	3.17525
1cc/4424ac320fa2a	2.9481924485836064	5.244125
1cd/2266988ae7ce1	3.010144915777367	3.9005
1ce/9f7209974ce0e	2.889825771822565	9.961
1cf/f33ebaa01cfc0	2.9913485210320263	6.167375
1cc/9abd41e4444ab	2.1679187707714282	5.0030625
1cd/6e014975a5fef	2.063235872555952	5.258625
1ce/93f29ec29fb9d	3.2542061808651495	4.200875
1cf/1fe1b9c9f0d54	1.7390985835716848	1.6070625
1cc/e419aa5a42eac	2.516520910899287	2.413125
1cd/539e9187bb16d	3.3937227828649466	3.4211875
1ce/2fc496ce74975	2.5539459139531973	3.269625
1cf/f70bbf5051454	2.9590282332212356	3.398625
1cc/8b0222e6ab5f2	3.20055233458627	6.6519375
1cd/3423bf67fd013	2.800563250813673	8.75975
1ce/fbefd94903765	2.382159817817288	2.2596875
1cf/27ab509243f90	3.2831582891583317	3.828375
1cc/36097bf98e10d	2.6204442815238207	5.1883125
1cd/80248615c3636	2.5374309145808844	0.961625
1ce/d8441631976b4	2.1827369015076066	3.38325
1cf/9055d9f81b4b5	2.4830498679798594	2.3623125
1cc/aeaeabc970786	2.332337341396501	6.2751875
1cd/24782f7586894	2.987347842283743	8.3456875
1ce/6c1fdb26b4e33	3.4081779914323884	20.207125
1cf/a39f46eb600d5	3.3005452158102653	5.361125
1cc/d550fc427dfdb	1.1534732704599382	4.4975
1cd/c9e3c223aacd2	2.095570941386463	4.22675
1ce/38e160f5975c2	3.264492768304978	3.94425
1cf/fae33e3c105a8	3.458948418022197	6.8435625
1cc/694e20906eacb	2.662829114710776	4.9226875
1cd/3a6c6d71d9419	3.315240658352437	5.6383125
1ce/4ed25e457f15f	1.12202504051156	4.147875
1cf/599243078bffb	2.6775169602406153	3.0924375
1cc/cb67e4e14d433	3.106160193274493	3.445875
1cd/b01ece8b05336	3.332575600671962	10.38025
1ce/b64f90c1a8fca	2.4412167330334795	11.7791875
1cf/8106de6bd969c	2.5263567935468636	9.5358125
1cc/d8712d7961892	3.0516744813447194	5.1834375
1cd/8c82e0b8e7de4	2.8501539652161543	12.1546875
1ce/498433dc5285e	3.232366558001238	14.5744375
1cf/3e2290a6a1ce3	3.474752021280445	7.79375
1cc/babfa6572280d	2.6649349017104775	1.2838125
1cd/f34c9eb5837f7	2.154566695622926	4.04475
1ce/f3fb5e6504ff6	3.4442199471305104	9.4930625
1cf/d89fc763b41bd	2.5703322935086237	1.15075
1cc/eac6451634831	2.4039405545293824	4.8719375
1cd/2332eb602f822	3.134332825845455	3.8046875
1ce/1cf4f30cfb05f	2.929406019433627	3.177625
1cf/a5b8f0949dd55	2.8854356815624955	5.548125
1cc/cc1ff805752c5	1.7064907000595224	1.490125
1cd/9d995b320ed3d	2.5057952907818533	1.152875
1ce/a2b54053be97c	3.4153640393761244	6.0991875
1cf/81e7320d9ea58	2.289666846261732	2.867
1cc/9c4d3c268654f	2.2959823717702212	7.3805625
1cd/7664d6a275f77	3.055116080397744	7.1273125
1ce/30e8f1d342b80	2.120406100516936	5.433625
1cf/f68d498f54334	2.3357557485920455	4.5243125
1cc/234706c47b0b7	1.1067368444879537	2.690625
1cd/f3d9af337fb71	2.400346716742039	1.72675
1ce/f447b1607ab9a	2.622225464599613	9.45675
1cf/806ca475b6c02	1.2778025401915925	1.7301875
1cc/bb90d6060c11e	3.3963940832452657	6.0705
1cd/31b8771bf0aec	3.168945452374092	13.5693125
1ce/c6045fb604c72	3.139766401828601	3.0969375
1cf/93a31ade301e3	3.2298199895075563	7.0371875
1cc/8ac55a6684fe7	2.780350170768738	4.3855625
1cd/13e68d80c6ccc	2.6945683224932604	1.68275
1ce/f0567118030ba	3.14131633658753	5.1423125
1cf/ae7b304c3b47e	2.788543950186154	4.201125
1cc/8adcbf91e9627	2.7727118245387534	4.70625
1cd/05021eca46e4f	3.245186189222491	6.143625
1ce/26320d54e1242	1.7510974642749129	1.208375
1cf/d6e8a382a63c7	3.0495046218541586	4.2903125
1cc/511719cab8c16	2.016685575974578	4.6430625
1cd/ea8b80f626329	1.6541333273085523	1.8534375
1ce/897dbcb465537	2.7926015211406687	16.86525
1cf/a74e854f6e617	2.696061710684296	2.16225
1cc/9b0f107922348	3.1728986009883946	8.053125
1cd/4c3feda7ae66c	3.0257216804339695	2.31775
1ce/7800ab2bff7d6	2.6381032530710984	1.249375
1cf/82100e5698567	2.778652011135344	4.4904375
1cc/0ace67c0518c2	1.1116900567156014	1.442
1cd/c72a5cc13e400	3.2459243322572977	23.5494375
1ce/336c56fee63a1	2.7843403402857128	4.322375
1cf/eee6d764d7be1	2.845051963991285	4.30575
1cc/81aedb8b58831	2.752781798193417	2.3139375
1cd/78d0e1f3da06e	2.0087892493839243	1.7975
1ce/afc074507f639	3.1661347554660457	3.4596875
1cf/984926350f4a9	2.728590298291453	1.7005625
1cc/5fb3b4bbea0da	2.5901268820540935	2.979625
1cd/02c1b6793e197	3.4969563225673443	5.9626875
1ce/f13eded400e15	2.7239926107438133	2.689375
1cf/951b2e54af27b	3.0882532547840547	11.9094375
1cc/12797fe2744da	2.2273780834880808	3.4130625
1cd/a64b783ffaf91	2.448872810830171	3.1581875
1ce/72ac7c6fbd831	3.28192355287764	10.8335
1cf/71418972dd4d7	3.2004368330391872	7.557
1cc/0d56b97b1d439	1.9554093833071238	1.36975
1cd/c5e894cf1aba6	3.0465543153681667	4.59025
1ce/a7d476d529e1c	2.5367212131614165	2.6935
1cf/52457c65a7129	3.1298297786971867	5.7248125
1cc/41f645c471fe7	3.4180752721856074	9.150875
1cd/5a4f6c4f29d1a	1.5026797238659608	3.5510625
1ce/c425a884db744	1.7827778736261997	2.9226875
1cf/4e2340f762051	2.841266206446913	4.6643125
1cc/b983c45786cb5	3.4361095380870936	3.1508125
1cd/6cbb4d74afb40	3.2523083851038073	7.2345625
1ce/b9cc89dd82c88	2.0106511197280375	0.7203125
1cf/a8a44074a02fe	2.9914816531384325	1.0241875
1cc/5641141738c35	3.086719422024013	14.50625
1cd/caba1e01f5423	2.7824496787115116	6.29125
1ce/edc3ccd7cc4db	2.9983173323015593	4.4806875
1cf/6140932a2166c	2.039081370529783	5.027375
1cc/c1ef920dba940	3.0243259982690134	2.8403125
1cd/a6821f872c24b	3.0006268467371697	7.2765625
1ce/8691dfb5d1d3b	2.453498868779455	2.365125
1cf/34f7155b0d169	2.9286139881733892	7.619
1cc/74a518b85b671	2.957570941154265	2.084125
1cd/61f6dbcecdd31	3.152243975550525	4.0485
1ce/21e9870bce9fe	2.600925564850507	4.9599375
1cf/a931525b2068e	3.0513691683957704	4.60225
1cc/39cbfb80c0ec0	3.1331906101036395	19.135375
1cd/7ad7729b2bb81	2.1759569460034407	3.86475
1ce/8d429c83df7ef	1.3914637684026325	1.1885625
1cf/5273d0f633329	2.627651707116634	4.1246875
1cc/365762ca6722f	1.9156145066174832	2.40575
1cd/7eaaef603c7d3	3.124465886946815	5.58175
1ce/699a473119a19	3.433729459527812	8.83725
1cf/42ce887723258	2.0137242878899264	4.3453125
1cc/2c998c3ec8854	2.5483621236121987	7.2951875
1cd/d61345f53fd84	3.117114319965904	4.2480625
1ce/7e3f1ea49c93d	3.460651427674233	5.201375
1cf/9838454254ac7	3.2979398304899736	10.33675
1cc/2c5e6fbb6fb06	3.496658593444874	6.987
1cd/38594a8fd59cc	3.1995296501159025	1.1320625
1ce/475cdbb5a93d8	2.8139715640443734	5.5441875
1cf/91cd0ec42c8b2	2.0823710616666524	2.6934375
1cc/2e160709f20b1	3.4493478545688996	13.3149375
1cd/384a3598aced1	3.5051142967094124	8.40875
1ce/6ec9a0a60f1d6	3.2723386208306087	7.436625
1cf/d3bc042064967	2.5654726549159874	3.040125
1cc/b647fa4e9c4fa	3.462657511635834	5.6581875
1cd/e92f3f93ba4ea	3.4716492248370443	4.227375
1ce/91bc1a603f6d2	3.1960515632947364	7.3130625
1cf/34d2497488485	2.9335086821128367	9.78
1cc/e4ef91bfc8f06	2.9376714209686123	2.260125
1cd/b7b53dcb0b2ac	3.083498840377948	6.909375
1ce/d0b980db140d9	3.0393758925096988	5.6780625
1cf/4d55932426d09	2.6053826464951277	0.96075
1cc/d42e4d8839f9d	3.4698358932143787	17.0413125
1cd/9724a0f312768	2.264429360891009	5.730125
1ce/a9b48a07f6abb	2.095113994971435	3.668875
1cf/f0357ad30b795	2.5230119449368815	6.256625
1cc/e72d73c78db73	3.3644456400223413	3.0580625
1cd/b7e9b1c78719c	2.733801205621148	6.49725
1ce/bc81f16962bed	2.213841008251749	4.63825
1cf/fc65fc8041a9b	2.3185063259944263	5.6338125
1cc/3a37a9c186108	2.478798466854358	4.270625
1cd/98abe42977535	2.72219156949129	1.0086875
1ce/11ac21c21c237	2.646401136932116	3.23125
1cf/35818af8a9346	3.35650053098913	5.0974375
1cc/65da9124bf34b	1.2948984030386126	1.8790625
1cd/5ab0db7f710be	2.4840483007675895	3.3193125
1ce/80f822ab1f0bf	3.449322829389316	12.4860625
1cf/debdc091bf205	1.9360884269271206	5.35575
1cc/940fb15ad4179	3.000177018005091	5.6093125
1cd/af9e4535dbf11	2.1848740298966467	3.7201875
1ce/252461c1a74c7	3.214718479073927	8.4785625
1cf/65d1b9e96fc3f	2.33019007115737	3.5590625
1cc/36d8f347e1a4e	3.4460044262904517	3.9424375
1cd/f4993f3445fbf	1.1819104507425227	1.3936875
1ce/01e68d88b88a1	2.388457154526961	2.5330625
1cf/2e63048964b54	1.547764696210807	1.3489375
1cc/dcc95aa86feda	2.795733698844194	4.2324375
1cd/b331476374329	2.8338352405096288	5.7799375
1ce/9eedd6bce7f07	2.510205079475077	2.67075
1cf/b59c3396fba28	1.4805957283570184	2.9351875
1cc/1b7e7ece8eb8d	3.1698939650948166	6.7948125
1cd/50090c026775f	3.3361743012106624	8.5870625
1ce/2580990c5ecab	3.2251466856070325	8.129875
1cf/5f48d118ab107	2.7337794965912607	1.36975
1cc/f2554f4d9a803	2.8390956492494235	9.0504375
1cd/2493753b8a4ed	2.97788249135213	2.487
1ce/6cc102f6b85ad	2.8524894168178996	3.816625
1cf/9453558debb1d	2.924748697064524	8.2771875
1cc/7d364d599f704	2.8751684428809745	6.1495
1cd/93a3b107e102a	2.8100094997403264	5.0971875
1ce/602452cf499ba	3.38959013480719	6.137
1cf/863d4f4a38a76	2.9835735199934676	4.0389375
1cc/557235a0745af	2.863579654805965	4.157125
1cd/13e8a5c1d3fed	2.88899461668806	2.7691875
1ce/9c1bbac8da7f8	3.2301091800059663	5.93825
1cf/dc03ac4b6859a	3.287372589190252	7.96325
1cc/a9a61547d3690	3.226153680798442	5.53375
1cd/2dd81406bea2c	2.7712205364626237	2.4823125
1ce/0527427282a35	2.515009182825732	2.134875
1cf/9bf09a2f715d4	3.3242629595934674	7.8345
1cc/b007e6c603698	2.27578438558672	3.0576875
1cd/65f474caa10eb	2.5247049110487767	3.7718125
1ce/8272e5b14c3e3	2.912397751002707	2.4995
1cf/3e7bfc3b7ef34	2.4238880046581506	18.1495625
1cc/0556711a3b072	2.1145405272960653	2.0079375
1cd/d6e6eab01235b	3.406751037203981	5.6696875
1ce/d55e1bd802a31	2.105332113357048	1.4904375
1cf/44d51dc8fe560	3.11423602679629	3.4230625
1cc/d0bc5800a18c2	3.285067613750859	9.446375
1cd/bda04db9977ee	2.4627988849842013	1.7063125
1ce/ec9476726d4f6	2.5666249727935075	11.224625
1cf/a9556b9e5bbe7	2.851489242535658	5.463
1cc/381c3e87c40b5	2.8567139474054692	14.2063125
1cd/ba06b61813a6e	3.0778671733411316	4.6998125
1ce/b3fdfd3a4706b	2.8251970977011833	1.73725
1cf/683f12791c4da	3.172218640060574	16.652
1cc/d630e301f2590	3.3833603888198778	7.805375
1cd/6ebd6409e4c18	2.8554304458034094	3.6593125
1ce/b5996da59f252	3.077885685536021	3.1875625
1cf/a55a566f62db3	1.743863336177675	4.0429375
1cc/d4cab58046f75	2.1199823646218436	3.961
1cd/5fc364799d343	1.6168821436805434	6.45725
1ce/620367ea5f517	2.056605034877177	1.620125
1cf/ece781eca305e	3.2836055123622083	5.0180625
1cc/6ac360bca816a	2.6981200227469926	4.85275
1cd/a803209cd0340	2.2408971023155124	1.2074375
1ce/2d1e02706f986	2.8553626104453182	8.32325
1cf/7c4934fd3e8da	2.292320745927532	2.1629375
1cc/faf8722414056	2.905817161096195	8.3181875
1cd/44e83f090dadb	2.9976149658762203	3.629625
1ce/af7b4cedae2fc	2.2154308935156917	4.58525
1cf/db0e054c3688a	2.2811789537853695	3.2301875
1cc/8c456ce437843	3.2805595715454006	5.374125
1cd/0d12d080dbc23	1.9270450034708795	5.4775625
1ce/6eaaa353b3f5b	2.422543915228684	1.49625
1cf/70645bb1b7ba3	1.853468640680146	2.2335
1cc/efade92f5a645	2.682753432100001	14.032
1cd/97ebeadd167c7	1.8569138444254882	3.70475
1ce/da18c3036a427	3.2447214969583125	4.462875
1cf/9d0e84f7cf044	2.9392010755499784	5.3695625
1cc/bb40237c7d779	2.822690787977998	4.3451875
1cd/ff485835776b0	2.918488359060233	5.1939375
1ce/8d0414c50145e	3.243298535783645	5.7119375
1cf/b38f0b964328c	2.5240546851472803	4.8255625
1cc/be9aba67e4da8	2.968889260513323	11.615
1cd/c01276add7b43	3.2022201638831493	2.4919375
1ce/4de0aa4694a0d	2.7773430780213313	8.0570625
1cf/893de94078e00	2.8657171592211084	8.310625
1cc/f030261a5632f	1.999189205431233	1.3703125
1cd/d50fd854c6ee7	3.402740018002205	2.4981875
1ce/b9a146fbb2d03	2.0623934465248097	1.3575625
1cf/7f521ece59d67	2.572669122901046	8.94625
1cc/b104a681fec63	3.3551115414835975	20.0165
1cd/8222606bff0c2	2.9570186210943157	2.2223125
1ce/29d85d9e85ada	3.344027060064951	6.4974375
1cf/1598c2d5d302a	3.253193988337921	9.351
1cc/0fac58ffb0fc0	2.735708791746778	1.2013125
1cd/1599171580e9e	3.0616310528301414	5.0215625
1ce/c87ac56521c80	3.046770288180976	2.6451875
1cf/a45c48db420ca	3.016390861558347	5.3104375
1cc/9cf49142329cb	3.3250291426445884	3.1939375
1cd/110ba7d873f2b	3.361881964911676	13.0406875
1ce/52b483ac28045	2.931834263931861	3.5769375
1cf/5e1ea7b417efd	2.920187787342712	2.721875
1cc/b6c50d13aa723	2.3348288188798354	5.861875
1cd/8eedeb5b7fca7	2.8667786118580856	4.6780625
1ce/17d49e3dcaed1	2.8346649624674285	1.7428125
1cf/2ffa148768875	3.245490849160116	4.2155625
1cc/d970e1d411421	2.9463105698681664	5.444375
1cd/5f1c725394362	1.1018384148919755	2.1855625
1ce/a8db9ba587fa5	1.1093075801572831	1.322625
1cf/1d9a7cfa4cf0b	3.126284550930366	5.1415625
1cc/ef1b2db117ccf	3.117081595212255	2.5873125
1cd/30cce302a3c20	3.425028032929716	8.305625
1ce/93ef7d00c5024	2.8803367436347522	12.2796875
1cf/93fa3ed0f82eb	3.439266977882535	6.6111875
1cc/71d59ccd40d0e	2.1622368061063435	8.9308125
1cd/a0f515216ccba	2.168893671196798	2.8404375
1ce/5ea9100eaf5ac	3.0007941625249788	3.7816875
1cf/79a5c5b2382ff	2.731936390412385	4.231125
1cc/eb29284608112	2.2738931910628652	1.82075
1cd/bac555a85995e	2.98159530920209	2.71375
1ce/716ec6a711964	1.8371296550726735	0.978
1cf/0e17d8ade18be	2.9514511600546407	11.02725
1cc/3acceeb65e79f	2.241973811309544	11.5035
1cd/a0f5620cb0548	2.0195907687054593	3.7368125
1ce/b202bacd50f87	2.7144572025167837	2.500625
1cf/b8bfb49bcdfc0	2.22855290731749	2.173
1cc/ce6c6ac214a05	3.3334107068471512	4.5086875
1cd/73565bb45e270	2.0645223590951525	1.31825
1ce/66b397ecb6020	2.6638294339246587	3.544625
1cf/34c03e72e6647	2.5803951455349896	10.796875
1cc/f1e63ef726bad	3.0845598703904518	4.8095625
1cd/41f863b229fd1	2.0720229642441317	6.7348125
1ce/da8f5ecd92800	3.2771779943847856	10.228125
1cf/50400e067fb60	2.2079462621329045	1.2488125
1cc/8a71495c41cd7	2.9046695432551606	8.211
1cd/bf45cba3c7fc6	3.3404100532157224	5.9019375
1ce/5f4d911f9e3f4	3.187360829653571	2.4443125
1cf/a1b8b85368aa9	1.6411276465620745	1.441125
1cc/a708905b0b061	2.124019426233524	3.1929375
1cd/9ade8f7556701	2.8576438159053903	13.8618125
1ce/506c1e3da22b2	2.983796276566219	2.57075
1cf/383b8f6120e4b	2.490336942192558	1.4261875
1cc/50683e660723a	3.4502324613080044	10.7165
1cd/14b49c6a126d5	3.015223538051275	3.6833125
1ce/cebd6fa5c3523	1.4914965361874009	1.1535
1cf/bf15e40a82711	3.416107748885491	4.1609375
1cc/5c852b165f48c	3.2066817867835	8.026625
1cd/cf6c18a78baa1	3.103767160095824	6.7848125
1ce/27b439fee11f6	2.971926948553647	2.1465625
1cf/a1a8d38e19059	1.899569134991974	5.8365
1cc/2b8ffd6e5afde	2.587431525172737	4.4331875
1cd/009cf4583c7ee	2.4160174071736433	7.41175
1ce/dd8065a23e301	2.425416610542483	9.306875
1cf/63ff27f0f2752	3.203743956649267	12.1820625
1cc/6c45dde016555	3.2763834935482303	4.3499375
1cd/c6576d043b780	2.922186291224668	2.4394375
1ce/1ae4cf4e035f7	1.6915772640651274	3.9606875
1cf/75e0fae1b3a80	3.1489596020616424	8.906375
1cc/207996365d1b9	2.7313514714141673	1.0086875
1cd/415a65cff4a70	3.1897858029295487	6.9268125
1ce/1ea3af209e502	2.4849809977964177	3.8473125
1cf/a73e33206389a	2.0414948605545766	3.1033125
1cc/a760e9a148aa9	2.5686905862560483	1.490125
1cd/41e250b237d45	2.8984677428243826	18.4905
1ce/4fa21ff8f2195	3.3688946097138843	7.7126875
1cf/40366ef12943a	2.8264615440748835	3.1626875
1cc/aafe7933b5c7a	2.518568630514482	4.3275625
1cd/a9909d5833d41	2.2217202754317125	2.886
1ce/9a6d2522ab5b6	2.6277329138895906	5.5799375
1cf/fbfa94db0d806	2.906001702519974	6.3558125
1cc/cf01fd633fded	2.7365570587717523	3.3564375
1cd/e25e884430a4f	2.8004358659345976	5.068375
1ce/eecdee6403c14	3.3129153410510432	11.480125
1cf/c0ede9999e84d	2.2621774184247347	7.4753125
1cc/f7401aa90658b	3.4758909564742617	13.195375
1cd/33f232dc4dccf	3.438855915786379	15.881125
1ce/69b8f760cf88b	2.5340951872285755	3.4628125
1cf/5aa3ec289159b	3.2668403562568917	12.4578125
1cc/24b1cffd958e0	2.3097564086555558	1.841
1cd/b1905fd7e66ca	1.438119414676791	1.778875
1ce/b28cfce824441	2.1423139681820977	6.796375
1cf/2b7a6ff69aea8	2.6586592630517796	2.4383125
1cc/fa2b3b7c81656	2.8926331617958008	5.5645625
1cd/4e40112ad79ab	2.83182968694544	5.143375
1ce/a97c1ac0ed3a6	3.3397103445172833	20.218625
1cf/4022b7f7680b6	2.819983178770383	5.9455625
1cc/d8d5886bccce0	1.5301172414653779	2.3415
1cd/a251df0bd0b7f	3.5384637570124764	21.493375
1ce/b0f87c66f9530	3.2300472765135972	1.657625
1cf/791e25f8a60ad	2.3267883850305577	5.913125
1cc/6d84353ea9d98	3.1226739471505187	2.6171875
1cd/4c4bcf2e75e38	2.247107218302605	1.75775
1ce/2060318cabe3c	1.673655683398827	4.0026875
1cf/4e1b4b0822cfb	1.836937640419744	4.7909375
1cc/fa61a60fee31d	2.8608323980681916	9.9269375
1cd/92fff08646b22	3.3545419884326897	8.642875
1ce/3996ddf62db53	3.0179426466193524	3.61275
1cf/199f73375e964	2.75717845222546	1.9423125
1cc/21c4012cf0a8c	2.8266129322440103	6.44275
1cd/79aeea97fb466	2.0607529576945565	3.367625
1ce/978c718099c5e	3.4496908966252198	9.901875
1cf/7cd00d0129190	2.0727058200011177	2.8326875
1cc/88650715eca19	3.238826695693942	4.8806875
1cd/019851d9764e7	3.405214913728295	14.4490625
1ce/468ee5445f182	1.8087315331783704	1.7375625
1cf/1f4c8e86a4b9f	3.1939019203233143	13.0804375
1cc/26365dfe1a4a6	3.394125902453528	19.178375
1cd/f3a90e1312403	2.7757703324550946	12.0711875
1ce/a274e60c62a7f	1.3384236663905509	2.4796875
1cf/7ca533a89b395	3.362369872978477	3.1895
1cc/87098f16ad86c	2.9684113872714852	1.818375
1cd/ca68bb1573a02	2.229979565340609	1.855375
1ce/e51cab8b22c85	2.9783409757097923	13.7651875
1cf/394543095cdb8	3.1422729510646477	2.302625
1cc/c679fe2cbee20	3.1046726059886525	8.8725625
1cd/e018bad20c498	2.503806131308764	3.14725
1ce/159d499ab0019	2.010943254124504	5.0715
1cf/91aecfd853473	3.1790993435478327	5.0759375
1cc/cd2045146cd5e	1.472526978026904	4.2496875
1cd/86ea650b9026a	2.7996305373508883	6.229375
1ce/af85de577ad68	1.1844412669049496	4.421
1cf/93f8c16275d91	3.0347587898258097	3.7813125
1cc/d87febf71f89f	1.7081378764809578	0.6721875
1cd/a1b62e495d69e	2.0637505520056685	7.24775
1ce/9fe5f611e599e	2.8544205233086677	3.536375
1cf/51d52474e85e6	2.9314883930166533	8.7571875
1cc/3eb096c3a486c	2.076051210664849	0.9844375
1cd/8916c725d83a4	3.160028822347072	5.8764375
1ce/5ea277226705a	2.917801620122678	11.6675625
1cf/85745178a6314	3.3176770168284193	3.0131875
1cc/d7d05e63322fd	1.716620749225718	2.5974375
1cd/3e1c89e3f26f5	3.1271655772429976	11.270375
1ce/77fd8f77d94a6	3.332732577218394	5.684875
1cf/93dae8eaba85b	3.5067540371982755	2.772125
1cc/edf38af77c27a	2.239492330821063	1.009125
1cd/1035a8c9d44f2	1.984828205061182	1.7313125
1ce/40d9393fb55dd	3.0114595809563847	10.0695
1cf/651a1a04621bc	3.0482281145482206	1.653375
1cc/c472bcec57280	2.4507094182879157	3.0746875
1cd/b73bc5eda8648	1.5725713460642656	1.4651875
1ce/fa34eebbf6b78	2.95492858494802	3.0255625
1cf/1220009392cb8	3.1865459186545046	14.976875
1cc/42ac3650d0581	3.1405592188187215	4.802125
1cd/82b6a404ae5e5	3.209967642218403	2.3815625
1ce/0f6bd70ca2cba	1.1331528709839427	3.1773125
1cf/673cfff2a46ef	3.2255778387981078	6.6370625
1cc/f3976090d8de1	3.182354426286366	12.8723125
1cd/23e6de4c97cd5	2.746099373246314	3.3460625
1ce/ce88d13735e72	3.2723488043247237	4.6065625
1cf/61df43c3aec08	1.0660323312220568	1.344875
1cc/15cd0bba791d9	3.1969249861293005	8.8071875
1cd/0296a996e2d6c	3.3054422460984574	7.0190625
1ce/e37b920a3eef8	3.15986999708187	6.4935625
1cf/5e4b7d9789517	3.13630278318068	6.1268125
1cc/9becd4a5da6db	2.502097217211117	3.65425
1cd/900581e46fb70	2.656072361045172	8.6226875
1ce/c4ecf838c60a0	2.556211082408897	2.525
1cf/ed09b9a762de3	3.1376791754018867	6.596875
1cc/8c2aed3ca6955	2.970790390850482	1.561875
1cd/21013cbe02b62	2.3521071309683688	2.462
1ce/817cafd049987	1.2669285542581297	1.49025
1cf/0eb4599c15a9d	1.6448300254153334	2.0826875
1cc/54c2e361d15fc	2.498697894120466	4.385875
1cd/5602c0f96b4ec	3.195997984196897	4.9366875
1ce/837be47cfcc0f	3.3932675560383707	7.9413125
1cf/c0278dc8e7a06	2.2219361674752487	3.1865625
1cc/f38a92b30d45a	3.302883391441142	5.3465625
1cd/aa58d03d1fca6	2.9121234245095966	1.2353125
1ce/8678170d2a962	1.269604239606317	1.009
1cf/f08116575e77f	3.0146565083713086	6.0365
1cc/3ac03b92cfcd6	3.1940047509185523	16.9785625
1cd/eb8c2690d2e97	3.251609829240652	8.85975
1ce/c01f68e408cc7	3.2586678551129	4.383125
1cf/db3322d2017eb	2.010066917787549	3.5498125
1cc/548f54d6a01e9	2.155530448447936	2.49925
1cd/8844251cc4cf8	2.4303858559044285	4.03725
1ce/4e846f1f5f54e	1.914272598154925	6.56975
1cf/e3d5a99769813	3.2692298919154315	17.5545625
1cc/796749e45d87b	3.6009910942497587	7.9851875
1cd/11351caf9b2bd	2.5780383410815735	2.266375
1ce/13ccc9c9fe1a1	1.8575856289110055	2.4621875
1cf/5478d50b4a241	2.553690851816984	7.968875
1cc/3d0bc731247f5	2.5156062476190826	2.3054375
1cd/fbf01b8284962	2.5397805775032394	7.364875
1ce/80861c51e697f	2.823313406991268	5.2165
1cf/6c67583fb46b6	2.57637056721918	9.7664375
1cc/b45022fb95dc1	3.4196399531430965	12.3155
1cd/bb9a110adef8b	3.372721765522423	12.0810625
1ce/60f1f83be6a3d	1.114659396031225	1.7845
1cf/68c55cf3d1912	3.252587097618788	17.1369375
1cc/4d53b52a3e032	2.6126191122271107	8.887625
1cd/f5c7f37c11f62	2.8027646811536666	2.629875
1ce/8557fde0f42b5	2.36863326121229	6.6315
1cf/0c512c0b3714a	3.4559258696211677	2.9186875
1cc/4843ca590b6d3	3.05258680045441	2.765
1cd/567852303806a	2.8582273873689332	9.4375625
1ce/c999d211aaff3	2.1512809626453873	1.1926875
1cf/946117d2a4209	3.293211711312196	11.0684375
1cc/4b21fef5a1b09	3.3278171576020648	6.39325
1cd/ee7e5cbfb7c8e	2.9323968071784368	2.889125
1ce/f7c341e5294de	2.921577359129709	9.5200625
1cf/a0beb3ab22f02	2.6183072432741064	1.46225
1cc/a554840f31861	3.3381897997032537	3.30275
1cd/52adc5a98a859	2.901950024159169	9.2205625
1ce/558199f85fbe9	2.3928385622321375	2.83525
1cf/4d5674340e709	2.133741031957216	5.9803125
1cc/d4d9a54adb6cc	3.02769835975646	1.894375
1cd/2cb15c2fcc48e	3.026003351266702	23.3906875
1ce/6c1b6bdaa57b7	2.161882468633534	0.7691875
1cf/bec4ed736ab3f	2.6103331355111656	4.426875
1cc/e9e3eba0c90ae	3.14549042904456	3.5614375
1cd/7b308b89f5cbf	2.8731703313968917	1.9493125
1ce/63ac754c56deb	1.729407720809246	1.841
1cf/905c847ff10f7	3.2487546479595077	4.7505625
1cc/8e5950ae4b6bb	2.9633600919287266	2.7970625
1cd/a81b92e8dc580	3.1139207053871973	3.659625
1ce/9de1f7782925c	1.575779154436084	1.5345
1cf/051126ed65e7d	3.5267302012671116	5.9354375
1cc/c2b1fc76b3529	2.332693653764278	2.7679375
1cd/dcdeef588ec2e	3.1144183003647665	5.0518125
1ce/83a2319daad3d	3.008855781783765	3.76
1cf/d7ce67b75616d	3.1557878178489647	5.783125
1cc/123811d1e97bf	2.869726442428135	3.7623125
1cd/e7def1d41944d	3.0721228208619062	3.482625
1ce/fd8150ae0d4bc	3.2826663923613864	2.370125
1cf/3a9b099940318	3.115616213490363	2.21175
1cc/c7321ed74b73a	2.552712879740399	2.355875
1cd/3ec7d3dcda4ad	2.572011826159796	1.4993125
1ce/74a3e6bd3047a	3.2459086585541206	9.1378125
1cf/6b8a52470ce59	3.2886977563440936	4.0665625
1cc/7354a4af5dc55	2.9417100138008676	1.4608125
1cd/5957212351328	3.2041922474109783	4.8528125
1ce/fb1554f0fb2d5	1.1847051862656912	0.961
1cf/4bc3c6ab163f2	3.2893460270009385	6.11375
1cc/ab38e9af33f0c	2.8807131705039106	2.019
1cd/9475ecf2b1c4f	3.370048774429929	11.5998125
1ce/3a89c7df99c26	3.314423873440958	12.62525
1cf/4b70d2dd84fc3	2.7095544730983168	6.979625
1cc/fa67b4ffb2bb2	3.1278694458317715	7.1479375
1cd/c83d44499bd76	2.644535111139212	7.7545
1ce/57b5b6d444076	2.944592132020032	7.361
1cf/d53bd8111cb57	2.4335879104014846	4.51425
1cc/8236043a9629e	3.09157399680148	4.713875
1cd/b5a95e381e5af	2.2075935901970363	2.0009375
1ce/4d1126a821c77	3.1666894494659648	5.6723125
1cf/5d2fa8ffc7132	2.4673614234800767	6.9283125
1cc/998d646f3d37e	3.4496035355825883	7.3645625
1cd/d19ce6bd3de54	2.3906738703903616	3.7728125
1ce/3f956b60d06b3	3.013258220000579	3.4678125
1cf/1c6b46b391361	3.236930487718799	7.30075
1cc/8b89bbdc5bed6	3.092562697905593	5.232
1cd/356dd4a7660c5	2.3631388509934195	1.9941875
1ce/e186e76955fbd	3.4192976627203246	14.1035625
1cf/da6f049abfd2a	2.4870449559396617	3.500125
1cc/6bc481c371690	3.076495977127053	3.3193125
1cd/8c00982f53cd6	1.7524682414309416	4.3896875
1ce/c6bb2e18853dd	3.363873484432724	10.6886875
1cf/49f5982233c09	3.3281151046261024	5.3110625
1cc/63c6816ce3fc4	3.2531622514881655	4.94425
1cd/52c96b4f76898	2.809342149802453	2.067875
1ce/d81cc8a9efbd6	2.4889741732276858	1.373875
1cf/cbc1b4c3376b2	3.275456426931874	2.7409375
1cc/afe016f468c0a	3.101782330588666	9.8055
1cd/f6d580803e5b6	1.2194696801632574	3.5420625
1ce/8e0a5d2269c14	2.8918922225446373	3.7020625
1cf/fa4e0d1427f60	3.3715968075261284	8.13925
1cc/e14947382b73f	2.8638330658612765	3.91525
1cd/6ec0178df2c76	2.66095744616578	1.761
1ce/28be58c8754d2	2.5330765944004017	1.8668125
1cf/c6a80ce164a4e	3.339681482513829	5.0486875
1cc/b3ad81ec160a0	2.467250802503429	5.4316875
1cd/f1e19a9cd58e6	3.1133325716452465	5.25975
1ce/972a77d324b21	1.1291076527807002	2.5675
1cf/7baa16d04e8da	3.3131262716679255	15.07175
1cc/94c0127231b87	3.0384393778597114	6.3811875
1cd/37baee8018487	2.5485165196962796	2.61625
1ce/1639450aca9bb	2.3198521153343603	1.057
1cf/b014dcd0da790	2.821154637716028	7.2798125
1cc/ca227cf3c74c1	2.9967000898803784	5.04675
1cd/51cb5f3235c78	2.5910409263802263	10.250875
1ce/8ae8feed26456	3.501706222714024	11.1468125
1cf/e74c9c530235e	3.3849784564165866	14.9981875
1cc/cb7a63d64495b	2.998819954388412	6.7359375
1cd/c15951539ace4	3.0064021479437955	11.7999375
1ce/ba05d45e42a00	3.2002734010512093	5.068625
1cf/bac8c4d3469b0	3.292523816169573	14.2296875
1cc/d006782da104f	3.087419279325255	5.628375
1cd/16d0864860962	1.786969660754653	1.923375
1ce/ee4bf54135069	3.2613177119246877	3.04375
1cf/72764a3ddd315	2.214587625448361	1.056625
1cc/c17995a48bcb2	2.970745762008188	12.3020625
1cd/bfeef5205bad7	3.1174597532551482	5.1030625
1ce/f62c5f57a3a32	2.8476816190587595	6.2285
1cf/02c6088ecc525	2.5563107115549815	4.6015625
1cc/3799262d9799d	3.2246549192184197	3.12125
1cd/27a6777b239d7	3.223677143521872	5.295625
1ce/aa4be02a1f0dd	2.8365415276911463	6.0124375
1cf/07cfd0b00564d	1.0862247510969005	2.0385
1cc/6431a6980e3ae	2.63629462563914	5.4060625
1cd/03fbd31b87d40	2.4304429266614953	2.5573125
1ce/7b5de263cf882	3.4449188058873816	6.6275625
1cf/048c4295cb289	1.9344210501853045	1.4895
1cc/33458dfdf8c77	3.1286086654054728	3.35
1cd/8d68b559d8d2a	2.927596183072534	0.6240625
1ce/029ebafbebcd7	3.064143328992702	4.009125
1cf/1a61052f7a3a2	3.0754975944030964	3.1748125
1cc/b71c5e3acddd9	2.8229984632872203	3.6333125
1cd/8a32f35dca953	2.9150034583394246	3.3141875
1ce/cc99bc43f9002	2.6732542315747057	2.3926875
1cf/e5f50c57db8d2	2.7940457457724137	6.790625
1cc/eef90cd232adf	2.9241643146184186	3.556125
1cd/8756d7c37a223	2.888100748596835	9.00025
1ce/8071064a0fb4a	3.0992681810730134	4.104125
1cf/ca2ccc4f715b1	3.563342315175636	25.37425
1cc/1d052d96fc9e2	3.3953478045000027	9.395125
1cd/766b75c2d961f	3.0889478163069066	2.8204375
1ce/14982307eba55	2.8448995136639055	5.7075625
1cf/fff697c1d1495	3.39348387152966	9.08175
1cc/dcfd5e6f9d3ee	2.9889175281379394	7.9465
1cd/916b0874a8644	2.8289068805383843	2.2605625
1ce/449f33dd42e3a	1.0969221734991097	2.0780625
1cf/6188409bd0b4f	2.792825984352261	5.73425
1cc/abc74ce3e1a56	2.855601446258145	6.055375
1cd/1c0447e548680	3.30803238866139	5.474625
1ce/0f4e8ca2496c4	2.808341170910662	5.784
1cf/096014468f9cb	3.276656709050957	9.2300625
1cc/106cd01c4f14f	3.1405153606027367	4.421875
1cd/a1cb492962ec6	3.0278158974882765	3.079125
1ce/3815087bbad28	2.888268924421813	7.3935
1cf/8e2a4a6c475e8	2.9768608708236335	7.627125
1cc/c6dd02fdda1c6	2.2135321110550845	3.960875
1cd/0d8c5a5a9a589	2.0669251455423012	5.112625
1ce/1880eb7cbecf0	2.1521267646415465	2.4279375
1cf/f47974a99860d	2.0562525140215024	2.773
1cc/72b94922218d2	3.161998264213611	9.3845
1cd/58e84ac0df1b1	3.1088535483185304	14.6110625
1ce/9d88c097ff6c3	3.1184642186347626	2.4969375
1cf/7a7723e55295e	3.1916939208485644	9.790625
1cc/7bcb47e476a70	2.67103879731641	6.04675
1cd/8f7f81f1705e4	2.9488298366118406	1.5633125
1ce/7d87f41fb5d54	2.9409973884753264	2.1856875
1cf/07af8fbf6026f	3.1155177492585833	8.4293125
1cc/81fd0bc42f63f	2.5969155582801555	3.694875
1cd/93a8b38ce6acd	2.474105953555567	2.853375
1ce/30e5ccd80202f	3.377131283890413	5.4585
1cf/4865fab648855	2.352712205223793	2.34
1cc/1e38fd847780d	3.138433543549482	9.04125
1cd/d7fed8e5e86be	2.0144647632437938	1.771125
1ce/f3f59713b841f	3.2334874336224013	13.5841875
1cf/d33a464a20f98	3.117141957201484	6.2036875
1cc/72b56af35766e	3.2723231745461105	11.3918125
1cd/455088e5c3ae7	2.3170878922638556	0.8646875
1ce/c0c2e9bd8d5a6	2.4683356812092323	4.57525
1cf/9f84fa00910a8	2.8119883426690393	2.259125
1cc/5df91e94637b2	2.262292524998635	1.9698125
1cd/a80674d40a8db	2.823849250093118	2.1605
1ce/d7653e0cda8f6	2.018035416999651	1.7583125
1cf/944e238ebe7aa	2.886598663758986	11.7944375
1cc/f47907ceee05d	3.3962989249730438	4.573625
1cd/2beaa3adc5741	3.2078151001515867	5.192875
1ce/4cb35321234c9	2.3232720780528067	2.591
1cf/a86e9906d4bc3	2.3898714162051378	3.519
1cc/b6aa6397ab166	3.267195643223822	2.9091875
1cd/d84b92ffa7c84	1.5218462935404797	1.6116875
1ce/4a871d72adaaa	2.23309265443251	1.016375
1cf/368060d0f0262	2.3403045039127073	3.3405
1cc/a0e867030ca21	3.409987683068503	9.578375
1cd/b2567c5e2bdab	2.5227985237073325	4.13425
1ce/2ce8fd44490eb	3.18360467797732	2.5815625
1cf/cd3d4c62538ac	3.398644980042056	13.9250625
1cc/8b35796f08fe4	2.868064087740563	7.13425
1cd/d0b145ca2b841	3.453583247389859	9.2441875
1ce/89b01b057d90d	3.3831927757607745	9.0281875
1cf/3f23d33f3f61c	2.2377198773051927	4.44125
1cc/28dc4c5db3793	2.8207740754967583	14.6011875
1cd/8262c28acdd76	2.781095056177789	5.7875625
1ce/4e0e8d1182c6d	2.7169814236362657	4.8399375
1cf/8a3572bb54bbd	3.1229318498543748	6.67575
1cc/8a1abfdbfa26c	2.564786535486146	2.9826875
1cd/c35f4d3b402f4	2.7816453532345125	3.47575
1ce/9f47d8a7f0c98	3.1816123950230537	4.961375
1cf/b68da3133bfa2	3.2456019217385212	1.441625
1cc/d31868b1a6840	3.3694072795201437	9.4330625
1cd/eb0f17e76861e	3.148862482643722	3.940125
1ce/c7ffd43687c9e	3.127620647991909	7.1379375
1cf/4d5cf0b988104	3.4361558609530425	13.6155625
1cc/0b2578099aa50	1.1317357581214376	5.9423125
1cd/0e3e1866178ef	2.0369876093857724	3.8885625
1ce/b65bb4e4ede01	2.79137494174388	1.97125
1cf/45c5d178853d0	2.8326247893526046	5.9254375
1cc/87f615e709424	3.1316611225289606	3.3806875
1cd/29d019812053a	2.808528867461395	4.3808125
1ce/571a8f6b32990	3.1738597737199417	2.9695625
1cf/e0e448a85dce4	2.9079873938897505	10.143625
1cc/1c2d1b5efe621	3.370220010828962	6.835875
1cd/39a54b0007dc9	2.938918866320228	2.9044375
1ce/52baa4ec9bc9e	3.4808693978187732	15.785875
1cf/a61f1455ba59e	2.441774674612869	8.9235625
1cc/4f9f02bc42034	1.1653948242803636	2.5366875
1cd/9c6aba49d893c	1.634811770056753	2.2915625
1ce/a5442308499ef	3.496932213536102	7.781875
1cf/d096567066810	3.046522208691605	16.201
1cc/82afaefc86561	2.681590094657628	3.17875
1cd/fad62675ee2fd	3.368483217105576	10.645375
1ce/06e27d62e7e59	2.967548903132005	6.1750625
1cf/370c3508630c0	2.5339276393617562	3.4249375
1cc/0521442bd3909	2.492105422671569	7.036875
1cd/529181b73dfa3	2.8852255688763266	9.7594375
1ce/8be282c436be1	3.1043789873662258	2.7919375
1cf/56ffefb041e2d	2.4162154425518474	10.7966875
1cc/88740a160675f	3.1919209267044186	10.2916875
1cd/5de7a23617923	2.8075320615208326	4.1455
1ce/eb8b8c6711120	3.16259083598153	9.77675
1cf/b4622925bf757	3.1989166624490104	7.5035
1cc/36553e3ff1bed	3.4608100512807285	5.34575
1cd/8ebcb7b238ee6	3.3064413467640854	8.6789375
1ce/032b2957f69b8	1.6099096189745017	1.5343125
1cf/365673887b19a	3.3763738624692956	4.8063125
1cc/54a9b4efda837	2.4070829808747147	3.25075
1cd/12ad6896f3429	3.346589141685172	16.0528125
1ce/058656968dc0b	2.5120555273048315	8.4269375
1cf/91a07fc4b5ee8	3.013169049182936	3.856
1cc/00c6a8a452dec	3.033215407908267	7.8385
1cd/3f4437bfc8ecf	3.1658191130497726	2.4605625
1ce/7a717c889b13d	3.2034544184875426	5.1646875
1cf/72ae5d5832163	3.0256765388945475	8.14575
1cc/7c95a767a3d5e	1.882347792692042	0.8545
1cd/e811d33610e12	3.2916735262299066	9.7111875
1ce/a0b6dbfe98e72	2.974804377435349	5.3119375
1cf/026c16acdbf47	1.7563910222116514	2.63625
1cc/e372ea7db62f1	3.4067886956945177	17.91575
1cd/8952d3b4ff06b	2.3024074235612595	8.0273125
1ce/6e0e19767152f	3.034990056263728	7.7696875
1cf/a3fd25364adbb	3.1294471000176385	5.356
1cc/31741b63adaad	3.1226307880382382	2.84925
1cd/f0e7995cc1810	3.427440706022444	4.90775
1ce/489914977bc76	3.058146282595916	2.233125
1cf/ced2f8172e218	3.3584865349314996	6.89725
1cc/77530d263ac3d	1.141142203990703	1.009125
1cd/377cc9036fcb9	3.177331493749851	4.1265
1ce/2e0b007840fd6	3.219198062066604	11.1024375
1cf/2f747ba176e18	1.9824464560736992	4.2430625
1cc/7c8c4f18afff1	2.6810007615453575	2.278
1cd/fc550e66c7165	2.532420788291043	1.93875
1ce/cca30cc0bb0e9	3.3175280373654013	8.949875
1cf/1c4e5433e909d	2.865335414737487	21.09875
1cc/b3112db491a5d	3.4449924759967296	15.3349375
1cd/277ed0179b4a7	3.4318004498465617	7.1334375
1ce/5aaae08667ebd	2.412514813469604	2.1705625
1cf/43fd3240246a6	3.317853516553144	15.0739375
1cc/6e51068a4246d	3.367718518934199	6.5505
1cd/a9056df1e5965	3.346476254323502	6.663375
1ce/bf869f0e80043	2.4615393029364574	3.56675
1cf/5d2cd6b8eea98	1.667549710986607	7.0798125
1cc/64fb400c685cf	2.89080070495991	20.680125
1cd/db0bbe7b2adb1	2.805496614353081	2.733875
1ce/7a3291daafac9	3.466434325518939	4.40675
1cf/ea78ca6f1dbd9	3.3950454758973234	10.3170625
1cc/53a2602806b0b	3.4573213172488884	6.8458125
1cd/319590fa2b41f	3.188228987258966	3.2703125
1ce/e1b2ce203639b	2.0714973309240206	3.2961875
1cf/73a8669c2eae8	2.177323210009733	2.1145
1cc/6a656463894ee	2.8628215436568722	8.0808125
1cd/d237b32a04e36	2.984459301647407	7.5645625
1ce/b0ed6d7fd1737	1.0996283538183125	1.1969375
1cf/ac66724a3a9ce	2.7310795208815986	5.2118125
1cc/3a513b03140df	2.269630695849092	3.372875
1cd/7072623cf2faf	2.931384983110518	5.528375
1ce/4bd416479aae5	3.464413047720346	20.6090625
1cf/8b510dd7d66b4	2.447236867233795	11.1043125
1cc/63b73c43d20c7	2.4116766663399365	6.5460625
1cd/9a463f8da0492	2.1868929955946497	1.394125
1ce/4d009232737c5	3.0009623601272373	9.3886875
1cf/cadaa3bed87b3	2.4661532081951454	2.3526875
1cc/c31495db53445	3.3802665946061334	9.19875
1cd/bf9f674f0d31d	3.4506505137175223	15.7069375
1ce/338fc72ba20da	3.2435188261354324	14.2345
1cf/2c2b394e8e2ed	2.695844294162848	6.3521875
1cc/8db13b981ad52	3.0673612074018557	9.6295625
1cd/e9a8ae28ab49b	1.7963784477436897	4.8649375
1ce/cedbf488db4e0	2.8456077107633018	5.2155
1cf/134aaf65c8208	2.523434935985031	1.2695
1cc/833e13ecf3cef	3.0786393007699426	14.564875
1cd/b3e1ca7bcc870	3.0570138294597573	5.674875
1ce/ee7dcacf69c1f	3.1256084007826335	5.7838125
1cf/f87eb1796742b	3.112014338183007	3.3636875
1cc/55b524f5e4df2	3.2678164728098156	5.9313125
1cd/ccc4b80aac496	3.424986373494194	5.4858125
1ce/76ac8ba0e29f6	3.292316836661817	9.906875
1cf/810ab94382180	2.1194754886444143	9.87725
1cc/26809012e5518	3.2634265419946464	4.083375
1cd/d8ba99c99b69e	1.0544703826597186	1.3941875
1ce/e158ab746c78b	2.2014355003448562	3.2513125
1cf/8f84438af53e6	2.3300558194159606	7.328875
1cc/4ee60bd2377b8	2.6426915188935682	2.370875
1cd/53921eb9f69a8	2.1799671542272256	3.1745
1ce/6c98c6f64e850	1.5316861422424466	1.874
1cf/76eeeb37347c2	2.5546251178615123	4.6583125
1cc/d3d74e2af6a89	2.369005436747699	7.1131875
1cd/4a23f96bf0baf	1.8111008746683812	2.0314375
1ce/7ff96cc932111	3.1181077743561465	4.2475
1cf/651a367778bcd	1.110878526650582	1.3160625
1cc/962a06b77282d	3.4416583406264816	12.7610625
1cd/ef19e7110a1ce	3.015683645663834	6.2955625
1ce/d15659f58b18d	1.9840554808807067	3.516625
1cf/2dd1f9b51a2d0	3.2858650901007382	9.1998125
1cc/a8fbce10f8a78	3.0889155092251923	9.4133125
1cd/bcb034a676c97	3.323129330192797	7.6786875
1ce/c9fcef55740a8	2.935983792890448	11.528
1cf/264638a0b8fdb	1.8204051279521303	1.4946875
1cc/06735a18087d6	3.233065261506949	25.328125
1cd/0177fe2deffa1	2.898159238754076	9.843875
1ce/7b9fb0928a1d1	3.4364707292097902	9.7719375
1cf/d3d6fa8830fba	2.91768998983166	2.220625
1cc/2260b4d780cc7	2.9243132192683308	8.403375
1cd/2094cc6681ec9	2.798134383239185	6.61775
1ce/e041917281084	2.8056203418192913	3.720125
1cf/298263580686b	1.9903777653040193	7.4216875
1cc/56bb0da5b0e56	2.970297766403467	2.2045
1cd/60f5bbf7ba27c	1.9728425909324234	5.118
1ce/e71b0193f8fc9	2.082944673887826	2.4781875
1cf/e9b573259f963	3.073380199285014	3.9218125
1cc/55d868f8a92c3	3.198920767270176	5.1148125
1cd/7e5f0ad54acae	2.4816446423741882	6.87925
1ce/7b4fd6a38d963	3.2399732052804744	11.9030625
1cf/dab325d5d6e0b	2.1597584371944363	0.72025
1cc/f825e84955e94	2.751263991659536	2.559375
1cd/86d40a3a71a5b	2.6676793501584575	4.1605625
1ce/c15693f54ef56	2.4089237038423303	3.1495625
1cf/9198804c69a01	1.2646233884538098	1.6628125
1cc/984259520b448	3.4939825520939323	6.071875
1cd/ff293fd749299	1.5920502062141346	3.7149375
1ce/92cfcdf89b225	3.09441226836715	7.2079375
1cf/bb7a33257fb95	1.79497097049344	3.613875
1cc/044f44006a4b9	2.323681275037399	9.70475
1cd/bb548d7f75d6d	2.3444069162851435	5.0766875
1ce/a2b68780d71ed	3.108657303442995	2.594375
1cf/788b7a3af2ae6	2.3104854929978305	3.99125
1cc/356299409513c	1.1517886509059032	1.4895625
1cd/23ad95323be3a	3.3894255297804774	10.77325
1ce/9b0bf3875267d	3.3496073114453644	4.2014375
1cf/16f2430a11c6c	2.5404598894005055	10.435875
1cc/caf5189345998	2.4590186990169065	2.4224375
1cd/bcef0b0cec529	3.277676381553937	3.120375
1ce/f70ff078cf3c1	3.1824401660904145	8.0826875
1cf/b24f136086859	1.8016542355416365	3.55475
1cc/ff52af1bdff1f	3.0605873028658372	8.3131875
1cd/07ee58de07761	3.2265114681490163	16.587375
1ce/e2a5e54b81095	2.7180197007392515	4.9231875
1cf/24f394f7bb383	3.4741091469326304	16.8126875
1cc/202645165c618	3.305689164707491	13.264875
1cd/270c11e3fc8f2	3.3852050073758893	6.8575625
1ce/ec528764b04c2	2.898393263161592	8.914375
1cf/182a1aec79688	3.3385210795398956	2.6935
1cc/9e7b8cb16bff2	3.3949009248808344	15.740875
1cd/cdf28cf4e5d39	2.8525339002891505	17.774625
1ce/8a2d595928fc6	3.37315624743525	9.611875
1cf/0ec134c991ed4	2.450530817492995	4.66875
1cc/b705dc4b1a58b	3.2301278622077465	3.0959375
1cd/57be1ae908591	2.989471450673653	5.89075
1ce/1f749268da703	2.0903612257698363	0.76825
1cf/7afa5aa57bfc1	3.2981958700924134	6.5254375
1cc/b3923e2616d35	3.0622217657733923	3.4835625
1cd/16d7917a8b0a0	3.1555599285472593	6.442
1ce/3a586bebc071b	2.1816650810378495	2.4938125
1cf/c89732c9df032	3.010298434956045	5.782
1cc/45f59f61384e0	3.137515755790955	8.9800625
1cd/c1af005af6bba	2.306553310683789	3.3789375
1ce/372a807817123	2.9094315667746375	5.8783125
1cf/6466ba931455f	3.106657242043003	7.7981875
1cc/99e040c04b90e	3.0838817349123113	2.1430625
1cd/ad08e2324f624	3.01265964213593	1.658
1ce/7b2bef1b0c1c7	2.8345228442699457	4.0464375
1cf/50b4821f355e6	2.3493332244103518	4.397375
1cc/0c8301c542a39	2.778494375142083	2.49525
1cd/67381f64ff206	2.2981590695891576	1.304
1ce/b688036e28ed9	2.5346707026949193	2.8493125
1cf/27fa71018cfa6	2.840743073864041	6.51
1cc/15292b9767103	2.19234877026811	5.7886875
1cd/754ff8dac19cc	2.3288738636017814	1.7530625
1ce/daf8d7e3439b6	3.0015585039716357	4.404625
1cf/eb7a83d7c3b15	1.7698434744416924	2.12225
1cc/6bf13367d1bf8	1.876430539253196	3.0079375
1cd/df0a94f2604a5	3.3678835645588485	8.8236875
1ce/c463c8f3f78b0	2.676296167801528	6.7293125
1cf/700d71765b0d4	2.135619123698644	2.3593125
1cc/8fb61bfda28fb	3.1390331727768053	7.94025
1cd/044e6943ba212	3.324951215279643	4.6059375
1ce/941fb38a6b436	3.445798804287372	12.18775
1cf/14a698a5c998b	2.584031268410615	2.545875
1cc/4258ef994d27a	2.68696441045596	7.44825
1cd/402329c640ffc	2.133125461389607	1.7738125
1ce/e13b56ffd35c1	2.1612499337306468	1.18075
1cf/461a057b9548a	2.2977498933301925	2.92825
1cc/f8c82bbcbba30	2.339653633819066	8.71225
1cd/6cb21396e6565	2.978472667247868	6.896125
1ce/920f2277de87f	2.1201324415773946	1.2975
1cf/74affe4070c7b	1.1814510578613175	5.4805625
1cc/7ece2e75979a2	2.728059238159335	3.2631875
1cd/99b9ce1f2e638	1.9788796256677443	2.1129375
1ce/dc7cab82e9830	3.150806548918617	1.3885
1cf/7f5f088004ae3	1.981823350475221	2.6556875
1cc/d2ed04a190827	3.1386160774699072	6.5378125
1cd/bfa2e1b355345	3.2156668299661733	7.5503125
1ce/57502cd0b9dc8	2.9574468777346046	2.62875
1cf/c3aa49fa2f0c1	3.1532785451069825	2.0019375
1cc/4f5295085a3de	3.1428593991559577	5.944375
1cd/9b7a00766904b	2.4807513038074616	2.545125
1ce/44e1e244af3df	3.2954665457914207	11.9770625
1cf/50ab553c19c29	2.7331258036766557	2.0179375
1cc/e08517d1e1f69	3.2754287192167766	5.2123125
1cd/57ccf711d8f5c	3.0480214573290967	8.343875
1ce/02b8cec1a372f	2.1646701125572347	6.52925
1cf/78a4023373ccc	3.1688570951601576	9.4150625
1cc/233df6a0bb972	3.2862138747430922	5.03025
1cd/9e6560e2c0a2d	1.2210742873920428	5.94525
1ce/f6dc696f5a583	2.4637918504093186	3.8193125
1cf/5241a90f1cf1a	2.9354785028307533	1.2818125
1cc/b699ecb4b5fb4	3.111723362832429	10.7370625
1cd/0633ba21d0ff1	3.4025723553255998	13.6571875
1ce/8d2f46dedc05d	2.1088910215159915	7.9226875
1cf/bb3ef1ebfe2cd	1.572455717089499	1.7579375
1cc/dd877cc4db0e3	3.2649796616069287	5.097125
1cd/4a1a2c2701aae	2.956253978430602	3.108875
1ce/1292c0fa0756a	3.15112942361594	8.3169375
1cf/cf93845137fc2	2.920426088787809	5.9369375
1cc/7bc806bbf334b	1.0752431545169836	5.9969375
1cd/4535b098a7ca1	2.082971502653167	1.7686875
1ce/3c5c65cc6cf0c	2.769052096848694	6.92275
1cf/06b8f650625d6	2.9942479163697366	4.941625
1cc/03e9366aa2292	3.128797666449819	2.5184375
1cd/28dfbffc39cdd	2.540309519084498	8.723
1ce/68af51d270cf5	3.017763816769912	4.76325
1cf/0284f74bd7ab4	2.038002577907076	4.82625
1cc/c7ff83003969a	1.3271952012016464	8.5655625
1cd/0c5dee910ca95	1.8704521028940309	1.0006875
1ce/c6ecd171a3abd	3.0242382613650904	3.7983125
1cf/f084061083feb	2.6627669187336953	1.8231875
1cc/80d4152bee1ae	3.258819169591052	4.846125
1cd/51a1f833fe795	3.0812534475525766	8.2395625
1ce/878385e9b7f57	3.3762567193334014	7.914375
1cf/43b07bf4ea86d	3.3453608711578777	2.5493125
1cc/42fd558ced6b9	3.0008724681815337	2.8754375
1cd/a6deae1a3c71b	3.129714066852197	6.4306875
1ce/dba379d71caff	3.3095187985315055	9.2810625
1cf/fce23bfc0d0f5	2.670805182794488	4.705625
1cc/e4f113fa1e348	2.4877269945953446	3.20925
1cd/ee6e2ec4ea8ac	3.0275744390555968	5.0368125
1ce/a68383a903f5a	2.348584633782629	1.634625
1cf/9b3f995fa5e5c	3.1490988029762264	4.1165625
1cc/8350673069092	3.1371756559910478	4.30425
1cd/ee35c30326442	2.989100245954541	1.3178125
1ce/1625face49a77	2.000152146890195	3.560375
1cf/f3d38b0958d8e	3.1933114686429707	13.4794375
1cc/06bbe582f3293	3.4047535930027695	13.476375
1cd/335e5e8e6402f	2.3229615830384014	1.9843125
1ce/efb48be23bd74	1.8504690254790446	1.8063125
1cf/9673adb4fe844	1.924792615424983	7.5591875
1cc/140ae03c903c4	3.3010266847323346	11.0434375
1cd/c9f7c7d71a335	3.368901828492631	3.4364375
1ce/e6a3a257f3a14	3.2372247246929486	4.775875
1cf/0d250322a13c6	3.3821691304831036	10.603875
1cc/66dee2c95e935	2.668606480736944	9.293875
1cd/a0a8ba66a6347	1.983688000558415	5.3298125
1ce/9b68dae61c154	3.388006943318416	8.7999375
1cf/22dbb98028056	3.4286368852474216	5.864875
1cc/4988fcd2b8afe	3.2765014594877413	6.3205625
1cd/50ff37b7c69f5	2.4120779347171997	2.842375
1ce/00a95bb9b4e82	2.6301314504634155	4.9685
1cf/938d8df81c91f	2.6568454887420083	1.6345625
1cc/58990cfff017e	3.0747292683112666	1.9718125
1cd/dd308809ba523	3.2269421113588663	9.07025
1ce/97f99b883aaf7	3.223807393096763	7.9824375
1cf/7aceb7680d776	2.673765513353964	1.2196875
1cc/a6d34ca93c437	2.91404047140613	3.315875
1cd/9ace8ed6fc9dd	2.457771913727028	4.370125
1ce/be748a85eeca7	3.3425652661788803	6.41275
1cf/a7e56f28816e2	1.8909043360356261	3.93925
1cc/35b205296ac21	3.293607287167334	3.3780625
1cd/b59a123085741	3.197833561549359	5.6308125
1ce/3143c6330f5bc	3.372243431428003	2.4224375
1cf/62adbcfc6db1f	2.8316450870926957	9.222
1cc/b57efa3cfd577	2.8571712246573613	7.0385
1cd/77b60b8cf0293	3.372312203859488	6.63625
1ce/a8ef7b761001e	3.298964827046284	4.44225
1cf/5fef09d6f553e	2.958515696171277	1.8254375
1cc/c2bf91fa3e658	2.4881430554507302	11.3175625
1cd/66e8c131f5bd9	2.6753082679015643	6.9201875
1ce/afe9efe1e5afd	3.238502175191364	7.136625
1cf/1c1b15bffcc18	3.4642574430476407	12.9760625
1cc/4becca7fb17da	2.13861076421583	1.682
1cd/d79fa91becbea	2.863852703912354	7.91475
1ce/63feadd45fc0f	2.2153455727043005	4.0085625
1cf/581d0b9ca9157	2.681143345667906	9.855125
1cc/991a060094592	2.961759461580055	3.6738125
1cd/b767e10d16609	2.7031133453443896	4.639125
1ce/f18271292d56a	1.7176252813761328	3.031875
1cf/d3b652e7f27e2	2.8722873106697784	7.9555625
1cc/a3dfd2db8c447	3.4426650585982137	7.39125
1cd/e3b7c51e89f4f	2.533527055499102	1.769875
1ce/71d7a68755f26	2.7605850241127534	14.3866875
1cf/3c1c9291226b9	2.574339032842626	1.5936875
1cc/a8d37bc8504d0	2.8542748451722515	2.692625
1cd/f44fa089d7954	3.1705655266127595	4.8341875
1ce/54c15f95bca3c	2.528347652135251	3.4978125
1cf/645a4c2442102	2.763323594607349	1.4904375
1cc/39094ee4360eb	1.463590312464815	1.6418125
1cd/0b745acf8fe01	3.435016057661013	12.3643125
1ce/d69ae61ccc678	1.3815034516132085	2.72725
1cf/0644dc3e3a832	3.439506091949418	11.16675
1cc/995d1bd431967	2.83429618414675	9.78225
1cd/0326d4d34b688	3.2214206199903503	15.05375
1ce/464500bcf8e28	3.511036945172769	5.1114375
1cf/2df9d56413e94	2.0676679441430994	1.56175
1cc/a96a82d3869a8	2.349179750222814	1.8264375
1cd/35b73156c5ec6	2.58758704114867	13.1759375
1ce/a650b9fcb279f	3.0960441793851587	7.787375
1cf/afe622b4832a6	2.959438943708134	11.3691875
1cc/2998ad819b5c9	3.393334529929798	18.174625
1cd/13debddcb997f	2.2031496808635804	5.3741875
1ce/d9f4d73b7111d	2.1777248873763346	3.4048125
1cf/5d3b4fe16b06c	3.0402602033689945	3.133125
1cc/81e33dda4cbd1	2.645692513686652	2.490375
1cd/27a3a5fc0a007	2.7116028145576876	7.0474375
1ce/82edd26f00b4f	3.2594591569560314	2.2436875
1cf/ba680dc4822bc	2.3277959316814085	3.9408125
1cc/4613d9e34ac35	2.872881787945774	3.752875
1cd/659b19b6a5f63	3.4527297894066784	7.8123125
1ce/e6bf7b2e1364b	3.070323848676131	7.8879375
1cf/1cc22f8082b50	3.0901501774198405	4.609875
1cc/2270558403a98	3.4158419199000387	10.1645
1cd/4419055fc324a	3.4251794051810003	5.2664375
1ce/41857dcea025b	1.6708084604522053	3.3445625
1cf/99beb31630351	3.130958709975096	4.1888125
1cc/3419c42841d7a	3.297814921880538	12.8083125
1cd/2d7d0c2243bd3	2.4819519804455914	3.1966875
1ce/df35340941c8d	2.3136967706795533	4.418375
1cf/3718751c4061f	2.095268924516904	2.260375
1cc/0e125c34ba941	2.604927106358207	2.81425
1cd/c60fabd9c92ee	3.3796863623110025	4.8561875
1ce/5aba717e6ac79	3.0300252741532283	4.152875
1cf/03187b19a78d3	1.128756540181245	2.4483125
1cc/dbecf4e16e07c	3.2260690673881056	2.792875
1cd/fbd5b9746581f	2.145335158993402	3.844375
1ce/30181ec0ec6c3	2.859236182382801	5.72075
1cf/391aca4847ada	3.111107450047703	5.00525
1cc/3cb6007c2c948	2.622637031951687	1.73075
1cd/885009a2f5a2b	2.6763553422311657	2.1628125
1ce/5853c87cda321	2.6184771847186092	7.50775
1cf/f1cc8458373b9	3.311687350356065	7.7988125
1cc/e5036ff8700a3	2.688124759404313	1.0400625
1cd/115452209b93c	2.6066826880641583	8.448375
1ce/20bcb9a561c47	2.1191119510290726	2.317875
1cf/6b69565ab139e	3.0478964640536996	2.716
1cc/4d4a7f9c403ba	3.566099651372701	2.9961875
1cd/c688d9e281a86	3.4537108776036622	9.5955625
1ce/e9e910fd77e73	2.270417273866288	1.981625
1cf/febe14e2cc75b	3.031713225815566	2.879375
1cc/d56cede71512b	1.8997564585986515	4.7375625
1cd/07cd9fbdc5826	3.5137380626483887	10.036375
1ce/946d9fbb9e4d5	3.03895020106837	8.1635625
1cf/b30a176db4daf	1.9266919432810174	3.076125
1cc/2425d00b06e77	2.9869788721229407	6.8816875
1cd/9ae4d146c140d	2.7438362498511717	11.07625
1ce/fc0059e1bbc40	3.013367181228168	16.0349375
1cf/a97a619bd5579	2.935305964675789	6.5586875
1cc/dbe609f93f59a	2.4264420222177177	2.3504375
1cd/36f513d57a1e6	1.2849396770279433	1.9231875
1ce/07bf8dba17062	2.754022443332635	15.5264375
1cf/6a4527d51d652	3.3135714677418906	9.13425
1cc/1f7245bfb9887	3.2819374038789833	9.28525
1cd/5ba80fa3865e1	3.0984291248206848	3.8361875
1ce/aa47b9dfe26c3	2.8506352101483268	4.12325
1cf/a80274080b02d	2.9300539632248004	2.85725
1cc/b2b0a9cd9b12b	2.377563100068151	2.3070625
1cd/c1b81ff2001b8	2.858181166209951	6.5083125
1ce/23eb8640804e1	1.9044125130471299	0.7201875
1cf/f09051918c1b1	3.419794770418724	7.7158125
1cc/fa2901298c7f7	2.5785195286941045	4.3093125
1cd/25432d5253089	2.5328622685978632	7.2411875
1ce/13eccbe5e0a2a	3.275152889401567	21.9840625
1cf/8d36a29335277	3.329228721814772	10.8569375
1cc/42ddd52eb45cf	2.6416898093266004	5.0169375
1cd/7d09d3ce1bc90	2.86775473120379	5.5213125
1ce/0779aa17bbc8a	2.9224996831931045	4.9081875
1cf/e4e6f4b9ef09b	3.4295317385547155	6.3271875
1cc/9517a1c30131e	2.5495148979629523	5.0995625
1cd/7e8b1c006fe4b	3.4347382109734146	10.7650625
1ce/67626121ddd00	2.647640893762617	6.5888125
1cf/b688a47b5ce53	2.832356540333536	2.1951875
1cc/cce43ab14e5f9	2.384955556327597	2.08075
1cd/4d4f6b1fb00e2	3.3722704606919662	7.1576875
1ce/fb4cb46d1f91f	3.2468177382052077	6.63575
1cf/a0e5c02151eb4	2.8970362996727896	6.9395
1cc/8f11dd41915c9	3.2567831228485047	15.1678125
1cd/5eb083b0f793f	2.3522321751533046	1.10475
1ce/5f41f27696aab	3.20347043653878	0.794125
1cf/12f9489cc1a16	2.281296591481926	4.9610625
1cc/12499dbbea5f6	2.6558557654229387	6.703375
1cd/12829beda2d26	2.688429073926162	2.6611875
1ce/1a00eeacf16ea	2.071145313258888	4.2495
1cf/b39d993c6bbbc	1.0845222649793778	2.4834375
1cc/5f8572734d51f	1.9529396676740056	3.6000625
1cd/2914f62029f2d	2.6873537769905758	1.4204375
1ce/d4bc83abedd38	3.0438011520243164	3.188625
1cf/13fda2fc1c409	3.0810041641652743	4.6859375
1cc/d2eca2c22751f	2.32420412590827	1.8839375
1cd/e47781dc6eb89	2.4804965276106676	9.8001875
1ce/43908e0493eb4	3.3123647541693253	3.93925
1cf/f03a1467932fd	3.5015600707340115	15.63825
1cc/6b5c30ff45bc7	2.903389892679795	1.3940625
1cd/f90a251506622	3.201872253481152	6.27175
1ce/eee126de432b7	2.6538506404966147	16.2468125
1cf/5903610c73b8d	3.3388906298665018	9.5673125
1cc/43b0aded4c245	1.555530771222565	1.9714375
1cd/676bbde53c664	3.465403370245442	10.471875
1ce/3570bdccfc387	2.248393264755364	3.84725
1cf/2eec39efa5667	3.399606260211439	2.018
1cc/5c737fb558ed9	2.3013116224529777	1.7176875
1cd/721cd103c805e	3.2197708400741107	2.359125
1ce/08ca6582fdb37	2.755506536576302	5.728625
1cf/d1406f581c180	3.378489213851514	7.6945
1cc/bbb1ca8b52247	2.5077831030286175	7.345
1cd/a5f3ba24a1f9a	2.6807178929888966	1.5828125
1ce/0e62003330ba5	2.791554629406909	1.996
1cf/a34a21e0b658e	3.3975908541467703	8.8000625
1cc/04f1087add80e	2.768164162427386	2.46725
1cd/c8817600d1c99	2.148813668443816	2.2225625
1ce/ce74a8ee43cda	2.9746349103862717	3.0861875
1cf/95cd9c8b07a0c	2.8356721234893096	5.4734375
1cc/7c5e2e73f0735	2.586963192248164	2.570875
1cd/dff373e189b65	3.2832589494430073	4.9029375
1ce/cbb2e5289d3a8	2.7253973432806813	7.8219375
1cf/9303cb4d97508	3.287781484651465	20.8456875
1cc/15f7103fdca05	2.6617421191543174	1.393375
1cd/14fad6bcde499	3.049661160879464	1.3129375
1ce/e23d4fee75da2	2.244080704691443	3.2024375
1cf/dcab952c32612	2.7068426326117936	3.7186875
1cc/fb3b2ddd42ad3	2.967736616994651	4.5924375
1cd/7bb24e4b09634	2.8385193221357263	2.487625
1ce/434f96fdf07c8	2.9011221035063164	7.03625
1cf/6eaaea4a3ebcf	3.499225603338753	13.5478125
1cc/5b95f5d03dc21	2.6284303299945093	4.512125
1cd/2a4ee26ef212b	2.9928908414131703	10.032375
1ce/71ebb861cb77d	2.4555875424156257	5.5358125
1cf/59ab974b61736	3.20180628607529	4.0689375
1cc/9364fde27c55c	3.418116339473525	7.82
1cd/4619becf5f620	3.3686516447442467	2.0194375
1ce/53b9fa4e84a0a	3.024201675851923	4.232
1cf/534e1d848fa41	2.8833572669353615	7.5316875
1cc/b7f97a704b4f2	2.583678985784749	5.563125
1cd/e9f10cd025604	2.730205419004745	2.0030625
1ce/379e27c0f8216	2.525263585263025	5.4570625
1cf/55011175cf973	3.3354793743044846	4.7111875
1cc/9a170363bb05d	3.144725803819851	6.2615625
1cd/a7e87565ca794	2.594668509723692	7.3616875
1ce/06926e87ea137	2.9066884138415254	1.5916875
1cf/58b640e9bfba2	3.0589342652717666	4.2110625
1cc/0de8b9fe708eb	3.31813488967604	2.573875
1cd/c591ef052c6aa	3.317519415733268	5.1585
1ce/6e296b914e59c	3.174559792531476	9.4146875
1cf/c665ecd76632b	3.1886074166209273	4.733125
1cc/45f96af90a0f8	3.4026843071754227	15.19275
1cd/000329a4be3e5	1.1310253248297877	2.54425
1ce/2e690a421ae15	2.534538553270631	2.259875
1cf/ab018236796a9	3.3715068592644566	5.750125
1cc/ef5c0e7dbde29	2.391460608467553	4.510375
1cd/af07936bb4772	3.1812509095445964	5.94275
1ce/b9dccddd0b8ab	2.9370911266736317	9.3683125
1cf/3ac1c5e076ba7	2.167250823214216	1.889875
1cc/30f9f44a8c711	2.886443952139934	5.6753125
1cd/85dfa5af0bcf4	3.0898088459559214	4.958625
1ce/3c71bf33cbc3c	2.2517119526573453	1.7366875
1cf/3032a93ddb3ff	3.0586026331092073	10.92975
1cc/cfd4b8affaa67	3.234689615526527	6.828125
1cd/1633986ed43c7	2.2339047836369326	1.5131875
1ce/cc9c21fcbe93c	1.1191815979353135	0.7933125
1cf/309db6e0793dd	2.9420595021272993	2.618875
1cc/cceebbf3926d3	2.9501558356942166	6.9985625
1cd/ef274dba1b7d0	3.1834007150565853	2.434
1ce/731b574327c52	3.2900668090094514	7.454625
1cf/d66f4cbfb5305	1.685317498295488	1.009125
1cc/b36b1521e5a2a	3.102005985730154	3.13525
1cd/c7433254b33f1	2.970971154297497	10.4643125
1ce/4103d15ec4ec2	3.2200724261043003	2.6730625
1cf/07bb394bd7644	2.0044682727259797	3.5321875
1cc/199b35323a9aa	2.9170537872050155	3.2343125
1cd/9162ce8952032	2.504236911234341	1.3265
1ce/df2b73c628737	3.208676459354056	4.9735
1cf/166637c3130fa	3.3522871852972225	11.92075
1cc/e1fd630a1f4de	3.0281341951530285	5.6153125
1cd/419a9e3291549	3.245690015687042	10.4803125
1ce/9a06c60610817	3.3662720544171205	8.6221875
1cf/c966701e580c3	2.026673235616974	1.8701875
1cc/a91edc234fc93	1.6912748929393533	2.4683125
1cd/ae0582944ffdb	2.5160009822181713	4.3576875
1ce/bb7d0928e4a8b	3.0305420600628064	3.2026875
1cf/96e7fc5b398a8	2.276610505153539	6.756125
1cc/fc8d6c3567f81	3.2801034193950547	3.877375
1cd/88ec47251305c	2.513399102647598	1.345
1ce/1d21a2f955f49	2.356605486351768	2.961625
1cf/9985546a2fd1d	3.2957215617751285	8.192
1cc/7e84f98c52579	3.0598867950276554	11.474625
1cd/2a7ef2f9e6ab9	2.0633693569636087	5.335625
1ce/0f37308ed83a9	2.6779444547777707	6.726125
1cf/afc7d30f881b9	2.92128899087954	11.6816875
1cc/67f3d513db4bc	1.7613978434190125	0.8644375
1cd/528074341f08f	3.300276412089178	23.5209375
1ce/bf6e9d6213424	3.5234804144217136	13.6384375
1cf/3c473c4225fd2	3.3730932463120347	7.073375
1cc/38c7d3e15ea39	2.969640567214378	7.166875
1cd/fb4cf4598d54a	2.577062536775323	1.8993125
1ce/f94655058e1b4	3.3415065280512564	3.282875
1cf/b878aa7a9f93e	3.2332410842889723	6.703625
1cc/5a7f095caef61	3.2831616035523234	5.94025
1cd/a113961bf106f	1.4987967547731773	3.463125
1ce/9d1b70d44c12c	3.513966795507959	12.782875
1cf/8b308f6becd52	2.9567186233837277	3.5345625
1cc/8699f7c6e164e	3.557342065565482	9.3960625
1cd/0d2ba5817a11a	1.0545249792692082	1.694875
1ce/8250dd218ba92	2.635747198794539	1.6616875
1cf/b9c65a7b372a0	1.9840534087383064	4.6750625
1cc/88b656e51c908	2.4840876050305396	2.562125
1cd/f62e2b0e3baac	1.7233558401965043	5.3056875
1ce/788d830a9977f	3.30518208129095	2.4024375
1cf/cb661db055143	2.588526539383832	6.781375
1cc/b7e36e0d49aa6	2.455222775109471	4.5616875
1cd/65c5d938c18ad	3.1144494714496913	2.9805625
1ce/042c3ec4da072	2.691133182329333	2.609375
1cf/d599dec354d89	1.569543278785114	2.948125
1cc/438b0aa0cc076	3.0586537788972246	2.3235
1cd/60c85a1e378d0	2.5258673633368303	2.884
1ce/bd44168de98f4	2.951110602139829	8.317625
1cf/f259dc9aae0c2	2.920852529754914	4.13725
1cc/43f5a47706b8d	2.058478998789799	3.7706875
1cd/9929940c24247	3.129227333597715	4.357875
1ce/1f6e313230171	2.9249509982359188	1.19425
1cf/5a5334940c08f	3.2866282025477362	7.1235
1cc/e5da78b46affe	2.7605296686365115	2.9479375
1cd/7d61c6ee5cfef	2.680634649679045	5.0095
1ce/052a9ce798027	3.0420576918404336	3.9096875
1cf/972564b6883a1	2.6909804931347425	1.49
1cc/79d55b5a07c7c	3.3370910116826717	7.905125
1cd/56b162df4352b	3.246510145972389	7.1805
1ce/4ca5671283b99	2.9258997115559366	6.3686875
1cf/b6c59693b7080	2.281114728970907	4.6725
1cc/995afc8fce9c4	2.9043683380352427	4.4165
1cd/e7c3974eb276f	2.459993154657951	24.3948125
1ce/38543dbbe70da	3.0232549611528214	6.2461875
1cf/e56f2adb5229f	3.137867673668022	7.991625
1cc/30268d7521f43	3.2044850645546803	2.69525
1cd/4ef69822b58cc	3.1155926201869995	4.3376875
1ce/e63b33b626f79	3.391793069029583	15.4514375
1cf/78cc069a587d5	1.392988571418417	2.919
1cc/b4241fba37eba	3.2188827663657316	5.183375
1cd/941787bac8b38	2.6292133852726276	5.1070625
1ce/f36bf47ee86cb	3.2623035378246006	7.8881875
1cf/ebdddfe47a273	2.613711034445106	6.1741875
1cc/51c3caaaa058d	3.5105029284890836	7.706125
1cd/1c4eaf557c656	3.536339222098754	7.9784375
1ce/8b90f7c274e69	3.3320176575281395	6.402375
1cf/10ca1a1bde545	2.6713406371095734	7.4981875
1cc/2979d3fdbb6e1	3.130145505849317	5.733
1cd/ef4513d87780b	1.6113212688858396	1.1528125
1ce/0cc59032565ba	3.3544220124608097	6.681375
1cf/296d78623b05a	3.2608294821090764	10.9034375
1cc/ccf3965c8e357	3.1272230271936023	13.4495625
1cd/11ee1a57c1b28	2.43848900206871	4.406625
1ce/8ad16da1503e3	2.490944856311921	2.11425
1cf/0192b26c51495	3.313854748793678	5.2610625
1cc/b756d481c995e	2.341169796837768	2.8879375
1cd/f70c35cbc93b9	2.685509527453337	3.3879375
1ce/1029bb74b96a2	2.3782631789697737	3.663
1cf/67f15bd0786f0	2.690056305333093	2.72825
1cc/3595299522ab3	3.2569977248915096	4.1864375
1cd/494c38365d213	2.5886906053554792	3.0531875
1ce/ae32565564444	3.203133040144981	4.298125
1cf/658fea3d3b950	2.476873395819546	6.271
1cc/ea422b5c3b8e5	3.00706399912703	1.82575
1cd/a54ec552a484c	1.2079142747822869	1.681625
1ce/964802126923a	2.9646526811109934	1.2013125
1cf/c4a39adca344b	2.7929623910153722	7.6610625
1cc/3bdf60775a52e	2.829298362153524	6.4305625
1cd/f5b2b359811f7	2.8760293588326937	8.77025
1ce/92b26cc8aabd9	3.145282988263429	6.773375
1cf/fd244fed3ec8e	2.2681192364291984	3.72675
1cc/ea388ce7dd4b4	2.372256740702805	3.346625
1cd/bebe70178bd96	2.075711470942173	2.708
1ce/f15eb7937b6a4	2.9728897407473576	6.2800625
1cf/3ace21280ccbe	3.05425151262448	4.0506875
1cc/46c372d9236c0	3.1973428330313705	10.609875
1cd/cbf2ed2faf8d8	3.295237804973343	9.2543125
1ce/aedd371fbbf68	3.274929191180259	6.2889375
1cf/8008131afdcac	3.0969460564671594	7.380125
1cc/5d4667dad0c13	3.0605718406028912	4.6171875
1cd/7ab22fb0288ab	3.027112096766813	7.4391875
1ce/a418132bcc439	3.2652081538033566	16.548125
1cf/79c5e144c289e	3.009571211025407	4.3296875
1cc/746555ac9ce49	2.619253614005107	6.9776875
1cd/e37af25b9e3bf	3.1169327340881017	3.6361875
1ce/b7e54bc72dafd	2.6611132189603786	6.8964375
1cf/fb49a9aaa1012	3.330637993525552	5.612875
1cc/b1c199c97e103	2.845692597626209	8.5230625
1cd/25948ee3e76b1	2.405757464053592	3.6424375
1ce/9a2506a7a4593	1.037977188450422	1.6644375
1cf/a89b81e378be8	1.5108859966005292	2.910375
1cc/85389d89c4c62	2.605618846674122	3.3435625
1cd/1cff0654b5041	1.49706809938154	2.3073125
1ce/de09656ec5bee	1.4160794033410034	1.5705
1cf/c8bae47fd1320	2.670378172293048	11.3853125
1cc/f2aca30e681d9	2.6767781698152304	1.8758125
1cd/d04efeee34e5f	3.372608069614928	8.1674375
1ce/c0319630efd0c	2.7335922547104374	6.4271875
1cf/da7139cd4d3b8	3.336467784293654	7.4789375
1cc/979c1fa4cd83d	2.803824155780658	1.94225
1cd/6382078f51e52	3.21687298630253	2.9434375
1ce/36d020c3bc599	2.9445480956796652	1.0085625
1cf/16227e6658179	2.7455462540985325	1.4970625
1cc/9149bb978be55	3.377441381921765	7.8921875
1cd/9aeb894b97d7d	3.4492053032939127	7.1693125
1ce/2354ed2911193	1.3834500631024267	2.50475
1cf/39c5c0e24c976	2.529206682810305	2.0675
1cc/e350a8eaede2f	2.9188764493640553	7.15975
1cd/3332f43fa9d26	3.1667570395393168	4.838
1ce/74b8bbd3a4735	3.066680863662122	7.3430625
1cf/0469abd71d671	3.1136592168613415	2.9111875
1cc/aed38731ae8dd	3.5325120456984425	28.052625
1cd/4d5ea6ddf8ce4	3.2882709060663924	5.836375
1ce/a7c9d9cf161e1	2.8870511856582772	1.0239375
1cf/3b4ad57b95c79	2.5585529922959154	2.64375
1cc/bdfee99b7a4c8	2.8727530178943685	6.7773125
1cd/99e2a73bfa29f	3.1851465556634864	5.8346875
1ce/c4bdb778f0973	3.27988680081818	8.745375
1cf/e1110fcce23d7	3.2321018410562936	4.354375
1cc/f11decc875298	2.784762104188313	5.1204375
1cd/6f4ca69bac5f7	1.5394317372287534	1.5345
1ce/7abb5a3ff40e8	3.081625147410572	7.442375
1cf/ee6b7426a36eb	2.2164728456347205	1.7304375
1cc/667200cbd88e3	1.9871197177264146	5.8464375
1cd/3eaa0f0c4828d	3.544063766687896	8.8178125
1ce/471c5d7a66664	2.7130023300336155	5.4609375
1cf/f26bbe80f015c	3.057500494525585	4.1046875
1cc/bc43d21ad2458	2.7625623971361044	13.701875
1cd/140e077af9ea1	2.1394869086400443	3.9126875
1ce/47523afcd9261	2.983094924605824	2.890875
1cf/fa64cac567c19	2.677859931315475	11.3338125
1cc/b944a4061e469	3.155597986167104	1.7416875
1cd/a6395013a2f16	1.6873579718433367	0.72025
1ce/6005ab66b8f00	2.9239182139717794	2.6226875
1cf/86ceab9418ca9	3.184709309016658	5.72075
1cc/1408f593d7903	2.468702765489725	7.435875
1cd/89b0765243526	3.4634100656070617	24.7241875
1ce/b0ec98d4ade06	2.851653828194202	1.658375
1cf/6132b8caa8578	3.1617614031905776	6.137375
1cc/079c165ac6678	2.4342401808794025	0.937125
1cd/5c7a83569c6d8	1.7328844015613556	1.739
1ce/7c84424e1213f	1.5368892957022782	1.87375
1cf/72372cc2fd031	2.107466050816195	9.31925
1cc/51542b34a2272	2.6230379395636234	5.859875
1cd/84420e52c537e	3.042800173456962	3.5451875
1ce/a6985af5bac2b	2.182730182783201	3.354625
1cf/8bcb09330c6a9	2.9455361927664163	1.2665625
1cc/53aa6aa2011bd	2.9805192756226306	3.6748125
1cd/39dd48d66a2a5	2.39651620503835	6.977125
1ce/f3a96f1e23cb1	2.813857070282399	4.691625
1cf/9f4e6cb1ef0a7	2.0837496074563213	5.3303125
1cc/823cea96d81bc	2.1294185268646904	4.4893125
1cd/973de77ac28c1	2.9203678597321647	2.5439375
1ce/3ae5ba715e235	3.149774355726302	4.44675
1cf/52859855f5d91	2.4538683134400827	2.239125
1cc/2805f898b9d46	2.3642447251067145	8.3393125
1cd/907a67fad937c	2.3825989970789996	1.70825
1ce/15456f51637a1	3.4323577996852337	4.30475
1cf/edbdd7d91459f	3.38148533629368	5.1071875
1cc/af2cc7900f37b	2.9207377639745737	3.050875
1cd/8bb00a3e852b0	2.6748982122795004	3.629875
1ce/4398411bc1bb1	3.363712341579225	6.762125
1cf/d4788642dfb45	3.1327633359278932	18.164125
1cc/d0bb9381d2977	3.2871015998734396	6.0734375
1cd/fd7aaf51b0f25	2.990074997740618	3.3334375
1ce/df47befa76010	2.5113337609771635	3.364125
1cf/6c084531fb033	2.685122857743581	3.269
1cc/1b85ff7cfa6da	1.0585042474947224	2.114875
1cd/2bf38bf6f0a19	2.2990477774477407	1.0001875
1ce/bae691446c68a	1.9766180355426968	2.3995
1cf/511b93f8a2677	2.4734111051991476	3.1425
1cc/9fa93657973ad	2.1463317003512468	3.27725
1cd/4f894bada8a6d	3.096277263512223	5.7893125
1ce/d27fe3422a094	3.2521890307904004	15.6335
1cf/764a41b91b531	3.4690868296636914	5.4795
1cc/78a7b9d605f40	3.112165624410383	6.545
1cd/ab7b2c66b8dc8	3.0301256825178533	5.5476875
1ce/626cc602f02a2	2.8655087592900146	3.3965625
1cf/039d2e72edfdc	2.7112248636050995	4.826
1cc/cc8b83bb02e7a	3.2962875552606308	8.6895625
1cd/2bda290c7be25	2.045850098007513	2.3609375
1ce/fc1b01d37e29d	2.147659229631094	5.1681875
1cf/68f244670f003	3.222225394790831	6.0875625
1cc/02162bb289193	3.3878561537565504	8.0813125
1cd/9fce8c424895b	3.2099906592999647	4.50975
1ce/fee8cfa0b4701	2.624279836326382	5.694125
1cf/aeec4a76278cf	3.303352869382952	12.812625
1cc/584ea8456fb04	3.1786339706141264	4.153125
1cd/f7a34441a4c3d	2.065965604675962	3.60625
1ce/271ff2a334dac	3.3942636075215398	10.4395
1cf/931b44501c914	2.5521543408182614	5.9666875
1cc/b27d5ed35ded8	3.3303876417107263	5.221
1cd/1f47899544511	3.101266261996687	7.3905
1ce/cd109df3abe7a	2.748270301249767	8.8489375
1cf/8c50de6d4ae02	3.1257789152946263	2.7563125
1cc/52b78fcdbca4b	2.9129081591013017	2.265
1cd/1e5611a8c76f4	2.6172391379115965	16.783
1ce/8961fb4b89371	2.4106094200705117	1.895
1cf/96482580f645b	3.2962164970000383	6.0143125
1cc/a8cfbacd2c4c1	1.1741802380144781	3.8215
1cd/fb7135aecb423	3.2147487805290504	9.5653125
1ce/8cc5ae4218e01	2.5066213581724486	8.4889375
1cf/36b12a6c932f8	2.7866325019256912	3.1780625
1cc/c0d37b0f1989a	2.664399443133951	2.682
1cd/eecfae9a84239	3.3648310976405957	2.2619375
1ce/c696f858627d8	3.4474115751433474	3.03625
1cf/edb2accdf3c8d	1.0890281802335842	1.767375
1cc/e6e9df08a5024	3.4589606075612274	16.055125
1cd/3136dc50d3dd1	2.7512877067387893	2.667
1ce/3a25bcd9cbb71	1.3501366548266671	1.45125
1cf/f8ac4917efa52	3.440093678548801	7.21575
1cc/c3a4c2abb4791	1.981235582586942	3.851625
1cd/4b1819f28a546	2.6700443681266175	6.273375
1ce/63fb80e25d848	2.2672175228219973	10.7695625
1cf/038b7714ee7b6	1.154954905136501	0.9608125
1cc/75a7dfc098088	2.5375951066731046	2.223
1cd/58e9d0bb6de70	2.9373096342621805	5.7445625
1ce/127ba875e1537	2.6643822151747822	6.147875
1cf/c3ba5aac36cf0	2.5200607137393063	2.108
1cc/8bd1d1f9ea33e	1.8556710807273373	2.5975625
1cd/0699d075b41b5	2.9890852501614678	5.1248125
1ce/6f51d13371bdf	2.7720520819481913	8.7414375
1cf/03fc5a9871091	3.2364803264157445	10.38975
1cc/e7c9b66e9c58d	3.1626998096926147	4.49875
1cd/299ce7e3790df	2.2940984455979865	1.4415
1ce/7c7ba3c6feeb0	2.9052514933034237	4.7401875
1cf/69441dbedac90	2.7129256597417153	5.766125
1cc/f8fa1f28a916e	3.3966858993741447	6.899125
1cd/79d3b8e302018	3.452484698650358	14.8256875
1ce/8062c54e86d8c	3.2343047724403102	3.7635625
1cf/d7d97bb1f6a91	2.484172355606519	1.297625
1cc/4ce633da6ce40	3.3827637266670005	6.8659375
1cd/44e0c1f1b6891	2.789281982373119	4.9048125
1ce/629a9477df64a	2.265393230455413	1.9744375
1cf/1b1c446cb2495	1.0950970385865326	5.38375
1cc/df88881a12da6	3.291794558596216	6.1779375
1cd/8047f9d0a902f	3.2692929935007826	7.18
1ce/04c344f890298	1.82357062974618	2.4499375
1cf/294be641555e4	3.233396346112239	6.7320625
1cc/5de8bd23f02e8	3.4068950595149565	9.5979375
1cd/d147d33d1102a	2.38745945523089	1.4045625
1ce/5f858c3d0d021	1.1061329133635964	2.0654375
1cf/e069507ce77e1	2.910261803980745	2.4986875
1cc/953c15f827d58	2.8556237155743287	5.0028125
1cd/066cdf8f545df	3.2081483602087104	5.5449375
1ce/98aa110f642c5	1.8501284077950724	2.2709375
1cf/baaec34ca65b1	2.259840977030382	3.107125
1cc/c7b16459a8bed	2.2352762379020628	1.1730625
1cd/41af3e65e81b6	3.116995826470622	3.513875
1ce/a57d2b3218184	2.3728355184627734	0.96075
1cf/8012e022bea25	1.077277514985999	0.9129375
1cc/9782037e41aa7	2.042986139322568	1.0575625
1cd/3af0c4f6c1ecb	3.092647733713875	7.0098125
1ce/e7ecaec9f61d8	3.3515765813205185	5.28775
1cf/a5c34a4b270f0	3.399262256836342	7.889875
1cc/4014d8eab3d48	2.2298820743838936	2.078125
1cd/ffc1bae04c7f8	2.809078423548022	4.045375
1ce/e69648f7e072d	1.1382725267871285	1.730375
1cf/f76b61a0948f7	2.349165378530575	1.585875
1cc/fe741732e5a8a	2.8494056579512894	3.14125
1cd/1e44b302f40cf	3.5361190354707324	22.8811875
1ce/7069130ec5e86	3.5317262617431853	18.2419375
1cf/725627eb433f3	1.42302589656398	2.32375
1cc/4cdbad13654d3	2.911992524169223	7.114875
1cd/eafa3d117b059	3.2492608799308953	6.2763125
1ce/036467d990db6	2.1846372729663743	3.9605
1cf/4e36ab67a4873	2.072808098292713	1.394125
1cc/a0fb70b90928f	2.1171372342787746	2.8399375
1cd/ad63ae2cad936	2.7004824620509007	10.8658125
1ce/02ca9c9f864bb	2.9570851069527424	2.017875
1cf/13962c66fc583	2.2309701785752227	5.917
1cc/2ff865e0bb9e1	3.2592322932028597	10.3265625
1cd/935919573e274	3.3052414817338835	5.0346875
1ce/a6cdc0f017b9a	3.3497776509148633	3.4585625
1cf/0501ac540c972	3.18887073672462	2.7633125
1cc/a406c3f31c83b	2.267838973151402	2.5470625
1cd/03c4f6d2e42a4	3.3981903734095438	2.8571875
1ce/a124111429494	2.9477527257413034	1.851875
1cf/f5645378689cf	3.311294832666022	5.067375
1cc/01a9c105e5289	2.6506052683669017	1.683
1cd/36e321d3d1bc1	2.6283607410590752	2.068875
1ce/7ae31d2373b41	3.372566751887964	3.0685625
1cf/993ad8d1ba58f	3.019644677988351	4.6430625
1cc/61529cdddd82d	2.108128029971803	1.8281875
1cd/71c0a181b31e9	3.3212505248551025	14.817
1ce/c42b0e5dcffab	2.601441994051661	2.81725
1cf/ddf4adbf083e6	3.2315615967913147	6.73525
1cc/af4988d46a3c8	3.412991843191567	2.63
1cd/eff4986ad36cc	2.85238654172195	5.98025
1ce/9cfaac1afed06	3.0741786182238315	4.8274375
1cf/6d3eb940cfed1	1.9562794629304705	2.306375
1cc/6d2e3b5c8f437	2.870298129619178	2.8529375
1cd/51ff8a8f919f2	3.250773856918984	12.8
1ce/0d94be74ab6b6	3.283484305801506	6.24425
1cf/63650331262a4	2.50942434613056	1.4585625
1cc/a978938af1d99	1.447735040151999	1.9703125
1cd/d7e1e98f9daff	2.5874962484627893	6.0465
1ce/af66c5e0b4390	1.7485621997829857	17.1430625
1cf/f0e21473d1945	3.1260523860733556	22.9188125
1cc/f2b37420d58ab	2.0537954704473327	4.081875
1cd/be0bd9a0ec1e7	2.6766551566567727	3.6350625
1ce/293fd37776b5b	3.2635742435043804	8.835375
1cf/a72207040125c	3.187948053441163	5.3705625
1cc/0de29d403d1c0	2.950671702439548	5.498625
1cd/ad07e8833eab6	2.519025794488932	8.739125
1ce/01c87597f4f86	2.4187956801846084	1.128875
1cf/021e001c6788c	2.1298163704042348	1.56025
1cc/ba875d573b915	3.106095033143883	6.734125
1cd/c20ee0df2a40f	3.2845738276190533	9.712625
1ce/bcee71e1366f1	1.1235566644929131	2.834875
1cf/4436a60b56fe1	1.0862733079361406	1.8364375
1cc/9e76a075ca4ea	3.186984963014527	4.4948125
1cd/e543c125a1290	3.0920211982444576	6.3891875
1ce/947962b9d2ca2	1.836141811923089	2.1624375
1cf/33dc3dfce5339	3.247543121631419	6.7451875
1cc/c3b799ab282ae	2.8931868223740267	8.38175
1cd/b42c09a1b4512	3.4235605578406054	14.6293125
1ce/b84d702912cde	1.0857070490371323	1.1209375
1cf/fcfe53c22a777	3.111906200661183	6.1535
1cc/1451acc2f1cc0	2.085855893713355	5.7725625
1cd/c079ab3074225	3.308566518461871	6.1385
1ce/fdeaf7ebf05ca	3.056418171805646	2.217375
1cf/ff88f8baaf561	2.203881816155162	2.8146875
1cc/2332f71c37ea0	2.9388372071454723	18.3865625
1cd/1247b82845dc2	2.903334892533457	8.2681875
1ce/8ef80b9799805	3.07578896175466	8.29
1cf/46c11857e8c44	3.2486254384408078	7.644125
1cc/2946f1e2d0578	2.3986634179446105	4.1656875
1cd/993a70bcf4409	3.1494614660100364	5.7719375
1ce/2c240523d4de7	3.419260090541906	7.8886875
1cf/9e6529d1ad2cd	2.934218377279087	7.424875
1cc/eecde8d63f189	2.621588956331824	4.4985
1cd/c2625d7c12410	2.8403001799729823	5.42875
1ce/6b2b2445f76ad	3.194224295132503	10.9296875
1cf/949fe071006e1	2.836846696189589	16.0356875
1cc/03bec520511ad	3.0932640003747727	3.437875
1cd/5e15dc0f0077d	3.2063202552340093	3.4251875
1ce/b15d6116b144f	3.257879263038041	4.161875
1cf/99fac3a094c68	3.0419970265121825	10.286625
1cc/177a7055ee149	2.845856660087069	5.34975
1cd/0784cfbe7c941	2.7737756616252915	8.6865
1ce/4658f6089310b	3.4393349781387346	6.2045
1cf/614f89ebcf3e1	2.912168543765557	4.4483125
1cc/f9313a9901f28	2.3179551003632213	4.726875
1cd/a7a70ce2059e8	3.025611524777691	10.734875
1ce/dc54d80c0a72b	2.5133651046275474	8.177625
1cf/c68169104655f	3.073012137742549	6.6173125
1cc/17724f95043c6	3.1630865467329854	5.3711875
1cd/f950396174b8b	3.3444999372996387	8.9131875
1ce/be6f211bf96e1	3.1133919382850643	10.98025
1cf/8eabb5532f092	2.1516987075338503	4.0085625
1cc/24cb9b80f474d	3.398720766181185	9.31425
1cd/dbf03eecc71ab	2.5451846442256323	3.0675
1ce/db492a14ae6ae	1.2961264455219834	6.886625
1cf/18e45dfe972b2	3.1377757324592985	13.6961875
1cc/73cb413719e86	3.289035680069841	4.6676875
1cd/e71e98c084bf2	3.2459681836447616	2.6451875
1ce/85263318bae46	2.6503064043131235	5.36975
1cf/d78af4a74849a	2.193432503194267	4.19375
1cc/18d7f51e25d8b	3.2950554933802154	4.38175
1cd/3bdba8cd9eb51	2.9259499316915654	1.5375625
1ce/d9c91d5efa8cc	2.905413825682306	8.6410625
1cf/4917dc0be38df	1.1150167337985957	5.4844375
1cc/502b3e722317d	3.3546302783653688	7.2224375
1cd/1392b5a0f4336	2.625779417832364	3.2870625
1ce/fc15d3d73f958	3.0349385167003424	8.5314375
1cf/c8df06c297074	3.250808191361259	6.25725
1cc/c6c05a9526516	2.9592966670994585	1.08175
1cd/b60a5b6917673	2.7857498291181413	5.0815625
1ce/4f870213b6d6d	2.676898407360893	3.9618125
1cf/809fbaa1467cf	2.820126154997629	3.72025
1cc/54853f3e242a1	2.273775518509843	1.6410625
1cd/e61d3011e3caf	3.0305748447478775	2.9095625
1ce/5ee349f00d64d	2.5497001156535566	2.6443125
1cf/34155626864d2	2.241228339740951	2.6543125
1cc/c5c9d43e05617	3.2166991404472114	2.97725
1cd/a5dd12b5ffb10	3.0457142743720387	3.6579375
1ce/0fc84d7453364	2.179813588921309	2.206375
1cf/35c06fd3aec1c	3.1924851135432077	7.217625
1cc/47222385dc1a3	3.259660043013396	19.20875
1cd/48eaa35c16b83	1.1335847719210566	1.587625
1ce/4a8161ae40d58	3.280067833420861	8.3191875
1cf/e6e7f765af52b	3.2131079872612767	4.63475
1cc/c5cffccce6ad4	3.0685749870875245	3.967875
1cd/2ae22f0a29683	3.36948627764194	6.533375
1ce/dd50fbd3751f6	1.9845706818478621	4.87675
1cf/fd6df237c7515	3.2816065276812196	4.54925
1cc/7cbf2506d863f	3.0977354106790562	1.1676875
1cd/3664bba568b8e	3.359402528564563	6.7904375
1ce/e584f955ef73f	2.8971026731123546	16.91375
1cf/c8b5cfdcb627d	2.4392576283589213	1.0569375
1cc/20078f27dd1d4	2.9924819582297366	16.7475625
1cd/7d811def288ba	3.4118582083011666	9.892375
1ce/670868de23440	2.675887192359685	12.5158125
1cf/7417535cf9733	3.261235966400993	8.359625
1cc/e16c4ebf1ff7d	2.4012093722941095	3.894375
1cd/3b1875bc1ed73	2.6776460921587617	3.5279375
1ce/195d113491349	3.3304207740873677	17.7685625
1cf/9ad55e281d826	2.5160805925878926	2.162875
1cc/7bb3ffd21e235	3.1405699838390304	7.080125
1cd/043a32f75fd1e	1.849206618306743	1.0736875
1ce/b6e42c4f6a03c	2.6612573459861424	1.9720625
1cf/9f6553283faff	2.441043004710586	3.843875
1cc/4babbbf43a1ab	3.1762200125511884	8.1056875
1cd/7bfcadb1173ef	3.4000618255088226	6.533875
1ce/dec950eda5c4e	2.9346363712642374	10.554125
1cf/ea9648e4f6b91	3.1467962451762164	1.252
1cc/80d618adfc808	3.2440833989316653	21.898625
1cd/88cc607b23bb1	2.507777993458077	4.8741875
1ce/92248784a63cf	3.362938082109422	8.0055
1cf/c8fad9219e4eb	2.152338231903697	1.936875
1cc/c6e807a270474	2.7593221292755596	9.1216875
1cd/4de4dccf8662a	1.8364223055638136	1.152875
1ce/4785454f9283b	3.460391784111201	12.084875
1cf/099053bf8cb9c	3.398021622348811	10.9975625
1cc/61643719f8929	2.789255386672855	3.8791875
1cd/5997a5b380caf	3.3169267978252197	5.1071875
1ce/4029f653ddfb8	2.378750108614069	6.468875
1cf/000270c0bc2cc	3.194409718785915	8.7196875
1cc/bed2f2fde1796	2.694632093697287	3.568125
1cd/41230a22d7642	3.2392872535925763	3.7164375
1ce/6aca4991114e7	2.47453117200754	5.788375
1cf/c748fe83ece6a	2.610173609278937	5.2049375
1cc/d549d5b55273d	2.7791439090137797	8.12475
1cd/4f1b3afaeab83	2.9972998448516983	8.2630625
1ce/a751f54f60494	2.531848311710507	11.480375
1cf/663445d0792bc	2.9230790414786387	4.9851875
1cc/22cecae31660c	3.3427876352859838	5.7855625
1cd/416511192effb	2.7842446988711145	3.9931875
1ce/523b5e788131d	2.0263823688710483	1.2978125
1cf/e8b6d8fb96941	2.7366084389069014	10.3849375
1cc/c8181ee4b5939	2.6169930615996675	3.72025
1cd/19a9437425856	3.341793302464859	4.6644375
1ce/bd56285b52474	2.969267247844735	7.1335625
1cf/cbeb224fc1f86	1.3612754595150902	2.3080625
1cc/7706aef7a9413	2.852733682674819	3.9169375
1cd/4cee6baa7cde5	3.191357108324994	2.1736875
1ce/3649107f3f7de	2.526742285535392	5.146125
1cf/2595b00ffc91f	2.313822080723975	0.816375
1cc/37803fec688d5	2.8222761611301865	1.44275
1cd/0d6d8d9eb2a94	3.0856546105503453	8.3438125
1ce/4688d9fc5195f	3.0833687736994286	10.781875
1cf/0ebd73fd57042	1.7320726431410578	1.0806875
1cc/820fa35c21e45	3.1780428076866074	12.836125
1cd/cd60d4b4be586	2.0150047606945725	2.316875
1ce/2c829452c1e0c	3.4248119018855467	7.0541875
1cf/db8b46595365d	3.3664680653017425	9.04775
1cc/15fa1e4091051	2.917914935802204	3.874875
1cd/c514b413adf09	2.8812361156532416	4.9740625
1ce/c1c7a348b34a5	2.877701870935636	2.7668125
1cf/87dd8e5e953a9	3.0815413340642146	5.66175
1cc/55b7358bb60a6	2.942052191801363	9.7868125
1cd/4a7081438ce76	2.9924985874221433	10.3741875
1ce/7592f0916a07c	3.355244734431737	2.3800625
1cf/73914f4204c8c	3.23756141862681	12.675
1cc/ae762057940bf	2.2824053583999717	2.764375
1cd/2688090f4bd1b	3.230551692342411	6.6420625
1ce/e80fef7573368	2.3375027806743054	5.6900625
1cf/429827c578a05	3.2812863607271403	12.944
1cc/0507d0a2d8f06	3.120082110485442	16.4383125
1cd/db36af39a819a	1.9511850874230612	1.2969375
1ce/ac0b3b954c669	3.336695639126431	15.1594375
1cf/03c2d91b08960	2.830380787919508	11.985625
1cc/47362c812b40c	2.624159167497531	3.6513125
1cd/a12251cca770c	3.272366086703361	5.0759375
1ce/4a5d81131970b	3.2357592772725168	4.0250625
1cf/2dc8b0f1c52d2	2.169813804432476	2.920375
1cc/9111ffa3b7db4	2.8532854490457136	0.9605625
1cd/06e1993356828	1.7541703601761338	2.116125
1ce/d5b0f11303db8	2.8338731001617155	3.1633125
1cf/9f9b53319e985	2.471867802396111	2.684625
1cc/4fb180602e822	3.212022653426037	17.390875
1cd/af7ebb2db4502	3.0094058051301102	3.6885625
1ce/cb8637ea67b94	2.501523999897736	3.7016875
1cf/ea0209be0b741	3.1479941624889016	12.976125
1cc/63996f036d4ed	2.7163561893863926	6.1555
1cd/b3483e3046b40	2.6184757474421434	4.594
1ce/d1f97d767bc58	3.1042129623056645	2.5926875
1cf/556f4c7bff82e	2.9859455494613236	6.51925
1cc/7340fce383861	3.159003972739936	14.879875
1cd/d75dc214b4ff7	2.921986135005979	2.4133125
1ce/0413f315db2b8	3.3886574985089815	4.05725
1cf/438f9beb835fa	1.8245520366476384	1.9670625
1cc/2bc06ed561e2e	2.759620098800675	3.5710625
1cd/ff789dff51cdf	2.4590945912137965	5.0111875
1ce/6e4dcc45f4912	2.782736686228008	13.0841875
1cf/b5639408f9713	2.646545746518711	6.3606875
1cc/293189c711d8f	2.997862185469925	1.5861875
1cd/d1eed48b6332a	1.462813373528433	0.9400625
1ce/a4ce336b50335	3.4257838650426398	4.6910625
1cf/68c5ec61e3c56	1.454411736276987	2.629625
1cc/7f1a14ddb5ee1	3.104530067196628	14.878
1cd/60d82862ce2d8	2.0052372371603706	3.078375
1ce/aafe249e561ee	2.6927745348434633	14.3465625
1cf/e0a498807d721	1.6637335675720535	1.00825
1cc/f6d5b43ad694c	2.0267959813962806	3.4636875
1cd/9f7a1d9f3957b	2.079918958976899	2.7539375
1ce/0046544946b0a	2.984396910451377	8.0674375
1cf/feb5b3f44c10c	2.9349232390403444	3.4530625
1cc/fcafe4250ce00	3.364392941365571	17.79575
1cd/af91171dac4ff	3.2408799109211865	4.823125
1ce/b5c3c98c98ba8	1.434996781388319	2.0140625
1cf/df0dfac4ebbaa	3.2522478249307025	8.07925
1cc/c7a780c4b76cc	2.9169017679945117	3.0129375
1cd/c27d666a7ade2	3.132979016401271	3.578125
1ce/359a95c32a316	2.186655583682982	7.155875
1cf/d5cbaeeb6adbe	2.299104568412095	2.071375
1cc/61e4ab6acede2	3.2264721735195936	4.8598125
1cd/ac050fc224d4d	3.498810357576649	5.543
1ce/520611fb26763	2.557806376262251	3.063625
1cf/13354ca990cfa	2.141925685367488	1.1533125
1cc/91f8906e9ff1b	3.2554603037067773	5.9293125
1cd/974384b311026	2.7828002244778043	3.25975
1ce/cb8061a964a11	2.961344887502924	1.1129375
1cf/8866ea62f6cf3	3.2769810997379882	13.7445
1cc/c1909d70e5ed3	3.3949854399057235	4.229125
1cd/55c0652f38b57	2.7858299184690756	6.9866875
1ce/7d9134c225cba	3.3782571934623284	5.795375
1cf/b30099f02ea43	2.9926434079012756	2.4834375
1cc/3e7bbf6ff75ad	2.962226380753598	3.6208125
1cd/c88ba8eb2253c	3.0931926690965845	6.1805
1ce/91b947509bf29	2.53363948247528	4.9488125
1cf/5663ffe9e7576	3.3307923248176485	11.4713125
1cc/13ea0b14adb90	1.8219262610897515	1.057125
1cd/62b7336b03b7e	3.3466291048472803	2.44275
1ce/1161453d5f24e	1.1022979521882046	4.53175
1cf/ab8ee5630245b	3.081879042199788	6.861125
1cc/64a464821b845	2.4854545025273516	11.02175
1cd/4fbe1a9a06c68	2.879101793344707	2.2460625
1ce/c234c72f2a861	2.9342805778520358	1.25025
1cf/0702e27439c0b	2.6383696016779523	8.0114375
1cc/f3c9bab368f52	3.173348925287863	2.3291875
1cd/b68057000dbf5	2.3055849374185255	2.1234375
1ce/024ed2f4d2a34	2.607348977660901	3.249375
1cf/5146c549f828a	3.365137087410083	4.4205625
1cc/111674457260d	3.4048745971240706	4.326625
1cd/43bd1fcf837bb	2.8451337791630635	3.768875
1ce/eece0460b23a3	2.2878549971987168	1.9385
1cf/b72bb245abcb0	2.6693963300894863	5.0661875
1cc/a5c8f1e6b88ce	3.1805319319020002	10.5345625
1cd/3d9b3de869eef	2.5534255764235563	10.76525
1ce/229ec431d1a24	2.6172719923726775	3.7624375
1cf/8daea13cf8773	2.986379426984932	5.785625
1cc/9c040683e169b	2.970087137391856	2.743875
1cd/af69ab652a04e	2.574450003685847	3.5658125
1ce/9407256065626	2.574989257709894	3.612
1cf/72ec437a706cf	2.9863403165319125	6.5614375
1cc/31881e8bc2b3e	1.3849958431078238	1.42
1cd/912970914490f	2.274176447503724	2.9999375
1ce/aca90752b64bc	2.428190546144128	1.638875
1cf/1d16d4898bd60	2.85344643672181	2.784625
1cc/8c5e556c00a4e	2.772999938408918	1.42575
1cd/2889da91993c1	3.4145624792583695	7.7578125
1ce/04314f54ec6c8	2.917527286265536	2.3075625
1cf/c40821d8f4405	3.4297697422017626	2.7886875
1cc/fd08a3cfead4c	3.1887203113530083	10.8598125
1cd/11ba30486cb94	1.8729781490812898	1.778125
1ce/c9a3b08b1edac	1.4116371245287114	3.8620625
1cf/f5ab77e5ab456	2.5920780225942073	4.197125
1cc/502dabecec28b	2.721560538790546	7.2204375
1cd/9665bd245f914	3.1390579502719413	4.7325
1ce/3e6b9ee2dd5da	2.98807167760184	12.3015
1cf/131aedd4e3b0d	3.2417530731329314	12.76775
1cc/e74b486f71999	2.7460632211586398	5.1068125
1cd/65437317ba5e3	3.4070407414174904	6.5339375
1ce/e391a174734b5	3.4873365628037276	5.5695
1cf/1defbeb5df1a8	3.127847292074369	5.9076875
1cc/3237038c2b32a	2.8223324581529234	7.699625
1cd/f2c6de624e376	3.469320685412169	21.6475
1ce/fe5b0f36df40b	3.2153622373241277	5.245
1cf/1fcbec86237d1	2.945411711575393	8.1431875
1cc/9575d00beeaea	3.366253388939211	10.344375
1cd/1dd30fa59891c	2.771497154283795	4.539875
1ce/51e5f74d05d90	2.315575936667889	5.64275
1cf/cf30457148a87	2.6942512246342356	7.56925
1cc/d3f8359d5c0e9	1.9039844900567648	0.8165625
1cd/14782554648b7	2.8626373545986965	4.358375
1ce/7a0a26c01a0ae	3.376539693250134	5.990125
1cf/06dde71bdca1e	2.8100541433317945	2.8589375
1cc/43365bed873bf	3.233622687367513	8.4204375
1cd/9ed5bab62ac71	3.4257921691232003	17.959125
1ce/d00462b1a84de	2.880621151523313	7.3753125
1cf/229da1e1277ab	3.160144492236094	7.0789375
1cc/b04e5a63c95ae	3.4206443164792595	6.222875
1cd/ea84c2f511ad0	3.082634546475361	5.11525
1ce/4b73385323f19	3.193057557625454	14.580125
1cf/880f3413f6026	2.891420925216711	8.5948125
1cc/6d91999e6478a	2.9691093019374017	6.658
1cd/020b477e21cde	3.16693377843897	7.7334375
1ce/a938a5dbc6eaf	2.6788263405799246	3.25025
1cf/3088aa944d5e4	3.18135051118522	1.7535
1cc/59afe4e1f3a39	3.4328426874545253	13.4980625
1cd/874b7f8016a16	3.4579668715201968	2.752
1ce/cc52b6df660ca	3.3442617052033845	3.45575
1cf/c6fefe26ec749	2.9009829127399045	9.86675
1cc/8e0c905a25869	3.0769362330713306	6.3511875
1cd/c2cdcb2d2ed48	2.798298163070656	3.49175
1ce/5138fde371142	3.3339816055316023	4.9215625
1cf/cd026dadf8df6	3.305044222821908	7.43725
1cc/dc304ce3bc494	2.7514777727620188	10.2833125
1cd/6eb379413a470	3.367953309615391	14.5205
1ce/2646200929c41	2.739341525470064	3.1225
1cf/e204cf0b03a99	2.8188468530034108	3.182875
1cc/d6f52dc56a6ae	3.008966742316946	3.088
1cd/d3c62f9a463cc	2.8427439385761826	27.912
1ce/97f4d87079732	2.435478574145024	6.2946875
1cf/37a31dc5b95f4	1.3753096901865263	1.560125
1cc/57992018507f9	3.166157503202899	9.4231875
1cd/7e64d292f2cc5	3.2192829261269904	7.855
1ce/eae37a2fe0888	2.6143641257016355	3.2690625
1cf/62d25930d6332	1.9339199154611335	5.041125
1cc/de7e7ad42bfe1	3.18036644022956	7.7940625
1cd/f8e4d350af676	1.2779442836061043	1.2581875
1ce/28c308d8b3879	3.4349683429057856	10.2554375
1cf/01c624bde8c85	2.350404834550283	6.8341875
1cc/3326097ac52bf	2.633999359850608	8.5815
1cd/7b5b512b5d4fb	2.638099972473314	1.105375
1ce/29a9937784d34	2.745255752032163	1.736875
1cf/435baa98526b7	2.9322053385064026	4.4989375
1cc/b4c9ddf0f80d3	1.1281040287310031	1.2748125
1cd/73e4b0aff684a	2.342827148760179	1.8771875
1ce/1aa5ad0112b41	2.921575838626073	6.33175
1cf/252d79f637682	3.4255216223483687	5.36075
1cc/126ba6e4a5e70	2.85115501023363	10.5578125
1cd/65ed759ff4874	3.3228066097741262	1.5851875
1ce/14ab4ed274cbe	1.1236633201517445	1.149875
1cf/412fbe8eba073	1.9807841459676796	1.730375
1cc/34e71f7d7e0af	3.491457681953749	17.9749375
1cd/4fbe265555637	2.0145579497154498	2.1918125
1ce/14393ea943a76	3.448627340442547	6.7983125
1cf/8b9b314165e2e	2.3426573253555194	0.864625
1cc/732bd2306ed74	2.2758681066985766	2.788125
1cd/92f47b0626c97	2.8583902177224556	2.8839375
1ce/282545efa91f3	2.191040646612605	10.4685
1cf/c1a54fa3cd96d	2.53459209989423	2.0506875
1cc/2157c87f9cdfa	2.914929303003593	11.039625
1cd/e2c4038abd2df	2.6587782269215126	2.2113125
1ce/ccd117c039874	2.7509085865086083	17.642
1cf/e241cb596d649	3.1617173847225253	9.3975625
1cc/fbd31cf5f072a	2.9873980398424873	3.1999375
1cd/071d3175c636f	2.6900015454503037	4.003125
1ce/138698ba70f39	2.502583777367478	4.7625
1cf/342636bbb226f	2.9598170548114293	3.651125
1cc/c97140565d265	3.4574399658517545	9.0415625
1cd/87eb7187d4171	3.1392819766680926	7.3288125
1ce/fa1b6449a778c	1.189769591422889	3.33825
1cf/b433b77c7686b	2.7823045552223986	1.8588125
1cc/f8636dee8b8f5	2.3791783057198685	1.609875
1cd/334a616921c74	3.1040784895288995	9.22025
1ce/a3a6f30a39e68	2.1163645278119594	0.672125
1cf/32fd966683ce9	3.3766890134932437	6.57025
1cc/b4024d66a2afd	1.1050231429067905	1.7015
1cd/50dd629c628e8	2.613207380523623	3.5653125
1ce/bf024f326c810	2.20728065339327	24.6156875
1cf/047748edcdeed	3.3989122347476117	9.14225
1cc/0b02869ffcf67	3.1066335978591293	4.65
1cd/6fd5160ff3ad8	3.202533244819152	3.5458125
1ce/fbb089770df5c	3.457404541276463	16.6443125
1cf/d3c3fb556e813	3.377308294975182	4.2859375
1cc/01a31233b7601	3.2466010313348064	6.029625
1cd/87c6f18bb341c	3.0684280222299103	15.1991875
1ce/166c219366109	1.7404905483209419	10.9924375
1cf/9a210d0e5e367	1.0717027434718653	5.3073125
1cc/f70177fa666a9	2.552230613848544	3.699875
1cd/fc5afd53fdd16	2.2280826789387307	4.116125
1ce/355383bdb8c5e	2.9140105585851193	6.451
1cf/93f3da6d5738f	3.003254708499453	4.772875
1cc/5aa7b21b47c5f	2.476327440521973	4.9985
1cd/7a1ad85207dc5	3.1173549456239895	8.3720625
1ce/d3320c1a6ce32	1.8629449276337122	1.4418125
1cf/af51c6258e85d	3.0073881088201486	3.2604375
1cc/6cdc15d2e709f	3.1322637768855515	7.7880625
1cd/830f2c224416d	3.3585142744217023	7.2606875
1ce/e1ae170a1dd58	3.0805392328992602	2.9706875
1cf/9d877a1ec572c	2.481692848650133	9.693125
1cc/06b8303bd7564	2.5286588782951585	3.70175
1cd/84836a254d8f0	3.3425782803494735	7.272625
1ce/82e01420d2e09	3.2946954626698632	7.400375
1cf/bc2ff11761ba5	2.4433916686516484	3.104375
1cc/0ccc19826705d	2.6199348164731955	3.7301875
1cd/a36bad5c814c6	3.4635791017507587	9.1468125
1ce/3559fba7a930c	3.149390330180354	3.6056875
1cf/ae8c7acaa1c15	1.1549906100775327	2.2401875
1cc/6335d608a2f0d	2.9464126613957586	8.157875
1cd/d97bcefa7ff6e	2.731543265632785	2.0215625
1ce/d0db35647d5a2	3.289333817734538	9.232125
1cf/34b8c24a81c68	2.825831206507771	1.4894375
1cc/b0a3cebd56fc6	1.1044201791583437	1.522
1cd/2073e38e76bb0	2.887996280009038	3.169375
1ce/b9489b355fc97	1.271780145789113	5.5005625
1cf/606e707bf6cd3	2.277325479156198	1.347125
1cc/68db1b30dda39	3.3078935001894143	5.23275
1cd/d0163c113aba1	1.972199611142292	5.861625
1ce/56e2bb73e8f2b	1.2936461160410726	3.5554375
1cf/6ebbd97d72f4b	2.664486335764902	2.6435625
1cc/c4041ed1d7fb7	2.923484995468285	2.146375
1cd/cc6ed19ec532c	3.4399664075489897	13.5018125
1ce/ba526f7088004	2.65731984518982	2.593375
1cf/78cff46dd1a5a	3.2896519733379983	8.64
1cc/e43919c9589d5	2.3903657356688486	3.5494375
1cd/87bb8854dd4f6	3.252634095435262	5.8978125
1ce/67de7909667c8	2.2649538687957387	0.72025
1cf/931cf2e0e0b28	3.302286645500775	6.7253125
1cc/e1ee5deb5ccd6	2.802505879687075	3.9126875
1cd/ae4c4c001f394	3.0902171098529885	5.0175
1ce/994d9092d0238	3.3741149117213123	5.3249375
1cf/966b4eea3a004	2.844081729719161	7.0435
1cc/588509658456d	3.327384299591316	10.359
1cd/f77c23f8dbb06	3.1732521449157582	3.367
1ce/1416ed6678fa6	3.437784010284077	7.766375
1cf/91e855821f658	3.3332054182441917	9.2848125
1cc/1b96f22c78b74	3.1446358221905286	5.35875
1cd/21b6c1dd2a2ff	2.886718421453233	2.3066875
1ce/8a258522d0fef	2.992109514056967	2.5424375
1cf/b2e22c051340e	3.0939630537884772	8.808875
1cc/b2cab954a5871	3.1433735198038115	3.074
1cd/38057daeb8231	2.869682777578383	3.7683125
1ce/09a22d54b04c1	3.1709937015878147	6.7139375
1cf/de03a6281a9e7	2.0896927589728898	1.9171875
1cc/01713dd9add4b	2.608090910369994	4.0843125
1cd/14de9df921d00	2.848057207344001	2.518625
1ce/9011f6ce7e0c3	2.704007034458091	1.46675
1cf/d773524a1902b	3.439996792581865	9.26575
1cc/17a8eca13cf84	2.7068101292622258	2.789625
1cd/5f335cadf36e3	2.5905992853824524	1.7296875
1ce/137518eaf8bd8	2.277333173594806	1.6850625
1cf/1f9bbe8df3a87	2.9240047226053743	11.8078125
1cc/c606405c9ac30	3.117966959522778	10.717375
1cd/be421b24715d2	2.6380417880072975	0.768375
1ce/83c1b842d244d	2.2535585743662154	1.3658125
1cf/203ba1dff4653	2.7761463624242744	2.45275
1cc/3c7d11e0d7494	1.5233635656422921	1.20075
1cd/111772cb374ef	2.532248560562639	7.4845
1ce/d55f8e4414337	2.0119232110672858	2.509625
1cf/a997147bc5498	2.969922001252835	3.012375
1cc/69b6ddc6240ad	3.5218466624819618	9.434125
1cd/d5ad1424cfc96	3.1646803697209624	11.1040625
1ce/a44fcc1fa3826	3.3819103839533824	7.579875
1cf/eb3a780cddb89	1.175984968112551	3.0863125
1cc/dff3f2baddf8c	3.0839720339667784	9.0003125
1cd/cbbb2a4feeebd	2.576388600950935	4.2021875
1ce/6bd3fbfc33d80	3.057964523417251	3.073625
1cf/7c65f3bcff248	2.154058648261016	3.859625
1cc/a6a17c33f565d	1.1121661718016653	1.2670625
1cd/b7827e5603a84	2.741521575184052	3.2196875
1ce/bbfd127b187f4	3.3328817573681646	13.73275
1cf/359c6397f01e7	2.6784964099293744	3.0769375
1cc/a832a54757ec7	2.1824031692250716	1.2866875
1cd/d4f9eed1b1724	2.9842401782047068	4.162
1ce/20bf333c4a7e7	2.9127951486911248	8.149625
1cf/d8836de84ddf7	2.584994592660212	4.0004375
1cc/b91fbf759be0f	1.9234900216657251	3.3350625
1cd/2e8c9a781a222	2.08500718459792	2.067375
1ce/207c3dbf50518	2.204337808699401	4.282
1cf/dfc2f6be0340c	3.373440289704958	25.2179375
1cc/a24dc8bdc9d98	3.177462027535959	4.1521875
1cd/83e3c7eb6f7f5	2.5314606977976943	3.2351875
1ce/acc7f3392deeb	2.5254414325366636	6.2645625
1cf/0bbdd06e2fc61	2.5385611302403643	1.4809375
1cc/1d87f481bf11a	1.091699735783853	1.9310625
1cd/e5b3914f462bd	2.137364586984077	2.411
1ce/01e5951ebf4a9	2.7558322066601058	2.9433125
1cf/196b019c3d530	2.963205667863769	2.1853125
1cc/650c4086943f5	1.6179379134913907	1.325625
1cd/e549d8566c2be	2.3927395441473784	3.4900625
1ce/34a53f7d0da29	1.080987935546575	4.353875
1cf/d2274430fbeee	3.4748185025043505	7.7233125
1cc/f00c9b58cd288	2.527847804465754	2.84175
1cd/01092c7948372	1.4843669227605372	2.7380625
1ce/22031374ad123	2.9312163854697952	5.9491875
1cf/313892f2b71a6	3.450036245466701	5.8160625
1cc/079c8df628037	3.4731806034703987	8.30975
1cd/bb134182e094d	3.3908948374562105	6.7048125
1ce/2ca3a69c59969	3.3642921696720114	9.545375
1cf/786f90c35ea55	2.340305004992613	6.728625
1cc/2c063d2265a9c	3.3634766250804593	8.14525
1cd/cd65bf2e6975d	3.0229419661191854	2.9585625
1ce/dfe4da83378f6	2.833332363897271	9.1099375
1cf/5750ed2cf210e	1.8504050157388847	3.5109375
1cc/c6d9d1c7908ea	2.977359663832273	5.131625
1cd/18d1e0ed89ed9	3.2083066628760406	3.7735625
1ce/14dd2f3903781	3.0645794832349766	4.4530625
1cf/d277bde79006f	3.285551432153249	2.368125
1cc/5de276414c673	2.8809100968580266	4.725375
1cd/73fc188afbb67	3.4243785263012336	13.8019375
1ce/e7b34dba58750	3.3280894769924294	11.4656875
1cf/7d1e687116225	2.5918540916683743	2.2885625
1cc/d1ec30e1d73d3	2.859313860717831	3.9245625
1cd/8c1f975c6a983	3.147833098108664	12.7550625
1ce/b116541f79849	3.442633354466707	15.3304375
1cf/fa4297a1b7527	3.28739793604972	24.372375
1cc/f0426be80c9c1	2.4442638139543704	7.6195625
1cd/8159cf624f677	2.6747610776744275	2.2838125
1ce/699edae93ad01	2.9603024126056394	9.5940625
1cf/11ef0cf8f0971	3.399755735890897	10.8215625
1cc/a97a6f730a0a3	3.379929432724698	11.2904375
1cd/945514124167e	2.319414631778008	5.790125
1ce/f673051f533fc	2.822099209245733	1.922875
1cf/fa11f785ff57f	2.945866485328549	3.20675
1cc/43d5ba799c4a2	2.996123626156775	3.8986875
1cd/53d7cacbe14e6	2.956699271163946	18.9019375
1ce/378e896f2373f	3.1548922024761197	10.595375
1cf/f1bff23aa0452	3.1340082255007364	4.2374375
1cc/afe95b73bc891	2.735421832495133	2.572
1cd/bda74d9929d70	3.4872644706707008	8.0324375
1ce/3971c89032d60	2.7767030858349844	5.4395
1cf/acc82d7acf6fd	3.1926373743698617	3.4170625
1cc/fca9f4c6e2b58	3.1147931868212275	3.220125
1cd/3eb2848694147	2.824768073258255	2.329375
1ce/c4b5a13b1cfcc	1.8499818633556968	1.466
1cf/14fbc0cda83ff	3.0621187944284105	8.2298125
1cc/c33220c53e341	3.1472708753000576	11.2864375
1cd/08e6a2230e0e7	2.1967225602340816	1.8748125
1ce/5e42c687c6fb9	1.9090505355879788	2.8189375
1cf/ebafa58d77d2a	2.4752124513534213	0.72025
1cc/e765796ee9531	3.4307714135283955	6.105375
1cd/216174b41eb80	3.2614699601543786	6.6403125
1ce/993b30505de12	2.6725074761445526	3.59675
1cf/5b1f76c1359aa	3.371939424660129	9.731125
1cc/f670a2b11ef1e	3.5114257363677246	4.83575
1cd/cec193b18727b	3.2988751175435413	9.4954375
1ce/ededcbc009d23	2.8560319919079333	2.330125
1cf/78ab8447ffd72	2.4820112074142275	4.388
1cc/a655913e838c2	3.1766904694102247	3.7753125
1cd/1b839ac663c4c	3.372381618111601	6.9779375
1ce/f324696d282bf	3.097290659812985	2.5575625
1cf/ad9be41fa15d7	3.057236593737793	7.0463125
1cc/2d4291f7f950d	2.419593444365285	2.99275
1cd/62a2a1e37b501	3.0127457311362096	3.0385625
1ce/b52a0e3f6e800	1.870163759211913	2.3771875
1cf/60ab8f0055f1b	2.06370026386469	2.589875
1cc/daad91043245a	2.774598625172415	5.346125
1cd/ff1890e9116b2	2.460371719057828	4.0185
1ce/4bdd47db35bf9	3.2284106231855882	10.3051875
1cf/bc3f534fe7af5	3.2906261721277144	5.1589375
1cc/7b63618583d7a	2.8626676569396645	3.4011875
1cd/f3c5cfde9ef3e	2.822175786179775	3.40575
1ce/cde2bb4854967	2.8437846912409697	9.4468125
1cf/ea2718f457ef4	2.5910917272605536	3.6288125
1cc/cbb1ffc0dd3e6	3.283877103432896	9.1479375
1cd/c2e4cf268ad5f	1.2708374740059045	1.185875
1ce/52c79b3bd70b0	3.0444801436040168	7.2219375
1cf/050531aed9318	3.0646365441758183	11.828375
1cc/04e886bb2f414	2.682931758258233	3.5425
1cd/31332e5db8626	3.2045260786016043	9.3280625
1ce/197e6e91ff604	2.904580715140148	20.0454375
1cf/8d4a95162ec56	3.417297861701207	3.5949375
1cc/eb1ca4601d55b	2.178716294960394	2.5760625
1cd/6b537a21ef426	1.551742044459246	1.009125
1ce/f503196b5677d	2.9960127569899466	1.6576875
1cf/cb79b4e6f637a	3.3105350122829806	4.64825
1cc/4beb30bd3ac4e	3.3300010098358443	14.708
1cd/9317fe5c2d0ed	3.1976782402289614	8.6843125
1ce/7484a17a83155	3.1453398677236772	4.3443125
1cf/703e2a54ff9f0	3.429418101867608	9.5143125
1cc/fea99e3128c7a	2.6527664121628716	7.1630625
1cd/a14987a495861	3.026745888135422	11.841125
1ce/2a3adb62974fe	3.395715541346466	6.3015
1cf/4a35f49222180	3.2718579138496344	12.17675
1cc/813f051285886	3.3404297111164105	6.45225
1cd/a30ef1b358411	3.0544951323831766	6.6991875
1ce/c5d0cfe28641c	3.211152550277244	2.1056875
1cf/2cceb1a4535d7	3.1804447269031138	5.202125
1cc/a810b0788dc65	3.0419798149187676	7.29975
1cd/e39d6bf19360a	3.3551164404500105	10.0996875
1ce/0ccc374c39410	3.3821132082449887	9.98175
1cf/e0b06b5d602fe	2.462348411845608	7.330875
1cc/60a0272d6ed5a	2.503215305529561	8.846
1cd/1fa0390677473	3.0726545073219356	4.6305625
1ce/db73452b795a3	2.7017944524108706	1.3965
1cf/0b54a542ab50d	2.957618629239201	8.6341875
1cc/36bfdc770b527	3.0399820643145916	8.1916875
1cd/e8ac704a56129	3.4381168251907743	12.935625
1ce/f45912be4b002	3.3252699008257007	6.5928125
1cf/abe7a22c6e48c	3.309747487776992	9.347
1cc/2d36ae76db2a9	2.832063695170574	2.12125
1cd/1b9912b22b58e	3.028884670207614	2.256
1ce/9af7e46d01f95	2.9412335752121295	3.884625
1cf/911e774277b5d	3.485233848249779	6.0015
1cc/135916bdd46bb	3.444481927783247	10.5905625
1cd/9f52ebb5f0065	2.6478631868451608	8.0890625
1ce/98ce4e6e42b1d	2.951261948674942	1.129625
1cf/f310525cab299	2.656079529620923	0.792375
1cc/370660c1c6931	3.103913899965363	11.58275
1cd/232a8596385f9	2.9863751608918028	5.4169375
1ce/83076be8b9efa	3.1260339888817206	6.6305
1cf/fd9bf2279c250	1.7152219796561787	0.8233125
1cc/efd7c23fe5ec0	2.8603231819469834	8.2420625
1cd/91da354a5da72	1.8743848951191813	1.0569375
1ce/4419474d48aa3	2.6613400136983785	3.3513125
1cf/aea29c447d3f5	2.309963304572385	3.274875
1cc/e7895ff9fc0ae	2.4338073173037476	4.5474375
1cd/096ffea981b38	2.468365467865848	1.8895
1ce/05a2ebf327e6c	2.406430415904955	1.212
1cf/b2ceccfe457bc	1.106929396351369	2.438875
1cc/adc7b3484e6c6	2.7874082019787276	2.0388125
1cd/d5140b322bd57	2.3500927075942935	1.12975
1ce/4f681f1732d00	2.674580432771354	2.6179375
1cf/11c94ada48540	3.0098449556429983	2.1153125
1cc/031ae49af38bd	2.7000553941732512	2.0525625
1cd/ef6e0644eca87	3.141116456960313	5.9165625
1ce/2e0dcf57da28c	2.906652467131111	2.77875
1cf/e58641ef3da5f	2.7758534773400925	2.285625
1cc/d0974c7943abc	3.3954804641772958	14.2326875
1cd/a0903d9bb8403	3.1912629037292706	12.3968125
1ce/8fba98d05815e	3.247532377548799	7.603875
1cf/5d9999d670591	2.8882058541203808	5.314875
1cc/ebada599b525b	3.3527289431638656	7.7106875
1cd/c978d3e7dcf96	2.9260405248023473	5.4555625
1ce/299c0494925e4	2.8640847297395466	2.84
1cf/ad3bb8e867f1d	3.339364015945006	3.4149375
1cc/08eba1dcfa2ce	3.0994217364604038	6.4435
1cd/308fe8205b843	2.9969436918975	8.650375
1ce/7b03a7d0ecc84	3.2164076763755243	14.263875
1cf/18f4e21741493	3.2564084381985907	3.3355625
1cc/e62bf7594f1b0	3.20655892776597	5.297125
1cd/7fc4f5f6aa8fe	3.0412702372470015	3.919
1ce/51330a9489014	1.6058993491806084	1.4899375
1cf/2a955287b225d	3.2406981640008112	28.3345625
1cc/ce3669d7b405a	2.0652199880346025	1.0093125
1cd/6ece1db16413f	3.144511179918415	11.146875
1ce/651235715fda5	1.6358849130537567	7.47325
1cf/df8f531c05c1d	2.7242244420559034	3.430125
1cc/053e0c921b3cd	2.421610063535982	5.8614375
1cd/90d259c1a976b	2.2892513756024493	1.874125
1ce/bcce2e991fbbc	1.2293190225796335	2.814
1cf/296c4d9057031	3.0219691212165163	6.2121875
1cc/11ae5125fa3b5	2.3354764663375374	5.8919375
1cd/05cefeedf2d0b	2.3896672964833074	9.0101875
1ce/36c1528207fc5	3.372105197033347	17.4455
1cf/fea8f8cf5edb5	3.179555903596169	6.7208125
1cc/2c4f5d5d36c71	2.870766097714708	5.192125
1cd/b7ffa79a82411	2.861802199875253	5.55325
1ce/9fd0450a3763c	2.707431743024634	4.6471875
1cf/55478493baa4b	2.3072514593888136	1.5575
1cc/bb8ca285c7782	2.9007120592851203	2.8733125
1cd/e9eb049c5789e	3.2159268312197558	2.932125
1ce/59d7756a62394	2.413494619465202	4.3900625
1cf/d22c400824c21	3.0712890849228	3.5231875
1cc/29b325cca477c	2.6279514242072843	7.488
1cd/6ac6541994b85	3.5104010461349184	7.5681875
1ce/dd8d597b86e72	3.000424134512885	5.368875
1cf/45b3e966d6af5	3.1543918618833864	9.3115625
1cc/e3016c66d32fa	1.949705342229941	1.2085
1cd/0facd7154980d	2.646053807077234	6.0628125
1ce/c8d5edf7bc45a	3.1817424513218544	7.37475
1cf/ab78ff1dc5508	1.9416562220309852	1.8324375
1cc/ea48dcd00740c	3.245775534879057	6.2319375
1cd/5c1fabc726cc2	3.2235390504983283	8.3421875
1ce/56affbb0c5b7a	3.0722104707607762	13.2019375
1cf/311d522f059bf	3.0651060650249806	2.6184375
1cc/e82958933c952	3.0557991484297133	9.712125
1cd/54660f0c8833a	2.7123753097670766	5.594875
1ce/1db2cf0d7779a	1.9453218338721834	1.3044375
1cf/72cb3dca6fb54	2.6202189967697485	4.6944375
1cc/4a6003ee2319a	1.087018816937648	3.0875
1cd/56a538e0e7af1	2.96624599640268	5.866625
1ce/49f834f219826	3.4917878632495953	6.422375
1cf/89fbc9280b35a	2.6612191382794532	3.896625
1cc/bc8329e11ea0e	2.843365891884243	2.7285625
1cd/df4ef6c60523c	1.6989995197031484	3.243875
1ce/a8ca1dc68a86d	2.8034495586353647	3.270375
1cf/7f29eea9dae4c	2.3237392696945305	5.29275
1cc/0166705ee7af7	3.435106597015829	6.7831875
1cd/98a8ca0697073	2.9639134638885545	7.538375
1ce/16f926c48322e	3.1078687256301225	4.0328125
1cf/8ff7d10eb5e93	3.202974832488456	5.4835
1cc/fcd7278a21cea	2.628717127568662	4.9018125
1cd/ec694437e5964	3.102435059000778	9.7300625
1ce/4e77e0b6a2161	2.641161042823735	1.153375
1cf/f8f70998607ad	2.940722269590052	3.2716875
1cc/1bbf3aae89840	3.3351506617697644	11.8320625
1cd/ab9b961a6869e	3.313896607993628	9.089875
1ce/30b04449e5b3e	2.520716247783946	0.9526875
1cf/edaed1e22c2b8	2.7967848437137413	11.7668125
1cc/000167714a704	2.989327726989365	2.462875
1cd/45edacd7ab803	3.23290581632764	4.66025
1ce/170d22dfdf2bd	3.324949672029132	9.83075
1cf/1de495461a7c1	3.4232169135348762	9.77075
1cc/2a383a8d77d5b	3.1769479734736934	3.8954375
1cd/82da8efc1d5f7	3.3093471449974694	5.6261875
1ce/1d42a8a14a411	2.181454047575575	2.9815625
1cf/fbc72fec9f355	2.9697844842741006	8.44125
1cc/876d99416f4e3	2.107430832585039	0.960625
1cd/a361128723731	3.286572630322165	2.7181875
1ce/a99fc129d6e42	2.3580464305463593	1.73875
1cf/7270736fe9d36	2.9729712027766473	5.8313125
1cc/f6bae9096b102	2.904739812033479	6.5751875
1cd/f2907bc1bbf02	3.5182981073595423	4.9693125
1ce/c6d9c7d38890e	2.3240336236844037	5.8811875
1cf/bc609b278935e	3.395533125242634	4.57
1cc/0e40f296c3fff	2.8982560640069464	18.755
1cd/157183381ebfc	3.0101398693441874	5.6679375
1ce/82917b4d671c2	2.956935739365011	3.2420625
1cf/15b6ae7289ac6	2.7147248916740674	5.430625
1cc/fc928be1d3cc7	2.566443685437368	8.8404375
1cd/3a5af23f81525	3.31361230075994	5.627375
1ce/dc4cf49ecd8ef	2.4169723538611905	4.8069375
1cf/9709f68c32114	3.224915536082517	11.34225
1cc/32c5aefe0f90b	2.832161060124196	8.4508125
1cd/5d9598cbae0b6	3.1614616854393653	8.82475
1ce/0a7adcf5dff6f	2.6324918222126894	3.4543125
1cf/9f0eee300f8d9	3.1902011474791716	7.7611875
1cc/bbbe68f6ed553	2.9925386297084637	1.8415625
1cd/71abf44f90140	2.5968698617563657	1.6715
1ce/f1c9dc722d39c	2.9644971482501985	3.521375
1cf/088abaac230f5	1.7103169937008886	1.2268125
1cc/a5353104bca0e	2.582000358684117	13.7555625
1cd/6bc76e9a02b51	3.4296086272813984	5.4264375
1ce/8662e6fd5c2bf	2.2714168965950026	1.861125
1cf/9b42e24090dc8	2.845750053732159	6.94875
1cc/fc19f442688da	2.9323549449251782	6.4139375
1cd/cc4a10a1f8756	3.0187259546239877	7.13525
1ce/c80ccc5ccf9a2	2.900180028592129	3.9369375
1cf/295773a3b9698	2.4677956332109434	1.3941875
1cc/c58ba9bf08097	3.1571696022450815	6.8916875
1cd/03b878b30d599	3.247937807651159	6.1269375
1ce/a7bbd6184516e	1.0825779172539813	1.0266875
1cf/513fe70beab4f	3.022957568568222	2.905625
1cc/11488ae2f67fd	2.999434449404176	13.002625
1cd/e8cbf598ff2f8	3.1342534214909583	8.1421875
1ce/210e8fe33f851	3.1702247179884573	4.7649375
1cf/28b90d194fc0c	3.1126994208458254	7.3775
1cc/119b4a01c7b02	2.984008144581398	4.5929375
1cd/009589297cb30	2.554859852757071	4.2285
1ce/821c5d3970623	2.499257166994868	1.9626875
1cf/43685c7993a4d	2.606641488495994	8.3589375
1cc/274a9df030ab3	2.4427259248494706	1.586125
1cd/ea02cc64f2b8c	2.6775202300575573	11.56875
1ce/7c9385e907f98	1.8280458536297444	2.25875
1cf/29322eeee59f9	3.159917899102472	7.1131875
1cc/dd1d2c9d6c33c	3.340122320625244	8.652125
1cd/313f8f354b787	2.716827976170715	3.7476875
1ce/21b6910191e75	2.0270397469596384	1.3933125
1cf/a1448648c1534	2.840866360802092	10.407375
1cc/038b359eccbcc	3.3526002382122657	10.208875
1cd/a5cade78d1286	3.3806594165774557	8.96575
1ce/f094d25ea0788	2.3048433482147006	5.544
1cf/e1379efdecfde	3.074934992569563	4.10475
1cc/2d2b9b32c9ae2	2.8019282614088903	1.3454375
1cd/4c347826368cc	3.40774529885933	3.65375
1ce/9abdd7e5b02af	2.241310447964209	3.3194375
1cf/abf0226e8318d	3.1015546865731167	4.3209375
1cc/9a7fe09df613d	3.242614285801764	8.8215625
1cd/126f79623b1bc	3.550048757866589	17.6109375
1ce/56022d85fdd18	3.4756100893565893	1.5595
1cf/5a34ad1d3c0eb	2.9915643751695846	5.383125
1cc/856b97dcdb15c	2.8908671958860896	4.6134375
1cd/f4fa63c1d0779	1.8961168981318588	1.4895625
1ce/ad2e11f4b6d7d	2.908767579984469	6.077375
1cf/3c452f842ab23	2.8524371615652906	4.85525
1cc/6daeb72627e51	3.126044537734204	5.432875
1cd/e60c9cd9ad382	2.533156635010527	3.9125625
1ce/07295107fc491	3.4868085215113847	9.7359375
1cf/54558ffaa6ca3	3.135834429989657	13.7776875
1cc/114c318dbbbfd	1.068029505060008	4.282125
1cd/9241edc55650f	3.463869742369144	9.139
1ce/c68e63e151d15	2.561437201388366	4.1346875
1cf/fb31f2292c6d2	2.5912773844157906	5.4546875
1cc/4bdfd4fa69195	3.0960097160774915	5.219375
1cd/3a4a663c94846	2.213291309198037	2.8244375
1ce/812315f6473ff	2.966587440287227	9.3896875
1cf/5699fb18065f5	3.23247105516018	6.5464375
1cc/37fcfbf9dbc35	2.5765172468572772	3.804125
1cd/42beab48c2099	2.7171700969145482	5.2839375
1ce/c517d75d7cf15	3.2887386038760384	4.9719375
1cf/124cef60c0071	2.405612243411379	2.6725
1cc/794d947d5ddc2	2.8906462802299866	9.0410625
1cd/69b5162a38222	3.345491297398849	4.9614375
1ce/8fc351a0b6b16	2.231212704315352	1.297
1cf/257a50a27b77b	3.0503482026357625	11.2086875
1cc/e03c83058f99c	3.361037512944831	3.21575
1cd/36619e3138730	2.7362207354010906	3.17075
1ce/8ce76f8663e40	2.2404483427817823	1.0085
1cf/af1672ed5f2f3	2.9216967080468783	1.765
1cc/113c85962f676	2.0691097009718993	1.3453125
1cd/4c9afa8eda57f	3.0349233328064487	2.0256875
1ce/6b89e90a62157	3.1261666783615483	6.172625
1cf/8aaf43f2ab637	3.166535102911502	6.63075
1cc/6699e56aa81fa	2.5015809897156056	2.50175
1cd/31746571490cd	3.193452239838237	5.803625
1ce/914570900ce60	2.488410494898326	2.330625
1cf/9d5f66af043ad	2.5433672026750056	4.6819375
1cc/7c5b3b17a697a	3.4436277987162502	16.621
1cd/d47388d554f9a	2.3614565853674208	2.9824375
1ce/446b5d101eee9	1.0916949653763317	1.5550625
1cf/1a7e9afdd94fa	2.94234742951134	6.7074375
1cc/5fe46a37875d3	3.5274297892010034	11.7146875
1cd/7efb1e74e474e	2.6959600774105916	4.1041875
1ce/a1871f93586a0	2.6421897304112325	4.6916875
1cf/ca15476436697	3.0829638124780105	0.9039375
1cc/f7190409fc258	3.4969607829871863	25.296375
1cd/a8708c28792e9	3.5501808957654015	20.4165625
1ce/c263a4c47c464	3.123947155595433	6.367875
1cf/59be16a3bf7c8	2.5268041800711716	2.7141875
1cc/79004f9c3a60c	2.677761911125263	1.17825
1cd/dcb08f8b66dfc	3.1285235568146663	6.36875
1ce/3a454b5e6fe40	2.8843116234004573	2.1321875
1cf/5666967f10ada	3.357465757716091	10.5884375
1cc/d562f07dacf56	2.5516356557303137	3.796875
1cd/0065ec48bcec4	3.4257684993235804	7.1299375
1ce/d12942e7f8431	3.2559036521869444	9.975125
1cf/8d555b624c663	3.239378582421285	5.9865
1cc/50402a6b45ec2	1.5558097372246609	1.233
1cd/a820df0ffab0a	2.5263651240935534	3.659625
1ce/627213faf9718	2.548185846747966	1.931
1cf/f3a39bb738be2	2.597647156012077	8.3926875
1cc/e05011ec1a613	2.7642899716022793	1.9128125
1cd/bbf8a0d2cd378	1.1057691958275373	1.75375
1ce/9f303a3bcfa48	1.5012419520787443	2.1776875
1cf/0712430267422	1.022725734884785	4.8321875
1cc/f61bc33c4e7e9	2.884626732440807	7.5163125
1cd/368de5dc35fd7	3.2895233167640763	9.1413125
1ce/03ff573b24161	2.8295676706567354	5.7475625
1cf/96b4bea84af6c	2.6677331202290615	8.67275
1cc/e010d1ea4b797	3.2636424422390946	3.96075
1cd/3546c0db428ac	3.0270481552085444	4.47925
1ce/81f125a8980e5	2.626985694981652	3.86175
1cf/cd63d5684ca79	3.2396625339169307	5.0775625
1cc/4e8febfdd0c0f	3.3791310936217775	5.310875
1cd/328448c548c3e	1.0973348548458566	1.20125
1ce/064550465be5c	2.8155759401125544	2.7405
1cf/e4fb1ee2db487	2.826529707842898	8.6823125
1cc/241378d3ab5b0	3.1921958970524003	6.2658125
1cd/48a5d09f1c589	1.5537870221736507	3.2943125
1ce/ba1ed528e3e51	1.7032918014717657	1.962375
1cf/a4f1d48bc2235	2.975015857443046	5.2345625
1cc/2544997c5e3d8	3.0638589365398214	5.0213125
1cd/ab96b85de7ec3	3.298283862714101	10.125625
1ce/e4a24b554676f	2.260039911564405	3.3229375
1cf/32bee8ef2fc8e	2.2309295819030317	0.8043125
1cc/c74c924899473	2.9116251423990485	2.3544375
1cd/62ff56a7fcc68	3.286246907750623	9.399875
1ce/61516788294e3	2.582828769665298	2.95675
1cf/9b1691059e338	3.4254975318329683	4.5404375
1cc/c435659ddcf87	2.7487407369085175	1.0086875
1cd/0ab76c20a0011	3.380534387295939	3.2945
1ce/041a91db634d1	3.315718232721855	9.67275
1cf/6889c2c4f8bc4	2.417718306643524	1.6320625
1cc/720466ba65ce4	3.339519748319189	4.6680625
1cd/1e2d2fe9dbf0d	2.5274960664577675	15.22625
1ce/d2d657e04ef87	3.535105722557344	20.2630625
1cf/6c5a3aa8e2727	3.095700397586454	3.0794375
1cc/cfdb6d86eae9e	1.9826628425274504	2.6383125
1cd/f2efd5bc09f06	2.374463902771838	6.309
1ce/a3222c6a042ea	2.9336613013913975	3.0831875
1cf/52d89423c2ef3	2.884779164300782	8.2220625
1cc/69cc209ccb8c9	1.5763902638650644	2.86425
1cd/7baf73a621857	2.0170932333910114	2.59325
1ce/3150c21191b05	3.030107612339944	1.7990625
1cf/9f34960b40acf	3.1996534944823822	9.9384375
1cc/08e4d4dff3458	3.119910322462861	2.932125
1cd/609ae339ca4d6	3.1838088118158434	4.4405625
1ce/f8e357b31911a	3.0492682630889822	14.3048125
1cf/60df0ba74a8cd	2.646908369816062	3.9406875
1cc/1e08e0e8f3ef8	2.793063305694697	1.08125
1cd/9138ea8bf1316	2.6444700169443096	9.0289375
1ce/e7ff6ff2f8e94	3.035365885289137	5.3391875
1cf/11e1001dacf8b	2.7578788225114805	2.49175
1cc/982a542cbe8c9	3.325206082218107	11.68625
1cd/c434b883686fd	3.257350423694808	2.337125
1ce/eed365c53253d	3.1573935352927474	8.777
1cf/b63e51482a932	3.0457452471361077	4.340875
1cc/9df45bb23f136	2.5357549597996583	5.9725625
1cd/35b9e8a360a2e	2.5315094207289275	3.0969375
1ce/be5658056c78d	1.9166868785603342	4.298125
1cf/9be1673058a1f	2.543629470580042	3.407875
1cc/0446c15489b8e	1.110256558601709	1.689125
1cd/144c1c99d105d	2.9852948530257066	2.983375
1ce/4dd6d88478b0b	2.7748647299035727	1.73425
1cf/a30a8d953f1dd	2.2727631408813167	7.6509375
1cc/277fc8fc54e65	2.410897389533207	6.3178125
1cd/501e2c3a8d023	3.26002268727407	6.6049375
1ce/be6c3247b3c9d	2.7224597944006943	6.6620625
1cf/f15519a8bd85a	2.7204783954811154	5.77775
1cc/0619b699ac194	2.915398532808518	8.145
1cd/93653520098b7	1.6984950445497375	1.15275
1ce/1a325dc8358e0	3.384063552522812	6.155625
1cf/eb01ad5d0b027	1.2905606231664541	2.9071875
1cc/4a26ff494d783	2.6861347489155754	3.5614375
1cd/bd7b0e50fd2b6	3.306791922659904	8.603875
1ce/0489905272079	2.5713159425080496	7.413625
1cf/4ef1a1bfb96f4	3.314796954000367	5.74125
1cc/dda849d64f3a2	3.5020523241205743	8.6088125
1cd/508485f411b6e	3.238562548637156	7.464
1ce/b8205d47bc62e	1.1103620659483862	2.0590625
1cf/09045eef7f9c1	3.2448984494504036	2.0884375
1cc/6206b7c3f9d6a	3.397813947477614	5.8036875
1cd/e750e60cbfb4f	3.3349279264461513	8.45775
1ce/b54058f8d8b3f	2.643155817625893	8.565375
1cf/d80502ef00d04	3.1480209509223864	2.307
1cc/a473f184af07f	3.458347860377418	3.5018125
1cd/9803bce6ffc4b	2.3086210693415095	0.76825
1ce/228a5ef29be35	2.7799846251289444	1.18825
1cf/6c7442b401c09	2.970997049350503	2.582125
1cc/539359b02b492	3.194703063808229	5.3008125
1cd/9331cd2f97d76	3.1784478608592885	7.8355
1ce/1f8256b99222a	2.3142640350665182	1.6455625
1cf/955c74270aead	3.115575258188451	5.958
1cc/c31ecf9ac29e6	3.3168436395176446	6.6574375
1cd/45ba5b3a3a16f	2.5176303371520756	1.3964375
1ce/26f331825852b	2.813942798092737	4.9314375
1cf/129149f0335a9	2.9189254337490773	3.306125
1cc/b4ee49ddf68fa	3.5041377672338507	16.583625
1cd/aff073b514c31	1.822445591652374	0.64025
1ce/c80cfd5140b17	2.983777262108614	5.2636875
1cf/fd63c96c5d370	3.2636417259430317	8.8350625
1cc/c4d84c3f319d8	1.811477256288248	1.87475
1cd/e1529b2310447	3.3553969392080827	5.9056875
1ce/09656f13db56c	3.207189589958356	6.3995625
1cf/c0dc2c7f6479b	3.200583438171008	5.69125
1cc/706890aa17ea7	3.457269276726166	5.979625
1cd/7cd7736167cbc	2.6538846757275585	0.768375
1ce/b66f1f3b9a69f	2.3572564646712943	3.697
1cf/e8f993dcefc2c	3.172681450543369	5.31975
1cc/e65266a9bcfc6	3.4201151650067243	10.296875
1cd/a2340a5b2d313	3.2243997251954615	4.722125
1ce/1d70fe80fd2be	2.9040155091162694	5.8685
1cf/fee8bfc4148fb	3.061844351375769	20.045875
1cc/a42251adbe79e	3.0799583233969403	2.1175
1cd/45c5c79244fc3	2.312106864606386	7.3655625
1ce/ef080a10dbc00	3.1757023761027274	2.548375
1cf/a88f94cbde065	2.0464666317031703	1.6051875
1cc/fde3e45d09d00	2.8935179013078303	14.307375
1cd/8a612f12183b0	3.376895142421282	4.497375
1ce/54c00f82dea22	3.020325601862288	4.177
1cf/a55194867c15e	3.3398519961015776	5.6618125
1cc/0930caa46f226	3.357958495642138	13.889875
1cd/5ba32f90d9333	3.3023435202403304	6.9636875
1ce/168f12da40fd6	3.2296664918703333	4.8165
1cf/54e750e15335c	2.8958288661627605	3.9546875
1cc/73332241cf009	3.454162776231568	4.81775
1cd/8b7642764cb7d	3.2595400459579014	2.366375
1ce/86764b7ec4576	2.526301500591385	4.2825625
1cf/7c6b3626606dc	3.317495374101365	7.4650625
1cc/f940f80fa4018	3.2716618932121255	2.9791875
1cd/cc06a1538bd6f	1.6402948665565138	1.0571875
1ce/42b908f15d00f	2.8518394296072858	4.332375
1cf/836b856548256	2.6880827392945656	7.0846875
1cc/c1917b2f951c7	2.8901318163022673	11.068375
1cd/328ecb0610036	3.0713197369636496	4.2589375
1ce/a88c47a6ce471	1.8187619248578701	1.73325
1cf/ce1a85bea69fb	3.2040899494385155	5.7733125
1cc/15ca901f5d6f3	2.353393516559786	1.8896875
1cd/652d4856f29fd	3.168141228539746	3.76825
1ce/c06aec3d2964b	1.0549700735483183	4.61175
1cf/1de05d310c749	3.4764203463406957	17.8680625
1cc/2483af4892714	2.993040206809106	1.824625
1cd/6006b7c282365	2.982206835332955	2.4530625
1ce/d68adae265b99	3.2622563826526267	5.3415625
1cf/a9b29f2456f0b	2.494654595112547	6.411875
1cc/fec033208dc30	2.5735143104737546	3.4983125
1cd/f4b916173ffd8	3.3456566372566456	8.11975
1ce/744731b37cdaf	2.362630920236712	9.6265625
1cf/587eeb6f186f6	1.9470161485349622	8.4865
1cc/2ada31c252014	1.9521907563644012	4.53075
1cd/267602435792b	2.294606110364307	1.297625
1ce/bf493de65f02a	3.090423867342371	4.0904375
1cf/2c3b3c9988a2d	1.873821164005257	7.2294375
1cc/8e85e1b6731ed	3.453829478254916	7.026625
1cd/626daf65bd16b	3.356488008417046	4.9085625
1ce/d8ec10d5bc9ff	2.708893774219463	6.552875
1cf/aa8bb9ccb1713	3.1833020804084216	10.9231875
1cc/c2aeab2a6bcf1	2.766335369928827	3.2603125
1cd/2bcf25b5eeb9b	3.0236486074315447	5.4373125
1ce/2e314923f70ec	2.7233337007582192	6.490375
1cf/e85c0ab9f5fc2	2.930594767421487	10.96275
1cc/fbc2141baa24e	1.64265488130808	0.8644375
1cd/b4c5ed3cbb94a	2.9773079858038978	1.3950625
1ce/0a209dffad850	3.118157865310394	1.732
1cf/cfc916c125f11	3.4478741094702667	4.106
1cc/b4fbfd2371f45	2.4422688343698478	5.3945625
1cd/e0e58d050fdbf	2.3026489365065705	1.0686875
1ce/c86006c3bd553	2.7101813070945853	4.7886875
1cf/4cd3cd9af73b3	1.5544110088129897	4.3985625
1cc/cb60cd1763e97	2.7519856142039982	5.369
1cd/98f4eb7bc82f2	3.075378773359201	3.8945
1ce/4eb22d16a7239	3.341822486694641	3.13725
1cf/5b9c3990d12f6	3.0951642042247527	1.9840625
1cc/b96417d2acd0f	3.0340047879685597	4.8598125
1cd/e13d0d6860b2b	3.3211519577689685	7.8560625
1ce/5e5c0bbff8f68	2.2848594820692183	1.1211875
1cf/287011967993c	3.266911488592776	4.447
1cc/1c52595bcf48f	3.269413606102156	5.7869375
1cd/97c75b120cc8e	2.5507893601016067	2.4385
1ce/831c68511a5c5	2.8913044102878627	7.6644375
1cf/f10e8ae22b6bd	3.2372775256189534	2.683125
1cc/c05da9e8c7d28	3.4524969797176333	7.5196875
1cd/c4bd7b602ede4	1.8690631353038805	5.4675625
1ce/d3dcd0c7554e8	2.1960491373794935	6.8940625
1cf/7234facd34838	2.457914555068979	3.9405
1cc/f104934f167ae	2.494043948903869	3.24825
1cd/a9f0eb945c287	2.690987198409079	6.4425
1ce/a732bff2b8ff6	3.2983758990884238	10.360875
1cf/3d26197412f66	2.877349857719158	8.3910625
1cc/af25ccee93f30	2.9887904254475868	5.01975
1cd/e7eeec6d63434	2.871446395947824	2.5
1ce/979741dcee6bc	2.707769816120874	8.2954375
1cf/93b60cab734a9	3.2161724786240278	6.516
1cc/d35d69f27bfde	3.1903089212910745	4.8828125
1cd/178286c597897	3.203811159750177	15.426375
1ce/685d55dbe5349	1.0646417281065819	1.62025
1cf/1cc0f83b66548	1.8331739842729098	1.1535
1cc/889ae248b5589	3.3189145227755206	4.582125
1cd/5692cc32cebe3	2.0716766376744915	2.6325625
1ce/92c3f2cfe6f54	3.1489981531975153	9.5265625
1cf/c61f881c3f00a	2.344171266089899	4.75625
1cc/a1f5249694d8d	3.324383968333444	5.6161875
1cd/01e7807106929	2.2597455927976515	2.573375
1ce/6a36367ef064f	2.524959004877984	3.26425
1cf/16dbb14da0f97	2.994947319460426	1.8015625
1cc/95eacc597763b	3.321678900092781	14.8675
1cd/3550841978709	3.3200475153984823	2.387875
1ce/5c96940d432c8	3.124750075312165	13.13525
1cf/547134ef92e54	3.148479574508725	4.610125
1cc/21567ee2b6547	3.4160115774255146	8.883625
1cd/c93b9c319d685	3.2825277221474103	8.5930625
1ce/9994286e71ec9	1.7533565318239668	2.0666875
1cf/03eab2e86ed38	1.964069402344613	3.0054375
1cc/f4d6f08a95238	2.457775706267095	1.90775
1cd/1f3707df5215d	3.067560273466176	3.4025
1ce/1d473bae2eddd	2.8125051387943776	2.8360625
1cf/337fcb8064b84	2.2817216725580667	1.1495625
1cc/8387307d14eb8	2.884668532571507	2.1714375
1cd/d5d18dc9ca5dd	3.3862350471621303	8.1148125
1ce/51ace74a898b7	2.3089274130492075	6.87075
1cf/2cefeaa23ea28	3.3721974793169016	8.03075
1cc/425ac641377ae	3.1522579456694375	8.094125
1cd/ca69d387c41f4	2.4788141165652986	2.116625
1ce/66af5abcd51c8	3.2258632651265717	6.202875
1cf/9c5479c6a1826	3.1853330062194427	3.4655
1cc/e1a8081d28ed1	2.567488350632894	1.4279375
1cd/bd4d45ce4ca6a	3.1544358262515146	8.876875
1ce/5020fa050595b	1.8606963885950922	4.715
1cf/3d0b2e9747272	2.67191469650605	5.411125
1cc/8783f3a77c36a	2.557037072332511	4.75725
1cd/e02e5fdd12fab	2.8988721459341202	12.2949375
1ce/e11597a482c1a	3.0066159993028596	11.3246875
1cf/cf9c07d3bd356	2.772113892211942	1.924
1cc/2bd9df4786925	1.9791618896959733	4.2280625
1cd/8736706cd29d8	3.2908208633693046	4.240625
1ce/59b813216e420	3.0023166979679585	3.2826875
1cf/5dd3713a9da98	3.025225665053621	4.97025
1cc/304aa242cdf4c	2.51181397978853	2.2823125
1cd/47ab7468608c6	2.589741913474344	8.1350625
1ce/1df73838455bf	2.91364131051969	1.454875
1cf/a83c2a6533fa0	2.9476029594063013	4.9323125
1cc/a6e522e38c8c6	2.71617619145148	3.5320625
1cd/bc2e676b9e145	3.2388261123094737	10.735125
1ce/27a7820eebd1f	3.1136318803254905	5.851125
1cf/50dca3b0c49fa	3.24473270050746	6.9204375
1cc/5d4d1ad94db9b	2.8494426983894683	6.2931875
1cd/b11604953b28d	2.1112533248361136	1.7263125
1ce/bc0d5864573fa	2.5439292532943325	3.656
1cf/63402176f45de	3.02727479184701	3.0641875
1cc/2f042c3c0a8bd	2.854759275509313	8.677625
1cd/c5c95a17cc1e4	3.16244768909647	4.75025
1ce/7ca02068c5543	2.7627180063916734	3.7278125
1cf/7ad02bf945e20	3.0712113612800516	9.654125
1cc/3173c84af186f	3.2111129281024056	6.2260625
1cd/9b944b30c4a76	2.114840586877273	1.6824375
1ce/c218636606d65	2.9289583689157124	5.4301875
1cf/32f02ea59b631	1.107336883444099	1.470375
1cc/ef630554fde8b	3.1972079037002654	5.44225
1cd/b518bd384d016	3.3535007133216927	4.4595625
1ce/c16d1ffa609bf	3.1028013121022617	9.81675
1cf/5165a62cce50b	1.1065347235374825	2.45425
1cc/6f742f58eb24d	2.992291068932236	3.62125
1cd/11fa8fd6ad30e	2.518860583821008	5.2201875
1ce/3b38054c757ff	2.93151593776913	10.6474375
1cf/718e67dd4c548	3.387420464113762	7.2881875
1cc/157f4bfadb60e	3.232165505113016	16.432375
1cd/fbfd8637538b5	2.499196921770324	6.4305
1ce/15e2a8df0e221	1.9767677365529188	2.987
1cf/1c36d2ebcc91c	3.1846064520049384	2.608
1cc/a7ed94498c344	2.83070202149146	7.715125
1cd/0253b865b7629	3.1998524475487176	2.572375
1ce/5ab98134a4232	1.616273898476694	5.787875
1cf/9ab96844c4b30	3.373721271063139	17.201625
1cc/62f8a8907a58e	2.4114923786727887	4.3785625
1cd/7d92deb71dff5	3.5102896723473695	5.7930625
1ce/52013cd3d1a13	3.154118791249612	1.73975
1cf/db232b67bd79f	3.4075662425765847	15.9173125
1cc/7f266cf50eaed	2.0541935575030825	2.953
1cd/99825c8074897	1.7541958800263706	2.354375
1ce/95d7f8ff47297	3.1531391996249964	6.0355625
1cf/76aacc6f822d9	3.2134294040927855	3.9975625
1cc/004424d051544	2.51970622373147	4.9546875
1cd/5f0b65092bbea	3.106245489225313	5.477625
1ce/4cf37e1c2641b	2.7342709622775376	1.9195
1cf/4809f625e4fdf	3.2495259097584266	13.7340625
1cc/4890ee110de3c	3.404179150257868	3.855875
1cd/87c3db4d0afaf	2.6391257485740227	6.443625
1ce/91955735dc611	3.001511552622338	6.3334375
1cf/649e0969e6ae2	2.530295093757212	4.31
1cc/dd1fa77416698	2.608998024381216	0.840625
1cd/dfda7255b68b7	3.2104056733491078	3.4938125
1ce/d2a3cc5da8499	2.2891054890569396	1.249
1cf/890418487ad9f	2.9352478961029167	1.972125
1cc/de2b325d72fa8	2.6021961537339764	1.3455625
1cd/ca5b7bd0342be	2.9368016893695	12.9834375
1ce/ad0d1cbd7edf7	2.1831919593090907	5.8841875
1cf/be4699db1fde2	3.088384906872594	1.53675
1cc/fd946b0f2acb1	3.2902767079287534	14.1484375
1cd/d09e9b796e8ca	2.9961231258595933	6.1123125
1ce/349c58e320c48	2.3085693027371077	1.6825625
1cf/7cae6abb183e8	3.4401353766222966	5.7586875
1cc/ec91d06dc982c	2.453465790713442	7.3678125
1cd/03a50597295de	2.769974572714372	10.239375
1ce/29aded2ea1077	3.049947345148602	6.4296875
1cf/fa7f9a30e3899	3.074501000210191	4.7729375
1cc/6a5bc6dfd562a	3.2850436002477164	6.4619375
1cd/092f8af97f846	3.0620055693121953	4.5479375
1ce/c9cd2ec66efab	3.1204294539134416	5.8531875
1cf/232285ef3aabc	2.9630896330014256	5.0095
1cc/9e37359b2354e	2.961616255966353	2.570875
1cd/f0913ea3fe43d	3.076817136503374	5.236625
1ce/c44ab2fc235fb	2.632971557443666	3.75775
1cf/de99da522412b	3.2830742232025143	5.2234375
1cc/ce8185f2c724d	2.5107555347101744	9.84175
1cd/89bac53d652fd	2.9155778728408492	8.369
1ce/92b3327193814	2.478636347913853	2.8355625
1cf/a42c989649b31	2.833768851159392	4.7606875
1cc/58271332ab98d	1.9438022674871267	4.745625
1cd/1b8afa58e5909	3.4191409697169153	22.3113125
1ce/7aa2a725d24fa	2.3643962210207765	3.0759375
1cf/e3b25bfe2fdd4	3.421719784365676	7.588625
1cc/87e129c7237e3	2.7575332845390914	3.28225
1cd/099abf05cb809	3.07705587041888	6.24725
1ce/b04ae128a32fb	3.0890995364231344	3.6049375
1cf/004ef16323efa	1.800498573618635	5.441
1cc/9a5312d1d6f56	3.559933222765641	9.2501875
1cd/f1ca33cc77d39	3.061960024486799	4.8640625
1ce/04a06f8cf60a9	2.430190993239219	1.6461875
1cf/5b0d9051b2c86	1.7470929433854674	4.2008125
1cc/9264ee2d37547	3.1802268315935907	9.93575
1cd/75b40769f9b81	3.2772573716666176	13.91425
1ce/c1441adc0dd0c	2.3370180963976743	1.47575
1cf/1652f71f7369a	2.8308710255983884	4.1204375
1cc/8e41956e305c0	1.4120565409401276	3.7089375
1cd/1266eb1517829	1.561183686793352	2.678
1ce/df1c9d5443087	2.9263433174902116	1.778
1cf/b1097b2739ec2	3.138534436529751	5.3781875
1cc/14b4223258ab5	3.1950706134753624	7.8526875
1cd/273b30f5c2939	1.4449270561899124	1.9056875
1ce/74d6ce8db5ccb	2.113370158728972	5.6008125
1cf/eba84662373d8	3.1552963834061516	6.505375
1cc/aa16d782effa9	2.317193749349595	3.285125
1cd/6db003a8e32e2	2.1725964301042042	8.98
1ce/55bd822f494e6	2.7130088387088174	10.019125
1cf/8b419a76b8b2c	2.36090146797756	16.114
1cc/15610f292540d	3.2072791545662973	7.9048125
1cd/29c1b2ebc8679	2.402568360576282	2.061375
1ce/d460aaf6875f2	3.1193120899588562	2.836625
1cf/0ad8c4b35840d	3.100943615155949	5.2798125
1cc/b2e7e4cb73d2a	2.805153439979233	7.512875
1cd/3369907969e2a	2.505989685628246	4.7791875
1ce/c96b8e566b36a	2.8260828786557113	4.825875
1cf/076f993697fe1	3.3428161788825257	5.22525
1cc/bd89f19e1cf82	1.1030287425483774	1.0004375
1cd/7dd903c944936	1.9654411995540497	2.6210625
1ce/12b9d6e888ad0	2.423377726135251	6.852125
1cf/21cd0ed159fd9	2.7821916168559104	13.416625
1cc/c6aa2ecd87f4e	2.8495300674575192	5.98275
1cd/8b337b13ba24a	2.1857149593903005	1.7141875
1ce/baeae61a74106	2.7914790941462972	5.018875
1cf/37c3a14243f3f	2.6389762726895016	1.471375
1cc/17f68585b4358	2.4872202651784	2.499
1cd/0bdcac2c31b1b	3.1699147345671843	4.5895
1ce/f1c8be04eb8b8	3.1457498416028513	3.2213125
1cf/65d31de259a66	1.8794883097422745	1.0085625
1cc/d82d2f6d21afb	2.9960713332165	4.230625
1cd/63139cae7089b	2.489861598658932	2.526625
1ce/08424f272e6e9	2.4001786647906047	12.3473125
1cf/7c5c97043c78c	3.0667967407825443	5.2314375
1cc/e7024f1794d4f	3.0224345296299826	9.1405625
1cd/35af10d7f1250	2.3158365602411983	1.401375
1ce/1bc24f0861123	3.605923015226654	16.7596875
1cf/74a9a662c5fff	3.0493211676134044	1.982625
1cc/72b6be25db47f	3.3147890301987695	6.1335625
1cd/8da889795a2fa	3.484192039733821	23.2038125
1ce/25542823b7bb8	3.3132524967943127	4.422875
1cf/030b97aad6b3f	2.792650293980427	1.5685625
1cc/4a68ca74ebaf4	3.102987002808816	8.927625
1cd/174667d010152	2.6425167416839987	2.0600625
1ce/ca5b62e35e485	2.8858665045563514	2.0665
1cf/d7b08312a37dc	3.197366429426205	12.37975
1cc/d647acbb305c9	3.5155440710538413	24.1316875
1cd/928c8092537ba	1.8411041915772863	2.258125
1ce/03a6f2cfa7390	2.08653850873466	1.3039375
1cf/cc96ccdf2129b	2.3779772360776135	0.9605
1cc/a008791de2d75	1.097151735280178	1.2311875
1cd/bf13fd3f1d8d6	2.3657705516269667	5.7048125
1ce/ec6b9164d9da9	2.592399025417465	2.0183125
1cf/e9129e15b4b16	3.3150867040180714	11.300125
1cc/177ce5d47817c	3.207690944335945	9.82225
1cd/e2a9931ce6ac5	2.243853208343708	4.8370625
1ce/d8f0c4d0239f8	3.1783392257296548	7.14175
1cf/eb2641a6b4241	1.9977013408301254	3.003125
1cc/4c3a1f8edc29a	2.2160420126499827	3.053625
1cd/965485e43426d	1.2575254638833906	3.319375
1ce/3132369b0cd90	2.6960420650385366	2.80825
1cf/f60fe4e884daf	2.6931863899627424	4.1589375
1cc/a4c0b215cd84a	2.227274285874434	1.7784375
1cd/1cd591eda5f50	3.079472743086691	1.4705625
1ce/12c998a500e84	3.200143798329307	13.791375
1cf/3414535a426db	3.3257877830258065	4.613875
1cc/a7768fba01c5e	2.9571876556782453	0.7684375
1cd/6227b483af886	2.7322588836651738	14.299375
1ce/5cd1be9b5a847	3.2217786411353675	4.7680625
1cf/f8a2abb127336	2.5555827963178808	3.912625
1cc/e241ba5803338	2.5594698894370684	8.6220625
1cd/1b8c99d076f42	3.446412967960584	9.89875
1ce/328aeee819306	3.3565298923691227	2.766375
1cf/34179fe00e8ae	2.3032747974674215	1.91475
1cc/1641811b2e19a	2.9028110451491633	4.7094375
1cd/5bf673539efb4	3.0024103419879857	4.3265
1ce/0c3f10e5a6c27	3.089558598693889	11.117
1cf/a39f395ddbfdb	3.0479566313261293	12.3088125
1cc/f66e90117a9ae	2.772618814780377	3.5628125
1cd/27f903fdd7272	2.5082851245612945	1.2258125
1ce/224aa7d621700	2.1548034078817295	2.5473125
1cf/bda9d0c9eba65	3.1571686861910346	2.2044375
1cc/34210534a938c	2.9462410781597215	7.5200625
1cd/bdb8188023b2a	3.0468337842807096	7.79025
1ce/71213f7065e8d	2.7831956112714176	5.3835625
1cf/9b80d005b7a9f	2.0936035455877002	3.5253125
1cc/221018f0d600c	3.3716985588058677	4.53375
1cd/aebfce6259f3b	3.2836946385492074	4.424
1ce/f229e2f527915	3.502450612570332	3.656
1cf/9d7d80bcfbb5d	2.936503791105531	7.173625
1cc/fadcefdb655a1	2.9593486861335805	7.66475
1cd/648e43667e638	1.5808470412995268	0.9124375
1ce/ea4492514e8bc	3.5373869663202346	15.382
1cf/552b26b9f61e9	3.1172150590935956	4.5148125
1cc/6f959a420ef7c	3.1305647921424984	6.3095
1cd/7cf1bd2fe6d70	3.3324951673585894	8.1399375
1ce/19fdfe1fa98ca	1.677482805035103	1.9481875
1cf/397ee4f2db3d5	2.563815932897637	2.0423125
1cc/9115b19cade5f	2.450424542840332	1.5376875
1cd/410edd8d36957	2.040390411291175	2.885125
1ce/dc5fe462073d4	2.2130206143208806	3.4644375
1cf/e738a2dc0f6aa	3.0077260177567773	8.5585625
1cc/27986434a9ab6	1.1126129698987823	5.1700625
1cd/e25fa7a613191	2.026864942414632	6.598125
1ce/516fc63f798ec	2.719317885163519	1.0115625
1cf/fbed7bf4f7bf0	3.4262282789319483	10.4551875
1cc/06cce16e46656	1.8016833644052033	1.105375
1cd/04418cb46ed24	3.424973950196441	12.3901875
1ce/fa0e4aa53ab4c	2.4712903152042354	8.076875
1cf/a16573b2f9af4	2.7985523799896312	2.47675
1cc/efc859fc415c1	2.6011357913913837	2.5715
1cd/2f479b9e95fe5	3.15808336681101	8.889125
1ce/ed7a648bd6f10	2.6013765445379438	0.863125
1cf/23e65019ee599	3.1050224113474316	5.3561875
1cc/dbc6d5e292f83	1.0759244006124102	1.1535
1cd/d551f21e61fa9	2.5192958978984046	1.345125
1ce/38b211966864b	2.623175051482098	1.88625
1cf/2b238fbc692f5	2.87613635097456	10.854125
1cc/c26803c76c1e7	3.2784511132895053	4.056875
1cd/28366c98159ed	3.1298452483555654	7.3344375
1ce/e692e64f8f39f	2.479932651292064	2.1906875
1cf/6ed839dddc5ff	2.9266341100351294	6.1384375
1cc/69a75b4111e58	3.544507993240295	12.681
1cd/d0cb483fd4cfd	3.135630714108548	5.4040625
1ce/58d21215e594c	2.8552040183043217	3.29725
1cf/9d73107e05917	3.217931531301553	11.6345
1cc/1e0e0b525b338	2.8888881274067186	6.5003125
1cd/2ea6c2485e676	1.2652648783615237	1.154
1ce/dd8fa2c9b5097	3.5068760811768924	2.0455
1cf/1a24b0bda97b4	3.2687340353768164	6.2923125
1cc/d48c572c308a5	3.366576209604285	9.7604375
1cd/cf34f538888a2	3.164379686842964	2.738875
1ce/ff65c4f69f696	3.2250931288452485	3.3135625
1cf/aaf2c1b6fa72c	3.329421553877738	6.356875
1cc/faee798e3710a	2.5636874131279006	4.368125
1cd/a04afd5c9146e	3.463043185725649	6.18775
1ce/5af19c64a6111	2.470594247407505	1.104625
1cf/ddfb20769a3e6	1.0804675172352824	1.7441875
1cc/8187f140fb006	3.218403584291405	10.473
1cd/039502eba744a	3.2472136490854453	3.149125
1ce/f9157e97ea052	3.1015318540778165	9.447875
1cf/f30c22e4a57d1	3.1822508605348894	5.8600625
1cc/c4bc8d7b8b51a	2.6417855254244627	3.412125
1cd/ac432410ddca4	1.399842182152226	3.6273125
1ce/c89efbf8072c1	3.107299475916877	6.2231875
1cf/9bd6bca9d3fef	3.1575896619724593	7.7883125
1cc/f0d8461c994bb	2.921359899342159	5.9314375
1cd/c6a97234ee778	3.1607995451571433	5.5954375
1ce/5ef9534d77980	3.328723177820449	13.301
1cf/6b7800c34f57e	3.197653072332176	13.2770625
1cc/77c50c37a718b	3.1672763303753926	8.869875
1cd/01daef1eb283d	2.4430497357839323	4.626
1ce/c965cf158e37d	3.4578076100146684	11.8905625
1cf/96aaaa8ace0ea	3.1568329150564023	10.2611875
1cc/d0485f8d6f1d7	2.451518100415865	3.075875
1cd/d393fa52adc23	3.2233199240402537	12.5390625
1ce/1e70e4524e0da	3.3014042852477936	6.4349375
1cf/50c9c5f223481	2.2487738962564907	1.9961875
1cc/577fab097a8d2	3.3064145658967337	3.2221875
1cd/b355cf127b483	3.3456067305596213	6.6048125
1ce/4251c45b75302	2.8672478300729	3.061875
1cf/7b2b6a93af3aa	2.6753325431817476	2.289625
1cc/9542ddf50ca45	1.7841822376035175	1.686
1cd/d02a6960c68fb	2.5439063957710184	5.693125
1ce/244c0f7e7c477	2.7209077642890795	9.68575
1cf/cc85270800795	2.2886539886686688	6.9259375
1cc/03d1e64b271fa	3.5544734008989893	5.54175
1cd/e5ddddeb300f2	2.216807968065273	3.29675
1ce/c5a55a0abdb99	2.7577422845558472	3.650125
1cf/49454918d1dc6	2.004546966592364	1.8748125
1cc/36bb16a77cf83	2.7620345787730454	2.727625
1cd/9e627fc450351	1.7533012668143673	0.993375
1ce/ca7eb653abf1e	2.487885530465631	2.49875
1cf/9f585f0f9b91c	2.4537275740024738	4.3986875
1cc/0915cc136d5c5	2.302766039933069	4.908
1cd/a47fd0720e0f3	2.972591476929752	1.899625
1ce/6cc92b9e29d84	3.323314978350661	5.740875
1cf/31d54d8836597	2.464620384198728	8.7169375
1cc/593a4d669116e	2.8590234740724063	8.6915625
1cd/6c792bf3c8d15	3.308145321554136	3.8600625
1ce/6200d10830dde	3.2610748452443477	14.8965
1cf/e6b02942086e3	2.7130122020210767	1.651125
1cc/1fb8cd8eca9b2	2.8590758682814594	3.89925
1cd/27befdf7995f8	2.9787942324120973	7.0465
1ce/01a3612980d64	2.9293718865015754	1.8751875
1cf/dd32c500b0329	1.7932454582371402	1.3
1cc/4de0f3fe3874b	1.818896141266272	1.4418125
1cd/bd20fbbc8f174	3.3453574668702655	2.2401875
1ce/97409e9f288b2	2.7650183022487065	2.2030625
1cf/da21657a14d0d	1.0985532736851935	1.143375
1cc/ca662aba4e7fc	2.2258781687862235	1.97625
1cd/96b43d5f7aa4c	2.453561480456404	0.8653125
1ce/c289986d0bd59	3.35953510441958	4.5099375
1cf/dfcba4970ce53	1.9652095439268782	4.020375
1cc/8d3954d38ebf9	2.9031719498749715	8.316875
1cd/81018f647aad2	3.282937299281457	8.322875
1ce/8e78c71b63a6d	2.5178637254245984	3.598625
1cf/ebbb8eee40a63	1.8933732080123742	2.116875
1cc/7f5a914870da4	2.6492794544869693	4.772375
1cd/67e0b0d1414af	3.0423315932518427	1.7515625
1ce/131b8e46055ad	2.766357922544614	7.7286875
1cf/50709fa85af93	2.479209349607938	8.4774375
1cc/60e00ff0ad97c	2.909672001709816	4.3069375
1cd/a34d49d9d08d0	3.223425304973787	4.9615
1ce/9f4b0d8524257	3.0370095043435095	10.643625
1cf/d2d767725af67	2.356555649198221	3.0954375
1cc/a0dc79ef75be7	2.4521849501109405	1.4416875
1cd/34feb98ef9478	2.437015597618182	2.866625
1ce/2b03c855d4656	2.4968235824011242	4.9565625
1cf/5e650350a5777	2.6917389204436275	8.9071875
1cc/0a9d7f4d0d642	3.205691631895043	3.3406875
1cd/939444b5ef73b	2.867818644629252	5.718875
1ce/fece6c8524236	1.7124815715970176	0.7201875
1cf/9a24bd538c381	1.9623279660177642	2.090625
1cc/48305311f7599	2.1197759524688897	3.7201875
1cd/f84e9c9c8dd20	3.2342053926619316	17.0411875
1ce/c789c5e483ca5	2.546779582424052	6.84675
1cf/8fc6e39125360	1.782936542590038	0.93675
1cc/910ace188e986	2.408708306524127	2.806125
1cd/3291c5adc1b31	2.9152752743463015	2.8954375
1ce/85a8aa90949aa	2.794172610711971	1.9540625
1cf/9e9cc88b0e336	2.6803917452548505	6.3478125
1cc/4fe829c2bc640	2.6622906942216757	1.5138125
1cd/e02a617bfe3f4	3.1903413653768915	6.59225
1ce/9eddd005fcb34	3.2829698433080217	4.0410625
1cf/ec749b3165261	3.4693791291571587	12.0736875
1cc/41b12da342ddd	2.306820307567159	5.6059375
1cd/8eaead6c9f9d7	3.14411869751025	8.1746875
1ce/ab21c47f5ee36	3.2687311972259336	0.9129375
1cf/46dc4723a3271	2.950468807793363	9.1493125
1cc/d1941a08e4e29	2.6591278758683266	3.3894375
1cd/d39c43a404c9f	2.601463163117579	2.44125
1ce/f314eee95bb59	2.720134540034335	7.122375
1cf/460f78c3ead47	2.8776856812459517	7.07925
1cc/0ff74c57ca260	3.3729773459839496	6.8335
1cd/cf3a7c31d2846	1.1210966016316863	2.887625
1ce/c738ac4bd9f96	3.376125149556939	13.254375
1cf/9fe67554faf21	2.497296035607302	2.509625
1cc/4de9d5a08834d	2.7417112657495073	4.297125
1cd/8708cfda2ae75	2.911066863295376	9.1571875
1ce/e129828b38f90	3.0454328308793563	8.7203125
1cf/1fc34249c1f16	3.3963414196415007	6.6185
1cc/034c4a4cf4040	2.4217120033814443	7.2145
1cd/8eadf8eb80922	2.8277533763574407	3.584375
1ce/75d169528d204	3.293801422222397	5.7210625
1cf/e045360a56241	2.911568828291842	10.5620625
1cc/1cf11a22603a1	3.0419336516899134	2.0526875
1cd/15910f6043e0e	2.86324077109803	4.733875
1ce/ae7f9b31bee7a	1.985945812840697	5.715
1cf/7de5e96e09642	2.7006784861269715	1.48975
1cc/6c6b2655cf838	2.835294806029386	8.400625
1cd/fcaa3a87c9c39	3.450425850348181	3.9435
1ce/fb0616ad503e5	3.3877219461429684	15.77625
1cf/c0cd29bb758fb	3.419942455344251	3.591125
1cc/c3bdb1e953fcf	3.188623259032161	17.2211875
1cd/c66af3b436315	2.62769896721737	6.92375
1ce/4b02e6baaea86	3.3403310090678704	4.667125
1cf/ac5858631f000	3.3129240352360814	6.9896875
1cc/a0e04a980f894	3.118426919081016	10.7405625
1cd/ef6546c596e84	3.224777372163936	6.1619375
1ce/1b1ff7b559240	2.7811437224653157	6.077875
1cf/4b84aabd15b0a	2.7312952264329615	11.1041875
1cc/df3897116ac3a	2.137050931088777	0.7203125
1cd/a3c28d53aea5c	2.9969308673781048	5.2203125
1ce/485c93d095577	3.4159157231680553	18.2334375
1cf/24b573f7110c5	2.2737218384345743	2.50475
1cc/9a69c833c6edb	3.130775753399238	4.8411875
1cd/f821e6a64b513	2.263626895936665	3.732375
1ce/052a05c8763d0	3.060750048220003	9.9815
1cf/51eef9086745d	2.4981673115495227	1.9223125
1cc/35ed8e5cf9257	2.952540401683558	11.0549375
1cd/94fa0f7cc2d62	2.4580078284045896	3.002875
1ce/452bd0d938327	2.4760306186731307	3.3840625
1cf/43ac00ecf978e	2.417548970126216	5.6946875
1cc/cf3cdae179f1b	2.418026130832119	4.4513125
1cd/f6fa6da270019	3.384447190797367	4.0684375
1ce/6361572a61c80	3.250943963283611	8.4444375
1cf/03752285c106b	2.4089563467340156	2.0178125
1cc/ccf99c93009c4	3.1592474869987988	16.5423125
1cd/520afac1b0a8b	3.260805214709193	7.0105625
1ce/572d1c3ca7165	2.15547586539825	2.2763125
1cf/8acb2d2f584f6	3.517156607370203	9.286375
1cc/e6cce05bbe1a2	2.8920728868594634	4.42425
1cd/4fe84f3d6dbce	2.9312481940578508	7.755875
1ce/b0bdfc98557d1	3.127695729004065	3.1555625
1cf/2d3a4d3b95306	3.2824089005564696	7.2114375
1cc/438f69a51cc6c	2.42710884436823	1.2023125
1cd/d85f5543e769c	2.4448798213706766	2.5325
1ce/9127fcfbecc92	3.431253078285309	15.8213125
1cf/e3820acf9f280	3.273176672506286	7.89175
1cc/6b1d3319bbe7a	3.1670366182740572	4.1530625
1cd/e6596f1ec0942	1.4279626785940214	1.309375
1ce/1f0c9ae6e09e7	3.4484928032967774	15.30075
1cf/3ced99cd3c106	3.1762120042277	4.0115625
1cc/e068a2166532b	2.9517972335571487	8.531125
1cd/bcf09a1518b3d	2.5034397271820423	4.7550625
1ce/d64643e64ac47	1.5872536209037806	5.035
1cf/12a28115c7275	3.423038271994113	10.8801875
1cc/042bcdd87da30	2.060507732029034	1.51675
1cd/3c50f392259e2	1.1502412685022156	1.8751875
1ce/fcb19d1ea8c5e	2.4032784953299586	3.4513125
1cf/2ce16f8cb3975	3.408090282216676	14.5949375
1cc/fc126b4aa0c27	3.156989844855717	2.791375
1cd/81fd1ebe2896e	2.9243226417384007	5.932
1ce/dbdc223cf934e	2.5473720949185443	4.6134375
1cf/415ab1f6732a1	3.2758263282227946	2.170625
1cc/51e8d59d14e4c	3.3867059196011957	13.0905
1cd/99d560d644e1b	1.6403772970610866	0.7685
1ce/6132d394d596d	2.395086205579535	2.2518125
1cf/ae84933abb93a	3.2177781835954806	7.9381875
1cc/65dd2ef8860f1	2.283359497187523	1.1555625
1cd/8d51008acd942	3.4160461446641137	7.6175625
1ce/be9e9d9b3c97e	2.3626263213599934	3.1930625
1cf/ef2d1e295e896	3.0681458299767277	6.7771875
1cc/518525c16f1bb	3.315601615329655	4.3634375
1cd/a9ab0e6aae4ea	2.7894290725693622	3.9519375
1ce/89c0bd4d9be97	2.6813658204857	8.039125
1cf/c6081e3fcaf1e	2.264867642386605	1.2695625
1cc/0971bd8c9d734	2.942076398275583	3.9914375
1cd/2671f4183e746	3.2277814986116184	6.484875
1ce/c2248f528f174	1.314459482944206	1.1526875
1cf/13076a0769540	2.610007534759836	2.3101875
1cc/28f20ce483cb4	3.2013394990938147	12.433625
1cd/e1cf35ad7986f	2.56984476955296	1.6543125
1ce/449e3db8fe2e3	1.0943422242851604	7.004125
1cf/0bc51b524d7b0	3.097152943103819	6.4026875
1cc/5946d5d211166	2.8098117926798105	12.89825
1cd/a03607d9169ab	2.6753388072647626	2.5055625
1ce/522bf0f9a22a9	2.7654549009988485	6.3829375
1cf/8c765a18cc8fb	1.9951140124450368	4.0089375
1cc/0b32346b9f5ca	3.194000388973332	4.27525
1cd/f967cd145e9e6	1.4651091206820719	1.7208125
1ce/75d327c504b0d	2.358807120395688	3.36375
1cf/8fdfb2e2a3612	3.276646396398175	5.7904375
1cc/abaa48a9a2008	2.5530617453040128	8.942375
1cd/04af642395217	2.0031393009682668	6.920375
1ce/28adb329f86d0	3.333639232546176	4.4723125
1cf/1d244f59417de	3.2675814616169205	6.085
1cc/485a7a882dafc	2.596968595071892	1.2498125
1cd/2c1562598f8bd	1.8999277218597737	1.961375
1ce/ce6143f1e5280	3.278889237234577	7.8901875
1cf/b9abbc4ab41af	2.673242393144585	4.8436875
1cc/bc4ff80a184af	2.4533448696721774	5.12125
1cd/c03f0d22615eb	3.1328079098500297	4.2341875
1ce/5040af24554e2	3.128491769793877	1.9221875
1cf/4a0f58abde22d	2.8999838825982907	4.639125
1cc/e6d026a5d8671	2.4939401666572647	3.10375
1cd/0b784a0c9c795	3.310562127497493	12.968875
1ce/bf471f8fb4af2	3.425367072941229	12.3060625
1cf/273d95cee2c78	3.255661886341502	4.65225
1cc/629148aff5c5f	3.024751508037581	5.2315
1cd/aa9e43c38fbd9	2.5253345019764337	3.63425
1ce/6ee9e3549afc9	2.185168962117288	0.9095625
1cf/59bb45e2cdda9	3.3739985614853385	2.9043125
1cc/5d86e5d55dc21	2.9196920515317544	4.069
1cd/0b1a3df76060b	2.9229147290439825	2.5285625
1ce/8f91785b7b40c	2.811794060853092	14.9193125
1cf/9a23d078121d3	1.929411628687359	1.476625
1cc/d5f4ea125283c	3.163264081289104	3.446875
1cd/ec497a2874d4c	1.2970719591032431	1.33475
1ce/36361672c5183	3.2874958140857933	2.4250625
1cf/12007b1d0e7d8	2.7599028543716773	8.9215625
1cc/37193ff79c483	3.336808429458627	4.63675
1cd/575c6dc6f2744	2.467083747401524	2.3171875
1ce/a3ef134f6cfeb	2.5772063069724096	7.247125
1cf/39c2bd045c3c7	3.3722312382213055	9.1590625
1cc/da065551f8755	2.957966508004752	3.437375
1cd/4f2777e2e17cc	2.311325782489292	5.5473125
1ce/e840347df3674	3.219027393537351	19.6660625
1cf/6f6a412490fc6	1.0920284282445714	1.152875
1cc/e03bda6763205	2.6567232490466237	1.632875
1cd/3f71903365fef	2.6436308872202154	4.760375
1ce/588ed42588805	3.295114102842037	3.091625
1cf/9c8ead520def8	3.2412293439769666	3.381
1cc/12e98a6fd3fda	3.1103911321335267	1.3215625
1cd/5f665f4fac922	2.984025879525736	5.34575
1ce/9065285bc17e2	3.2710594723310735	3.903375
1cf/05cc2d48190b7	2.1665580796386346	7.0703125
1cc/e6f77209e3dea	2.205479424102768	1.1529375
1ce/77cfe3741867f	3.2797948059500497	7.24375
1cf/fa0a5dabae3cf	2.273084126936612	2.116125
1cc/b17c580d7c587	2.176380230337832	2.3318125
1ce/a45908df743bd	2.6827512666677937	2.687375
1cf/779cd28536d90	3.0131227365975324	5.65625
1cc/33b7b28d715de	2.9763341668188295	2.9125
1ce/aca7e296b7279	2.550019606995366	3.2804375
1cf/16ef74a18f58b	3.2256776088041264	4.5590625
1cc/2566fd6a62378	2.7509572569223626	3.0754375
1ce/6d42b5a04476c	3.089549290099681	5.514875
1cf/3cd63b1bafe1c	2.999319444164808	1.6825625
1cc/ca8b80e79f7a1	3.488679143632663	8.9508125
1ce/ae58602fdc099	2.8596927403925547	3.1494375
1cf/971bcefea8b09	2.6896258913088835	1.0815
1cc/54d3a586f2642	3.132138612890902	3.645
1ce/e1b828bde241c	3.0503809465106877	6.2511875
1cf/0186b3799a8fe	2.460741163809396	4.606125
1cc/077074e957952	3.322281574130138	6.9536875
1ce/b85c20b27eb61	2.5207772177776637	1.5870625
1cf/dd82ebfad4f54	2.269380173686589	7.5655
1cc/11a9996f34964	2.4899212638482444	5.6418125
1ce/6220d45f2a04e	3.2241646963401833	3.555875
1cf/58ff99dbe9882	2.5487283494284094	2.630125
1cc/65cd9c424c424	2.6329616174291894	1.765125
1ce/14565d4e8f9bd	2.991827939965335	2.2139375
1cf/409e8d4a2b187	3.1942616330523337	1.95675
1cc/14ea686fa9e4f	3.3245148847915575	6.7973125
1ce/44756b0d2e9b7	2.3780586271704722	1.4418125
1cf/1c421d1d92278	3.2968815578286663	4.3773125
1cc/d1b729dfbdaee	1.663761417627712	2.275375
1ce/2b220aa5b4c81	2.9422832388858042	2.541875
1cf/dc66564014258	2.8663944009437965	1.1046875
1cc/d618cd3bbbea2	3.262436749970211	7.7094375
1ce/dff70c2685e48	3.2586559978373533	4.6311875
1cf/0379945c97633	1.0778412951015515	1.6575
1cc/ea98346b735a2	2.9003412746332193	9.8113125
1ce/3e4976458b83a	2.337993952633991	3.4279375
1cf/fec2399a5902e	2.393101970449104	4.742125
1cc/4efe05b64da8f	3.262269677299921	5.64025
1ce/c9f619be1a1ea	3.1513783609897548	2.9404375
1cf/adfa2adbc256d	3.07614224708241	8.92225
1cc/431b83c0968e1	3.588752733448473	5.7895
1ce/70b6b063dac30	3.2554297051277414	5.4040625
1cf/ee89f44bc86fb	3.259456377373114	6.7626875
1cc/c706b592b9f25	2.8457171375058996	1.24975
1ce/1f92a524226f3	2.700164445866057	7.331
1cf/bd5c07ef2ce07	1.689009416296516	1.4705625
1cc/f6a6d79f15f65	3.321394802569851	7.433875
1ce/7f647856a0b82	2.3457292833256767	1.9309375
1cf/9928348be86e6	2.3018503411518054	5.7139375
1cc/2af0551e10501	2.937519286058742	3.7051875
1ce/b842506dada86	3.311663017671955	14.5285
1cf/56f23f66cac36	2.570386582695831	4.8168125
1cc/1229075c9531e	2.619828566592055	1.923125
1ce/141bfe64e5666	2.5893471884366903	4.1275
1cf/4f09e40a8da88	3.311443707447084	2.395625
1cc/5f4f8cb7f96f7	2.883185438383444	7.514625
1ce/c1e8c2308be6c	2.9570754410943922	3.06225
1cf/3fd5c41d1398b	2.8774873879142375	2.11875
1cc/5e17366ad9a4f	2.4882260453786738	5.162
1ce/0c88ea0bf8e00	2.4927040402139284	1.9434375
1cf/6c5ac95b5d629	3.1633492639103493	5.0885625
1cc/bffcaa01fde99	2.6755563574488215	1.827375
1ce/334b40e253b7d	3.3276642868596062	4.274375
1cf/2de590d2b6a38	3.132593286100132	9.8393125
1cc/41eab1a47694f	2.629897491410066	12.8279375
1ce/6e47e000b2090	3.30925377209167	5.534
1cf/2284a0ca24520	2.8318404781207605	2.973
1cc/d3d9a417d29ce	1.90648478053067	14.7158125
1ce/8d835ee59c19b	3.3003348114526125	1.5994375
1cf/e446d1d84a50f	3.263783930998263	2.1420625
1cc/4d397ddb6e9df	2.5204552199609283	1.559625
1ce/927f70bd05243	2.4481650366258365	5.188625
1cf/cb066f521c2ab	2.3599712658525136	1.1053125
1cc/90804a24b2455	2.8406046188088494	8.8089375
1ce/4923b83c99d7c	2.459818464058212	6.3555625
1cc/60f25d528fc1c	3.0053171433492563	4.873875
1ce/5bb5c502330ee	3.064311531345736	2.067125
1cc/3ff8d27fc0542	3.422101851344974	10.190875
1ce/9f34581b9974e	3.2589134487080536	4.9115625
1cc/fef2c2bc9dc7c	2.264024032217838	13.9471875
1ce/89812d82722ca	3.1924234446638127	6.4418125
1cc/65c998167d160	2.760479212779585	9.3635625
1ce/a0db44f91f1fb	1.5338227474700488	1.8255
1cc/05c3cd7097be7	1.5900945470357157	1.5999375
1ce/af052b2a2a647	3.100780923640932	2.1074375
1cc/8354dba745ad4	3.1044708315289906	7.778375
1ce/133f3f96aec6e	2.4629043901598737	4.334375
1cc/4493088910cb7	2.5455078698547675	2.7555
1ce/171e65338e7a1	2.527004113087754	2.457875
1cc/6a945c79cc006	3.2060775467130402	6.1109375
1cc/4e8aa5b04c7d7	3.1721630684921043	13.1155625
1cc/ecbcf3998b78b	2.813701497578148	3.1539375
1cc/dad9436450f1a	3.3024094827395496	10.45425
1cc/5dbf989e89cd0	2.4991284475784354	2.0680625
1cc/fa479432d2e39	2.803160249266485	6.63675
1cc/068b04a613fcd	2.8351762981043187	9.77525
1cc/cac735e6691aa	2.698870390153653	4.8318125
1cc/cc5a3477332c6	3.1166833140651082	6.0195
1cc/fafaf995e8e76	2.3278982791924414	4.77225
1cc/d8b98bbde5811	3.2922885118280423	5.968
1cc/f78fe7a774e19	3.3230595228387556	5.4633125
1cc/bf87eed20f64b	2.275381331063037	5.2936875
1cc/e18cd74310b3a	2.4583240591811624	2.739125
1cc/34af48755ff71	1.4345966467331377	1.4774375
1cc/9be96ab0b0283	3.2231021976982697	4.72875
1cc/528f0fc698316	3.209435336219358	16.918625
1cc/e351937c7957c	2.30219068438078	3.0216875
1cc/386050bd03c68	2.940704957855253	2.6715
1cc/29c3c1324e8ff	1.5463616014503234	1.7755
1cc/465e7f369b5d5	2.8705077953237415	4.332375
1cc/a68e428e7c345	3.2019267601402768	3.6798125
1cc/d5c870157e10d	3.272439594055188	8.2304375
1cc/e25fb71357e90	2.9571959549620543	4.94425
1cc/9772d51212bed	3.173165903689659	2.5423125
1cc/f2da58d956039	1.8176738606943506	1.80375
1cc/8371d5a40a31d	2.8566793913464736	9.439625
1cc/38e60bba7c8d3	2.63459721215506	2.8396875
1cc/146151527d9fb	2.6255371551533475	1.811125
1cc/bfaf3da1e35eb	2.74458822769756	1.8146875
1cc/9f476410c762e	2.476632169710129	5.3418125
1cc/085f17486ee8c	3.069304367869437	4.721875
1cc/3fe221bd885ca	3.114893522107265	5.766
1cc/33ffbd106cac4	3.184694402349507	8.4140625
1cc/90c98d5e511b7	3.008949287435525	2.2984375
1cc/5161e0bf17de1	3.4288270330804975	8.1898125
1cc/b8f9bbee26083	3.308750726929043	5.9698125
1cc/9fcf2064c77f2	3.477065186115138	2.895375
1cc/a8c883c332a58	2.3751929313227835	7.2214375
1cc/4d96c8d813e6d	2.495019857286491	3.1359375
1cc/32ace49c9599d	2.5213962104185073	2.0031875
