key	dnsmos	duration
450/100b34d3f3788	3.4856670636944194	8.5783125
451/5e1e88ab7c63e	2.9339623362102136	8.053625
452/e9d98398a1683	3.496386394193418	8.801
453/23e0d419137f0	2.72488967744207	7.2693125
450/6ac6e08ebf0a4	2.983770700799011	3.62225
451/0b10e279df7f9	3.3305183917674523	5.343625
452/635748ff837ff	3.020288845337073	7.3859375
453/553d09e8d2125	3.357155423739654	9.132125
450/a9f1e2d49989e	3.0289289624873597	11.3373125
451/705c3f0d3144d	3.313893313904828	25.9131875
452/1e72f9a03c74c	1.8671510087417498	4.0499375
453/81284bd51b409	2.629713845845497	3.58025
450/7a18380042509	2.8088937542084103	7.7148125
451/4222d6bf46af7	2.5336647070295415	2.7986875
452/41bf7ced0bcb4	1.4756303180277937	1.73325
453/d5c48fbad8189	3.2423145884820377	6.7836875
450/d6c6d6cc7019c	2.67551358739736	8.94225
451/3f146c04a6057	3.307690120263012	11.57425
452/f8c8634a7800f	3.3742099084693664	7.60275
453/156222d6173df	3.0929402484676034	4.2981875
450/17ad6089e035b	3.0978938769850024	7.2494375
451/1339a897e4426	3.382853743725329	4.5739375
452/fc644e4ef14ad	2.999855474412547	8.1226875
453/2a472487d8c62	3.0582552857850858	4.7955625
450/57ee76eb7d4a8	3.1093953871998563	2.968375
451/dd352e788b5f1	2.658355649693149	1.6060625
452/e1fa4ce86cef1	2.9554363997227724	9.555875
453/3e4114a56b4c3	1.9935256185243422	3.97225
450/4d632aa042fd1	2.815060960426798	6.6915625
451/6a466d03f4a14	2.8036389259218057	4.1855625
452/2e732f2b15af7	3.0704474557753882	4.8340625
453/2340df37240f9	2.830793672104185	5.1338125
450/17cb2d1908919	2.835195332116185	8.5635625
451/1c6160e8feb05	3.0653285758975715	7.2701875
452/b6ce3137a5ddb	2.4983060603717995	7.472
453/cba3308ab6c74	2.5988393754462353	4.8050625
450/540e0f4dbf7a8	3.439487176190585	6.24075
451/91494ed1f794f	2.7294572814487075	2.5885
452/97a5b1f1527c9	3.1441333266946216	3.33975
453/d6b5acc14accd	2.824577267798093	8.166875
450/dd81963a373cf	2.945107528432366	3.1648125
451/176221058fcd9	2.9869968632661394	9.9608125
452/21aa62b5aee9f	3.3708019740722244	2.006
453/a67f8ab7b46fc	2.4138148940219426	1.6348125
450/0b2daa3a781c7	3.4355254949769676	16.71625
451/54fcf62207e41	2.2945334214627797	1.8525
452/577b4c9b14641	3.3440508077686224	3.787
453/3a4553263efa0	2.8479614835944806	2.163875
450/8f3ff9090ac84	2.8354576249705046	2.8280625
451/ef9966ea935fb	2.665327198229083	3.9246875
452/7f2170fc6451d	3.1412290801301075	1.21575
453/869564cc0a443	2.65745720471518	7.1644375
450/62d6a5b750dbf	3.372568816848648	5.444375
451/a27e24e7a0b30	2.762504202067646	8.17525
452/f7d1b7f06543a	2.6754884462841804	2.55975
453/0929d17fd454b	2.894247820292364	10.9805
450/3ced8d3dcd95d	3.0489760475857515	12.049125
451/e29dad8bae5d9	3.428194150546556	7.6338125
452/2c96244abca00	2.933310800465463	1.9240625
453/0401226287551	3.0126222250140717	5.467875
450/c7c58850f4b96	3.2307247704239734	8.7986875
451/506e3bc1cfc7c	2.470785914384474	5.61675
452/69b6a5aa78122	3.111390528542285	1.5210625
453/781d1e3e6cc79	3.116915712625011	3.328
450/c2d629b7deb8d	3.318237543290714	11.5359375
451/0132ef5e07dbf	2.604264937908739	4.0733125
452/18b0e5060fe27	3.44249874549374	4.0608125
453/34106cd03add5	1.7973858767760098	2.852875
450/a5331031a312a	3.03643093454345	7.8118125
451/698d40abaac93	3.2888737876953726	7.2030625
452/5c565b96ef954	2.997684521751418	4.5138125
453/3a7795ca41abe	2.885095984291649	2.22825
450/f013519cb32fa	2.079712033857014	2.21225
451/44e7cb75e47bd	2.7774303900966406	3.7778125
452/c6bdb343d5551	3.4327430559098464	16.742875
453/5a0bea4c54f0d	2.8288674273810286	10.0515625
450/e89730de720bc	1.372073793544998	0.8128125
451/efeabc6f92217	3.3671315075313912	4.6028125
452/5bf91bba3ce59	2.6213720657952964	5.9955
453/01565ba8cb44b	2.2468779305294198	9.5696875
450/1f3ace4cb3023	2.957606714843609	5.872125
451/9ba88818ec7f8	1.1334021155647	4.2014375
452/cd4d6485ab1f4	3.00145987928618	11.4763125
453/efc529dc27bbf	3.3013778978482047	18.5090625
450/f7db55bf21353	2.976192334681332	5.763625
451/cdc65a1bf5895	3.333072449386408	10.3588125
452/b34f892640e59	2.9574678248015416	8.4295625
453/7a60a5d3c8074	2.554670607750317	3.737625
450/6db7e5a8aeee1	3.1801477515156678	5.7475625
451/5667331db336f	2.489803063292397	2.1631875
452/eeb48c9fb112f	2.926675405477436	6.3181875
453/307d58a136125	2.8947975892686553	3.2885625
450/5b8505ce76134	3.012882926312488	5.29325
451/bba892b640cc1	2.9603836971027384	3.91925
452/68c4920027e79	2.3210764335273217	8.219125
453/3d8c8f0d77f0f	3.1542340865803955	1.0085
450/2cf0b984133a0	3.3994407699703557	4.3455625
451/8fcd6557a8d86	3.4548746347170445	5.8075625
452/b317c080234f1	2.9633631966842278	9.643125
453/65531610dedae	2.3616619551073805	9.8556875
450/f5a0c17808ace	3.4237792141943326	10.8690625
451/b7f4b1b673d5f	2.770950517394448	2.475
452/f4f91d9e7f0fa	2.5283657715721106	3.5830625
453/048536f033859	2.151618216441643	7.719375
450/16abdd5219276	3.440938440701293	9.00725
451/04e43fdda8905	2.9761689511325145	7.901375
452/50bf60c4531f5	3.510671217724039	8.2745625
453/91ea847068b8a	2.5669656904332454	2.4525
450/2d24dc0b92467	2.0788191908089284	1.1328125
451/cfa622879f5f2	2.118722340752572	4.7310625
452/d8b0d48e78f4a	1.274640836055358	0.8165625
453/b2222453eaaf9	3.3045238990390335	11.5769375
450/a76178fb4c0c1	1.0834668351458192	1.489875
451/b19f6ee3c2499	2.0477270445225675	3.1719375
452/3ac03a95da642	3.341681063940659	10.2035
453/1d90ac5c93910	2.957181541248169	4.4694375
450/e915fe03afaca	2.8018774305844176	5.352
451/5beec01f52a9d	2.989259502896433	3.0809375
452/b4d1dfaf7bd93	2.1255028199306287	2.6398125
453/25bf248ba2e22	3.30385828601454	5.2746875
450/1ee4324c8c14f	3.0070898502609387	2.354625
451/2d39548ef6099	3.0085330163649617	4.97225
452/254ca8cf52d58	2.4411149985640246	5.933375
453/1a6f07bacff3a	2.015971094120999	5.08725
450/738a3b20b66d6	3.1189621329130253	10.4110625
451/dad81976a79b3	2.7557187915707124	2.63375
452/6b7df3c29b11a	3.031160013777255	8.6950625
453/3bc9a72a8a728	2.7543772432343636	1.201625
450/690d2838aeae9	3.3402193311751427	4.3721875
451/8873dbd5d10d4	3.27958972908311	8.8533125
452/64b4c37336660	3.3474824778941117	3.8616875
453/56136116baadd	3.359893307511823	5.1241875
450/69bec63b3812a	1.6601014593823449	3.9393125
451/a273262cfcb53	2.596328445504832	1.716375
452/948e1c8c82aee	2.8812000480504176	4.222
453/657def239f4ae	2.8818846057949568	4.7191875
450/8037fc5ff040e	2.835524066218723	19.3810625
451/d89c67afed4be	2.1931193193785505	1.1534375
452/c8c2ff0eb0969	1.250828438312554	1.3701875
453/0b8e90fdf0389	2.8095143279094166	3.060375
450/8bf2173668612	3.200681367172294	21.446
451/4d4514e7aa37e	2.756989528831543	5.9820625
452/40a887dc384bc	3.4788952204215424	9.1600625
453/db4d8432dc2b8	3.4006944574882185	4.3288125
450/1bab39ad38c7b	3.167170363279336	5.73975
451/b6bee9c54a248	2.602570145081611	9.7510625
452/3930459d206a6	3.207634443513611	5.6715
453/f715561cb3ac4	2.760939136656996	6.06725
450/c78b7b88471cd	2.973707991274122	4.609625
451/80bf9c6cc1df9	3.2256385824394616	4.0569375
452/27c1ed7830fbe	2.4629308767072438	3.6961875
453/acb1baeab6f53	2.088971771194606	5.917625
450/d4d72888d9ffc	2.674935731501998	7.349125
451/3e2c8d9fc3ece	2.6510764430955844	2.262625
452/a4d5f4a08ae48	1.386278035729196	1.104875
453/e21731d7a690d	3.298939567251586	5.1830625
450/54c1e4d4bdb22	2.5900695742850237	3.0501875
451/52a77c5caa494	3.1878025963351795	3.824875
452/13972c43903e8	2.227184563214969	4.213875
453/7771863d25d9a	3.375260065394396	4.2045
450/111c4ff4f3d8e	2.8321310022941266	2.6366875
451/97375648faf5f	2.61461318778834	1.1608125
452/e8251b5721cce	3.371434561265889	17.2054375
453/23feed9f0a9a6	3.5679313680419655	4.473375
450/84b626437eb7f	2.985950523401327	2.127375
451/c0e6dee2eaaee	2.2983869150077347	23.449875
452/4328b67a7296d	3.010357267422112	3.709
453/6611ec3e46743	2.990241162617689	5.1663125
450/501958dc89ece	2.980458862845384	24.1325
451/92dbb998dc4ab	3.3530564490541703	7.6473125
452/b427fe2652ddd	3.4984360847786107	12.8261875
453/de767c603d5fd	3.307289669208342	8.494375
450/fbed50ac2152b	3.287946948150091	20.7973125
451/af2f888671f1a	3.3739314877777247	19.2173125
452/1dea18cfb80f3	2.999473688269809	5.9161875
453/96ababd7a3074	2.244697527444444	7.4214375
450/9d284c64685eb	2.1940416803623504	1.5205
451/1d006caaa5d7d	2.790673156759423	3.2770625
452/ce6bed6129e0e	2.5896758240534354	1.322875
453/d92a1e90e1f8f	2.8289047085591235	2.5483125
450/42a34e5bb8b4a	2.8362854349890934	3.558125
451/cb740cd200385	3.119518262599244	9.0139375
452/5ef0fa057e930	2.979013274480011	8.3404375
453/3beab455ce9a3	2.8888438599800224	4.653875
450/622160dc2f0b6	2.966112197679577	5.0375
451/896642f4a189d	2.03470507473914	1.762875
452/f850e7c26ebac	3.171994708075151	15.80325
453/aed00da6627e2	3.024045633814422	2.9525625
450/9352e6e696921	1.0364372502555765	2.7763125
451/e66d02dae1a9c	2.423219296175382	9.6275
452/7c4eaa6c6c86a	2.851673669278905	2.236625
453/bbf4743111cc5	2.7283994361034463	2.4278125
450/6e84757947b0b	2.303476635554324	4.631875
451/207be8275aa8a	3.2039839438483	6.30375
452/c21f0dd829d64	3.145237816907948	5.757375
453/3cafcde998ff2	3.169924177211059	10.462375
450/d4b2f2a1fcc16	1.0943602117154265	1.367125
451/d6e97857319af	2.631423022054598	4.1505
452/ea46c9963aaa5	3.062304349463689	8.7544375
453/afe0d66384d71	3.1438689601128105	7.869125
450/c60388f39e604	1.567279482005282	1.7149375
451/c27f5ad545251	2.7506171210332235	3.57875
452/50dfed0218723	1.2267344132849742	1.436375
453/a32402abc9dbf	1.8261073387328774	2.2029375
450/4a4e8699c6c1e	2.3292732747427363	7.2013125
451/0a774f2e6c62d	2.8767205446536575	2.4049375
452/f788803043656	3.179516109359195	5.25225
453/f74549ee876b2	3.1402798416162363	7.73725
450/0290f874783ad	3.000205333414053	5.530375
451/6571a3bf4d8c9	3.356832870585369	12.9391875
452/40d9931da12ce	3.340633556427407	4.6419375
453/1bc02ef199ac9	1.9481498486304216	2.645
450/bf6f7887b4acb	3.354361691482208	18.942125
451/840a5c87bcf4d	2.0362702215033908	4.0985
452/266a17682ff4a	3.1225412598457862	11.7680625
453/0af13dc7f85c7	2.681375526025802	2.5680625
450/f9978ef2c9ef2	2.686889800409895	3.9684375
451/40c923de725ed	3.043559119997191	2.081375
452/af476d15a20d7	3.11338759248072	6.077875
453/7290e306eb629	1.8543023279984971	9.7549375
450/73a0d8237f793	2.8905023466589506	4.489875
451/26704e16d5397	3.3061938609136123	5.4873125
452/dfb4493fe06f2	2.7181541604295427	1.056625
453/6620ba18f82f1	3.0974240893812195	1.9514375
450/b07c6fb1cade2	3.3211443246048846	8.2349375
451/b8caffa298dab	3.1647087735663986	15.328125
452/6106c15c0dabc	3.3031630547626896	23.25
453/436f4ed16b507	3.068034379150719	6.3541875
450/22aef9f014ac3	1.5876809759941088	1.3894375
451/27fa54aa8937b	3.072579625237169	5.9326875
452/3cc89266185e8	2.9712365117794732	3.28125
453/a333a72a550e6	1.5163366683168726	1.8531875
450/960b16bef3d92	2.9710549532123958	4.7570625
451/99dc9b5f7f705	3.0616711395210814	2.023375
452/1b8356a8a5be0	3.2159163297679423	3.934
453/230caae5351d2	2.110331834520654	2.463
450/206026544c5d9	3.158734573154225	6.3996875
451/171aec2c01949	3.1813718883110718	9.1900625
452/3f9acb40a2b6b	3.263890972164998	12.7941875
453/db4e60b459412	3.4143262615894328	21.33375
450/577891c48656b	2.742582752390118	4.0090625
451/df9af1cd0ecf3	3.3036479277188184	11.0135625
452/e7d5c7afa895d	2.340632920361966	8.4223125
453/8cfcb5ecb7d69	1.2596057731963446	4.5560625
450/d94ab40c1c38d	2.3974113232624505	4.5908125
451/73fe23d24adc4	3.3489213010102157	8.9615
452/0cffa4890890c	2.289659222563053	3.719125
453/7dd31fe6aea9e	3.4757555831857156	3.938875
450/e8a37c023dd5d	3.289947913359176	9.4954375
451/6003dbccd95c7	2.5897112728696894	3.1958125
452/50cfb940920c2	2.5806933536298544	3.0383125
453/6ec1bcc832d3e	3.121316114282689	13.4925625
450/5c21d51867f76	2.8758305723034048	4.1175625
451/da21d9ca3e2b4	3.4819898661547923	13.215625
452/2745d7f4bb1a5	2.112701825672885	3.359625
453/009ab850e258a	2.284926790786497	4.346
450/1b381812f874a	2.0059055682571616	1.1046875
451/ad91c2be7ffba	3.349916235934667	7.0900625
452/b71a389ff0fc0	3.0798759868874725	9.9765
453/7169cf15476e2	3.3852525540609197	9.481375
450/9b172fb7efcc1	3.2845936882749633	3.7141875
451/425b072c2e6bd	2.4249292513103318	2.7049375
452/1d973d0bd601f	2.7953966546402085	2.7279375
453/119686ddee24b	2.0718349651074535	4.7179375
450/50bb3485a59e3	3.3435069549364504	6.605625
451/022c1033d3b96	1.7306618978252466	1.9709375
452/85c9c4602194d	3.2142852182551107	3.8999375
453/d050dd214f541	2.884577960573809	3.7963125
450/d0283f315eeb5	2.6967368780107717	2.606875
451/0d6105aa7b39c	3.419647272908203	8.692375
452/130ac634d783e	3.2326481683292907	4.7650625
453/1df5511645fc0	2.396375493509114	3.6645625
450/d16c176a8a4a4	2.555980106875137	2.093375
451/f7aa1e1cd05e9	1.082235151608922	1.94775
452/5a0dd932eface	2.1535405799685368	1.6445
453/88232ef56a77d	2.376178574712385	2.041375
450/572d7ec01eb23	2.956874931033513	7.179
451/2990d86a54015	3.2435769432656416	2.5890625
452/028513ae59524	2.911594696510303	7.5536875
453/4c269ac18ed22	3.26650839652643	2.5969375
450/642040fce0c09	2.35957231389269	2.5688125
451/bb816953c9f1c	2.4004740068357355	4.6918125
452/39cf89bf163f3	2.4153076659291095	1.555
453/2ce6bb59824e5	3.437225315620636	9.4626875
450/7ee3c6aa0aba4	3.5194224237007923	4.477375
451/29e964800946b	3.2365313080206644	5.19675
452/b99bed430af76	3.1102785143607243	4.083375
453/555509eef3e50	3.0914483940379713	8.7674375
450/dd85f0929ed48	3.3571787474631445	9.704875
451/6252079c9dc32	3.4009393940596158	12.3329375
452/279750663a7d5	2.956267690018271	3.784125
453/e7a047cbac00c	2.7029905694210026	6.2765625
450/c88db36f42b45	3.4437271145002284	7.2835
451/63e2358ec4b63	3.091971685324282	6.3979375
452/0f3a8d907c0c1	2.81376623118052	1.670875
453/d004213fb6f46	2.8986607001234836	3.8684375
450/9e47d0c3b8804	1.8754775177100618	4.452625
451/58af584d93e65	1.85709926607967	1.9225625
452/0a22ad76c6300	2.9663185644712744	6.5469375
453/9943351112970	3.1124579694357957	8.685375
450/4cd9a4ffc5955	1.8370217963418183	3.0900625
451/38403237eb96b	1.1073427062097014	4.6475625
452/589f556bd630d	3.193610528375936	4.7230625
453/0a19ec1f0767c	3.331018840474289	10.978
450/61575d24fab41	3.306299378958014	12.2745625
451/c62d9e8e950ee	2.23985388025807	1.77925
452/2a72244a3a9de	2.270707288880344	4.486
453/2df1649938fb4	3.0877365318260592	10.6684375
450/6fc033f80e1df	3.3431513635237673	4.0170625
451/e7243c9edcabc	2.5281647989944083	4.2969375
452/4eaf4008fe26e	2.719353997161577	6.5471875
453/5ca98403d9578	3.268490643853623	7.206375
450/ea2b762c1afce	2.7502756554013246	4.1011875
451/3562656d0ef29	2.5663229312961686	5.1065625
452/d2a2a3f1d64ac	2.3411819934852423	1.1770625
453/4c01e6af73c32	3.0686564612813543	9.7584375
450/0c32e28d0aab8	3.388981084717403	10.6800625
451/bea130cb5cff6	2.7300618863937816	7.3133125
452/dbc70aef904dc	3.2876008097664156	2.595375
453/7546513b541dd	1.2856929602787464	2.22425
450/4d06f89c24607	3.2244586897645497	12.839625
451/19969263a6755	3.4524200769231497	6.8536875
452/8cf3e99af0d44	3.1210858106270263	5.5955625
453/de4f8e0a62851	2.5686030351906504	4.328375
450/78d7fbffb70c2	2.359308761943521	1.16925
451/25fb16fd8a13b	1.9370454968156992	6.1625
452/5a56f131387e4	3.3938902352592493	8.5756875
453/d92bec62cd0b8	3.2844571326933205	6.3024375
450/28de73faaf99e	2.5723402929284114	2.1753125
451/40aaaca636ef1	2.72369138609979	7.093375
452/00314f85fcfdb	2.0757988534660647	0.720375
453/da0caeb27a3e6	2.518629711869328	4.634625
450/0968c6c7f8a44	3.1834987269379607	5.096
451/088299681480b	1.0760236798972864	1.4894375
452/6fc2a206a6749	2.9128035707343	1.1369375
453/5336c1924fa53	3.469177141716682	16.7636875
450/40cf6699ea418	2.0308378265160436	8.97675
451/89de7d9d5bf2c	3.2693359857731368	8.516
452/1e61ca612698c	3.2561931383368132	6.3104375
453/167f95930a64c	2.55678553002407	2.6015
450/2790df8a73417	2.3611235878459143	9.607
451/4d80aa7f79202	2.8791517602599415	23.6383125
452/17e0e402f56b8	2.53039404441846	1.995625
453/a2ebc682f101d	3.341316671710682	4.6051875
450/db09163fd0109	2.925926906344194	4.922625
451/7a21eea4f8c4a	2.9673559166609382	4.6925625
452/a056c66501dc4	3.333546080982972	8.142
453/f9943e31184cf	3.0783114090549106	3.7865
450/3520297f84b4f	1.9209966251998445	4.0668125
451/d5272f223620c	3.2579420872416303	7.761625
452/d621b03e9f1c3	3.5933989519446095	10.7221875
453/1c7cfabb6d56b	2.312251409493406	1.1535
450/bc6e2f4b1b736	3.2480566027401303	6.188125
451/7947ebb242c97	2.547634618464192	2.3650625
452/91767b75b8ed6	3.090876893132991	6.315375
453/09d2835ead433	3.443481975240701	7.8074375
450/1a76e6cc6bdd0	2.779197309549294	9.8951875
451/af8d6b6de3099	3.2781433211767426	4.9764375
452/f18376ae3aa0d	3.093426776221492	3.7026875
453/c67cd58547e86	2.3854379065338485	3.25775
450/b4323f802f8cf	3.5122062209954965	5.8159375
451/2d3c8e6ba013b	2.7556042341362703	5.8365
452/327aace00cd77	2.8648268151407756	3.0150625
453/48d7650d10c20	2.6236057646705415	2.6879375
450/1da743acf0bf9	3.024444290172219	4.3890625
451/1b7768dadd1c6	3.099617168571065	2.06075
452/fac5c8538f188	3.2678735171233106	7.4399375
453/7760b1c31bf7c	2.5855075970523704	6.172875
450/635643625ed45	3.3696662656951055	10.417625
451/ea70d41d5b27c	3.2195593122116923	2.091375
452/f9df032a5fcd4	3.0776041561509	3.5118125
453/132e08467e90d	3.1382077468294027	3.13325
450/5bded00faf124	3.4555270070080075	4.0284375
451/0025d1a3d5971	2.4946001851548125	5.5106875
452/eb9efb4050463	2.553957847299719	3.4705625
453/9efc96ff7943a	1.904108591041586	3.296625
450/40d2bcaaac071	2.968183093995592	5.396
451/2b5e4e49b8c1c	3.0597634172547146	6.2739375
452/e30b41063c738	2.701441263364439	4.583375
453/f7a512a804726	2.276626189209703	2.315625
450/9c4d807981973	2.86511115279519	1.8759375
451/d9f247088e234	3.340699673451258	7.8796875
452/b7c93b8c4fe73	3.1487634490963874	5.03775
453/19eb37edfb2a7	2.0764529565265644	1.2506875
450/478485461bb7e	2.5077740447111943	1.8566875
451/dd141a079666b	2.963410123712501	13.7688125
452/c8bc2cd8c9a49	2.5783843132972963	4.9718125
453/40463d1d31ca6	3.4376029127164514	8.128
450/da07a886b2431	2.950926085620207	4.0799375
451/1cfa1b3435df6	3.056277604381094	10.15475
452/62281aba44a45	3.192650238038801	12.082
453/f9c2b511b5ad7	2.6762389915159743	4.92775
450/0ea1f118840ad	2.8046524152464274	7.071375
451/39b7c85d09562	3.182070669873006	6.04375
452/97db7958c2978	3.3368628705745245	4.8441875
453/4c0a893f8b5ff	2.8537058349838658	1.68175
450/a56bffa8c1d58	2.7774786758528003	15.925625
451/42c4dfa1d6081	3.415574658571357	3.845875
452/bccefdaf65323	2.55857747500057	2.848875
453/e26c0a8fe42ca	3.376638692573679	5.4524375
450/9564ba4b0755c	3.237316142650822	6.98425
451/11ee441ed9115	3.2855088189113575	15.3950625
452/a8ae6a448bbdf	2.071577885948313	8.160375
453/fcff680e630e0	1.7306403151410108	1.870875
450/641e373a202c4	3.3385586718528204	6.633875
451/9503c7f22900a	3.263605514083128	6.0910625
452/db4f5a72e8415	2.854048048819625	8.3623125
453/d650b140a0605	3.03967309081203	5.7655625
450/590a5a30cba29	2.6865126020983867	3.3880625
451/f21a184c0ce9e	2.2307644141214746	1.346
452/0789a2a148e51	2.801251074765614	13.26575
453/1e851b868d500	2.5445363924083257	10.4696875
450/1a972c4144749	3.0158832219108618	12.9006875
451/b99487ccdbb67	3.444146024885208	7.49225
452/b7b5367eb1bea	2.8964450438243134	3.67375
453/60426dc570517	2.830404560134452	11.1059375
450/50203546acd93	3.0825184863453052	23.3765625
451/c93920f621fe7	3.3134840275451425	5.2510625
452/29956f8656321	2.3635196481722547	2.4624375
453/9b9e38ffbb19d	3.4873851265288662	8.745875
450/004987a012a87	2.8645601990369665	3.6168125
451/e4094cf997ee6	2.7952743019891573	6.86
452/aeaac106a5b0e	3.210629860635657	8.668875
453/59616ce936644	3.399063394313827	8.4214375
450/19c96feef1ac6	3.165463011538006	5.7865625
451/c21c84661ac9d	3.3250777547976513	3.659875
452/003ce97030c18	2.661001793885968	6.901625
453/dc26ba6795c16	2.72937186984159	4.200875
450/69f95c83771e5	1.8123131772357197	2.460875
451/1e064ba481536	3.236667974936592	5.29025
452/b8525fb6e305d	2.8858430705437303	2.96525
453/899a0d5816049	3.0310915041206434	9.543125
450/c59bde7b67f71	2.443621165474977	1.7306875
451/99a2b799b723b	2.8786024052756125	2.5290625
452/ec5a4e0a82a08	3.3796298675553915	3.55675
453/7440fafa8fd65	3.124300136750434	6.6994375
450/61bb4e0fd6051	3.094325995002945	26.111
451/55591aa05a310	2.86527365400234	2.7555625
452/1c96ccc46f132	2.4556938558459653	6.7675625
453/d60e06253a03b	2.0832865292650236	3.7730625
450/2426a88547b0f	2.8848948392823197	6.0260625
451/5c41a92d73ccf	2.925251717352445	2.064875
452/044897a21af53	2.284814446683238	7.7119375
453/ae75627397643	3.312750513817377	11.624125
450/7247310493037	2.718182336498083	2.6466875
451/7f9d9df111ec0	2.3283282735966218	3.93725
452/cbe39f406ea33	2.471238865959074	1.730125
453/b7f910e56f563	3.320626614511478	7.4334375
450/d5f3319efe57e	3.4635485522356753	14.528625
451/33d12ca2529b5	3.2490432622333643	3.569875
452/31b3f7dde184f	2.913474774035893	2.62675
453/52a9fff15ef6b	2.557825766562017	2.7704375
450/94b13225c5fef	2.8140981109227887	2.173
451/1c4ef3b46edfd	2.221123560137127	3.0271875
452/1aab17f2a8e15	2.3771918458812595	2.03725
453/f17441b32a224	2.5855693743407597	5.0720625
450/6e943ef0461e2	3.385368776119029	2.9025
451/08f49ca0653bb	2.531658905616632	2.716875
452/fe74ca17436c9	3.0277307611170667	9.495625
453/3d3f61c4fd8c5	2.7587671191156895	3.566625
450/0a156dd4dea50	2.8136692590258034	2.014625
451/69edb691d4bb8	2.676693367145656	4.432375
452/87dee6d57be29	3.3646922592846655	19.6731875
453/a56697e3c452b	2.2902597832881377	2.5226875
450/0587509d5d3e7	2.6644507414238663	4.9281875
451/1c8966a226336	2.5002167660664676	2.2289375
452/c114e39332715	3.3604571207639284	10.5619375
453/44baf2072677e	2.724889285493939	1.880375
450/a7f0992bee68d	2.7680855401338724	6.74625
451/0bba30b2c03e5	3.474940690006937	6.78875
452/fd99efac38a0e	3.13510453724693	5.810125
453/a2b05398144f6	2.647854188077369	11.1963125
450/6a34e679c64ef	2.292249273088537	1.609875
451/5c28827b59064	3.105099270745348	12.913125
452/24ae6af41d788	1.1155431590673688	1.970875
453/0ebb4589a3893	3.021048487627804	5.019125
450/a64789ccc6c76	2.3280273741959414	4.8261875
451/3ec8f5e1b57e2	3.2367400196849205	2.9136875
452/18dcc80e5f72c	1.9068645287611137	1.4528125
453/f4bd3900c0416	3.156997218749557	1.968375
450/f3de33c21d166	1.3442986554575214	1.0365
451/6036c03e75e1e	1.4693728818486675	4.0571875
452/1d830a91a4082	2.48777485946556	3.2679375
453/fd7d1acf68713	3.530049749273124	12.0395625
450/16d4f41e66d1f	3.3511995105589363	12.734875
451/65c48ca39a7ee	2.097201549125297	10.8863125
452/d24406dd1e050	2.043772888823296	4.572375
453/b2d38ad8076b6	3.128565179648723	4.57025
450/47874c7892b14	3.2429069956956433	3.5624375
451/be31b60e378a3	3.24161235343869	9.0623125
452/630871d0b0dd5	2.8654187401694964	4.5221875
453/f3231a3a91566	3.1144118777592125	5.7264375
450/7ee82dbdeaa1e	3.415105907185653	7.0416875
451/f7cf27387d7a6	3.337420028725267	19.8130625
452/6fc12ea054a67	3.206256805570642	2.71725
453/75c1138f7379a	2.7874743463078335	6.525125
450/9b194a523a204	3.4123338540137547	9.2549375
451/4c82f9fd381c3	1.7019412494044168	1.6385
452/a88f3d94e3a00	2.849562232500652	3.788375
453/988e4acbaa1e6	2.0717120946069936	3.1900625
450/e3eab36fdc1a0	2.422570775242986	4.6026875
451/1de1a9db93888	3.2502847442820024	4.609125
452/fdbb7ad3936b1	3.219949643495808	4.4185
453/c33decbf4837e	2.864149068694913	4.2779375
450/55453b12cf2ca	2.800923788818462	12.596625
451/a1de7eb8af81e	2.1681511160703852	5.9325625
452/b9db00c7d40c8	3.0107467519497626	3.649125
453/1fb252810374e	2.3136059223871706	9.8004375
450/6a0216098521b	3.269563916981713	12.6859375
451/bac378c685b45	2.6052456185358257	2.652625
452/a2ef495917b29	2.2499706583899086	2.7398125
453/46a6e0aa70ae4	2.7204387362436475	4.9963125
450/2965f1b237c4a	2.2960037451055824	3.1200625
451/7dc1ae88e8662	3.0786349596370406	2.4126875
452/e3c6155ba8625	3.1869380109813337	10.75525
453/337853add484a	2.3414272061274883	2.2619375
450/e6ee1449e24a2	3.0046799651949803	4.3549375
451/89daf6e8160bb	2.5727879601165857	3.99425
452/fa6b87ee22b02	2.9339091854035164	3.2151875
453/973afa8b29f82	3.18070489314901	9.127875
450/d30245d82bbdd	3.4808096460061906	11.9380625
451/26afdd34111cd	3.110618680981007	3.7228125
452/151d40b5fd9c3	2.3233394708832447	8.8151875
453/6596038d0bac5	1.3572773772911189	0.672125
450/e49cbc79e72d6	3.0264669803906896	4.9955625
451/d831910b44561	3.094120498281105	5.426375
452/ab9d241adec13	2.2848213645532702	2.853875
453/552a699449683	1.1203484541694397	3.6405
450/3006da28f9685	2.3034125854270155	1.864375
451/0c6a411450a2d	2.9294417734014426	3.1545
452/3731853174a35	3.2558423284333626	5.005625
453/a1980444d11c9	2.732702403984173	3.3123125
450/a9eb8301559f7	2.939417958147266	7.2094375
451/a70159c88ca3a	3.041555437844917	4.7710625
452/8988fd6f3189d	3.311954045837437	5.63175
453/f77d6a74ebfc7	2.9335831332603086	11.711375
450/7b3310235bd43	3.0464566069234507	9.2088125
451/54d2a305504b9	2.4528867063406667	3.08475
452/c5fec730435f3	2.5995038363476772	16.4273125
453/90bc3d76ab8f6	2.899260635615087	6.3194375
450/a58eaa6814f57	3.0557164153624403	14.307375
451/9bbd8c5981cf7	3.256163798398732	2.196625
452/4105ab98a2f79	2.374344751006243	3.46125
453/b2f0af5b6d4ba	3.5325457948940877	16.9934375
450/f9f8565b6d6b4	3.270260503606225	4.43075
451/18473b02f88f0	2.4218145337436754	4.6944375
452/292151da7cda6	3.3197389129461095	23.512125
453/5e1dc5c130e0f	2.6881720824712474	2.0621875
450/3f7223e2b9c6c	3.1682230200399184	8.8703125
451/4a1f6bdbd3455	1.9902645806021286	3.893
452/078283f5a94b1	2.3310025260084033	9.1545
453/9827a53abf956	2.1451103969538674	3.175
450/38b8b9220982f	3.027871141834592	8.172875
451/ad5318769bf59	3.229631232818672	12.326375
452/2b20320d50882	3.127762488282824	7.3406875
453/900bfe87b3835	2.7701652004926083	2.0195
450/8e2b6fd2b994b	3.037374184372129	3.446625
451/25f0c0b757dea	2.873906055804471	8.25225
452/6aa47b32dac0f	3.0111904354819465	1.4354375
453/91b7b8f00f5d4	1.102109636011993	4.420875
450/f01ce9dc08902	2.990961692717518	3.3820625
451/617a0c8583c70	2.961511596512273	5.804125
452/bc3d29f6ca017	2.572368788485505	11.74525
453/f8af123071e28	3.147780828304608	4.2076875
450/d0e91a9f4f789	3.505586956493314	6.1353125
451/e3ec8a957b501	2.543144484716108	5.78875
452/a7a260179dd83	2.155487627557023	5.525125
453/57790f7ccb4a1	2.2324539717814282	2.1868125
450/4c186c917eb54	2.11127912843952	2.0485
451/976ec4f9c4a33	3.10608221137153	8.1015
452/02f893de7ab91	3.026441991986563	6.30425
453/dfd3a8de0ab7e	3.3088190689932695	7.6015
450/a451e8be7b0d6	2.683517844039147	3.671
451/70c3878963560	2.724273555257305	5.1468125
452/e7e98c5cd1c70	1.6143979551282959	4.7865
453/0b66bc67b35ff	2.707583796376583	3.5469375
450/eceeb8d9024ac	2.651476286301501	2.311875
451/87aaf092a6fed	3.4146661418218893	11.0351875
452/44031bb42530a	2.2293181762627152	1.97175
453/781f29f5774f8	2.008528038690716	2.08325
450/813d12293cc07	2.4601749139463	3.114
451/434c1f2effca5	2.31160136747728	2.770375
452/5a1e410e73cec	3.4359830762885224	12.6190625
453/ecaed611a2823	2.2442168962681266	3.1239375
450/d2262b5cf2340	2.4190158202521124	5.2115625
451/e66a17e420c44	2.4104321090061545	5.3569375
452/93f39daac5861	2.9811563799082523	4.993
453/fd4dde50b4c75	3.307017130515837	11.964625
450/2de6a4d1d5ecb	2.77310196046231	3.364125
451/db259bf6fccc0	3.3320818951309694	8.052125
452/5e19b379ac4fe	3.184321895146439	8.581375
453/bcb02d303943b	2.9263728077707047	2.955625
450/db841d3fa7e10	3.196581895003105	4.489875
451/8807897768ab7	2.7952469262335597	6.6914375
452/bcac7417dfc7d	2.6304394200802887	2.7266875
453/7a565409086d5	3.3367866795800007	11.2364375
450/cb055b1c2997e	2.346012871721297	1.598625
451/001b32c6117b0	3.010489894645815	1.4424375
452/e33c4f8a65e01	3.22470113731773	3.4849375
453/b514107229962	2.1734495291164126	1.3280625
450/40a968d68e734	2.660245325526916	1.634375
451/e34a69c346d3b	2.350607524187142	1.3136875
452/0b47defe8472b	3.4433210478673915	5.19575
453/6bdd08944119e	3.2492347726687214	14.8423125
450/f963fd5d8af35	2.5204221202684303	2.6495
451/54a626dc29466	2.176084296615863	2.463125
452/3588c31c00cf0	3.437932246189354	7.8324375
453/0cffdcbf17d92	3.2609983153433553	3.4066875
450/f4f4ab74baa26	3.34761257967442	8.5116875
451/4feea52f3e4ee	3.2164486093686904	3.053875
452/583fab53fc3c0	2.853905619466819	14.77575
453/002dae6ef3101	1.077227449502854	3.8796875
450/c6e5e372dcc45	3.400382725065289	11.7325625
451/2128ceefaeb99	1.1131259665981201	1.574375
452/a03cbdb154ab0	2.745224030364613	2.04575
453/a54fe6ba91f23	3.307210683671171	8.8479375
450/b13eac7c94ea2	3.279071224310851	7.7414375
451/594d357f26c62	2.7827330309627833	10.8014375
452/53873756cbdba	3.37229887941456	11.8099375
453/2942f0bc4945e	2.0856715721076884	0.783
450/cfa7d35bc819b	3.1972789387692844	11.5299375
451/ab220738f846f	3.3676920871017084	11.9078125
452/abfd93c22c047	2.950525997904925	2.973625
453/cd783c412b4de	3.033984560670868	1.55625
450/316629e76df99	2.758485733490255	19.28875
451/db4f7029da97d	3.2820943933366187	7.611125
452/3f46185ba41ea	1.1011801515155935	1.7754375
453/0f82bbae0f23f	3.332735104523459	9.2436875
450/8af1e333bbc3f	2.992554484709769	4.8035625
451/179b0e2401e66	2.743880536627386	1.1280625
452/17328dd2efcc1	3.2616684316613713	6.1935625
453/26304e1f67c88	2.3609568180039386	4.4064375
450/974785938253d	2.7484719105768414	1.2425625
451/5152c0da415fb	3.201282247409408	4.852875
452/8b183536ca730	2.3355431780825557	7.0566875
453/4df5cf57e8404	2.9552545268023267	3.845625
450/3feee8999b57d	2.131811286274236	4.8616875
451/dab504e92e3ea	2.8953609862253016	11.2534375
452/97cc70319a895	3.0458793674818696	5.67125
453/8d7d927c6815a	2.1896681894796743	4.3665
450/caa74003283a7	3.520152720264644	8.4570625
451/e1f4c613e1a2d	2.9588575277169973	4.875375
452/2ff2f85b1c902	3.359917514805542	7.7559375
453/c6b6e3bbfeeda	3.4738939579645614	6.72325
450/acbd29638a91e	2.6231364198272265	1.5966875
451/ac9225e7f8fd7	2.8305907886110577	10.1500625
452/564077933462e	2.2752947145387976	4.249375
453/8f10f1c47dca5	2.082647448943095	4.0390625
450/7e620b5478fe8	1.220940067223599	1.7650625
451/35e0dc61049bd	2.6694948915224956	5.7551875
452/6ea077ab572fe	2.7655628737449747	2.59825
453/5842ddce423c1	3.114658004562815	5.1954375
450/139a5df4a0ba0	3.209885150033022	12.0321875
451/5e2f3999765f5	2.4004129406924464	6.3103125
452/2c4f9839fc091	2.2156438696137246	1.3381875
453/19cc3ecf6e4c9	3.1870874943131478	3.2994375
450/c947f3f8872d4	3.378117967797808	6.25775
451/187ac0f3001ca	3.287831076463684	6.9011875
452/923d331432370	2.727513497506173	5.245875
453/59b6b3b340a5a	1.107074461881108	6.9810625
450/85de6f1694c78	1.275850350338933	1.44375
451/42f9eda4ff18e	2.7484938054221373	6.299375
452/efc510a1e890c	1.9916258911496416	2.9209375
453/cfd7ff0c207a3	1.117803655123465	3.018
450/7feb691d13b59	3.3756922150970556	21.12375
451/b3252dff4e1ea	2.9340685955044226	5.5110625
452/ca212f9c56299	3.370094858460795	21.1389375
453/d7bbbca13c0ab	3.038501357530593	4.7565
450/62ef21e25b671	3.410004521095028	8.8984375
451/ed309361ec085	3.2139695254824328	3.031
452/2b015e451e5cd	3.325504020524682	5.0958125
453/f5657e9f345b8	1.1386928482840732	1.5385625
450/1b23dd9c02919	2.801504498072742	1.7719375
451/699816934497e	2.7571636057364115	5.115625
452/7684883f21fcd	2.9297175209994952	2.3674375
453/b6e37a624b3fa	3.0847582593730616	19.6095
450/a53bb6179077b	3.082144329557275	6.1995625
451/29dbd3bfc5135	3.503793349402804	6.1263125
452/2785c5ff4286d	3.175971760353573	7.6693125
453/a7dc5b162fe9b	2.979096043555626	2.912
450/57ea3d5981d0f	2.2830304585809436	5.9173125
451/7a317380375c3	2.8167780111902654	5.8104375
452/a162ce6fdfca1	3.1713769887362795	3.8946875
453/83b7dd607fc36	2.0618398571184398	2.3849375
450/6e8411e93f834	2.2649912139272677	2.3394375
451/23b1c5f34f7de	2.9456791580242183	10.001625
452/7ad8035958806	3.1993284011917478	3.1218125
453/51903007be8da	3.3170055296554892	6.6220625
450/f327f5eabd5f4	2.081643943991093	9.02725
451/12fb0cce42a11	2.460843759808849	3.570375
452/0c4628d938b96	3.380259839808563	7.791875
453/248372804ac28	2.4979970430939082	3.945375
450/da7e03efd4554	2.7367592862835486	9.9638125
451/55e195f11a374	2.800660376805442	1.89825
452/30095d50f1904	2.195746128982471	2.2455
453/f6cad376988ca	3.245614086393593	3.5049375
450/025d7813749f7	2.658475131437299	0.768375
451/40d53e18cb6e8	3.1440105093868103	8.367625
452/7ef69e1f3b855	2.9497863011132033	3.8546875
453/5f18eee01c9df	2.874088412525129	1.201625
450/f68b85c9eb8ef	3.241734668075037	5.4000625
451/56b9e7a9b0e7a	3.3578127367006387	6.17475
452/00df3442a9bf3	3.270290529753244	14.1353125
453/43c01514e0924	3.3408897755234426	10.510125
450/cd9d0591c2585	3.378042374106704	2.3106875
451/c490c48a32407	2.687848522146869	6.1580625
452/3f5a6b454c835	2.2749844642694534	2.018625
453/bc4ede8651bcd	2.848464371525863	3.20275
450/760d5ba2e1e76	3.1172515269690786	4.81775
451/0d4a3552e9f3a	3.0065935319006334	3.515125
452/57f575d38c1ea	2.056072284876291	2.2244375
453/d0281371fec4b	2.3111539518431683	1.78075
450/54f30e1031273	3.1294203928050925	5.3416875
451/594c72d119319	3.293247963657984	9.4964375
452/a508d64d766dc	3.0851252518370296	8.0626875
453/7bdc0b63f00e6	3.4110913998032166	7.4445
450/7c351f5955c7d	2.95001530721347	3.048375
451/02c0b302384f7	2.548762333633648	3.26875
452/9ee3f7d62d6b4	2.442003062348768	0.7948125
453/50ef6da0fad7d	2.962880631190001	3.260875
450/ba3626e37df64	3.421257546774742	4.4508125
451/a160694780dd1	2.2036977232822976	7.597125
452/a32e21cc6c02f	2.6589548838291304	3.0489375
453/7fe14e1301bc9	2.5846871202794524	2.5570625
450/9c4916bd09b70	3.476848723475946	14.5439375
451/6a62a2bd49b2e	2.2267099485865276	11.793875
452/8defa765da73d	3.353159813871617	16.2701875
453/10211a347f907	3.2744678144340074	11.4113125
450/9646f0eac72ec	2.9412005335580163	3.23475
451/36cb0d9951825	3.53183024256466	14.9516875
452/ea01752191849	3.1383971374342132	3.3896875
453/58e907657cde6	3.182237209640508	2.27
450/d6b1ae1d3b51c	3.089032348551007	2.2314375
451/9ae04747cec28	2.5221586736082893	0.864625
452/48c9757086124	2.629365647905791	1.230125
453/0572337c03433	2.1563076298811445	0.816375
450/2c5bd50d0a5c5	2.755655936141208	6.5584375
451/8aeab4afb9304	2.3481367462800664	1.3935
452/64f8ce1ef3ac9	3.197310818355849	2.903125
453/b1d8eaa3b98b2	3.2081436566422674	5.1444375
450/69753bb98f3b2	2.4725736263426947	4.6900625
451/1db76a437c45a	3.1491604404859888	15.5530625
452/e6e6f4acda018	1.116956764397499	1.258125
453/0201e51ff6c92	3.144537371634862	10.053
450/0c54bdf9989e0	3.3534102652018807	3.4245
451/d46fd6cd4fb9d	2.997145535144425	7.5426875
452/656a396bd2936	3.2960690615854777	17.889125
453/3745a6140c78b	2.4656032090259186	2.3521875
450/a6d6364782a1b	2.9883692300066436	10.849
451/f6bb3e8b949a2	1.9971174444319035	3.6195625
452/e5dd112053b46	3.3113512152161064	1.63375
453/2c852fb0c7290	3.0725905060385688	4.123875
450/dad27f1a12c4c	3.44742269786477	7.2400625
451/3104990f4046b	3.053422108128062	10.1880625
452/c31e2f8310abf	2.968377396551306	2.9095625
453/644cb24e29690	3.069656789357994	9.0300625
450/3702350979ad0	3.0278453472256217	6.7601875
451/b0468858f8df9	2.749352345898602	2.0794375
452/c99f66fb86af3	3.369057774371551	7.7371875
453/41881ed1d4182	2.9908971749082593	2.5334375
450/ad66719852fc7	2.622673518243529	2.5688125
451/eb59f862b977a	2.8237293140762847	1.6266875
452/f8cd2208139f1	3.1023655315015692	7.756
453/e4541c0a28ff7	2.698779651757465	8.465375
450/443f767037283	3.150094171303285	13.6769375
451/c2910cdf6b412	1.1989496622619376	1.3189375
452/88003f75457b8	3.372036901780951	13.6506875
453/cef77a8ddaea8	1.8907725693744017	2.001875
450/598acb83d9ccf	3.3622164940776034	8.3389375
451/16773d3112266	2.714067080103117	1.672125
452/17c0c25923936	1.1585296897713118	1.7814375
453/b2bc6b65caade	3.2447804623216223	11.863625
450/412841a3d33e5	3.2226610677167713	6.125125
451/0ce7f7c02e425	3.314222202418212	9.167125
452/d9373e26209fd	2.800592745804199	12.366875
453/aa3241757cc62	3.339005776205279	7.266375
450/75bced2a0bd10	3.3939609891282787	13.390375
451/20f55ed7db59d	2.3101384380916956	1.032875
452/8287f125070f3	2.6253703620565636	6.7084375
453/166e49c833375	2.883277318994196	10.159125
450/52088f114e6d6	3.410972430392326	10.065625
451/bbef446733273	1.9358016825027993	2.7081875
452/035ea5f4edc38	2.018444473330342	1.3941875
453/ebafe1b12d710	2.9104126826860335	3.18375
450/18dd5b3c9762f	3.05245747303319	7.7571875
451/6d1f9e9c9dc95	2.401097680710273	11.5669375
452/ffbeb7f737813	2.2938948309419693	1.6931875
453/cdc8c5aca1820	3.4353867963648925	3.5591875
450/9f62d9e445c8f	3.1578563375524853	6.9230625
451/356458ac49580	1.1014137894336482	2.05825
452/7ebd65d5dbb88	2.978520324335095	3.0791875
453/d0bb722832321	2.9384866064350654	6.1845625
450/f3255040a5b55	2.8358511060406664	8.8251875
451/2897d0b5cab49	2.3678123436492147	2.4140625
452/241ed58f9641a	2.5905679866355023	4.195
453/666cf45d5dbd4	2.281728450055508	4.232375
450/91ccb20a9bc08	2.519120012459107	8.2335
451/0373f69268531	3.204882497602903	1.8754375
452/b5fa1de7d008a	3.196603695117293	6.6471875
453/e8ea8f0f358d5	2.2219971160576635	1.104875
450/918f1cb4bb2bd	3.1187859648703027	12.9174375
451/90c67e8014405	3.0356246048249935	2.2758125
452/66ea11ecb7a78	3.3102814144379535	7.9295
453/02a83650d91dd	3.3073077413918766	12.1725625
450/9996f5116d5d7	2.428628809050261	2.407625
451/48839dc3a7150	1.993738797753869	3.783375
452/75584a422ea80	1.2152365054766687	7.7135625
453/6a6db8a0411f3	2.6320498053370547	5.2211875
450/d0e3bf6f99799	3.1292537487522143	3.0544375
451/114592601b51f	2.81260418248889	6.1834375
452/4e722cf1e4539	2.728779621405203	9.409125
453/df564518b89b4	3.3150065742842783	10.9496875
450/077fbefb9e9d2	3.0324325237258893	2.9043125
451/70685dcc1750a	3.330970539995765	6.8500625
452/7265d777578fc	3.1974502711439463	4.345125
453/53caf143fd288	2.547645761243395	3.1638125
450/1b5d8e504fd66	2.742167052549423	1.9229375
451/8081ddf30d595	3.0136239522634267	6.092375
452/4e7a618616e54	3.3295871509861263	4.336125
453/3b55d5abc8c8a	3.332662940378557	5.681375
450/8aabf36449b25	2.5252197790579145	2.1465
451/924f03c090f7e	3.1058012268496635	5.975375
452/e6bf5122085c0	2.282931582718992	1.5535
453/31e06f8f2c710	2.536363103937936	9.874625
450/914fa902a0530	3.203005569724116	3.5801875
451/fd2416fbae62b	2.6135441597698343	4.4043125
452/df9d031a272ca	2.669985649236183	2.5374375
453/baf9e7332405a	2.282194958703928	1.500875
450/84b354bc450fb	2.9275807485814673	2.5485
451/5ac707f10d595	3.3387864369229807	5.402125
452/4980286fc66a6	3.067288678221478	2.4391875
453/723b975fa8013	3.419235228628402	2.9828125
450/8bc44dfd475ff	1.9934407631742885	4.407125
451/75c017795e133	2.4849902212987214	3.005875
452/d552dc0ed1826	2.3709924543209335	6.1895
453/e39ee50b7d8a4	3.2115461615953294	2.8858125
450/fd93956b73587	2.5011033806101355	4.85375
451/6af82dec98f18	2.2986814510252067	8.7679375
452/22017c457822b	2.3695780248255622	7.4995625
453/c82d109a2ef37	2.9361917121704555	6.4778125
450/c105ec5206367	2.4913480640794616	4.3828125
451/1d33f86bed6a0	3.290746625870745	5.0578125
452/bac9d553ae767	1.757744189856421	6.4953125
453/1a239968c773c	2.5993876003294014	10.3810625
450/cbe31d5d45d5a	2.0267732222331007	5.23625
451/995abcb41a90a	2.681852288848829	3.502875
452/fbcb16be8c7ce	3.0785686883521595	10.2805625
453/700d6cc775ce5	2.9601930631329783	6.725
450/03290ea980357	3.332587795533395	5.688875
451/a1c73d61a4029	3.0636583470005982	9.089
452/ebc22c4b68cd4	3.4318397326393053	8.7208125
453/1d4a43e0ec577	3.3991920528339086	6.297
450/a112799348676	2.747712796655988	7.094375
451/58c93be48f17b	2.982425784977615	8.943375
452/f962476909e51	3.0782249148488123	3.2964375
453/9892b822c3f7c	3.426488019346718	6.5996875
450/5ec61ed34c3df	2.960884509187773	3.3186875
451/70e046180a156	3.0726086497585916	5.098375
452/339041a458d9d	2.4961791450903084	2.6275625
453/c95f9fd00e43d	3.021489555485468	1.4420625
450/6a06c6db2be9b	3.40341051536324	4.9164375
451/3ed5a924b811d	3.0905598311872327	3.7451875
452/693a6dcd4d264	3.3780901630661053	9.9189375
453/56d43367911d1	3.136679839559805	21.3096875
450/600e48170dfe5	2.70756519918963	1.49825
451/8860fa2c25090	2.3129194964365487	5.8414375
452/f3baee967ddb7	2.1056268918732197	3.015
453/643a3eccd5168	2.152337268520412	3.9553125
450/e13bb006588be	3.412790974820013	4.16975
451/6b138dfce49c9	2.790819405227654	4.999
452/0d26448c1c56f	2.7008107616524306	2.93125
453/7f79f03cb5604	3.438404036344146	12.3294375
450/c9d9ebd26c6d6	2.245904475301058	8.07125
451/fe76c0e0f4763	2.8952717579887586	8.347875
452/b37c0d1dfa1b0	3.4264661842921016	6.205875
453/5efdb58e43e18	3.16745177533347	2.4285625
450/4bfd610c04260	3.1675518179717628	4.4089375
451/dd38d94412684	2.1034817728600093	5.69075
452/ef5d66d22ab0d	2.9499606240368843	2.4803125
453/6a6d00d81e539	3.118337627220776	10.5593125
450/297490ea7eb6c	3.1181878721140506	22.762
451/a50fc933b47aa	3.1282433814892174	4.1054375
452/64732009a353c	1.7599752903313333	1.7294375
453/a43a30fac6566	3.2910084970715627	10.008875
450/bbca398c24c07	3.21631912179577	5.101
451/4197ad2f0a4d6	3.1521115229245953	6.8035
452/a0d5aa08a1b2b	3.425760894893539	8.9961875
453/3d2fec1a696d5	2.7112952109114667	2.067625
450/420aa3d8dcff9	3.3389699455204673	9.20975
451/ef27d1bf2379f	3.081992388364715	24.034625
452/d8e9008ec81e5	2.159041768373711	3.4188125
453/1b579ba8740aa	2.2702339503149966	3.6553125
450/b61b640781f29	1.9322146335999997	3.566375
451/814d21e0dc559	3.405732647489439	4.705
452/648a155d24141	3.4589061680227466	16.8195625
453/a2ab93c12737b	3.088088507051229	9.3755
450/810e248311160	1.4204151439652422	0.72025
451/f7924924a7e35	2.805874071690988	12.1966875
452/279aa1a648a1b	2.3376326956080407	11.0151875
453/98117d77f51b0	3.106897127051579	2.3694375
450/2a01fb6d2fd37	2.491174670266086	5.596625
451/dc02c505f05df	2.998214554138078	5.959375
452/9246463f8f078	3.373762899644062	11.005875
453/2f064b585fe59	3.4537568867310697	2.1103125
450/c93105f577e94	3.040516221166091	2.319
451/abe2975941c61	3.23216546631854	0.864375
452/322bb14de9597	2.9627360173849717	6.201875
453/73e7cb8a529e0	3.1989522129384627	7.256125
450/70dc4a7767ffa	3.316534248557116	7.4659375
451/d3b4b6f817f08	2.2988477508376417	0.86475
452/de5b5f7b8f8d9	2.5249346278785207	5.885625
453/45b443ff2cc93	2.9756177731433593	6.9855625
450/ea66fe8901909	2.9372384857637095	2.044125
451/e409045bea101	2.200032185916646	1.4461875
452/a90da7786edfc	3.394892372646584	14.3795625
453/948ecb8118051	3.113883283773118	11.64125
450/54a796c1b8ee4	2.9902824662107523	5.4450625
451/e4a58beb15ae6	1.4435499545479118	1.971125
452/41258beb1c492	3.00565022934985	7.0848125
453/6dc590c76cfc5	1.6614884405169652	4.18675
450/11e665cc809f7	2.160530765187697	5.0619375
451/2c02a8d3d04dd	3.476186759350673	14.965375
452/e56436b93b3ff	3.173328816738112	9.748375
453/e2560ba929f28	2.279985080197485	5.426625
450/0bfdc12409bdb	1.9846471590142787	2.8493125
451/12bf3b9a2334d	2.906814839219429	6.6045625
452/4aa0351812f2f	2.6339073148358167	2.9115625
453/4d31b33e3bc16	2.9601398194209683	4.7368125
450/3cef4cd31d662	3.113312432761755	7.034125
451/b4e36b33e0cf0	3.4915188294161883	17.7559375
452/07d1b107f9db7	2.945514859344684	2.659625
453/77d376896321a	3.222370134750764	6.752625
450/24d09f7964e40	3.354046069158686	4.7681875
451/e7ccf5ddeaaa5	2.9990308015395217	3.1419375
452/d4f5fb4f07496	2.0835776366248595	3.663375
453/2af5ecb5901da	1.071077738238368	2.771125
450/de9c58126007d	2.3608876669189636	2.2224375
451/68bc20b7e3e52	3.382380258113315	8.7833125
452/79796e08ce492	2.17873707562976	2.7766875
453/6526b70d71309	2.503676051463909	5.7125625
450/6ea5f294967e0	3.059951969185365	4.9383125
451/61cc9273ad282	3.347685164228079	4.2459375
452/d4f7dbcff8b99	2.80199175631952	1.0078125
453/1a82247f553c3	3.00908552114174	6.8458125
450/a4294d2cc7c73	3.0454060568005987	15.885875
451/acc841a52b22a	2.084784661046529	10.8658125
452/1cf6591374e09	3.127662035354649	12.9396875
453/1c9f9c74b7d76	3.463940562680912	11.320625
450/0e3dcc8b81840	3.144840197859855	2.49975
451/a05b742247c30	3.1773627563799116	5.7620625
452/74cdd3cef2e15	3.2288178696155962	8.034625
453/5fdc64cc9f1ca	2.8896201070038954	12.734125
450/2e0b38f6033a2	2.5101807649077608	3.7104375
451/3b8756ec145d2	3.0027383253369804	2.9034375
452/4ed5b219ae1d1	2.6293293375279876	6.29725
453/10858834866cf	3.1424848249530863	8.2468125
450/6395f51777cd6	2.8288062696242666	2.2315625
451/d2e0bc8d9e768	2.5493106464766657	4.5170625
452/e1f159c20da4e	2.914122625466483	4.0611875
453/3986ab2291698	3.4113631329377654	6.774
450/3485350b39fb1	2.654959908612151	1.9281875
451/ed24f33d64e1e	3.0250814971781184	15.1295
452/07fe8774d2deb	2.388163236971135	4.54425
453/54f2c0f9bb5ac	2.160082625447525	1.73075
450/37c32c96bbf88	2.845552710123026	3.2704375
451/a8b7bd4c82376	2.8908094759109084	4.1876875
452/6cbfd8ef7a3a2	2.689646126179949	6.539375
453/55568beafc7cf	1.6686781642280455	2.7105
450/b3a2c8497c5e9	2.8256016724410085	3.501875
451/c7830c50e18d1	3.458893902994776	7.6234375
452/f0835734ee115	3.1392607890168565	8.4745
453/174a2b6c2c6f5	3.3476933984310837	3.9141875
450/5f4f3d378613b	2.4038145846076038	2.9795
451/8e3867025f027	2.7451314784241165	2.6023125
452/f32950ac5ac40	1.8795742290878665	1.967625
453/aa7ad2f02fe99	3.280884752962796	5.9115625
450/789840229af13	1.704908923933573	0.7684375
451/0273e17b2b4ed	2.8002049811985934	6.5333125
452/d2cc34454523a	3.5029993531469166	7.9290625
453/922c80c09d35f	3.488782805662173	7.1691875
450/d4316c747c6a5	3.363151729299326	20.7043125
451/df865dd2f8c8c	3.273041466442264	5.300625
452/207a539596068	3.3094386602322565	8.55425
453/317fce01ba23b	3.058338049056354	4.557875
450/9dab16bcbdd8b	3.4224465531034953	4.18475
451/f245cbb30b633	2.6729801320366495	3.425625
452/5ee930c5a2bbd	2.7566011538995743	8.53375
453/9fd55b9421cbe	2.4655428055497883	4.8048125
450/9c1b93a9d2f1b	2.88121529828273	12.43325
451/f447af4772389	3.186492247766513	2.1291875
452/7f89a3389e5d4	3.294358896700585	2.3371875
453/29453ab2585bc	3.053473981940268	4.3343125
450/dfc75355d1a1f	3.273586722273875	7.113625
451/d90c6682adb7e	2.3941817770339275	10.6176875
452/ab30b0f33afc7	3.1074398711203437	3.5450625
453/849a48a0f64df	3.1530842480939576	5.7595
450/7655927833f79	3.3796111856450115	10.16125
451/4644745d66012	3.0746232636546607	4.7555
452/c019733e9cb5a	3.34244431983956	7.9465625
453/b4a20f3c30b44	3.226132204758404	3.6349375
450/1af813e857412	3.219796814018492	8.3528125
451/5a60a1fb2adb3	2.102496058205603	2.3995
452/2796d06b3d87f	3.146797107734686	3.99175
453/27c2f91c092e8	3.311907761269611	15.5975
450/8303a8e9d8148	3.1286935608633373	8.832625
451/4c7f69f1202c3	2.6454864074397757	3.4040625
452/56731a53bd153	2.789148388128027	5.388875
453/1469ef9b4cd44	2.930788559105234	3.6825625
450/0ed317daf2b24	3.0897090956559916	2.2298125
451/471709f1d8b02	2.802782635468934	6.83325
452/805ad2e1e6cea	2.214046321175789	2.6969375
453/d2b38c9836715	3.315527565602347	12.861125
450/31db4624b12c4	3.353160263716825	5.50825
451/cdc68c5e2f039	2.689217199742596	4.886125
452/64091f768ff50	3.1122192625081055	4.4756875
453/5a127c874ffdb	2.107312407036167	1.4426875
450/254525e07c36c	3.2163623769325653	6.1456875
451/7a95ebda9aadc	2.516630527043302	1.3041875
452/0120f709fc9d7	2.9758746360144723	7.5919375
453/27d0f565eb90a	3.245305377398947	2.3938125
450/56bfbe4787591	3.1266539294328073	2.5005
451/f19a265bc2894	3.143973531327693	6.8841875
452/877986d514ddb	3.005699481882002	6.08325
453/006e9ad2e4d8f	2.063572954560179	3.5456875
450/b7e986a216dd8	2.492386236758922	3.0621875
451/43d5f4235a095	2.6629323997590726	4.3606875
452/f9d8470e15ce5	2.4363423642796738	1.4546875
453/7ff0863cf95b1	3.043094567163581	2.377875
450/43efed2266d06	3.360372081299507	10.119
451/421415742d92a	3.2025634676409993	2.86425
452/11d8f5370dd2b	3.369883626944931	9.0075
453/1e4126896e641	2.9274871353512064	3.184375
450/1895d1d37c55f	3.022320145958369	2.69925
451/da9ae0f5a4003	2.0928896296435284	8.1265
452/4b8faa146f414	3.3370358270099647	4.949
453/111df5a1943bc	2.7942334238563924	4.118125
450/47a549c6783d8	3.2455605901730458	3.6919375
451/997267cc12dea	3.2503811428102107	2.9843125
452/dc3379cbfb751	2.6075955269197504	0.8643125
453/7d93a65c54deb	3.310286642177106	10.7340625
450/2baff7af65153	2.4739029028102397	2.354375
451/61769ad709563	3.0965777664675205	7.917625
452/ca691a8fc8b43	3.110156083133428	1.7955
453/5034568c0081d	3.1071341190972706	11.77875
450/e5fe1489fab97	2.989317078034507	6.570875
451/0b363f9cb7d07	2.6690969651421947	10.3434375
452/6df505e12864d	3.3519195269173907	13.5815625
453/0c03865a558ba	3.0664029555135985	1.1135
450/fc8d3ac58a2f3	2.4159426837274482	4.009875
451/9590ffb657ba7	3.2371128187459997	20.1269375
452/658f85f066f16	2.670031255820995	1.7786875
453/994273a4a0de1	1.1078652520247492	1.730875
450/226ce8896d0ae	1.6177801147113915	7.3103125
451/7465e9205b004	2.02242442078983	3.45875
452/abeb1cb3814dd	3.004826677166452	3.356375
453/174f714423870	3.3512955294137874	12.4903125
450/be00e1ad63ddd	2.4510550477678157	4.1971875
451/dad768a7fab88	2.609664793709747	2.2123125
452/8d2d0833af3dd	2.5371651338206673	4.728875
453/22c15122c845c	2.0005035383863174	1.0946875
450/e6dd72dc53361	3.063332047999662	9.052625
451/690259f720d34	3.0770144241806037	2.0556875
452/4e7a3423f791d	2.3969160678422625	1.633625
453/26082107282b6	3.420767104466878	10.63
450/5435b8e03f4e8	1.9661583885816392	2.211875
451/149a44266b782	3.249623987455626	5.2795
452/e83037a3274c4	3.3231893869895583	3.9783125
453/de660b89bfbf5	3.034420628605891	1.0569375
450/165c377b95e65	3.2722041928062127	7.935625
451/a49b3fcfb981b	3.3325722654784604	3.670625
452/79edd75265886	3.395431293163349	7.2779375
453/df8184f08ef4d	2.100578291383519	2.6984375
450/5fb386301b5f2	2.228163426322115	7.2735625
451/2e73e1604d16c	3.4684635744571817	2.09775
452/725f59dc55a6d	3.3122980476891035	6.92725
453/64e8ffa75f82c	3.4472311530992594	21.5033125
450/46264247321c2	3.355101202671573	6.0071875
451/0a0a0be0a279c	2.3708679439093685	3.21575
452/cf1cc7e907e38	2.392938847906875	22.31675
453/5b00d19b4c42f	2.7507001455020075	11.8134375
450/f82dd6e674b85	2.9323121174801474	6.895875
451/c66f28e6b33a4	3.195217056270118	4.482625
452/3e38722635290	1.858464665828612	2.0570625
453/a247b9894fa40	3.3602968577939705	6.303875
450/41ad8fcf20ab9	3.216855145143367	2.4528125
451/563e278d0f9fb	1.8308901940108968	3.619625
452/b4db0ac757247	3.183204960907337	9.639375
453/c42c19feb83c2	2.376496496893663	6.6195
450/b718f5c66a82d	2.8168511519949666	2.4985625
451/2b3726a397fd2	2.2477629003455544	3.9606875
452/9807c94e9ef48	2.6194642399209846	2.065875
453/cbf561e76f666	3.057677483260432	7.9714375
450/8a79599eaaccc	3.2706300724836264	16.0276875
451/edaf14732d398	2.677784237844409	3.293625
452/8a2482dee415b	1.905402070125881	1.0824375
453/a1845922f2db0	3.017940294589265	9.722125
450/a89a3ec04ffa7	2.907948696390906	3.416625
451/014618d3347ac	1.4563932724022397	4.1493125
452/504f9ad67a1a9	2.914335334456877	5.948875
453/65a4569915b0f	3.363458000588346	13.7815
450/da386bc58d970	3.2336855393799095	6.0288125
451/df2e4dfd170ef	1.0975067587067486	5.35625
452/2e789a136f01e	3.3041360444965715	5.141875
453/516fa8b5a1266	2.112390543003539	3.814375
450/d2f65f23986d1	3.0667620110540477	4.5545
451/9370875206862	2.3093119568212663	4.6800625
452/f17d3b24986d0	3.068547028357791	9.58425
453/206f9f0768015	3.237036457054916	2.4980625
450/7ad081fa348a9	3.0169850183165527	4.5040625
451/a92d0f9fffb88	2.5639709115372638	9.9961875
452/7fb0dd97cf218	1.875032990946768	3.8326875
453/160e27490cc78	3.3928152754816185	21.4341875
450/6175d7c3ed2f8	2.8429803697142715	4.169375
451/8402e4b80cdd7	1.8820744651067964	5.6580625
452/d6433ffa17611	3.4812483704674038	20.15525
453/65690dda1897c	1.576138921385413	1.7189375
450/26f9628809075	3.0555489563050617	6.5964375
451/cc668c690cbb2	2.524878779868824	9.0251875
452/8c644adb71516	2.5751797991113614	9.604375
453/819cebee0133c	2.0251223302179397	4.93425
450/0e92efc4536d7	2.761651534111221	1.61075
451/63f6ed0620da1	3.203944728293456	3.7279375
452/6a6778b6ea0ff	2.4796296350801734	1.724625
453/ff9b7b25443ae	2.878958532266966	3.1475625
450/16c418ca25482	2.8115608002442385	7.1525625
451/328fed6b66fc5	2.9943199651177586	24.69125
452/da48bebab157a	2.2959902848905607	5.81725
453/f79a30b97d882	2.0801929336394362	2.344875
450/bfc454d529fa2	2.5078243953757235	2.309
451/9239c20bbdc54	2.3628034310189854	1.3450625
452/b1d3cffb96a6f	3.126245104505388	3.03975
453/733b1040b0f42	2.686164468273364	2.929
450/28802fa2eb5c7	2.9745403693290426	3.77175
451/f98b4e60d7970	3.3764514855468213	5.375125
452/64920708e9113	3.4245932324336517	2.793
453/69410d8ebafba	2.9817408201907227	1.41775
450/ea03024a80a43	2.764060922717897	6.79775
451/8b3c1093630d0	2.5192286512945357	2.3285625
452/a942e0b70bd0c	2.9860142946481325	6.90725
453/e6e7016e90287	1.952526033619342	2.064375
450/2be9d3b85abc2	2.8183530924026727	3.922625
451/15c350b82a367	1.566962783968961	0.7203125
452/d5cff6542b570	2.2960581369916735	5.7878125
453/e027895ec7703	3.13201037108417	1.730875
450/9c8dac48744bc	2.4174118422667705	5.650875
451/7cc16c19685d1	3.2533112172161958	2.0625
452/104513a098977	3.3659771980732707	15.12125
453/6313ae1fd9057	2.91923129255858	2.8565
450/ec41278f67a28	3.562799880226042	13.937125
451/6a6c5d9d72dda	3.265457514343853	6.03725
452/65f17704b361a	3.2500569899423595	3.0310625
453/02750ac0efab4	2.938212158706808	3.4584375
450/8351600505bc7	3.173253472516933	2.766
451/2310d1dc1a8a6	2.498979638683426	2.0504375
452/eb3dd636c9127	3.2609637964746	10.198375
453/d860c66b29b9e	2.034887860389217	2.2594375
450/aa841d836ad8b	2.928803389833389	6.0434375
451/66b62de980997	2.738938614211389	9.552125
452/6fee7c49848e0	1.7589924194149809	2.884625
453/5ae848c549f48	2.906692127237733	4.3729375
450/9146bf3210bb4	3.485053717912076	5.4109375
451/0b2d69acd88a4	2.566517592714494	4.749875
452/91270712945f0	1.268005362649454	2.2514375
453/d020dbed3b2bc	2.772167752651715	7.409125
450/ba548b7b2444a	3.0801081249031337	11.2946875
451/88630b3318e08	3.1336389548406927	3.018
452/22114d207ec8c	2.528238553004119	10.375625
453/b1df0044535f5	3.343953673362095	12.3726875
450/df4b70db171b6	1.7158365197051062	4.1534375
451/312b6ce2f8305	2.796532013041498	12.2839375
452/c401cb9626120	2.0767649406963846	2.561875
453/d2ff36876232b	2.9660781431003733	4.8105
450/014c1ad572d7a	3.002661038390845	8.791625
451/330d828fcf14f	3.233628540999851	3.5928125
452/f8e25e8c13a95	3.2336376207952493	9.5916875
453/6c8a31e4b14c3	3.3796776350951414	6.8306875
450/deeeeaa396ea2	2.2816543541943712	1.8955
451/d828fdb5cf7f7	3.414660812304477	11.7611875
452/6f95a3add7bbd	2.3409364429349657	1.5635
453/f8e58242cecf9	3.165063190046424	16.5975625
450/6c27a92ea6be4	2.5974132179496348	5.301875
451/835d086d60846	3.4937297239967244	4.568375
452/c7b2da74feb90	2.3948684640011098	4.68225
453/cf7122b90d699	2.5397017039391985	7.8669375
450/fbe5ebb1574a1	2.8238327460563166	3.408125
451/ad7765ce2e5dc	1.9067035946546893	5.3544375
452/ae85527ef388b	2.31894686075489	3.76825
453/f8aa782c8b1aa	2.7313779544789716	5.299625
450/02c32db62cca0	2.4791528491828805	7.101875
451/5bdac72b6ddde	2.425553489564652	4.0860625
452/a0d9444101036	2.690532805112718	2.8793125
453/c397c0be669b7	3.1519217128107933	6.21175
450/521a5b1ccb04c	3.4843066864045453	10.5025625
451/7055c87bb6ae6	2.8691007824281805	9.40725
452/49f22495085c9	3.3084542619088926	12.1589375
453/d19fa4f33a3f9	3.1408837368477664	2.820625
450/acfa3f1cdba6f	3.4489303908080506	4.5110625
451/554deb0e23678	2.5795928189279547	7.5455
452/425e906b723b2	2.9491492193520834	5.8950625
453/e1aee55e37080	2.6338834998359526	3.9429375
450/ed76787013ccd	2.618883084560631	1.1766875
451/863e273020112	3.314629881344736	14.1771875
452/5ad91b7464547	2.927819557535454	1.00875
453/9db70a37ce179	2.2727012168360825	4.2120625
450/6ca9f5db59f0a	2.843879936424091	9.994625
451/257137812e0d3	2.587589526809213	4.2334375
452/faf9ead0483ff	2.9399937828001512	4.466625
453/d5891ccc71a75	3.184548776172223	2.366375
450/bf896c441353a	2.3088498716753882	1.6588125
451/30b46fcfd9982	2.7923824045273364	3.7259375
452/ed903d3e8e91f	2.439968565757931	4.744125
453/2f479154bd40b	2.819207596368064	1.3465
450/c01e09b50ef99	3.267751442602663	9.7563125
451/d7ea2fc371b84	3.4021316618385704	4.7638125
452/1d87c31a036d3	2.93828741417445	1.351
453/71f9d6eba2049	3.273624357699079	2.2753125
450/37823b173b778	1.6835513604698011	2.0985625
451/8911764e0e0ab	1.5841355282717196	6.1649375
452/db77f44ab146c	3.2708839085499806	5.0926875
453/f81668f647203	2.8275193686936113	6.9689375
450/54700651c1169	3.335669194766782	7.5251875
451/eb6578f0d3220	3.320046013765172	11.08025
452/a812361a5580a	2.7450926864485408	1.2491875
453/273de5ac21e48	2.885986405510222	22.21175
450/fe1bb324e7508	3.1206579593717425	6.16125
451/e99014fb3cc79	1.1639040374242993	6.6355625
452/2e8ef6a01cc1e	3.069027207266632	5.43075
453/4923e369afa00	2.7100755209523406	3.486875
450/d9d7596931624	2.606255798220335	3.768375
451/5362da9724d06	2.319778617317924	3.6645625
452/0a0cd527ab6ef	1.0866795546800734	1.1436875
453/ec4e41955cfe7	2.7812072525225986	0.7681875
450/77c435764f958	2.758876220330225	5.239375
451/3c7ece7add641	3.019654902569924	9.075
452/055e75f413249	2.922957045530696	6.787625
453/ca2cee6b36089	2.8240143782053995	18.82375
450/e3c5d50eaedf4	2.7434207661726764	6.267875
451/63422a3f9cf20	2.920854839454848	3.27325
452/0be9b12a99a82	2.5515821589634995	2.4986875
453/7ea528009beda	2.702530127172507	1.9644375
450/b8cf0dac16605	3.403009922462013	18.5008125
451/8665441a78af9	2.9359212461812216	3.908625
452/9606d71134c2c	2.821712686091156	2.3389375
453/525722f057f24	3.421321036350527	10.3010625
450/9f348b6e9fc8f	2.649449344045181	12.10875
451/c0d5f7088b6ed	3.042760147125124	3.6186875
452/6a0a140ed993a	1.3391127962841958	1.104875
453/8c1f8e89b4aae	3.1189007657771533	4.3286875
450/f2ce3324c9b20	1.071217148951163	1.558875
451/6f9037b02a196	2.5750619878976986	2.9070625
452/28026fd62d6f4	2.702428045874047	3.308625
453/deaefeaf778c8	1.1021233635852534	1.1535
450/ac166ceb5b210	2.230243058230462	1.2489375
451/5893b26763335	1.892662552282198	2.1578125
452/14f780878d585	2.9130672546253904	5.92425
453/ebb9021c5ee46	2.8296100577818684	10.6170625
450/ab3e54428c58f	2.7440650870612755	3.35375
451/50d39964f458e	3.088187320419929	8.449875
452/3e3db4144cd83	1.4311882212566065	3.0654375
453/fcc73f0198c20	3.0420617065544038	12.9746875
450/135bf497757e2	2.7894842255219525	2.2145625
451/9a832ca1b7013	1.6234504257298454	3.32675
452/af0396ce51ef8	3.2108884511004585	14.383375
453/54609672013cc	2.2011397138211	5.8963125
450/6bc4b50efaac6	2.9754253246908235	3.00975
451/a30c94b43e110	2.716211915068223	13.7671875
452/76b4cbf9701d2	2.626674889691063	0.85625
453/e3eb93fcae759	1.924363451731624	2.2449375
450/1c8d3fa37e8ad	3.279243114734211	1.959375
451/f304e18c6afbf	2.524334944342054	2.939
452/2d8fd9843d4b1	1.9492538850686376	0.9981875
453/f0f2605cbf0c7	3.4189949990976474	7.4548125
450/bb44a301d1dc6	2.4696134895361834	9.547875
451/6b4275f121151	2.8717707433448876	1.65425
452/d63d21adc3e48	3.312736850073659	4.98325
453/77aec41f628f2	2.410322940249173	2.66975
450/fd9f8f83420fb	2.8893677202351897	9.6183125
451/0d02f8e6ed15c	2.8112000228736256	2.5795625
452/3c885a886a9de	3.0480907053589417	12.15275
453/2ae7354a5b913	3.0230948787176897	3.554875
450/c7790d251a196	3.367129449301938	9.2670625
451/a35609044e353	2.6797750650765466	1.5863125
452/7824194279438	2.1348617278352866	1.971125
453/8bdbcada0e9aa	2.948931372500457	6.8895
450/1b08f80713d5a	1.1188025502012555	3.132125
451/4947aa4106a6f	2.63962783237001	6.516875
452/baca5cd13ecbe	2.57973992101162	3.571625
453/758a506065fbd	3.3123979538627095	7.497375
450/edf0afb544dd6	3.2260848874131534	7.4045625
451/934beaee65dc5	2.26970803971182	0.7203125
452/e97146f4cb4c2	3.050144851469622	1.9226875
453/34f419f6c1181	2.2890180518535765	3.1720625
450/1bca5ed51a285	2.5892075240610457	2.0291875
451/f37f3dcb73074	1.524658487748238	1.998
452/adbcf9a1ace02	2.5159185143498797	5.0529375
453/664503df42669	2.739072340648552	3.256875
450/1d236237fd393	3.3424925237219254	5.007875
451/7faa5b5a75707	3.3431667022859144	18.167625
452/72d65e70ecb16	3.449835598727682	17.051875
453/c315243ea6221	2.511715224117935	0.7681875
450/7a25e2bb7f67d	3.092061252483102	8.0344375
451/2ed33b0cc0130	3.4033475344494795	2.6451875
452/b639cc2801cf2	2.431826486762596	19.0235625
453/b18ccf0be0a62	2.9036867589382727	5.83725
450/e68cab8a896e3	2.2750126141590536	1.922875
451/b4d6de84a2a06	2.9382910653679515	2.1156875
452/5da26d4b1aaba	2.3386795423768567	7.7465625
453/22110ea6ffdb2	1.4141080785790316	1.538
450/797e097b16283	2.6921704333691983	1.1535
451/5633e6bafd644	3.4294797100623193	7.915625
452/5ad3372ee850b	3.1325804321163435	2.488625
453/bb0a7bc2183b2	3.2869166876483717	5.8885625
450/6c6436d0a9c83	3.058008409926591	11.9740625
451/625ba01c0266c	2.740842961471976	2.169875
452/423515100a408	1.9989674418407128	4.7806875
453/e4048156c329b	3.2980588425195685	5.478375
450/8da70a5cea29f	2.768540420699652	3.2635
451/a0c31caebb345	1.4384569790151527	1.83725
452/9427904b8d88c	1.1316910887739469	1.0580625
453/a835321c65e1b	2.4759592349057016	11.9645625
450/85935c36a8efe	2.5253274050396097	6.1540625
451/79095af2804c3	2.476900912481289	2.2696875
452/86464e3c18302	3.302925192685688	6.186125
453/5e64204cf8df9	2.0377040299616405	0.9325625
450/32cd1ba39cf12	1.457121740075333	20.69975
451/f350576d7e9fc	2.6384419528518444	7.1794375
452/88da53eccf39d	3.2549492078795828	5.8890625
453/87d8e62950215	3.011728826596258	3.0698125
450/3dd7b79d2f8e8	2.2433865898921224	1.038375
451/dc2569ce06f8c	3.123100069713707	3.4523125
452/8a31fb1968fb6	3.1321415456748114	1.71125
453/cc131f36cf804	3.2024100530628594	5.804375
450/58de888fe37f2	2.5704990849393914	2.97975
451/6eff2f1b8dd0e	1.1707123526789713	4.696875
452/5a1345e4da693	3.2071126510749157	4.4729375
453/cc72b4afe3438	3.2893966603325153	12.584125
450/1d9b51ac38928	2.650135571550934	4.3333125
451/d9da2de943f7f	3.3004522273789467	3.4144375
452/fda4e34fdd73c	2.576476247535262	12.8301875
453/8fae8c2587c12	2.0204183644159412	3.1723125
450/5319e3ab9710f	2.953588354293128	7.4178125
451/fd95416073eeb	2.71502638092707	4.2903125
452/51c1333e20aa4	3.2384274279223164	4.5154375
453/7f2baaa32128c	2.00763075434547	1.5183125
450/8f3544a0217cd	2.8723416630575365	5.55325
451/a6dccebdd97ff	2.8588184544826256	3.60475
452/14ef613491f4b	2.8368421812743856	4.3463125
453/6389ff1b126d0	1.779781599385074	1.965625
450/a717070031add	3.1043256035955444	2.9869375
451/4025a9e863832	3.149586462609398	4.432
452/dcde73c8ae670	2.4446785311158234	3.6499375
453/b492d2becf41e	2.6271409320812364	3.1753125
450/998481fe945cc	2.60927895522069	1.3215625
451/0fc23f3b11060	3.0138018535772537	2.2359375
452/f63a80010d931	2.342141501000706	7.5628125
453/353beade14b12	3.1715498114118787	7.2996875
450/a00de926f4b04	3.3906231956076986	3.172375
451/bf6d3a9f74b0b	3.3267869910240373	11.1285
452/1b4c5e16effa3	3.2117244767929183	27.5298125
453/a4ee90d30a3ba	2.713449435665576	4.102625
450/a7eba9514c9a9	2.4944886441108154	2.0618125
451/605e5b75b554d	3.0943068321516263	4.7335
452/1e5a6f6f94584	2.5649404208162507	0.807625
453/55ed9d7334dd6	2.1762659538272855	3.827375
450/e4250aec63e86	3.3272345961121603	5.0270625
451/a264cd7908619	1.8227025496673874	0.875125
452/bbe18f67b658e	3.1687590317554526	7.7065625
453/c387e6eed8f86	2.78369868319931	5.968
450/e94bf9eaf18b8	3.160749749678307	8.945875
451/eb05dc83916a7	3.26325628917054	4.57025
452/599d6fb96636f	2.865460718721407	10.612375
453/34e1e6722507f	2.0819725352438914	6.896125
450/ab3c58f2e6539	2.6425915171185648	2.7405625
451/f93c8fdd40a36	3.173004342728932	7.6934375
452/e03aaf18794e4	2.97490564271254	2.161375
453/eb20d82d899d8	2.640222535407529	4.2779375
450/b1496cffaa404	1.471700520614108	1.0558125
451/00d74d4176db9	2.8830297031762964	3.477
452/b87bb67d6b397	3.471333782243415	7.142125
453/fc361137e4978	2.8461845750359807	2.71125
450/2e28ae5cd6e05	3.3643011913373995	4.69
451/17b063f5c97d3	2.8920452052956684	3.55325
452/7d328fe0d8552	3.4160292952066236	3.327
453/723c6a24578ce	3.4453252169696924	6.348
450/64d7d53340487	3.162132332132227	3.0245625
451/9e192a09a96ea	3.281335489579302	6.97175
452/e77731aa5c4e3	3.003035372634631	2.0304375
453/9c61ddabcb05a	3.066783503038771	5.4683125
450/54652cc7c0629	2.2478034948029104	2.2158125
451/4057448d8511c	2.266023556377797	2.0005625
452/a6627bb2d3573	2.012539503597237	6.5796875
453/257a947aaba57	2.2599815094929103	1.2493125
450/5ffa89f01d2b1	3.2565973860142865	5.50425
451/fb8aff8a393a3	3.0231867919423903	7.83225
452/b0de6d64b5dd5	2.3321818960080525	24.6470625
453/01390135686d2	3.312390491548747	3.384625
450/00d8a5e2ba689	2.2491903804741034	1.443875
451/32e6f440a3bce	3.1176797659049824	13.470125
452/acfd4a8be0e58	3.405191993083373	10.460125
453/88891a52eca91	3.0075504688755594	8.9228125
450/0d7e5689bcd49	3.125987854571132	2.5854375
451/2643981788680	3.300948617660252	5.6665625
452/7a669b4b246a2	3.307178093811121	6.7715625
453/73e0c3de33d1a	2.0965958946261787	2.3066875
450/f20c725c9bd09	2.5001577347137287	2.15575
451/f8c45ad375cdb	2.76531709385127	2.5534375
452/1711dba45c688	2.611977332280038	2.2464375
453/94512416cc850	2.4830785924028707	5.8371875
450/69e12355bc0cc	2.3985625368099943	4.8568125
451/f9d384f2f3b1f	1.9395691273612066	5.7664375
452/d6b0d48eda037	2.6874474582773864	6.4865625
453/07b5db3ea53b9	3.352106298484117	5.3355625
450/386f930da35a8	3.4498251083807943	6.109375
451/e2f5d2d839ab8	2.47117719771756	1.068625
452/7ed7a4f2239f2	3.0517635617189027	3.50825
453/6ff99a195fc4a	1.8992783602118308	2.4050625
450/08d08c8609d77	3.204420641387885	1.28075
451/5e88e83caab76	2.7997952463948943	5.90075
452/7fad7b3e76775	2.259041382898333	7.8513125
453/133fab359cae2	2.934166052744538	14.7810625
450/02796859cc658	3.3122365269306875	12.3509375
451/7069d5bc27ea7	2.761599029772272	1.9185
452/d7b62e57a4d4b	3.289518000364772	4.079875
453/2797c75a249c2	3.355922079920115	20.8245625
450/db9d9405bc188	3.3870376131431064	5.66225
451/ff74c61cc459c	2.603328481128002	7.2778125
452/e630e1d5a4fb4	3.3913814491404226	8.3558125
453/f9dbb5457f999	3.3071113193506534	11.17375
450/0bc44b36a7fb6	2.8973138168136954	6.582
451/aaf96cfeb30bb	3.0560812688979677	3.5270625
452/44c5fbdd23f61	3.0001381914869993	5.5224375
453/7830e84bb7ffa	3.1633192359588795	2.3801875
450/e37b5028c887d	3.198932713824617	11.2783125
451/fbc486a3ce949	2.758526308672741	1.947875
452/100672ebe5464	2.728560448886109	10.4143125
453/c4f16afa63530	3.3415385819196475	4.6178125
450/1c630e4c9935c	3.492229470087213	9.635625
451/f4271ff1bb755	2.316134622698339	1.2504375
452/8c39fdbf14313	3.278404117866406	12.819
453/04d7e009b1d68	3.462826428342328	19.496625
450/9d80e6c6d2600	1.537810342967129	5.340875
451/08868afa6071c	2.901974723520162	9.63875
452/4c188b955ed41	3.1189481802358534	2.461875
453/28982c276e48d	2.728163038236568	6.366375
450/b224fbb306629	2.9171932349092096	1.2983125
451/67d2236843ef6	3.402433112432104	7.302375
452/17f7cc702f52f	2.502491733346746	0.9603125
453/3446c6de2f76e	3.1871306358669096	6.8794375
450/a41ca830a9ffe	2.8303637830941004	1.11375
451/6a9aaa187f5b0	2.9838483108766285	5.7143125
452/0d2ce5097f766	2.7619367518679896	2.247125
453/c581533f95531	2.000479323590504	1.6496875
450/e55441c52992d	2.001796221757335	5.2405
451/2b41d98a64202	2.8639295736822876	9.3298125
452/29b4a25cfbb2b	3.2690670688630683	11.9680625
453/686802e8db18e	2.781147083722117	2.8805625
450/5790422603fb2	3.305216086053683	4.6960625
451/588f840b9ebfa	3.108955167350169	5.8938125
452/b0090e254375c	2.583900316378224	9.226625
453/6a6aaa3c72798	2.8472516140132056	3.2618125
450/218d90635baec	3.322617265391089	15.1184375
451/f52811f7accf7	1.660214243631707	6.8996875
452/549454ebb1930	2.953559520613313	10.918875
453/cc5df1dd39cd8	3.0687199038083457	7.96675
450/931ac32565436	2.663605784005668	2.82225
451/55859cad0050b	3.030496536897788	6.032
452/7bb9e6b9fbf07	2.541622169169669	9.3335625
453/e6a4869ffc12b	3.2595527096272363	4.1495
450/0a7c499878e15	1.4321838435604362	0.976375
451/58035aefae7e6	2.082086222037955	14.376375
452/9c2e4dc6c60b0	2.8384313393040292	5.3985625
453/a8dd6e4b3e174	3.2968343283483175	11.818375
450/2c4b45399d190	3.0334665529024294	5.5286875
451/3268c5edcd59e	3.2719841062125163	2.3200625
452/00acc99484aa7	2.9749205707640187	9.9396875
453/087b5cfe1c71a	3.502035271938893	16.4741875
450/893bc81bfdd25	1.0971698150703653	2.019875
451/7766185cc3de1	3.0352334505789718	5.202875
452/aa029ee580878	3.081312320080418	3.938875
453/e70a24268bf90	2.967210272495728	5.263625
450/6ea746eaac343	1.2988091891645348	3.248
451/a05f9f9c9870e	3.398248677310811	3.2735625
452/9a1e4637e833d	3.096936819473502	3.5530625
453/aa27b971b13b1	3.075543056506913	9.969875
450/a171797bacccb	3.303404663351945	6.3725625
451/7e5133c4d7eb7	2.1556715007960663	4.577375
452/37483558a8501	2.700655765233372	3.45225
453/f32dfaed27015	2.40738735798113	2.5071875
450/c0cfebad431c0	1.9102292716233322	3.2713125
451/e39d6f167e380	2.1692894627102097	12.35175
452/213e8bbb7bc45	2.1631497749673745	3.459625
453/c93e5497c3103	3.0811028872141826	6.5970625
450/50347cc9466ed	2.725069265491892	1.4526875
451/7b3f52c5505e3	2.8279687987087154	4.9360625
452/d23795746c95d	3.2937689064520885	2.6933125
453/163248c412126	2.443911620865521	2.5003125
450/74b44dcf695e8	2.2094682588718895	2.0855
451/661078d736c1d	2.8575905417682677	5.260875
452/10f669433481b	3.1882474560569074	2.4140625
453/93ab84765f337	2.584098146694832	3.1670625
450/c342d32eb8c0f	2.8266234757642406	26.0116875
451/c61fe683a486a	2.747838977732623	1.962125
452/118cc8ad0e152	3.2117498972514915	10.9181875
453/ff35d6f1d7458	3.31645273888683	9.5823125
450/65295207ac34a	2.6352244084984755	9.332375
451/2edf48939703f	3.063658288379761	7.0246875
452/63bb32d9460da	3.100246454357096	2.2035
453/436f3da05c86e	3.3398725593184353	7.441
450/09579560132bd	3.342401198676744	8.313625
451/1af68dd6a33df	2.1160626133190905	3.164625
452/b58a9436d7aa3	1.8849435093493485	0.961
453/0414c46303405	3.230148395635166	5.46175
450/5fddc8dc5c45a	3.190360997282901	4.0919375
451/b5e6688a15ba0	2.7058941710618507	4.2130625
452/b62c59b08ec15	2.7935079608163518	16.296625
453/b7764fe30bb4a	3.1715559638173865	6.7766875
450/46ce1dd6d0a69	2.775207978419897	8.91
451/216d54cd7a20c	3.2690333307276833	7.906625
452/6ad34a47c0a92	2.3517581328744344	5.5265625
453/f25e640fd29fc	3.1294573250023654	2.297125
450/ff9507ee99dab	3.10966650494839	4.392625
451/b325117ccba80	2.6042959201113427	1.8755625
452/a05fef40fd4a9	1.1170137846152972	1.7566875
453/b052945a73802	3.282033185856523	4.9393125
450/c9d47c2237bd6	1.8659525073139616	3.1736875
451/332afd2429842	2.088022946282271	0.7683125
452/22b62c84129a5	3.255288274948297	5.5804375
453/ebced5167f354	3.2771789079346907	8.3660625
450/25807dc324090	3.2964182936071835	8.415125
451/058628022fd8f	2.353786171847197	1.4051875
452/89076a58e6516	2.850640466225009	7.6388125
453/51a89f264da88	3.1007138792431412	3.1706875
450/e5f0f71fc9d6e	2.4194484839816353	2.6704375
451/14afb5899a828	2.97781936509734	4.2143125
452/e66e4c364aa90	2.306961400392279	0.96075
453/0b4984a1bbfe7	2.5096010627695633	11.3606875
450/f7e5e0534b451	3.171779412132645	4.8551875
451/70fdf28662391	3.3448017341750216	7.212625
452/5ad5437c6c3c5	3.470804724059129	4.6609375
453/a1cd6d4265aa2	2.7364187049193824	1.9325
450/afa9c4726b615	2.708304556731488	5.625875
451/4b74945d472be	3.0987855264765636	3.76475
452/fc139aaa61355	2.901744728458362	2.76575
453/9009b2af2896a	2.6590943925908657	10.2471875
450/5f5c854f67cf0	2.2065147994694843	2.0803125
451/cb7039c8b5185	2.1444578213756	8.228625
452/886725341607f	2.316626885285608	5.54125
453/5ff98c1fb6e3d	2.7872297510289603	2.9975625
450/9e6c8c7bd796e	2.903487128624206	4.7655625
451/6cb7e84a65a17	2.9098963415218018	5.9619375
452/3d4bce520e388	2.067187392329767	3.5119375
453/25f47bb3c2631	2.5290409698445604	6.532875
450/c4efc20232087	3.1697059838946626	8.238125
451/4e55b474ef74b	2.8389718346687585	7.7765
452/d9ad0f9901612	2.9703958920193534	1.7513125
453/ab5a0ecc75b12	2.9887627194755404	7.98225
450/d91688d0768ec	3.066292253548977	6.7988125
451/c2c102f1af634	3.313982029278433	4.9496875
452/e993b6d9e4131	3.3003833954160293	4.4116875
453/074b62f836ab3	1.9709686472909083	2.2023125
450/a466aa72bf7e8	3.188893143927167	3.9784375
451/35202abb654ad	2.275581943122012	9.4355
452/86e143e8144ba	2.315747150548886	3.174875
453/a3952d992072f	3.0193549299357714	7.5189375
450/776ab26d2aee7	2.965904973429235	4.9473125
451/ed49651f6e5a2	2.1985442069445806	1.10475
452/7c8da0f3637f9	2.5105059245427155	5.5275625
453/8d16a4f01bbe8	2.803598146375253	14.0441875
450/34081c9011976	2.973645844819314	2.9859375
451/ce21327a50b11	3.151750040814015	9.3245625
452/81c104749ff2b	1.256248029395259	1.4261875
453/5d28cf5cfbe3d	3.5240143369740773	6.979375
450/75ab59e69020f	3.2230988228860666	8.07675
451/ffaf5b9ae3300	3.121498315744559	7.8643125
452/0298dad766e7e	2.36320985090797	1.474875
453/5164ff3711799	3.5816217909668207	13.6078125
450/26f6bba7b03f9	3.0541201001681118	3.48225
451/50c8ea114aa92	2.745725218486872	8.1448125
452/2ccca1c6bae9e	2.7923901182798816	8.3925
453/85eebe790ad21	2.9612471106357448	13.925375
450/0da3f95097885	3.17163542237403	2.9301875
451/ef30813f3e23a	2.5074567913626473	4.709
452/351dcbdf643c6	2.2274602444575193	2.0655
453/1be843a158cd5	2.8075961263621108	3.466
450/d82584f93c652	2.6626455447819772	3.6803125
451/2cb28bae4a3b0	3.452581038422781	7.175375
452/68df367b284dd	2.6907826627899567	6.5695
453/7628c1d7bc958	2.9597640508560215	5.236
450/e8dc5f6149b0a	2.770489731770108	7.3080625
451/2190110ad25d6	3.0328981182392876	1.3569375
452/bd2cc6bf7bbe2	3.4979770388505975	7.7435625
453/dc3f4ea01720b	3.1579318374932677	3.587
450/846e07a7dc2a3	3.2018499626947015	3.2490625
451/6fb96024f2e2f	2.3947418085361445	3.2975625
452/d6718aac594b9	2.785942162559062	1.916375
453/5cc92c90fa640	3.1060262431297136	17.0938125
450/d42cc861d4c6e	1.1305433756442151	0.9128125
451/604f64afd7262	3.2496752372186375	4.8875625
452/5e5d050ce3e0c	3.1090253664619363	4.404375
453/b7118616a8042	1.505683916883738	1.609375
450/9aad03bb2e6c9	3.2699047238542107	11.3623125
451/cf032df1bccb1	2.630729945819446	1.361625
452/55eebf342effe	1.552102183581322	1.6103125
453/5e4b0ab2d7f8d	2.22418187625996	1.26375
450/3264a092d1e5a	3.2940583925540223	10.1550625
451/5f43465c25754	2.8494681653612375	7.96025
452/f9f0bb4d4d28e	2.861255940363799	7.6884375
453/61cc59da7bf79	2.5878646972691377	2.3558125
450/3ac295d81b9f8	3.3668754540273027	13.7694375
451/884ecc73df42a	2.1700268648692105	1.9598125
452/1de22d6cc50aa	2.544699713822345	1.7569375
453/6a8f8410bb642	2.975822283193539	2.8831875
450/5667b2e4fcbec	2.7483089274299486	2.1430625
451/4855d135284ff	2.322603662242578	2.813125
452/a2d657c923748	2.734728890454855	3.1379375
453/cfa9a95e597ab	3.22718651195733	11.1674375
450/e526923c8a980	2.9512975762953033	4.473875
451/2ec35b61cb737	2.8124121406035307	6.4610625
452/64caf9e41b93e	3.292924622101487	8.780375
453/e9b518a2a7728	2.249429705189934	3.9635625
450/a49999f356269	1.902039177411694	5.897125
451/563db2bf42c49	2.7961680127231623	4.37575
452/d57c141c93938	1.9361294748446545	5.97875
453/f97f8e6514a55	2.8288560708132735	9.3703125
450/61b4a3827a4e6	1.7367056849415503	2.694125
451/020bae1ca8283	3.194318948664425	4.3668125
452/7018233e1c071	3.0245824951679476	6.0769375
453/2e5ac9ee4558d	3.3043199838399846	8.0914375
450/e107569f7a336	2.3056033077227336	6.8588125
451/d2355742b7ff2	3.467008144723071	12.358625
452/2abd0bda53d24	2.226718052177605	6.0598125
453/1879ad47003b1	2.981380022220561	6.711375
450/139d4a5650043	2.0201657267343864	2.452
451/a1de09ffb62f9	2.7330271030726117	4.2245625
452/7e03ea987b2f6	3.19204107566435	6.94375
453/85268034e4802	3.1964649329854153	6.3171875
450/65e34d0b77c26	3.133754834191678	10.2305625
451/99ec782e75087	2.9194887371713056	8.508125
452/5111ce94efc64	2.720377504891134	4.7780625
453/15a54d61dc8b4	3.0026354390908456	6.7676875
450/6bccf48a891af	3.3463994523532974	23.2114375
451/6a56b5857c824	1.6575767691025947	1.248375
452/30129a129acd8	3.4174249989294774	15.6821875
453/56565b46c3f8d	3.499492808859235	6.2669375
450/2039685067430	3.0400520049608186	3.16375
451/793284459f374	1.4055191220198857	0.7683125
452/43bc3111355af	3.046808365225895	3.0760625
453/0b54fef03c185	2.7239298708060913	1.6539375
450/6a4fedd79b94f	2.9477554288979246	2.642625
451/0f210176fcc6c	3.3009274251576493	1.6165625
452/b3c8ec57d8b6a	2.7136248271769636	14.2486875
453/97cfe92ccacbc	2.3634979631117914	3.5116875
450/ae47972cae3ea	2.9625177153696525	15.515625
451/07377caf11549	3.4711716328345767	11.72275
452/da79cc64b78a4	2.667517918187455	3.0229375
453/e8dd8655dfc59	2.7966559264079525	5.81
450/97a2f46c781e4	2.9941248135764797	6.9476875
451/2c938476aaff5	3.224758435650185	5.4074375
452/7706573b4d453	2.149658912843365	2.142625
453/1b302ba02094e	2.5631053178997303	2.2599375
450/cd51f07b517a8	3.342562583043233	14.2970625
451/c80a965d91b6a	2.603384325511503	4.6379375
452/97d037f092a5b	3.0700793925217353	1.7509375
453/b4ec8e7205b1c	2.1216223430823957	4.304
450/135989931f43e	2.7342777213369356	4.7705
451/723567be5e965	3.341200613122022	10.938625
452/d78fe8dd528be	2.9575584702570095	6.39725
453/1b291a6818f21	1.935324795963062	1.236125
450/d0e11ca81a409	1.4905817295807697	0.8281875
451/1aa86953b4fa3	2.8129521446457955	6.1808125
452/497c2690e10d2	1.6788607662674102	1.6313125
453/3bac73ad33846	3.00892178503257	3.366625
450/f8bb0b97f86a0	2.9183156822023664	4.9708125
451/068d7eda8a1d6	2.0151012813828677	1.232375
452/3053928c92673	2.327263442280738	7.9876875
453/0658c6fe91792	3.211673959422894	6.423
450/5d77e3625dc52	3.239486858753193	3.8085
451/cb4e7b72980e1	2.4343127349283407	3.8195
452/8d3f5211ddead	2.904442187054525	9.45725
453/8b48ebe24f70c	3.4020667990626428	16.228875
450/9113bcd5eb004	2.739608105807448	6.9779375
451/d1d435a0fa8fd	2.9097645157269767	4.1688125
452/714e873150429	3.4115564694386236	5.1954375
453/9c14bb65c5444	2.6784021404189806	4.86875
450/637cf7a9d0bb2	3.335125514788961	3.2455
451/c74f41b691af0	2.729025007309993	3.0695625
452/94eb8859f54be	3.43018755033039	13.4955625
453/0752bba51b769	2.967091118979788	1.3453125
450/289b5bec23269	1.748107962829252	4.1333125
451/bfb2ca9c74270	2.337854477832589	1.945125
452/81beb0c2db363	2.8561587176565366	24.7615
453/65082d10c9927	3.1715957507025236	17.0401875
450/6e32a512c29a9	3.276076574406297	4.4556875
451/15f4b9e886d16	2.524605676406849	3.7025
452/d8f6d2fbcf9f1	1.750335018272422	6.536125
453/182fdf20ff861	2.6757384629767857	2.958625
450/96acc766e9ac8	2.4502702420671314	3.4254375
451/e0ff46a328b9a	2.776552431284115	1.21
452/5d197217c13d8	3.148367685195151	5.7254375
453/66a25d056329f	1.8170953454449414	2.786
450/16775dc3c08dc	1.678539460831407	1.7785625
451/63047ba060be7	2.550519938318149	12.86975
452/a8a62dfcc92fe	2.7424795982261405	7.9354375
453/d57a39f9b7fe4	2.911197963060126	4.6735
450/b2e6d962d88fc	2.873364898640594	1.6015
451/b10c565e5a038	3.4444940478686967	4.264125
452/3e8ac7145d823	2.8820658368959835	13.5745625
453/5064b8e5d8f75	3.3757395338247043	6.3049375
450/700fd8c00b18e	2.156136795392568	3.2051875
451/7ad294a989399	2.937534295118604	8.599625
452/561474e71f5ce	3.2938273492833914	10.090375
453/2cc6f973d600b	3.184395434314219	6.2753125
450/1635bb6d0774a	3.1863922885888143	9.2514375
451/d7558d27a9404	2.0369387805900145	1.2978125
452/2fb9a884ad2eb	2.0371121905604705	2.3673125
453/6748750c9f9d2	2.7418157830743275	2.2235
450/63e0752a3d171	1.897074398501951	2.427125
451/150e37195486b	3.3630643630955275	5.2936875
452/23d327fac59ec	2.720567215715987	1.2374375
453/c41d8c8cafd7f	2.8273711963655983	3.960875
450/106850c7cdf10	3.179495403247952	2.178875
451/22781f3b58423	2.8318762786755736	8.169375
452/4abcc68baca3b	2.9620254427580393	1.825375
453/3afecefaa287c	2.3715947124126733	1.5620625
450/555a2cc8f358f	2.3543884430071405	7.7336875
451/2ea1a65768be1	3.3980322930288214	6.5656875
452/ddaef47c81b47	2.372245854899466	1.6268125
453/b9d7e6cf6faaf	2.3834224047730608	2.883875
450/e43f006e67a49	2.0609961921403253	8.1465
451/a4e907215c46d	1.656845310884626	1.73025
452/57052e653a7bb	2.6896661212792616	4.394125
453/aa6d3d57543ab	2.0928013423427267	1.2014375
450/34008aa70766b	2.7006766879413293	8.067
451/1f14738d335fa	2.5236317787611555	3.65025
452/bdd6407c8afce	3.164962931182142	5.482125
453/d32c11cb66aab	2.560906333653788	5.76725
450/25bd609cc17d2	2.5476885265202918	6.2665625
451/5569cfd34dbe4	3.291928663192848	4.9575625
452/4872af81e02ae	3.066471714783983	7.857
453/bb689d3ace352	2.4819706649559006	3.0135625
450/1bcef318ff680	3.396383942438639	13.722625
451/e0471538cdc14	2.4520775240506594	1.7019375
452/66becf1ee5a5e	3.1545652035066674	1.860625
453/5cc196ef34b2c	3.010605201988349	15.6233125
450/04b312333b088	2.867210407769725	5.162875
451/f608054a436e4	3.307403247849718	2.6968125
452/6bd1d0175381e	2.4020283336471673	2.7406875
453/2adf82209427f	2.89998017566546	1.8753125
450/f9c34c581a285	2.261161875027582	5.2124375
451/3d6744f66f843	2.819494073259964	1.9228125
452/dec4addfb6370	3.1503890042355938	5.82725
453/0748dbdc4669b	2.9034299368102525	5.513125
450/83dd39d7e1c83	1.111782929972157	3.229625
451/5af471ebfab8f	3.4414724202354696	6.5781875
452/65d7859494508	3.3620129405563444	6.4498125
453/583b4a1f79fb3	2.197592901853553	2.5034375
450/e48052b1aba6e	3.5601369088235097	7.4425625
451/53c7116b513e6	2.3390644918466488	2.7203125
452/aba0cce3b9105	3.4581553193689976	15.6566875
453/58ea932cbda78	2.21319634974249	2.824375
450/6013c5c437429	3.312169497937859	6.9018125
451/4c0eb80f01f6b	1.8707865850015941	4.9414375
452/0139fcb8d6869	2.8829963722460152	1.876
453/2303f287935ce	3.305483643896117	13.4675625
450/dc785edbaa37e	3.5697356850592326	13.0054375
451/08ea4b1e2ec35	2.0311622971398817	1.345875
452/2b0276a489ef6	3.1948022575558332	17.9550625
453/be5f7b55dc997	3.492069508604873	13.46225
450/3fd060af867bf	2.6755865542768196	7.0006875
451/3e2ba5682455d	3.1275090292738823	6.4234375
452/f74a6dc775a65	3.1380184571622842	2.7625625
453/d50490faa2228	3.0691760578324248	3.5259375
450/560ecc2850e18	3.2649768948193483	2.5629375
451/f79e169f92890	3.079648227606089	9.8088125
452/79a450d8db0c4	2.3231764513718214	6.016625
453/5daacef71136a	3.315916694129154	8.1234375
450/13d63dc680108	3.258203211549927	4.771375
451/d0664b6bb5271	2.5032989254918716	2.38125
452/df8eb074e1a42	2.4792248660995573	2.244375
453/7fb14d13d2bec	3.3443020260748444	5.78275
450/f76a20d9afab5	3.210338434464788	13.2160625
451/a8d772f076d87	3.0430358844580865	2.3541875
452/0be1e7d7e3ff3	2.8109914978998853	9.354375
453/c4466228773fc	3.151044599581257	12.581625
450/afe9e81967efd	1.306300300739593	2.5815625
451/cf0150fae295b	3.1084446266034056	6.0413125
452/a1bf5b7d4efb9	2.8690748353176243	3.151125
453/3e7fb4fbc0551	2.6555133530959103	1.968
450/b8dc2902955cd	3.290415493968207	8.745125
451/9b3b6bf8d7ee6	2.502175249151128	5.19075
452/7be874518fbd6	2.248338566222079	4.708625
453/d64135062f61f	1.0899516727131946	1.2493125
450/b6dc7db8394ec	2.6216599989488114	1.4413125
451/a4cd157dc0973	2.6700309510282563	4.986875
452/e3c9940556aae	1.5447083151944376	1.6419375
453/5c2a6dc5dbfce	3.467653765987086	8.24775
450/c4a459d9c4fa2	2.4573043004045823	7.807875
451/68b12efc081e2	3.3186261754541913	6.6590625
452/9c93f7b578d05	3.116885059696644	1.9074375
453/f88d1139dcc5b	2.0928738421183652	1.3461875
450/573beaaab1a8d	3.1118047838950034	3.803875
451/1056957227d94	3.344000217034874	7.453625
452/8552c0d759dc0	2.747388367735282	12.8611875
453/4b4bb44ae5741	3.308484634868185	10.7801875
450/e3aaf7446cc79	2.5938415317014374	3.76375
451/7ab19328c3b73	3.2718966644114533	2.2589375
452/484fe5d3a5e3f	1.3074416590053717	1.99575
453/ac891951acf4a	3.1722007513044344	8.348125
450/4c111b05ea94e	3.1823091760313393	10.03575
451/77e54f664431c	1.096337952775846	1.480875
452/9f48bd4a52473	2.2574907556763106	2.8515625
453/570533a9127d2	2.8405396707595987	2.368
450/0e532f22d119a	3.088732260732611	5.5288125
451/32f98376be1a5	2.7230365531207967	4.158375
452/57b73d1286070	3.3831241541063286	7.059875
453/f3bd3b9b0d546	2.6323806959137426	7.391
450/8860b399177d5	3.0933721583872895	16.4411875
451/bd5a294251dcd	2.5972203454585205	3.960875
452/2ab84db4ec07e	2.8593126391856374	6.6155625
453/5452b11ca85bf	3.412036611333045	3.266375
450/07fab1b9d0982	3.3420305360884615	9.3278125
451/701e6afe0949b	2.7030620323347403	5.02575
452/dd863d87e2623	1.9433631442578747	1.5899375
453/6f6e645604b68	2.479006095783685	2.3408125
450/5eb1b5e754c46	2.1112402168102844	2.621
451/147bf4b7239a7	3.0757251767777603	12.8783125
452/70319bb739c3f	2.151622775102327	6.1753125
453/a8e0ac7805381	3.102237232974176	6.2568125
450/3498c2dba4536	2.7543107266601274	6.2789375
451/54d212c831314	3.2101203678183423	8.0330625
452/a7f3a47e1570c	2.3787119063609876	2.2124375
453/c0f54006d03c0	3.134899128638265	4.8104375
450/b9199ba13ed75	3.3323290365584968	5.228375
451/e1ebd251f681e	3.1832728512529296	2.0215625
452/8343c9b568c8d	1.6921370613656845	3.287625
453/f2866130d4844	2.569141338711433	4.4415
450/6afb92d048370	3.0158482151715593	3.0545625
451/5084e00c682b9	1.9173302723772618	1.8889375
452/97ec3aa8c8ac9	3.002625303393578	2.20675
453/bbcc4b7fc4d89	3.163520244394198	9.2045625
450/e68aae1f34042	3.040605190655369	8.189625
451/aafc17ee37744	3.1743336648023934	3.072
452/f42258f5bd53e	2.852601421324852	1.0580625
453/6d0dd8350dd93	3.2757379534240685	6.4913125
450/d4379d8f8744f	3.439359768472025	17.5818125
451/60d7f68b409df	3.1353256418429454	4.5343125
452/37c31e0b3ecf4	3.2829750651390337	9.586625
453/423e9cd997a2b	3.1070078413341236	19.35975
450/997014435eb6e	3.0641409934836843	3.8094375
451/afd6754803bb9	3.2930530702555747	3.125875
452/e8561727dc4f9	2.685199481424799	9.38
453/d727855e44624	1.5343851529264314	7.2870625
450/f0ae557867ef2	2.2555894701678967	4.0663125
451/c5cdad915ed3b	2.356101432923806	4.6299375
452/adf31b3cdde11	2.5305761338162966	7.895875
453/b4d94ea6586f0	3.0435378031902265	7.688
450/7079f720595f9	2.6684112632657913	5.115125
451/37bd4796ad6c3	1.6975873801149157	3.203
452/39b52d664cbde	2.6056728751495455	4.5244375
453/993611c0c3d5e	1.1731609381117567	3.80025
450/c1d6451742384	2.364071343359138	2.625375
451/1058a25323c19	3.1243296206321234	6.3641875
452/3cf4c73f47b45	3.202528948350404	8.905
453/dab5bfd8f6954	3.3824193366900652	8.1505625
450/95266a060542d	3.2909102513286586	9.906875
451/a5110f377ddab	3.2607066141741514	7.065625
452/5d27a2bb0f139	3.29756177322081	2.2203125
453/222f69697935c	3.1101333768111803	12.013375
450/18107e21dd6af	2.604776001232227	2.96575
451/b8f4cca60dd19	3.366441953674807	6.3916875
452/9c225a8c11a5d	2.4351375897585186	8.79625
453/cf2f664591e5a	3.009665799533343	2.811375
450/4f8301c45b569	2.882749556011243	6.5893125
451/e4efb664fc3ca	2.453256991360603	2.885875
452/431aea5930429	3.128225329213461	3.1255
453/5f591447d67b1	3.237120764684692	16.2009375
450/2af78f18eddd2	2.9929517224746003	10.41475
451/88c28aaad6f42	2.359350304491536	1.7
452/16dae71b5947f	2.8825472956883305	2.5494375
453/5627436514e8e	2.865202418368815	2.77725
450/6cd92f587ba49	2.7855287770984956	6.6329375
451/6a624c8fdf058	3.328306214917338	5.654
452/ad71a3f611452	3.1979039292884766	14.3626875
453/decffcc109a98	2.034801537717831	3.6446875
450/b4cebb2ff5079	2.5056100974362288	1.6716875
451/da58d65b8f54e	2.182895742338945	1.6064375
452/b8fc659796c08	3.099905813848069	5.1934375
453/2dfe541551a54	3.4152678240155545	14.8491875
450/db43208948357	2.4447532544134125	4.4996875
451/4276b9378ae90	1.300121971591926	2.6595
452/5bc79f4c31f42	2.25508654417467	3.9423125
453/de1d626d4c1ac	2.9017711455313435	7.619375
450/ff492ecc1c242	1.850873718379629	1.862625
451/1f10e93097682	2.6429615670300532	4.4041875
452/b976794c5fe8b	2.8551403616271545	6.75525
453/9c9da3427a787	2.9860495967353855	2.399625
450/e91937c9c359c	2.287951417946068	3.8490625
451/3e5307df24852	2.2581348158948837	4.4414375
452/d1e9238f67867	3.276130344659466	6.9963125
453/52601149f0dee	3.4616401986912404	7.7048125
450/ea9a71a14b328	3.4595379348851147	9.1841875
451/9b613ba55ba10	2.7182195929931403	1.7933125
452/bac645882919f	3.4732075882264013	7.867
453/b3c9c71b52423	3.2498130853222618	11.219875
450/191b00cddbef5	1.2204690534960057	4.56225
451/1238b2e1da23f	3.3364555563505225	9.087625
452/4f1a31801bead	2.6953472595654344	6.5830625
453/e6f5df817f05a	3.2245428239091054	7.11425
450/d61d0a7eda3e1	2.3257281898153304	2.886375
451/2967ac1ed27e0	3.198648924908873	5.6459375
452/b4ec39cea060e	2.239131439793825	1.442875
453/1f0778e7ae62c	3.3678374760734706	2.631125
450/af4857f6594f9	2.795444334087203	4.3455625
451/731d4793d9823	2.6630794177052097	2.253375
452/6e7c6df0fb5d5	3.3759064343192042	8.6555
453/6aa8ef7319468	1.7266279205307637	1.4905
450/6c97a572c113b	2.7065082841822896	1.4414375
451/0ae9b50b92459	2.5195379407065204	1.248875
452/828b2ca5734fb	2.3198332875933776	2.4971875
453/01f7060063ef8	3.4631114220744528	15.5323125
450/bf0cd69dc28ed	2.385061910690952	1.441125
451/84aa94d4a785b	2.3488842299162473	2.6634375
452/e55f5d8610189	3.4266739390534546	10.85225
453/e3aefabd8f7e9	2.9859245100769582	3.501
450/07d63c5200170	3.1009863850618187	2.8595
451/5e9f717d8a8c4	3.393084835700722	15.7460625
452/600a14da7fa0f	2.6691784932330256	5.479625
453/bd6c2f937db4c	2.654319400558298	2.236875
450/f8240d614f185	2.674258162395829	7.2825625
451/bf17899ecb916	3.2778176295572594	2.9819375
452/dba08bffc8bfe	2.9754846687708385	10.0534375
453/99d3ce43224dd	2.5542270550214257	8.068625
450/8eee088504a58	1.944136914070107	6.1494375
451/b6a08b31bf8e8	3.3243939125929063	8.0846875
452/a05d0056fe6bf	2.8017158444959005	2.4795625
453/079b145afa478	2.604760793151085	7.5865625
450/23dd6d360f236	3.414742962031018	8.29025
451/27a3f7e0d8a9a	2.3647412530152963	1.41575
452/18720725464d0	3.458292400751955	2.605125
453/15d885b7f60ec	3.1226988783854264	2.5953125
450/b9310fe47a8fe	2.445783106386011	1.8981875
451/505b587a4ea57	2.3176919952380235	2.311125
452/ca7989abd3cec	3.2835820537070073	8.2370625
453/0f3579f51b131	2.391441161945147	11.1739375
450/813ae31de7a33	2.583649913017247	4.1336875
451/c7f8b73bbd69a	2.397808848092621	1.5453125
452/b86491d3a3e52	3.0675358375644515	9.9368125
453/cf142d685c181	3.0142207215437264	8.497375
450/810568df5b247	3.2826091700549456	10.7766875
451/62bac5b4efc17	2.6979629427375675	1.2975625
452/697a7c04d7672	3.3985091194210453	9.769625
453/447b69c13382f	3.1210335965809928	9.1380625
450/09a5acac3a7ce	2.5825357829721316	2.920875
451/1a0247904b78b	2.1180536072095575	1.345
452/04a7bcf79581e	3.005685133195602	6.74
453/0e142ddcfb572	2.9243527158164513	14.45775
450/3f70f2373d251	1.5313722246282007	2.297625
451/5cc9b8b360499	2.290045452310365	1.5755
452/8e3fe5b373b27	2.759334751608175	9.2103125
453/4c2628fb0504b	2.752055838757571	7.6360625
450/c86c4beba214f	3.2252741745745945	6.6458125
451/ca15734cc7780	2.228788477808399	24.6200625
452/f9fc3975cb69a	3.3615568425483344	9.636
453/f955ae94bbb68	3.2308451607822652	5.6279375
450/2ec363e92b613	1.1005687984490433	4.93
451/b4178276c1a4e	1.1151095784166907	3.075125
452/2252c15c9ab04	3.2021546416043836	7.93725
453/7b00722932d9d	1.6814450737273299	5.061125
450/da8fe2ea1052b	3.0485695167277798	9.8101875
451/84cf50e884d2d	2.764561582382401	4.16
452/47bac9fffc628	2.614628443143166	1.898375
453/5dd54c95912ed	3.0583854602392835	6.833875
450/257c91dc6bc06	1.600133195416523	2.1116875
451/74305795dd07e	2.307780440297279	2.811625
452/e5b102c8930b1	3.4200183353867972	9.568
453/a403224d3d15c	3.034252513358572	19.0815
450/2fe62ce46ecc8	3.079481509604479	4.9353125
451/f5f858b0737af	2.7997797759113308	6.4598125
452/03862790c8806	3.115598944946421	6.9821875
453/5c309d8b5cd0c	1.1133174876556513	4.65925
450/a4dfe7d48ca33	2.8779470443200843	3.3268125
451/64a53a2782e1c	2.7563851329695392	3.48925
452/ef85d9cd78a5d	3.065383012654444	8.073875
453/2a1e1ea8be715	1.5652216009155218	1.9163125
450/df6feec00ef7f	2.7215085730024384	4.08375
451/b8ff8d062fcda	2.7925815706165307	7.583125
452/6f45a289a5626	2.8763947459483545	6.33725
453/eae249a845c02	2.8149767420400438	2.6270625
450/d358666d61304	1.4837530046929515	1.8273125
451/f553974eed2c1	2.6260136892127464	3.4454375
452/a0a454203ba6b	3.4532771444902446	5.9798125
453/657fac853f7b1	1.7822748187920412	1.249375
450/67ad6b9f8e36c	3.4586948499819994	6.1168125
451/54e5682bb8c67	2.9904043492853987	3.0025625
452/910780f96d9f8	3.2785119246821135	6.72825
453/378f7c0805039	2.763031110420011	9.149625
450/838ca6ae820d2	2.8528424386387745	3.6999375
451/2d57671b76a09	2.90428095693365	4.5049375
452/8bde17a328bd1	3.217461921874148	21.1824375
453/9e7066a30df9c	1.7045670574690925	5.8408125
450/c8a76f06bfb0d	3.0681914038070475	3.5831875
451/f6dee6a05731e	2.237936509370723	1.646625
452/fff765da0e447	3.4403635172072256	10.3741875
453/68381b56b138f	2.763048908937801	13.62025
450/2a42ec7e2675d	3.2871200551755715	3.383
451/ee84ad0fba790	3.2852023833147648	4.3545
452/3e6b2c1d2de26	3.56569585076463	10.4611875
453/bec6e03c1f906	3.0623191599174104	2.8853125
450/3b6f8c6dedfdd	3.0163450627925568	8.76825
451/81839f6cf0537	2.979751542243677	8.3325625
452/2fade2fc8eed4	2.6802009880691124	6.1814375
453/6791354317183	3.379517179427977	7.1354375
450/bf12248250b0a	2.7648552841468788	6.6896875
451/9d94d47b9f5cd	3.147505423400488	11.1128125
452/3184f080bd2d2	3.020617850628216	17.8761875
453/3b1fd95fcfddb	2.6756051797287013	11.1255625
450/babadd52a5c9a	2.418569349746594	6.8083125
451/63a3cac2d557d	2.3164682600072033	2.0680625
452/18970eafc2756	1.6534970147681811	1.5024375
453/9ca080fed4039	2.781153923854696	6.0303125
450/eda69a2bf5c42	1.684462962158866	3.0936875
451/064cb65f24f26	3.036814886004552	13.6016875
452/e482ac500d8b6	2.7937792701794995	5.623375
453/72708d24d10e7	3.2545887731630936	5.703
450/8000f4a0258bb	1.1430564389018711	1.1401875
451/e38c119934c20	2.9627400819939944	5.435125
452/bbdd86a909eb5	2.5134273038166133	3.8001875
453/c066133f495e4	3.563430065829387	8.564625
450/f628026f66921	2.974592049030849	7.4713125
451/0528aab4e7e40	1.1175590220304474	1.5385625
452/d2ded32b652f6	3.2241970526147816	3.5156875
453/2a036b9e2dc2e	3.223645330056668	7.0985
450/7bc875a74d379	3.47591182065575	13.583
451/352f5622853a3	3.4317558728591524	9.23675
452/c0f03ad8905ef	3.3887698730608946	7.483375
453/2f7b57de7066a	2.800604107440967	7.1773125
450/82caa8bd1d33c	3.005533347531901	4.7115625
451/03f2490266cb4	3.1887940845643428	10.82175
452/36dcd45f0633e	2.7742411722905764	3.141875
453/605739158e873	1.3461498900684392	2.385
450/d07f81b73640e	2.5878280797812754	3.7750625
451/6d8e19a7af76a	3.103807561303001	2.9431875
452/338822a975514	3.2804436040804594	10.949375
453/2963cd15ffef1	2.8273913778602053	1.99425
450/40074c8e48fc4	2.9593817945734924	3.5473125
451/f5b16e008702d	2.931705100194102	7.2195
452/cd7c59ff2bee6	3.134134260099476	9.947
453/3114acb6b737c	2.122464157227838	6.109625
450/a1e67763b471e	2.859956989332919	4.26975
451/b18c616afd991	2.0589330517392384	1.8365625
452/c2d1756ede067	2.49087749902655	2.675875
453/c97208db702d8	2.4516099135655947	2.002875
450/7356e8e3020c1	2.6896053286855213	8.1629375
451/5d740175e8911	3.140081285051553	2.5463125
452/a6207f59e115b	3.1457576721850526	13.266875
453/ac6bb5737e785	3.1841092834670572	1.9000625
450/830abb76379b6	3.2775063090276557	5.1355
451/94e7546d5e3a3	2.999233935871661	4.7570625
452/bfd3dfb6350e8	2.8476425961051732	8.8549375
453/5fe926fa55c3f	2.965438542306099	14.8085625
450/896d016a88e65	2.1549636265264165	3.8473125
451/e5aabac9c39c3	3.0316918508424138	12.4076875
452/bd86e55af4d01	2.2009136157815017	1.3453125
453/50d25c6b44d56	3.2125558306115836	2.556375
450/41a691b8bb68c	2.8724436553992407	2.6626875
451/a77c9c9009cc5	2.464655171759527	3.5975
452/dbf4dd798fcf8	2.897188499963386	6.0171875
453/16d1c0450627f	2.349531809152153	4.87425
450/57f16a0e23b1a	2.8433886254757454	14.790125
451/0fb7218929dd9	3.381808250972129	8.416
452/82e133fc80619	2.9810180047779027	6.2006875
453/dcee975d66ca9	1.3064058946792139	2.162
450/c19f2de98115a	3.395795758753048	8.0405625
451/254b8ccc4de29	2.716080966781777	1.249625
452/64e06efd230b1	2.4807817711252462	3.6811875
453/e4e1f02775e61	2.498327466589696	9.3029375
450/19853f7e0c465	2.5067500625290706	3.6965
451/1ba529cfc583c	3.356107702111978	6.83825
452/2b8f72392c123	2.6365726292090867	2.99675
453/a99f3f331386a	2.2457683910300386	5.3563125
450/48fdd1cdd18e0	1.8248696330923695	1.3456875
451/8fa0fc13f82a6	2.995776818260494	7.9244375
452/f812214df5304	1.192624070647274	1.506125
453/96bbacf6417b5	2.3398185460678085	4.4938125
450/cd19bd6b85aea	3.0393551438201714	4.0031875
451/811295bef6a1f	3.069994483220214	6.3150625
452/d4bf372bcfdf7	2.0904104542573707	5.790125
453/26a1e537a95f1	2.5201998565319315	4.376875
450/8514375a974ad	2.487445010025843	4.2615625
451/1c53520875ec5	2.7443205240575534	5.4329375
452/4171b8b3ac434	3.0415446665541244	5.5694375
453/c7e5979055071	3.104908870530894	2.065875
450/eec41a881c8da	3.082066458408691	6.509125
451/3879fd1508b4f	3.2900392620886425	5.3994375
452/c310a7d81d5a2	2.373507594432191	2.284625
453/84cadd55b3efa	2.117738701416836	5.9195
450/11457e0185981	2.6599327174531253	1.944375
451/1820515208d70	3.2139420110562193	18.306625
452/1f7c400426c79	3.1401393192241263	6.6809375
453/7e8e9aa3ce2b1	1.2410917823604073	0.7683125
450/607481364734d	3.187693417311832	4.03225
451/64e6d20c73370	3.2959510852793974	8.1070625
452/023959a3756a7	2.3743113087274885	3.751
453/98377a3a8ef3d	3.178220169287004	13.4069375
450/c6be4ed27e570	3.368973657911203	7.681375
451/9dd94cb7c85fc	2.9972001056115127	10.996125
452/7df7f89d0d861	2.9297044982535874	4.1095625
453/e5e65033ce683	3.3021777303962576	6.7391875
450/a981eaade5c3d	3.094850271227687	6.7365
451/feb171b8c1726	2.7933884543243384	7.6866875
452/a02993a411268	3.218488034866559	21.3551875
453/8d322fc6bf838	2.951049234129198	5.5944375
450/498c8c6aab578	3.3591954399279342	10.7231875
451/d2a9a6bee73b1	3.117124653657786	4.8845
452/e5ff61f201893	2.715029758037261	7.650125
453/cfa10b90de76e	2.7175296528396613	2.984375
450/cbac23ddab139	2.758266750762516	3.0579375
451/72aa1cb117bf5	3.0085790235128305	1.9375
452/461648d1327f1	1.2920813037927619	2.2408125
453/917444f205d96	3.0262602461352293	12.4108125
450/e8f822f531170	2.7159702455514068	8.402375
451/5d01de47ddc26	2.680945681876057	5.1871875
452/4f7d755f2bfe8	3.1458368583577827	9.082125
453/ccd2fbc73d4b8	3.1835931394660175	3.7921875
450/0f0824c382cee	2.956706295790512	2.7304375
451/89f2b584f7acf	3.023763508956337	3.632625
452/3d4ae8210975d	3.3774017945489803	12.9788125
453/bb8a5c0b90cb6	2.6500248250210774	5.0720625
450/62219475ea5ff	2.755482761212998	2.8833125
451/f864b9c433ea5	3.3176685086929933	12.4964375
452/06808a3fc42b7	2.4198101228524878	6.10425
453/675764a368b2d	2.6200621352361733	6.9948125
450/d029ce1b06c3b	2.485953729515811	5.9129375
451/0a5e4c97c8038	2.506303745189761	2.74525
452/6a73490ae1e4b	2.8014510030270547	3.627375
453/d1fd5045f72cb	2.0828481975840765	1.104875
450/2e39b22e97841	3.3236144939656675	3.93275
451/f888139bdfd31	3.2663819403308265	3.5303125
452/bcecc363c2196	3.4852334761412798	17.530125
453/52683b7250af8	2.1663307807706578	2.2855
450/91fea8bfb36c9	2.6748385705486917	4.056875
451/d03cbeb25fc17	3.4896716772112635	8.6465
452/faa43e62c80cc	3.446742130530588	8.9023125
453/d4d594fa907dc	3.0213352914863933	4.108625
450/6cfe8fbefd887	2.7460209422782595	6.605375
451/4cdc5e9da1f97	1.1104977126097266	1.201375
452/5d73ba0d30ef1	1.0926943970336227	3.9605
453/08f2560096fe4	2.1857122032300915	7.82225
450/9fb2274289f7f	3.275586036568166	6.8765625
451/0c0006dafe901	2.4752629709643386	5.9164375
452/d19e9e9c5fd08	2.8182896705768776	1.5354375
453/7cb8817d6914b	2.2102361800944417	1.20125
450/4e14d93bce53d	3.2268578631965843	7.173625
451/e0ccb69106ac7	1.7176017925176912	7.22925
452/34e4db8363a67	3.2041173593801537	11.6991875
453/808a205ef9657	1.8946403740267732	1.6244375
450/22006c3d82a48	2.951439112339771	8.5630625
451/5d8940d5eec43	3.0273754619163062	5.459625
452/68ac627288912	2.2964606571177844	2.077625
453/c8761f8313eb4	3.078255266324991	5.6758125
450/967c9364cbcd5	3.2760237988084566	3.8743125
451/8149e9fff3e05	2.116232618643102	4.5985625
452/57ff939c505d5	2.9347938426172386	3.8485625
453/6f8fbfa0008a5	2.7875065256345297	4.9986875
450/7b8771f274b42	3.279761779270042	5.43425
451/3fea6db4bf3c2	2.741134313211951	12.118
452/1da8aeda1a58f	3.522956190378165	3.097875
453/9e0ab832b1a87	3.184836379923199	4.095375
450/d63dffa67c4d1	2.5473832813153297	11.5738125
451/1d1525a6c2857	3.1178079028825243	6.509875
452/9621b2e865609	2.4016937778223726	3.6105625
453/308719ddf6a6a	3.141421264095877	1.5520625
450/aa71889f05238	2.4528196901662724	2.2956875
451/d8a6182bf4172	3.395593009152074	15.8500625
452/ad5cb3c40d855	2.5114148963320364	1.4574375
453/6c5b6ab9e21f3	3.3394486676587025	25.9493125
450/5e4dce0b04476	1.7562617691693745	2.8115
451/14dade160406b	1.2176692950941805	1.47575
452/0d8a09fddcd9f	2.23513730489469	5.5704375
453/8f9004eabc9c9	2.7586764149205707	1.8090625
450/1afb7801a2c26	3.3393951126739645	2.4530625
451/9a79dfd377daa	3.0555123478361597	6.0828125
452/3e1147ad80560	3.0689874960744166	4.067625
453/2882ed388dc78	3.3142407562519876	5.9621875
450/dab9f81831a27	3.0590411754404117	6.61425
451/d16835b832b31	2.7060887959979776	4.4448125
452/44457c36a2d18	2.452949286202401	12.015375
453/69e3f562859c6	3.4969676318919096	14.9765625
450/6e530ec035f79	3.231042026942046	11.4131875
451/5a30c706a80c9	3.212634186777578	3.4460625
452/4563bda838ba9	2.9787636747019666	1.6129375
453/9c7236b3b3ef8	2.7121908534704136	7.519125
450/70110cf3f80b6	2.669125513492534	2.338875
451/c8605f1af8397	2.383202469166585	4.0915625
452/5601fa27671c7	3.5781292569574377	7.691375
453/1947a57f363e1	2.797204250173558	7.2811875
450/28216c9bbe35a	3.487335170631993	10.8741875
451/684a9edeffe6b	2.0991668925206017	4.546125
452/5c33bc13c26f7	2.592847550064112	6.2675625
453/625cc073ec4ed	3.322619442742684	5.5841875
450/dfecb4b0abf23	2.8992487385223895	5.548625
451/e1708a4a2647c	2.5736716183314243	2.9024375
452/05bcb2c02c22d	3.1637033704101016	8.8993125
453/1c14a876db5bc	3.0445392770123627	2.9355
450/f482d18b9a0eb	2.008973520408383	4.206625
451/1e44676b48cfd	2.7145584199648667	7.2968125
452/b52b8358923a6	3.244357282524527	1.6415625
453/901cd516ff7e9	2.566882404746313	9.2426875
450/e5008911e2097	3.0794898763540566	7.575625
451/47aee521959bd	3.1599368050313417	4.687125
452/8911907f2ada8	3.0774668032610304	5.957375
453/2102de94bfffd	3.2751764832104207	3.0759375
450/1bc0c78d6d25a	2.9172020589279413	9.7045625
451/778510203bfa4	2.511825569347972	4.677625
452/f763c594e3a2c	2.376698979486501	1.7216875
453/b6f8b39eeb6fb	2.7118976143835667	10.488125
450/d6e091a1df655	1.088043856556714	1.634
451/b245aecdf3699	3.3879749073849617	4.7106875
452/c2067a421c4ab	2.3106429725779325	6.1636875
453/c12b10494d62e	3.0732478355548065	6.3745
450/5a2992bca9836	3.4034687989066033	5.010625
451/1e61e1414ce46	3.1864494534936463	1.9620625
452/7ff2ad81641b7	2.6174640409115812	7.5174375
453/1c773e0c93d15	2.5139879699647345	1.8746875
450/f7c874745edf4	3.2177427342548754	7.27675
451/9df9330a04391	3.0145150025195426	7.0041875
452/01f2430de7f78	3.047243023379106	4.355
453/5b6e96cbc145a	3.281109256652313	9.03975
450/1c6d2f381538e	2.5888856098027317	22.2683125
451/e7d30e816cfa3	2.978113973782784	6.085625
452/bace8772aa1a9	3.2195898293555976	20.471375
453/61ac3423aa353	1.90256922142511	1.46625
450/667904b6400c2	2.9949960604636097	18.007
451/179f04a59f979	2.760666192230955	1.7346875
452/a695f790e3514	2.8795594909488575	7.4078125
453/c794f9498b310	2.984039470704668	6.0903125
450/99117e887fa8d	3.131223233456328	5.663
451/e6f12eb6318e0	2.410532777446696	3.129625
452/dba618def7de2	3.5092605375547827	4.65575
453/2299b62172a16	2.4371728330428337	5.2874375
450/7e684ad6584fb	3.0148330164301953	10.2274375
451/5ba2cc3111ba5	3.3577094252343036	4.4450625
452/cf7d45dec8449	2.314095213298129	1.6825625
453/6ce0206595e08	3.4589655320731203	12.7849375
450/8d50444998ed2	2.177003211187795	4.5201875
451/50415a1298cb9	2.8215920673326114	5.504875
452/6f5242d8383ff	2.8971311651237395	17.87
453/6c568460a6272	2.5056159243404967	8.9656875
450/bc53473150ef8	2.2623184199206157	9.4565
451/647d02cd031fa	2.812972056223291	8.821625
452/8770d6439ad89	2.376261792250195	7.9934375
453/d5e17a90ef54c	2.972001194524483	5.8780625
450/1b2dd12e00b39	2.688541450091804	2.428625
451/1708c8b677db4	3.2702609090664083	8.20925
452/78b8be4a35edf	3.0415838695836617	8.18925
453/a5fbbd942f857	2.930176503159642	5.0016875
450/558048df88c4f	1.963560591647831	1.4893125
451/62170b45b8395	2.885297096662277	4.393625
452/7e366ea790121	3.2302476579608523	7.299875
453/4856b2844e4db	3.1246209534663243	8.51875
450/84e456bd6b622	3.3493197476897483	11.0480625
451/00bbe94273422	2.7798072251626387	4.223625
452/cc78243c1609b	1.1096268963581886	2.1708125
453/5051ead05127d	3.4476447366767338	10.9106875
450/ede43a58e3423	2.612867738317191	10.0695
451/5f5ee08f69107	3.332417086270458	4.5363125
452/a6cfdab79426f	3.3921396143275673	5.498
453/09023edd1498d	2.6398145385260214	0.912625
450/4c8fa2fa0329e	3.449559509507207	21.287375
451/c267d26d219fa	3.306103674421517	3.4993125
452/e3890a4e0eef6	3.071755421564195	4.85775
453/63fe680607578	3.114143503198531	2.1138125
450/a012d90e64187	3.2256978776168563	9.9414375
451/e6fa53890218e	3.516911296392887	7.8316875
452/bc1a3bb54a88d	3.0499623982865893	2.9535
453/e591f1fc3286f	2.551966647557276	8.5460625
450/73d6612e95af0	2.5327318957558673	3.229
451/7789aa2c211b7	3.162164284157859	7.23825
452/8e2c8e8f2e6d9	2.8980809406613384	4.009
453/9f5b2a251a929	2.528330408744893	3.84325
450/e6e8c09668f1e	3.012871839804303	4.5675
451/6725903a94b1d	3.3448034830334916	5.2628125
452/b0774c736bba6	3.1964076236959427	3.5383125
453/7d2fe4863834a	2.603943741411144	5.2244375
450/eb3eb3910b072	3.450087269144805	10.256
451/bf46c2f31d591	2.5035946704629937	2.1959375
452/b68b9ac4bd7c0	3.0460750743982055	3.6945
453/485400a4a0378	1.4833483334166415	2.0105625
450/251333647ff67	2.952182867570933	3.786625
451/a4fd8fee8c04f	2.6632993428392844	1.5378125
452/dc8c71114d7b9	2.7526185197760866	1.825875
453/4863e76fa4f65	1.4583035590312396	2.3025625
450/d9bf7667c380b	3.323492311161622	13.2620625
451/4639663f6103b	2.5389241548399943	4.96825
452/6fb4ed520067b	2.7686568921434955	1.0086875
453/484b4bcab7bd6	2.4260316486848197	4.5633125
450/aa39077e47cc6	2.638923671977966	3.6570625
451/351e3f8aa0015	1.0957247045495242	0.7683125
452/e98c9ecf44860	3.2517615739328303	5.894375
453/00cf15e67bcc3	2.674650422696317	3.328375
450/e9aef9d2330b7	3.2798098568477227	6.991875
451/b4b3816f6bea8	2.540143196244172	5.47125
452/19346f290bc6e	3.304618494905005	4.4308125
453/37cca6488e3fe	2.3748141873959647	2.4759375
450/3a94658d6eb2c	2.7037625341883182	8.4359375
451/4c6fe80eb0e72	3.3952981494026373	6.58075
452/aafbd1b00419d	2.211373288160624	2.2594375
453/e1c429b864213	2.498610417000815	1.6819375
450/a59cc4c757252	2.240723116586839	1.4898125
451/1b02559ec7ca3	2.7844515053877985	6.4321875
452/f3db85087f4cb	2.38357983620236	3.08025
453/f8f78e3fc7214	2.790871664772611	5.7065
450/f7cda3c019352	3.0048681012033707	7.1413125
451/ced400eeccf08	2.8041190959438573	3.6188125
452/3e9a207e8568d	3.116295437418058	6.395125
453/79f4c232d4402	3.0784652187380783	2.3140625
450/06369b1aebcc0	3.3198721627566656	6.4461875
451/a4befcaa87371	3.086574155109127	2.086625
452/03b34aa274afb	3.3870021190748703	6.872
453/782e51d2c83af	2.411925914419966	5.0930625
450/cee4d46c9fa1e	3.0181523325217703	7.894625
451/8550e846b7eec	3.254051403403416	7.6779375
452/5355076768d85	3.496261941339959	16.7545625
453/e6878d67f2682	2.4282101831587424	1.0764375
450/0a3c6a1ed6e80	1.9331046237943863	5.0280625
451/bc97d967836fb	2.664117116156816	4.97
452/43a2917bf0f62	1.8138845473166256	5.22475
453/749fac6aed5f1	2.3192001496090526	1.0573125
450/bbd06637228c8	2.6203830568114905	4.47825
451/c8608112fe1ce	3.087414685772417	2.9205
452/4e98005e9c312	2.2927372622225723	0.8525625
453/1319522c9434a	1.101005007511322	1.30225
450/2de0e6d357200	2.1491611315330315	8.011375
451/8319c215d30eb	2.1424908229656716	1.338
452/a5f821d43157f	1.6792234759027853	6.6965
453/77972524a5a3d	3.5436058232969323	16.85675
450/9d1b7da4aeb27	2.9320573137111188	3.51825
451/82e8d06440eed	3.048387102685982	5.6008125
452/b2de76f3c1ff0	3.374149066943471	11.77575
453/3b6b0d41bbefe	2.9761504062747615	6.1050625
450/2cf0da6ddeefc	2.559234418201062	1.0394375
451/10e20f1eae9f6	3.378358570946373	8.9245625
452/e573c47c9ddc7	2.835303932076807	7.248875
453/4880c0db98098	2.802843601093027	4.5903125
450/5e953b565fc6b	2.4096584017502787	7.614
451/c56e8e39f29b7	2.886497254283212	3.912625
452/61489c1196256	3.2536033695490887	3.6775625
453/3b3e65e781985	1.2646275866186012	1.6816875
450/3c1495c74e432	2.9203424613032953	4.6815625
451/fba85c33b7aba	2.464078954960367	2.3071875
452/634bf8cac55fb	2.7266389049273676	11.384125
453/6a985810bb2e6	2.6725151163372125	5.7645
450/6f05b41333af1	3.365259509409497	7.05
451/808990dbfe894	3.2863047425808425	5.7965625
452/fce8448dee18a	3.286295118277485	3.8944375
453/6d61c2002030a	2.5200134688625333	3.3924375
450/c3c0ea518f12e	3.2354759484852473	8.2910625
451/f52e8da11de96	2.669879362221301	2.3554375
452/19a35e1733937	2.8479722612349083	6.4861875
453/c7cdd6a88dfb8	3.3041953788645175	5.8769375
450/b1db6f6b40f31	3.4142993929877	9.4844375
451/1243d6dc2f077	3.32484933589442	2.8570625
452/64359ae8ba873	3.2322911098145193	3.5891875
453/6188e96540adc	3.305220863511973	7.8029375
450/fb2a52b1b7ec5	3.1753692835293377	4.4895625
451/36461bb62318f	1.8059835653667602	1.55675
452/2d390d9394266	2.6042527414958516	2.011375
453/3c46011359526	1.8789807306708382	14.274625
450/f6f40b3374239	2.184484125754147	2.260625
451/f4c364e273ce0	1.3368764786764	3.1158125
452/4e56fe7824a31	3.4826028966261617	2.7901875
453/283ab6bf978c7	3.281462801543959	6.2936875
450/cd93b8e202e78	1.088524287299632	0.7683125
451/94e47aa2ce086	3.034841801825122	1.678
452/6e6c6194e95c9	1.4922273513901443	5.0641875
453/5bcf8727355be	2.7275693309040445	1.3939375
450/e1d0ed8c2c3af	1.5764446153180185	0.9608125
451/409ffae93e4ec	2.0737123406665576	1.5206875
452/a61908c0c6ccc	3.225373297457262	7.2691875
453/9082f3745ab08	2.471328493032829	1.6340625
450/49f9f49be66ed	2.764851561201782	3.3684375
451/e2b9d406068d1	3.058658637780644	3.9465
452/a3970c3d1863d	3.155684666563708	3.24725
453/402bf3091d30b	2.4822812914969634	4.065875
450/9503a215daae0	2.272721433248167	2.4494375
451/c6378a084b0c2	1.9774760684742823	2.5344375
452/aa9733f2da0f7	1.7061206187855547	7.4954375
453/a7fc6c24889b0	2.4982869549998727	3.723875
450/82529a8bce00a	3.099349424093623	5.696375
451/85e59af6c8f83	2.5634944810478384	3.6006875
452/5a209e166392d	3.060692443344188	3.31625
453/72db7f830f99a	2.872210245216017	6.9931875
450/7831c376b623c	3.0430042874919927	5.63625
451/8db578b684783	3.308205710327985	8.094
452/38a8698609f73	2.9087534655007947	5.523
453/7e3b88e4ea2a6	2.6641901417481333	1.1021875
450/29757367dfc06	2.1002205501143605	5.825375
451/caf2cba416173	2.6707680558201017	8.12125
452/09ad26a8ab1fd	3.0911308801835182	4.3886875
453/ad49a78877669	2.275167805052087	2.9119375
450/752479a44e02b	3.4472031655278066	6.7513125
451/2fa1f85e40877	1.4981859768807533	1.104625
452/6fd2e4e642337	3.1995446474091653	4.438875
453/7b7cde2b9f113	2.0786127169495976	3.9486875
450/3e653399c38fd	3.0345793759316364	4.839625
451/c5b1fbc462a0f	2.8070616603488583	5.546375
452/385056f70dcbe	2.9567147450147577	10.4629375
453/0a38c0b1c9d55	3.2359419018805715	2.404625
450/7bccd078e861c	2.5269815062621936	1.85275
451/df3faf2e48147	2.5194690533573443	7.9421875
452/ba92d7538ddd3	3.2608542664232214	6.8789375
453/a31c5b5bdbffc	2.757620447150817	4.834
450/16379e67f46d5	3.201740101375369	8.482875
451/e432e1d69cda6	2.9863163428327484	1.0090625
452/ba158abb01d0d	2.968415760567546	3.727625
453/e61a31d157743	2.248044676802907	2.4460625
450/57c1279bd6033	2.8549228566819966	3.497125
451/dfd8ef29bd9df	2.9321903588111167	4.4101875
452/310ca37c898d8	3.2431949989990425	5.6540625
453/87a078aa9452d	2.9703929162304235	12.4996875
450/d4ca681a932a4	2.7491006732651235	8.7971875
451/fad7b9c656d0c	2.575536772560358	8.4476875
452/f80b7143fb0f1	3.3713544411781498	7.2644375
453/785ed2ade10f0	3.1354917775875877	10.053
450/e8bdf9e419352	3.417601042924714	5.9198125
451/9bfc3456b029a	3.5500116476176378	8.0645
452/20aa3c29f1963	3.1867084493879223	6.1430625
453/ad78c3df3072d	3.0281194869364776	6.9025625
450/1f668889a3ca8	2.84811934117805	1.5614375
451/4c7492efdee5e	2.612098093116683	2.466375
452/259734f0b95cc	2.9955716607040843	11.5554375
453/ea6687319502d	2.3171566700695627	9.5815
450/b3fd4efd5e1cb	1.6882431427464535	5.0133125
451/e4a9f61831018	3.256536590295462	9.7315
452/88a27b6851a89	2.316054205077986	3.042875
453/d43011fc1f9f9	2.0134753420938796	7.9361875
450/768c263cb1dfa	2.613232040089167	2.001625
451/607ae4e567e88	2.525051451066994	5.6503125
452/78db31b034bc2	2.9210244092642217	5.1064375
453/6e60876f487df	2.9345411070083918	4.009
450/3cbe29ac0cffb	2.562380859629051	1.4013125
451/5085ccd4849a4	3.2183260990293303	5.2018125
452/4ee5dedc95bef	3.1499628428377195	13.1215625
453/8018ff4cef32b	3.0799699411030255	8.785125
450/9daa5aca3340e	3.2685164029952825	8.1041875
451/46c047b05f81b	1.4306703141229464	1.2061875
452/47b8cb6f65723	3.3642455467640153	10.3014375
453/b8c440e60d159	3.2233132895576446	2.223125
450/eb516b9833bf5	3.0468033735216027	6.8995
451/12dc4931913ca	2.5891104601948824	3.233375
452/8c7e74c0d108e	3.2466480335302372	7.167875
453/d5a596a7120aa	2.522623777930244	2.8851875
450/94f03c1a0c9b3	1.7486616414106364	4.9428125
451/755d1dd245fa1	3.4191673157919205	7.1666875
452/b71f3e05b9909	3.10900875196027	8.029625
453/b5c205d03112f	3.284225041894607	11.9780625
450/652b7ab7064ae	2.224976829592458	2.3575
451/e5792d659d6ff	3.158658500174633	5.272375
452/7421dddcc04a4	3.4379492169268966	13.1399375
453/f98d836735009	3.27046595128349	16.3484375
450/16d00b5b73066	3.3141860256642857	9.71125
451/f780606b88a79	3.3023098189677356	11.339
452/62b65d5db7eed	3.1739677426342543	3.320125
453/46423b8d260be	3.4167738500047036	16.1650625
450/b5bc48bbe16dc	3.396942556192668	5.9729375
451/e708781daf39c	2.3093865487698997	3.4209375
452/b6b8e37c16572	2.4488627929869953	3.1444375
453/82fec02b3a9b9	2.8378398814077577	3.0753125
450/e1a5560ec6c14	3.072155866850001	3.5775
451/b3cb15f1577b2	2.4009265696307076	1.4654375
452/adcf4d00b00b9	2.4061990793520787	4.5373125
453/b14a8b75369af	1.6133725303114244	3.2355
450/4c522f9eb8a82	2.1472269741085332	8.1199375
451/c9a130b806b6e	3.0256755445670422	3.1245
452/19ddba31a4e91	2.898832742731005	8.6475625
453/0ea8ec3089f87	3.2854979575002834	2.067375
450/e1730809b222a	2.481657947256569	8.8265625
451/2415dbb322f5d	3.5314864508178916	3.281375
452/5d004aadebccb	2.81136342699891	2.1219375
453/44ba23a532a9d	2.0799214713569154	4.666
450/15a7ef7e30a14	3.0170978160640542	2.5745625
451/dc3c698c70633	2.984073157345522	1.894375
452/6fdb3d18ec31e	3.214890866820358	6.385125
453/3983091e1b134	3.3865946065872876	14.8485625
450/4619b15a01d02	2.582763184729739	2.9735
451/ed7257dc7e3fc	2.367264586909285	1.490125
452/ec18a0a1225af	1.2706983337088962	6.521
453/b5830e990ca6f	3.3675807671395006	11.21625
450/6486c57c8a049	3.254291059195758	9.60325
451/7680e2d6d945c	2.680143975015386	4.4005625
452/2925aa4180324	3.107436497692226	6.516875
453/c226160f0278f	3.2637608684409827	8.5581875
450/d9485fab6a01c	3.3195503655861787	5.2040625
451/8f5d9356781b8	3.3286386824038368	6.3935625
452/e8d0d0e531707	3.36993979331134	4.7086875
453/2f4ecd05f49bb	2.164629686690872	4.10525
450/0aba9b5fcb6bb	3.427775767863433	5.460125
451/7b8da6775bf9d	3.024483451904637	7.7646875
452/20737e46d102b	2.124848976701056	1.538
453/2b10b039f2ef9	2.806653687171004	6.3865625
450/1e49858b907ba	3.2515860802021472	7.2819375
451/a1b17b1df96fd	1.9594885311611803	2.484625
452/eef4f89abd464	2.992027372889773	12.50575
453/f23e1db3d4d46	2.7109222750165816	2.4326875
450/6254e27e66a5e	3.2919674061738475	3.0540625
451/b04f468510a1e	2.3811349413809055	1.69925
452/650a987631b59	2.9414479313154054	2.0088125
453/36950f4c14be7	2.642267225835788	1.818125
450/896ee425540bc	3.136260954872915	3.751625
451/58b3cb3eae1d4	3.178795692831312	4.02325
452/221daad715391	3.4075802650075073	4.83225
453/f23f11ee3dda5	2.6871140199197954	3.88225
450/b543f13f3de22	3.4241874008065203	9.5829375
451/f1c56dbfcfd87	2.8338385689161116	6.6878125
452/f41a57482fb2f	2.50936556143002	6.3951875
453/13bb76deb6c51	3.339654787468449	3.1764375
450/459d99379994f	2.9414237000236865	3.401875
451/cc163683336c8	2.2245891108483535	1.3250625
452/ee0c42ca42442	1.1908030147452224	4.224375
453/6a2f330f699bb	3.2975577939638816	3.456125
450/beacb3d38a440	3.2139317385405155	4.2671875
451/1b4bd0030e5de	3.344925861776955	6.8289375
452/cc0735722b8e5	3.2440549316560845	8.4131875
453/284ae80c3358e	3.5177984905199806	7.9091875
450/617945d1f7290	3.481745161221371	7.6175
451/2937b1c1e870c	2.9393901461049032	3.6896875
452/f0cf720ee7cb1	2.8975389561955844	7.85825
453/1032e4864ca5a	2.4932240599902213	10.696375
450/fc8364928a086	1.3073727369255386	1.3463125
451/7f005f2da07ee	3.252803921243077	3.5740625
452/d5b9e7b7914ce	3.207427054894436	4.5371875
453/74e12dc1de3f3	3.269742421477995	4.7479375
450/69a6ca59d7a98	3.0748650718111237	7.1320625
451/1cb4a0f3fefbb	3.132678763316118	4.8138125
452/cdff10a520f1f	2.5761100982080807	5.1433125
453/0012768a471b9	2.6994107993444394	7.605875
450/32fa144f83f09	2.9696871942848087	7.1170625
451/eb6a4be7c87bb	3.1760964265003895	3.060125
452/34bb8db28a561	3.3158702674144	8.797
453/76a8f02ce32a5	2.959479027302051	3.833875
450/458e253196f7f	2.9454819923795976	8.4388125
451/5ee4895f4dd88	3.049776237834457	6.029125
452/3eee6b494182e	2.821190871064896	1.8680625
453/7fa15acfffd30	2.899999971423494	7.0370625
450/504375a88cd90	1.9340920953806364	0.8645
451/dcc11c81f20a0	1.8695506846483045	1.0226875
452/ff79277ec02ad	1.265069784199842	3.3606875
453/3526c3311e4c1	2.773050629876767	3.232625
450/1b489e62b5dfb	1.8968877573614544	2.346875
451/2a3a0306e2798	2.2708472298744957	5.108125
452/c819442682307	3.4529509497148387	24.594375
453/031c4b98e91d3	2.7365101948198998	5.654
450/5d5b99a6226ca	2.9407081383003932	11.146875
451/c5007a62a1fa8	3.3513936802189743	6.7145625
452/3500274b2b95d	1.9451180520982896	1.644875
453/b5a3314e23c13	1.9273015492042442	1.320875
450/0423392b6937d	2.2930239890356674	2.923375
451/cf7e4c23eecf3	1.5545611160478285	0.9625625
452/77ca52529394a	3.144849525701956	6.0696875
453/afab37c16464e	3.058346928468915	6.5965
450/76e136bd85f03	3.1944127571127967	3.73825
451/c54f34ce8a241	2.399788421591803	4.1244375
452/56da89cc5aa9d	3.0232638640373812	3.2508125
453/dad9e58c81b93	2.9489561448032053	1.58675
450/273ff28aac060	3.5649188538592185	21.971625
451/ab7f369c8a265	2.9529712106336987	13.11
452/ba68919fd6cf2	2.1608379806675844	0.7280625
453/5dc03507e57c3	3.3675275253944466	10.5741875
450/cc6039bffc194	2.7519843241390802	2.9541875
451/99824e2d84142	2.1093079318353953	1.39375
452/54f1fab647cd6	3.246888758676407	9.808125
453/48ed5e0c867e9	3.1401500406225815	16.982125
450/db4a0b467c136	2.464527352643689	2.738
451/14bc8dd3f83f3	2.210368299986864	4.46675
452/105de520fcad2	3.116659762667373	3.8078125
453/0e39c5910743f	2.9510402719856543	17.14425
450/b5eadb66ab1ba	3.308991382192928	4.0679375
451/605377e410846	3.0931952911805753	2.9771875
452/e3c8618f172f6	3.305163725418606	2.0271875
453/6e570d23b443a	2.438562445742617	2.76325
450/b6f9dc82484e0	2.954175230053361	1.922625
451/26517c6641abe	2.8787243196667482	6.364625
452/f904b54cde496	2.754427625196184	3.7570625
453/b0886db2b03d3	3.103847470236118	3.849125
450/bd0b2c3c5afea	2.5772621599154384	2.4621875
451/332fa7972d86e	3.2251013048341313	2.8809375
452/33631761eb7b6	2.547582990572791	21.745375
453/2306221fa639d	3.1738872465177876	2.396
450/5df7b8cb8e7f2	2.600926698469756	2.922375
451/1fa2e3a2c252e	2.9547889027994603	3.3104375
452/1fe02b918399c	3.134216861067216	9.509875
453/64887795b8420	2.181690020985159	3.72825
450/3288e63499532	2.899866874921083	10.550375
451/fd71ef476a055	3.071639550579489	6.069125
452/1d432aadd6c39	2.992878612538301	4.63975
453/fe3acaec8f315	2.726171754289504	2.5010625
450/0c6ee031dff92	3.2409737473837024	12.13825
451/7df98c6da0b89	2.680858197308298	1.682375
452/feaf79cc50499	2.9682475217105133	9.3746875
453/895d85c80e7d7	2.603537532138459	6.6545
450/b03216aac6843	2.1442897753996117	2.6445
451/ff13283a35774	3.202145219615132	9.9800625
452/419037530bd90	3.3104258964873465	5.0285
453/7ff63da1c4372	3.209450685283204	3.6521875
450/de2c8a478b650	2.4599561892419115	13.9561875
451/b4da80461e849	2.997398898136863	4.589125
452/f461cc81f1b52	2.9116279440794757	6.8165
453/e0aa01897fd23	3.259254052698209	2.4599375
450/010a1149c333d	2.9604515802035807	7.2593125
451/13d25b58119a5	2.5854907613038796	16.2903125
452/2ca26b6300937	2.806448124131346	1.6045
453/fd682898e3747	2.517913807410264	1.008625
450/2ae87d48494f1	3.153361342416669	3.3791875
451/cf13eb2f1ac5c	3.132311796309573	5.443375
452/c4ab5e2f5aff3	3.225305721497498	4.6160625
453/5f804a212f169	1.136565647652587	1.105125
450/e8b2e1b06321c	2.572782991638221	5.1005
451/4b4b71a50f1d7	3.0682603365835255	2.6031875
452/b9ddfa3804ad1	2.790254774714395	1.5003125
453/e8770af55d1e5	2.3751520365111904	3.098
450/1588301bd1820	1.542354069271936	1.0810625
451/951ecd9dddfb5	3.2381868259367885	6.253125
452/b72f5719bd51c	2.4813506854155176	5.8579375
453/37e8ddc8d5104	3.376329025233193	6.23925
450/b7635a73f49c3	2.982428625355005	7.8263125
451/df7ceb50a1ac1	3.1813624655707304	17.9175625
452/99207c25a7a39	2.071363886275407	3.7683125
453/3d9d2c8e3d6aa	3.3603695207518256	7.11175
450/7f1e306e071ef	1.1028243761245407	2.723375
451/295ed4cb915c3	2.256586509156077	5.5954375
452/519f0867cdb91	1.8897503127383144	3.76825
453/69d3d4ebd1878	2.9221450407899043	7.4453125
450/7b0bbf46ba5dd	2.923563844646586	9.5968125
451/bf467d0738291	2.88292726101373	4.426625
452/b03cef6c70f12	3.2250951227692117	7.6953125
453/a850047084223	1.491325701281612	3.32675
450/714c0bc765b1d	3.3900507233553268	9.6120625
451/525757222c2f7	3.3534018886097554	5.9575625
452/c9a344ac66d38	3.1738343209793998	2.43825
453/5d9f04b981a77	3.269697877320515	8.37025
450/777edcdbcc2b7	3.088695524548027	6.1806875
451/595a93b14f4cd	2.524077505556468	5.6560625
452/f20c50b4e0fd1	2.314670623332794	1.731125
453/a78105847eb25	2.194644895325159	2.9725625
450/b912e704e5586	3.470541216438309	11.9518125
451/a313658327ae5	3.205067816742722	7.2904375
452/20c8fcbfbb843	3.034206660654554	5.115875
453/5fb87a4715f8b	3.0582459187680047	12.1855625
450/56c3f834c95e1	2.5631226198867463	1.393625
451/c216f1ab0d732	3.36537777093139	7.9559375
452/510ea4d54a66c	1.8559500399205628	2.0843125
453/07eb620916a45	3.1745570632319557	6.699875
450/d19acc70f575e	2.6954076481204585	2.8381875
451/9b23cdabb00ff	2.482761995425565	4.447125
452/8614d4e440bb2	2.3645731669360837	2.3376875
453/f23452753986c	2.9363396745060717	3.5174375
450/614ceab537112	2.2707194163121875	1.152625
451/847243310c9dc	3.3154663445607	9.77625
452/c170223ebae87	2.789703862432287	4.0234375
453/b2b3d1d3ed464	3.1185170952206502	7.88025
450/b5daaeb8f14e8	2.984211212012119	4.9718125
451/60bf8e001f950	2.9921796684476556	10.172625
452/3485a1d062722	2.9328529438181663	7.1585625
453/af05bfe64ea81	2.8470441289041792	5.084125
450/b15b00776f44b	3.2349381855834696	5.4656875
451/292118d29991c	3.4597077531462452	11.434375
452/71a958e5176cb	2.577055522117291	1.2014375
453/0439ca588bb07	3.312627252122052	5.26425
450/69eea33170c41	2.659362338974138	3.9336875
451/f659aaf07f62d	2.7401523748385483	3.5869375
452/6206606300dd1	2.977887437205658	3.95825
453/222a9881cf739	2.4451097273583278	10.61675
450/764c553f2b951	2.0003052421227996	3.1606875
451/aefb6b0a857ed	2.8544638206635056	6.943375
452/19fccccd7e81e	2.0602976783780744	1.634625
453/24cf7ae3778d6	2.1648032068642795	2.552375
450/7d9ee52b219e5	3.067883122948905	4.3544375
451/48b469b100bc7	3.0320836873662986	6.333
452/0be61127f20d1	2.436134471823982	3.70825
453/90acafafe3162	2.4215071960133177	3.2473125
450/74ee0bcfc139d	2.912909933181339	1.9136875
451/619d2da54c7ad	3.2745313228272654	8.0035
452/49bee148e1542	2.2844767149376324	3.7683125
453/1fcfcf947f4d3	2.8533016517950887	3.6201875
450/2611933b21149	3.0891084425385036	5.3558125
451/d8f37c7fab2c4	3.3295023007085396	8.5875625
452/a363d45f9e87a	3.1181859192984125	5.9163125
453/1456c07fa328b	2.716989342591016	4.5795625
450/1f857ad5c8300	2.4142204971719106	8.7540625
451/c12793580e92e	2.6868677863839925	4.5863125
452/ab3302b4e2183	1.4630532788762296	1.4900625
453/e1f93b93ff616	3.336145221499241	10.3504375
450/9cf5795856c65	3.4580001105901856	16.6346875
451/bd1b8d32621f1	1.6930054208018546	2.6913125
452/7de6986675076	2.3831829144315253	2.427125
453/9b85c49a247cd	3.227801511601372	2.4048125
450/8ff0a63f3a32e	3.175622898941376	8.647125
451/259aa92a2a013	3.5431702818805677	17.677875
452/75dae49963cce	3.3981141502921077	8.8491875
453/8b77281c9478f	2.281604803500555	9.6993125
450/a6591889e3b26	2.964691584838768	1.731
451/538f239422c6e	2.906142420791188	4.1328125
452/f2a65f453ddf4	1.059573379447549	3.9609375
453/c909140a4ca9d	3.2114935661886213	6.6375
450/f96a38072287f	2.9209737846797785	4.7639375
451/4b056ba5cb16e	1.9883162998163368	0.6240625
452/c9c9771c2b3d3	2.4935297321672905	1.0009375
453/3a35f6f41dd98	3.095524982675014	4.470125
450/0f3a076f02c21	3.410137474707478	6.13075
451/6ece8917d5f38	1.6796573499484218	1.2976875
452/7b51f57a7b7d7	2.798472356538911	2.1165625
453/4305019c33ae3	2.9599318397591134	3.5100625
450/5a0c256c9c21b	2.7199031199477064	5.9408125
451/129b137dc3573	2.961356279847718	2.171
452/7953acda11dd9	3.4238407758896434	10.2399375
453/105d8274bf435	3.165028462763369	9.9079375
450/a586de245199a	3.3889244273256183	1.9570625
451/29f98a40652df	3.4810187197347986	10.3301875
452/8b9872b6f9d69	3.0266185431325727	2.4889375
453/898fc65a2e8a0	3.3115523521557537	4.6786875
450/822879d5171c5	3.020486973423446	5.3086875
451/2f0dbcd02e9e1	3.5133820022462317	11.839
452/e0ed338845642	3.0652115315687234	12.10525
453/832c7f1e1b001	3.408164472765802	9.6470625
450/32fec0f8bc276	3.194481398089681	2.1165
451/1210f61b9f437	2.894678614249193	4.8486875
452/48844a009695a	2.196382976228942	1.441125
453/2cf3372b5aa7f	2.580392392297128	2.24175
450/7998b94b97d8c	1.9789043810743774	7.0215625
451/b262daaaef77d	2.3387038914292	3.507875
452/baad889959e03	3.0798081542684193	2.4678125
453/9845b643bedc5	3.3561456055256076	8.0851875
450/2e0a0337db514	1.2283813071608	1.2490625
451/0d0a351bb1245	2.3016578516253223	1.7186875
452/c99f8fa3ff5cf	2.8109152723888178	2.96425
453/cdebff7b89dae	1.2937823032423001	2.2368125
450/e4b3477c8a115	3.4702170391154197	7.7896875
451/fb951e69f08e2	2.5038388820497417	1.2973125
452/3c91a09179fb2	2.1600022877900686	1.1060625
453/689bfe544893c	3.1127800951856095	14.2259375
450/b18da1379382c	2.9799080643903166	17.3345625
451/483e238a8b57f	2.604447560739776	6.9465625
452/d7f9883cbc0f7	3.144627694151245	6.1233125
453/30818e4ee53f5	2.150425733452826	4.4904375
450/6f1fc3fccdcd3	2.707213983151822	8.019125
451/8e80fb341c2dc	2.3706232349033325	6.8163125
452/59501aea1f4ed	2.5588975410723225	8.1685
453/22f7bb1c00faa	2.9829903999221443	3.757375
450/b86739cc63a59	3.204280671950746	10.694875
451/935c285b1aa2d	2.999462389699883	14.3054375
452/43dcd1a469775	3.040584968072024	1.7034375
453/b3ec7acf59abb	2.454947920487747	1.20075
450/618a87c61d254	3.2697879214467185	4.9004375
451/7a6855db6eb68	2.4904007997529476	1.8988125
452/8924f03088418	2.7111504283652663	1.6846875
453/4f6bd2d94d28a	2.9201703701997426	3.272
450/93a13e57e1f64	2.7197484775018688	19.215125
451/3a316098cb313	2.9119641387132487	5.18425
452/b0bcdae84843a	2.7829932822822596	4.5965625
453/b6fe4398e820d	3.293700943812101	6.512125
450/a0ba643e86cd9	3.1766357145006445	2.7723125
451/eaadd4a6d1c54	3.2251663954518754	11.36075
452/46b7dc9113338	3.1806826184886976	5.9624375
453/59318c92db8fb	2.070579979553817	2.00125
450/81a5c6cda3222	2.5508784062906837	1.4525
451/d9bd48894ef03	2.2188213601160385	5.4534375
452/d39c077aabd65	2.6953175396548117	5.9809375
453/18187d5dfcf7b	3.2576980821031736	5.9045625
450/054167e8a5772	3.3888838860869166	9.8314375
451/2bd2fe4ee071a	3.1522107050530095	4.782125
452/2f4b728d78cbb	1.9854639890138182	1.39425
453/83f2255a2e5cd	3.1483387360586006	5.545875
450/4a26d961dfe6c	3.3252449228907937	8.547875
451/c92e661f5fd07	2.6618330523967804	3.27775
452/f99d039edfd44	3.1680641004346435	6.330625
453/4a1175435a2a0	3.3290588363783837	4.07475
450/68522ce336320	3.0609357166247473	2.430875
451/b317c0f6d3567	3.147907576514689	13.9009375
452/6c82df33309e0	3.0387498336917687	27.842875
453/d1683abd1bd95	3.267416282338648	9.7243125
450/6eba08ed63478	3.1330307453753377	2.141
451/c5c33a6d17557	3.308505603865368	8.158625
452/461bd1bb2853f	3.2991269724092502	5.5195625
453/f1cc32966b74c	1.2930045504402086	5.0155
450/b323140901ce0	2.3056971552019023	1.383875
451/e267f467b1224	2.7798698522605494	9.169625
452/d5b24aa692072	3.523379410969128	12.997375
453/f787d271a0b11	2.3772255287241784	2.3074375
450/cc06ed26fd02f	3.1764998883276143	4.159
451/e75cdb96e1495	2.584329743398149	2.9753125
452/6c1432b651446	3.403085754743999	9.084625
453/1148b66fd0325	3.1982489549436335	8.642
450/7d2058d3fdbfb	2.583172171836377	4.18025
451/7c1f675f35e52	2.7926450988530007	6.5544375
452/e5210d82f74b8	3.220214300974351	3.778375
453/1a7d597c80ca6	3.1491774486854256	7.472625
450/60adb6bffa292	3.2810105696578233	18.0076875
451/39d604fdbba1a	3.245159872320602	6.6645
452/6225ef0f4f26a	1.6872002068151581	0.8165
453/da4913b04943b	3.4301001303117373	13.40525
450/2837a5f212a95	1.7994679851771997	1.3486875
451/00f57328e4cf5	2.8862727632109397	8.4008125
452/c8f02c4b67664	2.472464352789299	2.8584375
453/b4199d84d5af8	2.3014635388926012	5.0656875
450/bcb96fecb2276	2.0235401801562505	1.25325
451/d51a8bb72ae23	2.7518398401617947	1.7834375
452/1f039ff2b100a	2.3912847694913886	4.3756875
453/65ad1ae7ba4c4	3.2695207933256727	4.252625
450/ebda0a23ac2df	3.182728445058684	3.1175625
451/a11ddb40e7db6	2.691622477037144	11.765625
452/12dc87b2087bb	2.5446508041632554	12.6475625
453/82858a3252ae0	2.552439549197463	2.827125
450/e3a32998e53e2	3.243730757281631	3.6298125
451/3badf476c7244	3.0486936246846352	6.037375
452/adebc561444ac	3.386278620356812	8.9685625
453/0e9ec6f15c3a5	1.9583421457809118	7.626875
450/b93d45f3437f7	3.0417161809533213	5.4704375
451/32fa1b7ee687c	2.1631797934100176	1.9965625
452/50a963e96ac51	2.838786691512017	11.1230625
453/5cc54f9136110	3.21165268995788	8.1059375
450/fc282e0a919fa	2.6071271859458762	3.8205
451/be67b33afdf33	3.258556455427025	4.8900625
452/a48795dfc2ea8	2.8700947531623457	4.58575
453/0cffc6be3dacc	2.022535402411215	1.0675
450/a877586c423ea	3.1349778857946826	2.3184375
451/190264c96cda8	3.1639249982130044	4.14825
452/e11703d3a10ba	3.122227046833908	6.3794375
453/86692861df222	3.2522691645508672	10.594
450/c8fc1edfd1c52	3.183636897120777	4.63775
451/bbc3a9f96ee3c	3.296712899962696	2.2119375
452/242f86da84f7a	3.3427488599765325	10.672125
453/0d3c9fa3dea04	2.0480043221238367	6.5698125
450/c21f27c938d40	3.0657863075941623	4.6816875
451/b02dc84c01852	3.072593718150673	12.5440625
452/8aa6e79cb74d5	2.677924706544319	3.0915625
453/7ffd4b0f988e5	2.6270994207813136	1.3133125
450/413f90b4e4270	2.4917238503125163	3.507375
451/6032687cd9d91	3.3790134761038737	13.908375
452/88b66b051e968	2.8846640125536793	13.12525
453/aa6885e90bdb9	3.255275775161486	8.9661875
450/39783063c9b1e	3.4098033543465696	9.9933125
451/0adf05c019113	3.16094152975486	3.97025
452/f5b3984426d8f	3.5257358831286325	12.8015625
453/e6df5b8449b16	1.8475247219950266	1.60575
450/d2c2f58a46f00	3.004512554744846	12.576125
451/d1766fe935b05	2.75485394825308	3.084875
452/a392f1d5f9bf7	3.0417422299181602	18.249875
453/e1f4abbb39f05	1.8075421066454047	1.657875
450/e2f80d1e34891	1.069791757746788	0.8454375
451/23a71c20be6f1	2.047079250578228	1.7436875
452/b61a6c1d8ef9c	3.3560674115938363	1.262125
453/ad12e8dd063f9	3.2279838583089857	5.7603125
450/d901db821428e	1.940196499183728	2.8869375
451/acff063c019ef	3.3412776573730087	9.132
452/a7c9117bac946	1.7103033986373595	2.7495625
453/5833df458ecf1	2.374720217932452	5.0993125
450/717b8ad42f04d	2.4030195595528343	0.9819375
451/872f7ece3e51f	2.5732387446245055	4.42475
452/7d18dc949ea63	3.101449050005433	10.3775625
453/d74761333ff2a	3.28152770743586	19.577375
450/e6f7b428834b3	3.4926030191101742	12.266375
451/22d11baadfc00	2.6296422075688115	4.300625
452/bbd4be8c2e46a	3.1552733571197713	3.7075625
453/8afa39e5661f6	2.509844471207757	2.1945625
450/732c1cd884acb	3.388475987963379	4.9780625
451/9f908774b65d0	2.208033946709925	2.051375
452/fa6943692ce5b	2.0187274738960883	1.956
453/c58445a17d678	3.450637841778433	12.9955625
450/009e479f8d520	3.113690509973639	8.908375
451/1029a1dd3ab7d	2.1752412368108094	4.09425
452/1b8d9304e3ce0	3.449300728061058	18.8603125
453/de9d9da3afc5e	3.456714213625685	5.65125
450/f021b7c7e71f8	2.849400513866771	14.757
451/64bc6d339925c	3.1262631628737547	1.1314375
452/93eebf7a78a4a	2.692384745735854	4.9575625
453/c0b058e7509ab	2.811593714275248	8.8686875
450/3c930bb76cf0a	3.5511732060087526	14.26325
451/8260ceb6427d2	2.7191793509573947	2.2119375
452/30a6951253b42	2.764152183311574	8.070875
453/1b4e54140fbb0	2.6417585450334053	4.1928125
450/af7849ead1c5f	2.2750217267968087	2.0676875
451/805268a6020c6	2.90639357520144	6.755875
452/67959d852e1e6	3.30147984542747	8.6474375
453/e0069e1fd86db	3.089711488532342	3.31975
450/f55bc44a47a9b	1.7406462648878906	1.236875
451/66d7189879b7d	2.8826690880154215	2.4031875
452/36ade7c40decc	3.2917422242159557	6.759125
453/e4abe2ee7e951	3.3847601259729925	9.657875
450/957049cee85c5	2.2266885357885946	4.394
451/4df87b864845d	2.87004728583832	4.2884375
452/b51ed131a05d4	2.3476299857589416	4.2493125
453/a704b6cf8b881	3.4325622857816445	6.9270625
450/c79a65cafc65c	2.3959388702965847	3.8874375
451/f0cc7fdfb9ece	3.017923485308938	8.2678125
452/d8a4c38b12460	3.3031162863419206	9.986
453/35821b9ce2735	3.0793880473810202	11.1159375
450/01845bc1edddc	3.317711039212839	5.6785625
451/bd647a2d557f3	3.4091087639182325	2.584875
452/a375005424807	1.6235008296859668	2.074125
453/5f61273dae588	1.8890266346322078	4.951625
450/6878b8b195efe	3.1113952798202207	6.4608125
451/a0395fa6f27ee	3.003881701998173	3.5086875
452/c88db6b976763	2.353677625199135	7.697
453/b26e9ab2a6640	2.9103286157805863	13.4685625
450/75f5718058eff	1.3929117944480234	2.179375
451/3ebab8d658b21	3.1722095255591154	7.7019375
452/71b985289879b	2.795607105307692	2.845
453/bda735cef877d	3.275651968690651	2.7110625
450/a8fc598677c7b	2.313706905233057	5.135625
451/5b2f12b3da16b	3.477610625296133	10.819
452/3516fc2ef8d7b	3.233497888096904	15.1016875
453/1a32273e3fbe2	1.942303936705414	4.180625
450/455bc8268bd2f	1.9350165781709818	5.391125
451/8c9e483d97c6d	2.802033028897182	8.5835
452/d670c5599d198	3.096800381704327	7.84125
453/0aaefe6cb845e	3.133848582765608	2.5600625
450/78413affce6ee	3.2128204939242506	21.04175
451/2e0611fac51d3	2.996188356363052	8.65075
452/c200420f3c2a7	2.992166573101013	4.6276875
453/732449a70ca3c	3.2919377085147636	3.7203125
450/d3ef09a7cea13	3.475955636579111	10.0708125
451/f09cd81a37bb3	2.4297193086126465	2.1239375
452/b734e9f9b031f	3.3128169376957395	10.9665625
453/f38bebf05892a	2.4122967035180065	9.7705625
450/0a589ad5a3c3b	3.086248448757853	4.7404375
451/85fa4d4e9f565	3.0330727277833334	3.7983125
452/724d9c976df47	2.028291414566385	5.114375
453/f02aa7cec68e2	2.626726377455475	2.490125
450/5c4a9c1b5c51a	2.591547670759593	7.241
451/6d8a5cbe913a4	3.0138305250473034	2.6690625
452/8f86df54d3e92	2.8045566602046734	7.7400625
453/7442c77277f2d	2.6199796196241434	2.1645
450/2df14ff70cf24	2.631280321099247	1.3709375
451/087693d566443	1.8670466712918548	1.8555625
452/dab6926496529	3.286162659534473	7.5545625
453/729cacdd92931	2.2430821170813044	2.626125
450/2841d5de8060a	3.1269683248126907	8.401625
451/c8bfed9cc113f	3.34764924602746	19.4115625
452/f8c233068e806	2.2850260872839847	1.24925
453/3b9de863a83a7	2.139167690492006	3.7190625
450/f9c7814111298	2.5160941769285237	4.7574375
451/7d418b84cfdf5	3.4642010461277506	6.5581875
452/b547e1462967e	2.408598444832289	5.5375
453/2bb2c6ed4bebc	2.8953920745217774	5.9799375
450/1b0e41076a3cd	2.240050148457228	3.26225
451/1f04be497a226	2.997662330135764	3.3443125
452/7cfa563200e0e	2.823622791839168	2.3328125
453/6c5d7eac8b308	2.691025386676727	2.2594375
450/a2d07c826b7d7	3.059579394924791	2.4525625
451/bd484ec686193	2.650482184742902	2.8876875
452/dcf642cecacbb	2.501847905047675	0.9604375
453/1ff7f19ce550d	2.285068258760345	4.3015
450/3de5a38726e2f	3.2095863479010642	3.1279375
451/c729a4da1e533	2.8107769193122896	5.2179375
452/36778f4c20acc	3.054191578103496	8.3090625
453/2d251df9c21bb	3.258457337355895	10.41475
450/69cf876145eb2	2.957081150225935	15.8588125
451/30eb2a2e7c356	1.413207117351855	0.78975
452/1b6b58e4e082b	2.4280067075038154	4.6680625
453/c1c5a3af468c4	2.695514235415821	4.5106875
450/34eac56325ef9	2.388792921144364	3.25975
451/a3dbe5829d210	2.6873647647822736	5.6160625
452/62a7ed54b1a34	2.800913202369048	3.7341875
453/93ed09d362aad	2.2521103189088483	1.963375
450/e3e236672e706	2.963461011206246	5.472125
451/218af203b3ac8	2.6769754057248845	8.62475
452/3f34f6e904ac4	2.263230092437932	7.4068125
453/4927b52d6fc1e	3.1057250638286438	2.481375
450/64bf01b7816d8	2.6103582464685897	4.5186875
451/8c315568a0f88	3.428366930711405	14.5676875
452/056e2daa8b9a3	3.2794687620864718	6.3079375
453/1ae0bba5a5ba5	1.09976375773762	2.181625
450/ac859e284eaed	3.3785797757364024	15.552
451/d07e6ac2fcf45	3.5475604846017412	7.6934375
452/fa341868ec99d	3.0616695828110974	2.3404375
453/2533c41dc250c	3.3602811265631116	12.9996875
450/b9bcaeb5c1c29	3.1479129237210883	8.0266875
451/f0dc0182d13f3	2.836888852111417	9.3878125
452/7a58c7a335a66	1.1994189271448832	4.009
453/986cf0607a3dc	2.752787375286164	4.3623125
450/e7ab021bb2bc9	3.024205968003499	4.4064375
451/b1a4e04b437af	3.0611827358680266	6.2049375
452/8e6c3854a4932	2.9063050296176525	3.09875
453/b5b26a93a284b	3.2451170031941365	7.312125
450/28a7400c33c44	3.1153436884992916	2.0424375
451/7f65b61137d3c	2.2657941641211305	5.859875
452/9af6a84db791b	2.2103376283352905	2.76625
453/a3cd08bbdf88d	2.321695645252496	2.163125
450/1ae9200600033	3.1871013607824907	10.557
451/8682a78abd4b7	2.282394137541476	1.6154375
452/efb2fd89cc186	2.984419219422102	5.4226875
453/5aae14ac921f6	2.344989578980715	2.1143125
450/285b7255ec19f	1.3157681432367454	1.105125
451/6805c788fa287	2.9349423399343797	9.404875
452/af931d6580656	2.776292604803966	8.4126875
453/55302ea797fa1	2.258062459954416	3.276375
450/5a8434da964c2	3.162806597640167	6.1410625
451/af439d9bb1621	3.125193075051653	7.80125
452/de265cb4f039e	2.662284013377598	3.1998125
453/a20724424c372	2.033302885762853	1.0568125
450/3f98f8c00aa54	3.3342649633545487	10.3841875
451/7875e963f4f0e	3.462548919592619	5.9785
452/ab497575ce6c5	1.5596456202947642	7.1091875
453/29f12f8408078	2.7285930915427614	6.6450625
450/fe6e64a9ff746	2.536105157023928	2.9810625
451/353dfe4af1b1d	3.30489266907367	3.5831875
452/d3b4787b95a84	2.987432901599749	4.31
453/f78b37e71c957	3.1475529438475225	3.566375
450/0ab531fba5444	2.9889124978411807	6.1985625
451/a8e2be6823ff5	2.7846453422540085	2.1725
452/8487c23bc6e99	3.0963491799737	1.5866875
453/d77cd7ec39b62	2.9868595718468316	9.333375
450/39c4b8ec64e95	3.3152350730910265	8.6221875
451/daa39e90e7abe	2.1954099296923193	3.5350625
452/8f5ae3108f189	3.149810902329756	1.00875
453/4401b98935375	2.403564541351531	5.9066875
450/6a072d52d6135	3.531534112579951	10.0759375
451/8894a349ff86d	3.007106804162941	5.831
452/c785c42914931	3.245140500943508	2.762375
453/8b4c6f990dcf1	3.065501037076198	8.1535625
450/80ce2f0b7f55d	3.173655311907466	4.4575
451/3b981050b6dab	2.88655981068738	13.8420625
452/7a4536ea2b0a9	2.62368051691979	6.880625
453/1a3d15bb34761	3.218101207922837	6.1879375
450/3f40328c594f3	2.902292303445727	8.8165625
451/cd68fe8b6a580	3.255662352619148	4.2676875
452/7ddb98be927fe	2.0190653964001077	4.0495625
453/547028f975ca5	2.215283428185238	1.22925
450/ac0b05b88881a	3.2842704671194394	7.7525625
451/e6995492088da	1.7147035982588157	4.015625
452/776c91b1575e8	2.301531053798044	7.0965625
453/0ff3e8547b766	3.022482499670429	7.3841875
450/844a7a5cc8098	2.9257816397251495	1.5860625
451/bc3f322a6922b	3.29736779910451	1.5526875
452/85959b8813499	3.1062662436872506	2.90375
453/a62ae9c4ee80d	3.183826215836921	7.3898125
450/334495562eca6	3.2543049075574317	4.6635625
451/ca935316c5510	2.0624402737188836	4.7509375
452/741a52eef7806	2.7134756889829714	1.152875
453/398a5633d0720	2.4492659983941096	1.640125
450/6e9d44664275c	3.028512327481233	2.1455
451/926df95ad1948	3.1120676521914525	5.415625
452/c3b14a1c0ae5f	2.9414073973097103	9.6925625
453/c8a785567eeb9	2.8323465025695556	2.0184375
450/8db97ea5c8846	2.7681094928454306	4.3936875
451/4d6b9d409b08a	2.9504598147586734	2.3874375
452/39c601ddc2a76	3.228769874890104	7.3630625
453/b5d48e9253f4d	1.8743406021635494	1.736625
450/6b79891c21199	2.1685092189804216	1.7753125
451/22ff424e80656	3.3722918153945516	5.0825
452/a77233987a2e1	2.3566058025972345	5.8094375
453/a8d0ca52b32fa	3.381645032282075	14.5671875
450/0320fb7cd650a	2.8096391310414397	8.639125
451/6e90e3d034a13	3.3120601417912874	9.9795625
452/368e678cf1841	1.6904853701993643	1.1529375
453/379f2f19095a5	2.787064660950198	12.0093125
450/3b61b74883f13	1.7456174796308126	1.15375
451/15c9fb45611e3	2.769349075790042	2.984125
452/c28aa0d04d61d	1.7890581593727983	2.4905
453/c6f6a1c894185	2.9388469106371753	2.0870625
450/a12acf9f71430	1.5906682864352655	4.4053125
451/5e63687e14054	2.366985305478454	2.2399375
452/251faf3ab2b75	3.26847149565584	3.8256875
453/c3f84a6e20c5a	3.1058919600914243	11.332375
450/35b40ba2107e2	1.2281999986015801	1.2009375
451/b9a9b8cd89a09	3.2552565744439894	14.181625
452/ee53b709f04f2	2.834629534524253	2.2573125
453/34868c893de23	2.811412563608661	2.45225
450/5438c6169e9bc	2.3949268477823584	3.79
451/8d6be85d17fac	1.332851202287183	4.2459375
452/6aa77dbdbf364	3.3759870491692494	3.3594375
453/555cfc654807a	3.1745925735471054	2.9838125
450/e83d644534645	2.6130386869138067	3.249625
451/e64ca3b786efd	2.8533221660851638	6.287625
452/8d7a9f8dca3de	2.2028108699383724	1.4903125
453/9da559598b826	2.1880639544085434	1.03725
450/13e5595c3cba8	3.412814730830101	7.311
451/bfb1f6ee968cc	2.6586466818966215	2.6935
452/c12c94250b8ac	1.837253035484248	3.1153125
453/131b444bdf5c5	2.937595284712396	4.6196875
450/77d4e14114ce8	3.3233468260061247	5.329
451/4948175be7df6	3.084360097203845	2.3054375
452/744d635927218	3.295348695473548	2.73875
453/718c64f4daabe	2.5250916347391343	6.6935
450/93af4de37e16b	3.235736853261289	9.7550625
451/bd6c03e5bdbee	3.319005545749793	3.0403125
452/a4fad9105b5bd	3.1015873899525555	3.584375
453/51fdff1514aeb	1.1083621161357502	1.2378125
450/db2cc5fc48880	2.8255776206289305	8.0378125
451/02164626a63b2	3.2610325136981997	10.5551875
452/f70feb47da1c6	2.908015068684597	2.7371875
453/aa31cb740e7b2	2.4409035197109876	6.8434375
450/5d2d1b778f04d	2.7037702410906004	6.0473125
451/98e5a35506c3d	1.790549363695587	6.72025
452/4cf6588ac3c61	3.3754488440984347	4.280375
453/254be92afbb89	2.8377404222877307	12.9645
450/95b1ed20f7349	2.281169440965735	2.353375
451/74ba5cc8bb784	3.193953249870231	2.459
452/affdf70dd2690	2.5037047836161896	8.8521875
453/30f4730433cd8	2.523225230463324	3.6165
450/9fd823ce2835f	2.8155349376829704	1.1046875
451/bc767730d3dea	1.4639459745097327	1.0729375
452/a1eb5e1f710ed	2.7427281394094467	6.5840625
453/1fe6ba3cc7a77	3.393084867417529	5.6540625
450/95f26140e81f5	2.994682406156781	5.1700625
451/7523e69b55d3b	2.6587790770332638	2.0321875
452/2de407abbc1f0	3.039196736096645	2.546625
453/b065f3b6d69e0	2.9772877806388625	2.33675
450/f93d243fa6a3c	1.939241376050645	3.0188125
451/9757a59d9d0ab	3.032907122206378	5.5330625
452/4ecb5dbd6a242	2.5106311013362386	3.9584375
453/b77013dcedad7	3.423613720237174	16.3000625
450/58c8c1432c365	3.0239677813199615	6.68125
451/923aab436ace8	3.225476224367639	5.983375
452/0fbe27f3d6203	3.200896624419475	5.68025
453/cc3b186046bf7	2.179591707358565	3.91275
450/2fa8609d35df2	2.499778285773167	1.2493125
451/815b057d7d579	2.5800884121574708	6.018625
452/2234c1e6cde5b	3.1849733035296253	4.6530625
453/1f034ca567c61	2.174037462873909	13.20075
450/760fa8c92e784	3.431285533348384	10.2955
451/6a6aef343e1dd	3.203071866568197	6.5473125
452/693ed9eb24b5e	3.2564436909849968	3.7548125
453/7d0bc9588baa4	2.6799134430403724	1.7943125
450/3b796385bdd5e	2.4780584705178215	1.50775
451/610de71718cf7	1.6054883625196148	2.6461875
452/62370768e6028	1.8266034065446182	1.605625
453/3a0fa5bef6517	2.739350056560372	5.7766875
450/0c7866f58b15b	3.365359163211592	2.113375
451/4aa96f7691e70	2.766180573934643	4.1049375
452/8fa8fb0bdbc20	3.2779654945103442	2.3216875
453/550eb572a4764	3.0602928198481663	5.027375
450/a81982a3259c9	2.4315284855842165	1.8265625
451/0f2e7b7ef1cfd	3.3306969401037145	8.46025
452/20eb24110273b	3.097743494522277	5.64525
453/7214191e6e3c3	3.430516259598754	14.55675
450/fdba51b23aa77	2.921710900396302	3.3529375
451/8c2e28058089a	2.699532639280826	3.5529375
452/b8a30212a94f0	2.9233754347573817	4.934125
453/fbcc7c05274bf	3.399550193911098	6.42
450/b0a7803882613	3.1968191184766472	5.5700625
451/f86579824c6d2	2.6630709380180093	5.9175625
452/a5894573818b2	3.2778818858465146	10.600375
453/204edee349227	3.097176065452276	6.0039375
450/87b769a3a1850	2.962039766058355	6.5765
451/0bfab0f04bebc	2.824678223949498	3.787375
452/d2bd37a116948	3.343664201963479	7.826125
453/2e91d5e63c759	2.938611973879898	9.5174375
450/f674a69156131	3.1082697462942357	8.85175
451/a306df155f212	2.85916597351165	5.34625
452/68035ffc6f7f8	2.508979003373846	14.0270625
453/f5d76312f61ab	1.6776516287097272	4.451
450/2f91923d3d6b3	2.403228486859815	2.2599375
451/72d368dabb6da	2.7110110616410323	11.2991875
452/b74a71510589b	2.787325478958327	22.1889375
453/d964f42596559	3.455207265890428	6.650125
450/be6d333382f39	2.77369863279103	3.6400625
451/05f58ebec1a01	2.6976186837977028	3.9598125
452/ecf61b162802e	2.693843893411281	5.9163125
453/5f3ac558c766d	2.354744053963066	5.260875
450/eff152e6777a0	1.8038137884262446	1.4415
451/0a3bee36aa1af	2.7534172886040227	14.12125
452/ed452ad70c416	2.170914187816175	7.7555
453/e127921b34856	3.2420806090825383	2.2736875
450/e33033c3a144f	3.4236859546751477	4.990875
451/cb264d8cd546e	2.964113634994632	4.1221875
452/6f72e38611cee	3.0094625361503042	2.3649375
453/7c79a35a30c0f	1.9683381457658082	6.429875
450/71bbab3966aa3	3.2664811588237677	15.2326875
451/47070951c9911	3.0224560905798263	1.72575
452/6194c24688838	2.13926903823191	4.441375
453/39c4c8328f988	2.951697569517699	8.52825
450/eb7f9d01787ba	1.0772170572424757	1.52575
451/843de64ac358a	3.0764144003983374	4.343625
452/1c3598d488fbe	2.8900292316276293	2.230375
453/d8f096e2a2c97	3.2163803555721735	6.7069375
450/1ddcf1bbf6ba0	3.026835702337545	5.44725
451/65eba8b31a2e4	2.514316412032348	5.355625
452/268df6d30943c	3.578628033276174	20.44375
453/bafe92c4745ac	3.0295737784163883	2.6429375
450/1411d94bc8ffd	3.496923336244106	12.1160625
451/84270266fd11c	1.8678058681033498	1.2021875
452/ae75c213d83ed	2.58914818337686	17.429125
453/4c16526aa6a86	3.411939954435749	8.11575
450/e6d83fd065740	3.3307891462995687	13.8189375
451/1387c237a34f6	2.242329726161135	1.69925
452/401f49f37624d	3.113455664408616	2.7863125
453/e296f39e6fa0c	1.6958480822984179	1.32175
450/7776aa6c405a7	2.959864643919994	8.1010625
451/7c974ee52b335	2.204625208207937	1.4423125
452/973913434cd4f	2.7086260556757114	13.899375
453/25d71ca0bcb0c	2.858922931747108	1.8783125
450/9f81bdf54d72c	2.6761782968564556	2.7991875
451/7a2b262d032b2	2.7177127247194597	6.1253125
452/8468858c30afa	3.153050142105652	6.304125
453/6fff04dbc7b92	3.293199262266917	12.65275
450/648e6ce54821d	2.766256273865554	2.4050625
451/da9d38dd43faa	2.8823846549311067	5.87425
452/3c1b582bb9b12	1.6553418850526447	1.955875
453/5eca445b88526	3.0143722934397514	2.487625
450/c3bcbaf2b33ac	2.785592657632033	2.0378125
451/405b5ce5703a4	2.5855343226738436	2.7089375
452/21374dbf31ff1	3.2100583388066695	4.3858125
453/bf067afd70d88	3.0208803238127246	5.7829375
450/9819cb27424b9	2.5153244813920703	3.274
451/835e548fa6d5e	2.879789873886802	6.922125
452/6abb082bb4399	2.717797320416948	5.8886875
453/615399e5ff393	1.219116820521967	3.3035
450/b6e51f9dd3ef4	2.22105693252556	4.778125
451/e87b6f1d39cc0	1.9217923744616998	1.4186875
452/9ee99c69c0b2c	3.3724811919101016	7.262375
453/aaf47f2b5aec7	2.483542545192139	9.984
450/cc9550f8d96b0	2.752532111433329	2.0455
451/d5f110d1b15f6	2.9703881616895917	5.551125
452/61ade0e6364fa	1.9859901439330137	3.307375
453/3975e1b3c93cd	3.375664222284327	9.0608125
450/013bb5c62217e	3.2484328108230947	28.4218125
451/0ee1cdf7dd97e	2.9091085810188155	2.7735625
452/2939f25906b35	2.6699326803275376	4.806625
453/d30f2ce2a2bb7	3.1685057052490033	9.2724375
450/fdade52c60db6	3.413326823847487	7.650625
451/6190736aae81f	3.3967669544610475	15.06675
452/823aba5d4f7dd	3.303782143635047	2.7951875
453/0e87bec7e2b91	2.5002770814859163	6.6304375
450/426b99b464c44	3.3204067545552576	3.74725
451/4c426fc9fb313	1.8821852010599682	2.9360625
452/053851b910a22	2.696616542747548	3.610125
453/9d5ef51523b93	2.193309664569648	2.95725
450/3f52829b055a0	2.4986835729365975	7.2606875
451/f4150c797035f	3.12680099107272	10.41825
452/e59babfcc09b8	3.1734910139771397	6.1749375
453/c62e516c18d95	2.798501745799148	4.3754375
450/900853d06d641	2.933888140013242	12.2050625
451/b3923798d847b	2.9315104007395156	2.4059375
452/051bd6332ab96	3.1449562419635084	7.472
453/af6eeaf611a66	3.3109540328395344	5.967875
450/4f54ee0f731b8	3.372079971465606	10.230125
451/d75a6de2378a5	2.0495082365910755	4.8729375
452/1e6f52f90d18b	3.5737172194645903	6.4244375
453/9131a0361b24f	2.978336242630873	3.395
450/1f8764efc5c70	1.8918985137287405	5.164125
451/1f377239039a9	3.429313828278486	6.208125
452/0f99e87022abd	3.1299248946109524	3.43525
453/c4e05839e4c01	1.9798673607625343	1.22775
450/68cbd0634ba25	2.2007668804837244	1.7988125
451/a3120223b524b	2.9113902450340543	6.926875
452/d6866f299da43	2.719551618011624	3.694875
453/3e11ba30b5bb7	1.481053967721932	2.5685625
450/38c7899fb7990	3.15391819808955	11.143
451/2af5ec00d09db	2.690155843090107	12.816625
452/6d167525e69e6	3.424594775369391	19.92175
453/3fc61f9791342	2.4603588171465383	3.9608125
450/dd6e89571a76e	3.044425657081913	8.4554375
451/d844d858d1f51	3.334513957351804	9.525875
452/3a03f57881651	2.639774005144411	9.991625
453/4f0a73e90f58b	3.2039462665281846	3.300375
450/7fe729cb301fe	2.9238543919418616	6.93375
451/9f6b42b6f3fe8	3.043013280804044	7.3131875
452/e749f1b8ca88c	2.2080244884055378	1.907125
453/77fbc268f44c8	3.2104925653990115	4.43375
450/ada0a98a0612b	2.706832340817207	8.2135625
451/ec85887d573e0	3.281828404064626	4.7199375
452/5da2a043de2fe	3.166988580273387	3.368375
453/ccf5c78ba110d	3.0445765420241586	3.184375
450/61b617b312134	3.2066778835175023	8.58475
451/ca0a6574db317	3.4934308115698274	15.126875
452/a9e5225049ff4	2.638746397302088	5.13775
453/d1a68dcb38555	2.990817384783313	14.4025625
450/34f0a51462f37	3.142963092709424	5.475125
451/6e9840f4942f3	3.129695079841325	7.003875
452/2fd864bb3fa14	3.1101501721538547	4.7551875
453/d04eb7a2b13c0	3.3092955281943355	8.1976875
450/a4c2444943869	1.703635952500975	1.0568125
451/44692f8ebae43	2.7335973879054127	3.1234375
452/26a3176f4eb10	2.4132203908992116	9.6273125
453/174eedd38f674	2.891390947604408	2.7324375
450/974706249db11	2.8228424926313207	2.0149375
451/7a698b910b64f	2.5494097222554477	1.28525
452/e83871d7d583a	2.2560753453484477	1.3936875
453/3e716240847e5	2.9430044120063292	3.150375
450/81ee7bc77223f	3.236727284485057	5.991125
451/b62bce06c10a6	2.75628907374388	2.9826875
452/5c450d5257fb8	3.4171048422603727	3.7150625
453/83f3aed4dc906	3.1962583582627695	6.5873125
450/314e3d528fbad	2.9824208634625915	7.7780625
451/bdbcc9d71fa7f	2.804157909054494	3.8870625
452/482e4b6918044	3.0706233700979153	3.5311875
453/7669361da4ae9	2.5646192267573293	1.9679375
450/6034d3bf8eb3c	1.2000645341716634	1.4063125
451/a04b22669f2fc	3.2695494721797105	6.8064375
452/88f5294cdd614	1.9540132719604955	3.7203125
453/6caf9de8cf8ed	2.330867119596392	5.426375
450/2f3cd360a40aa	2.105676176866688	3.729625
451/2db9fc1b11806	2.3418291508028064	8.4646875
452/c2a42b2dc262b	2.6029658648652796	2.700625
453/bd98684b0d101	3.254122331888039	13.0679375
450/81c7216ca3eb2	3.4688484722125676	15.129375
451/f7c674ddd94a1	1.9873374322880535	3.77675
452/b8831252b572e	3.24896671220016	9.3235625
453/0948c8026bd77	2.565514097022587	7.9911875
450/502dbcd21a74b	3.1898959458389164	4.238625
451/f0a7ae4fba48d	3.016176157810491	8.83725
452/c75fd73173ac8	2.0865240305305557	4.7633125
453/7a4a313407db9	1.9327764433861372	3.029
450/d68d5c6f41a72	2.4905483668725257	6.221875
451/c247cfd0abf9c	2.899988455734136	11.6625
452/0fdada26d0672	2.8155380340684113	5.83875
453/a7cc51d37d9da	3.4384616584755183	4.5294375
450/6d99f3ed40f32	3.172749533607027	10.7249375
451/a3da77e3da862	3.162598351009919	3.7685
452/c47af0c0bf7ff	3.0289885351807575	7.2803125
453/a82728d8dd55d	3.3754243230886414	4.5069375
450/1738943230cce	3.163122733280574	13.9359375
451/a6a33a516eb17	3.3065102414277012	4.9844375
452/404836a9305f2	2.4554610549667473	12.0778125
453/6ae1aac49ad83	2.1845587448851287	9.6896875
450/05a9b04fde5e7	1.7431297240584762	1.105
451/f2123eb74830f	3.3899368322248224	4.74025
452/bf808fb6ebdd0	1.2035945262074825	0.864625
453/15cf2b9d318d0	3.1943735198023093	6.98175
450/43fd3b04ae645	3.2133633284414698	3.2618125
451/e8f034322bc81	3.3283673826670905	13.9981875
452/123af0c49def7	3.442720217552946	14.91
453/e6c898aabf962	1.4282973712460532	1.03375
450/5bcc92d93e066	2.9411030687910538	12.9208125
451/81c007d67b8ac	3.1520834757463896	2.595625
452/6cd10a7e048da	2.6254986839634467	5.0555
453/aee6ec05d1833	2.0841966719501013	2.401
450/7c6d7ee3f6249	2.9266148428156513	8.11225
451/c0efaf680d0f2	2.4543016322066307	4.9464375
452/0fbe4542b24ab	2.66128977021737	5.226375
453/42236980bf2c9	1.2241755898405082	2.3970625
450/056edf68db671	3.3610033917206077	10.837875
451/eca90ce045301	3.31618952001964	3.564
452/6fece97119b5e	2.669037134903455	10.5980625
453/498f2a49360cf	2.5667521484863793	3.8133125
450/b6cf669289ff8	3.12470487067365	3.18775
451/9a73c54f6e202	3.5225802590475017	11.2354375
452/a389bcb93248d	2.706749623589138	5.854625
453/dbf5858e86112	2.0250704291257207	7.5383125
450/71040840d55a7	1.9956835845698244	1.5494375
451/ba7d6bdcffbbd	2.2153148224390766	2.1853125
452/34a9c368e9cdc	3.124459109101758	4.2980625
453/eb87462ec4e5b	3.2353070509933883	4.392125
450/9cf114c199f02	3.4984756535526347	10.209375
451/6faea01b6e4c1	2.9869169524061565	6.2915
452/5c5be394e5f90	3.1658709449461155	5.942
453/a6a666e4fd2bc	3.1622518594106954	8.175125
450/9bc3eda84645a	2.9268974997215325	4.880625
451/207eef3b3ce61	2.5975281804099692	2.5963125
452/652f7e728c12d	3.193761096715032	8.8039375
453/b1dab44019e50	1.8284011726724787	2.1680625
450/84c1b999648ac	3.32471706789897	8.1004375
451/d0afd4596e187	1.1328302271813375	5.3940625
452/84ac1a3a7c6bd	3.4210781468664826	7.262375
453/1bc1bcac67609	3.099062549149146	3.0185625
450/3d84fc487436d	2.617058174232735	6.1696875
451/cf9e6c5c6e32c	3.1314072237144304	5.27775
452/a1f731dd8c61a	3.2154362535679475	5.71025
453/4e32fa6474748	2.324675560722085	4.2984375
450/a14cf6001e253	1.9563024492500891	9.8295
451/0bf73fb8ad2f4	3.1241909564068395	4.0835
452/fcc366eeb5248	2.820708506260182	7.234125
453/3fe36cb38aeb4	2.8236363229875843	27.21975
450/5f64a52500a3e	3.450570202149187	20.29025
451/c52b914f57745	3.4423030570637847	6.9320625
452/dff14199fbab1	2.305901635339358	2.16775
453/9dfaff8494035	2.983109652301829	1.7784375
450/09b0ea86aed4b	3.3659253877584865	15.6555625
451/af48dc9b8b728	3.3929896123794476	7.441375
452/15646e42ae33b	3.0978212308494837	8.4891875
453/7c669516ed211	3.0526315464642857	7.955375
450/29c31f3a757d4	2.7368667673080953	7.455125
451/840f8305cfc44	2.8351772833280164	7.2253125
452/7fbb839406455	3.337393636399196	4.447875
453/e9f0c7101a257	2.447519401782686	4.760375
450/81e8c88beb3c5	3.237571020088928	16.290375
451/da257631db2fe	2.4572206690826337	2.244625
452/bb6e27398a064	3.145787999699988	5.8663125
453/a1f09387e140a	2.350686591590107	5.15725
450/88870bb2d0234	2.7919938669757918	2.6895625
451/e34477711a3b6	3.090707876938813	21.47175
452/859aa535cf13e	2.410199681993595	1.1834375
453/7e9ac6cd14ad4	2.2093882697605443	4.43375
450/54b572df70cd1	2.9961685184678593	2.0739375
451/397534ec32bd6	2.555676368013855	3.7681875
452/6b5007f5e563c	2.5622563086659635	1.3930625
453/b80432e7b5298	3.3057834558779553	1.969625
450/30fd8ee115550	3.432116176532853	5.2118125
451/c0f578bacfd4a	3.274556784404216	3.5840625
452/b2c3e8af4bc96	3.1402183156814814	3.6040625
453/c1ea5684fc329	1.4672033223544407	2.7776875
450/5b700e66d8ecc	3.2035722746214934	7.78025
451/08d893c48cb6f	3.161940670131999	21.838
452/3605544c6f8a3	3.178100785355908	2.74425
453/2b86e1c9377a6	3.0037427028346793	7.49925
450/6da65320b5607	3.221670008448061	3.3156875
451/1b6e8a88cea28	2.03160090176941	5.406375
452/98c7a8b273b32	3.2132631416028814	5.3410625
453/b76a3e584f1c9	2.6324967563766557	1.3395625
450/c50fc000d3047	2.950179446590214	2.9219375
451/1a0fe28b50790	2.5054203077071038	1.985625
452/732b1ed8ec6f8	2.638585321103125	4.2975
453/a96e86a797157	2.36720720853275	5.212
450/3b17569f1e3b2	2.1524976198276957	1.74475
451/f88f024058c24	3.0543442874036963	11.9319375
452/83fb41f3733dd	2.698452256316298	1.9219375
453/77aa90d29edf9	3.2129138672629893	3.126375
450/bc77e0ed7819f	3.2251091544806876	10.618
451/df17fe3d2a769	3.0051898270158826	2.4770625
452/dfed27514855a	2.9217151421200147	3.4451875
453/a290b0a20a5ab	3.1983159358701054	4.043
450/7b2d6446911ff	3.5352856665188592	12.1963125
451/6ec051bcd6eab	3.2441417138186996	2.3498125
452/f57622c90a53f	3.363154784999189	3.484125
453/826b4d2ec092d	3.056519458262694	4.061125
450/10f0e97176c3b	2.231312564170367	1.5865625
451/714beebcf4142	2.957751448451558	4.331125
452/13b69df8cd1e9	3.435502659860853	7.0164375
453/4a40af1b47923	2.9843959056602536	3.220375
450/b43ab0ae9ba6e	1.2146423424820894	2.2891875
451/a8f9e2b6c14dd	2.2367079003717736	1.6333125
452/4e4cc7d255882	3.4218045525031258	9.2523125
453/97df041ba192e	2.553586360243547	1.32425
450/00759d074ad3b	3.1651208262690598	2.645375
451/a80152085a511	1.9538254322023236	2.6288125
452/ea9b81acf0157	2.6249393046977323	2.016875
453/7644d115604d6	3.1176320732464786	4.1320625
450/6da27ded9d123	2.177035544005568	4.0133125
451/b715a0c71877f	2.3924019525041897	2.471125
452/00b35a83ac447	2.0590707370708015	3.17475
453/51ba0438022c5	1.1182292120010742	5.2505
450/7634677ab9e2a	2.9667822957497982	4.56175
451/18da413d21093	3.321173905887011	13.4925625
452/a3849b414d791	3.48656022439054	13.7613125
453/147e7c553cd25	2.9189479965888108	3.4398125
450/837f762d5dfdc	3.2343782871869013	6.8140625
451/ac310b261c6b8	2.871914301671429	7.66575
452/61a65fcb7b10d	1.214667534005148	7.1963125
453/0beae7bf48c73	2.6151170229649785	3.0899375
450/cfda0b1da4681	3.1572096939345604	5.2751875
451/f356d2f6db43b	3.359254842963899	8.1230625
452/98ed78f0399b8	2.9343121971832766	4.572875
453/bdcc88bc9c36e	3.1931127994325257	12.2343125
450/534443b1ab4a2	2.9078338617396926	2.329125
451/79eca91314209	3.190417318939545	20.1213125
452/3f417297569b5	3.093703666527638	9.3789375
453/c013b7fb387de	2.34816496605559	4.6250625
450/a27b067cd6a41	3.1476218271458505	17.1711875
451/3f9d8c2434bb3	1.882961865568628	2.10575
452/9091c2194caef	2.4236114827693473	2.4045
453/c84ec8dbe272d	2.8552555018921324	1.057125
450/8dcc29df8c513	3.1649580752685713	8.9384375
451/3aa8c6d552df5	2.889510354712404	10.1599375
452/faf4177457b40	1.0331179112480666	1.19675
453/ae968a675c505	2.672424478339754	6.8719375
450/3f115fde5b2c7	1.7363337498032285	2.773125
451/215ca803ed781	2.8552708862446545	9.8800625
452/221f97b1f434a	3.420170662774751	14.6541875
453/93952b54edd63	3.5581797475537904	6.269625
450/abf0043e1aab1	2.946780522453531	4.3650625
451/0e5da812865ee	3.280216070362296	28.937875
452/9995f55963c65	1.374800453661021	1.923375
453/04f649058d552	2.410401283086645	0.9334375
450/7925f5b3ecb2b	2.251152925094632	4.741875
451/89c1e77a6684f	2.201926615819492	7.9296875
452/5ef43f455ffbe	2.5868444372950665	3.2328125
453/9085401e29d4d	2.6575549212593192	1.9549375
450/50ae53be683b9	2.3005420292178114	1.775875
451/aead55bae90da	2.314712808805205	0.912625
452/856866b4e7a24	2.2246704711547642	0.93675
453/9874177c22c0b	3.2877648255650658	13.4889375
450/4d88b4041998a	3.221778864414499	7.7015
451/0ded1821f516f	2.7062185311358324	6.9608125
452/4ad56bbfa6e06	2.48401575164768	3.48925
453/a8181e4500fd9	3.0244003169216747	11.147625
450/d63b7ecf2154f	2.934926595278645	3.2003125
451/97d8e99e5e3fe	2.824645465414914	2.734375
452/dbadbdb4877cd	2.708871423841482	5.8669375
453/2a43b034c5e19	3.0477358441405387	4.030125
450/15513698c5c94	3.2392248779001114	5.1858125
451/e6b2e5584d181	2.1311176790494026	1.529625
452/0da1620c34004	2.7322997984795205	14.73075
453/5db90191409d8	3.1255013477031923	4.0771875
450/bef2d8f3d47b1	2.657521951109627	6.4121875
451/178867af1ab7f	3.045763962332798	2.7230625
452/84abeefe06e3b	2.999017603237164	8.0493125
453/6ac38f9c4ba5c	3.0646846981647147	9.7485
450/365e0107fc331	2.3765166754330145	2.0073125
451/5752c2ae22996	3.133288422354896	3.497625
452/377fe43353bdc	3.394983388395908	8.8704375
453/240a78c701a24	3.3952699159538686	20.530875
450/a83698c338a60	3.145205640259622	5.3984375
451/d6b946c50c4c9	1.9938467840204528	6.2020625
452/83ccb819b0e75	3.1616560065958224	8.8805
453/4cc0fdc2c1acd	3.486068447286455	11.387625
450/b07e15ff94874	3.3158973194239296	4.477375
451/7ccae9ce40e93	2.3530782390481684	3.14775
452/a9135ae3bb532	3.52804532338873	9.594625
453/70f86c339f526	2.7888096388222823	10.64125
450/792e263fc413f	1.989989557381779	9.03625
451/5fc491aeeecee	1.6167992281058177	1.3305625
452/93ca5ba1e5939	2.939410004081629	2.862625
453/c0438d3d13163	2.23508850482619	1.1051875
450/a26061a23bbd9	2.3773725532457277	11.667875
451/7971474f14a6e	2.8604150776911887	2.1266875
452/da5692ae18b8c	1.3895292623211606	1.506125
453/ac705a3d4a2ec	1.9396626812285138	2.413
450/8e003237fc81e	3.4909639204981397	16.6281875
451/de5621f9c704d	3.087549587850274	6.0934375
452/10cc1afa0bd99	2.9165323511851953	3.8250625
453/fbbc0cda7a50b	3.153663908942269	1.848
450/b2fdd990eb449	2.8237665154960325	5.1064375
451/8368a64c6c6c6	3.3503292364076964	10.79325
452/c597d831e312e	2.0681396854263303	1.0769375
453/ba8db108f172d	3.5316339604260794	6.72325
450/81836f6fa0cfc	3.072274775716268	4.0185625
451/8e6fb79330920	2.4222021846075137	3.83125
452/d040116fc65e3	1.4686645369265068	1.1526875
453/7e5a36736dc5f	3.0756512862400016	7.774
450/f7413c50a444d	2.817839692788123	3.81475
451/27c045625d6ac	2.7001116003471566	0.8435
452/c4ae75c63616d	2.6506525820325186	7.309125
453/bca0ae3a2cb3b	2.3975346387070395	1.4934375
450/95de521c0d051	2.355750009040475	3.1864375
451/a2f542ec418b0	3.274716398892027	9.8040625
452/b192833f005f1	3.49911871109928	6.843
453/79028a5a628d7	2.061652768980124	3.8645625
450/bef91a8c083e6	1.1151384517258924	0.792375
451/b9621c0549d47	2.631581057778241	15.9173125
452/60b4bae27cbf5	2.149479744266789	4.345125
453/0ef572fcb1a47	2.71384733932623	5.1799375
450/6a559642106c5	3.422974776160436	11.9898125
451/b96e2f797e4d5	2.875688598814687	11.721625
452/e81cc1aed029d	3.00588906131757	6.9920625
453/c344c4ed9d073	2.4451669656923722	3.1881875
450/819e3cca981f7	3.273408381651453	10.0683125
451/c1d52e21ba3ad	2.999209137772564	6.0219375
452/b6266a00818fc	3.0094342568141426	6.3615
453/1e2eda73141e0	2.1233106169399014	1.8273125
450/7460bffb1a67d	1.7522184206137807	2.16275
451/5dd59457b7902	2.953943736578231	7.0150625
452/99702cf19c1ce	3.0677023536516224	6.0811875
453/8348dc393cf26	2.7434780865725603	5.9898125
450/5df9a45d51b0b	3.3474358573626946	5.746125
451/cf28a98ffcf8f	2.9437645496121614	3.8518125
452/b835842e70030	3.2834870827858897	6.6931875
453/6d991afd43e4f	2.9671174035110695	3.0276875
450/86be1de353a0a	2.9691706908534363	6.2883125
451/0c8c3485fac44	3.27532400516258	14.7495625
452/4743289de142f	1.9812647290270171	2.1019375
453/720d0bbea52f8	3.486539670611948	6.8258125
450/9e69622deab1c	3.398030111795298	5.127
451/414b5595954d8	3.4772150107970123	17.857875
452/b09151c7492d9	3.5415737263734104	6.601625
453/41de0536f9f6d	1.1984945245694398	1.1051875
450/a424aa96ad6a3	2.5533593553548624	2.3568125
451/72c66779cf1d4	2.1321700091760647	1.2978125
452/6149a03d682a3	3.20656393038209	1.9874375
453/ee9fb8f075024	1.6356203505440512	1.06125
450/19a0d03ffb032	2.6401834602264964	5.690625
451/b22c1eb00b2b0	3.1769714950803283	7.157
452/9107cd34231fc	3.125973492631239	2.3631875
453/c46e980dbc761	3.3826554096922337	2.94475
450/7f898a04c27d7	3.2993916692708063	3.2331875
451/a6e3a74d4fbf9	3.3394736368020204	8.1758125
452/73e0339ca9403	2.822307480067269	1.458375
453/917a7caef6f3a	2.982631643180232	6.366
450/701ce66a28667	2.7431971248609917	6.078375
451/91bcf844e7692	2.6405143661393353	6.8663125
452/0ac6b349769e5	1.1010811698901766	6.803875
453/37ad931ce1651	2.239752494529689	5.3576875
450/09303a964308f	1.6498146081113136	2.809625
451/d34e21ac23efc	3.0488081450079627	5.108375
452/1a013aceaab1c	2.406436352210804	5.06775
453/fb0da08f82edc	2.421608952813746	4.7090625
450/104bad1a7b6a1	2.6208889795452572	2.1494375
451/5e7515033a5e2	1.7249480271104376	4.1046875
452/7b1ae7829f3a1	2.5909758499266666	9.7691875
453/392688704620b	1.6136370800394682	1.2493125
450/1d968311c3516	2.503507119376105	7.0195625
451/d4dd777f1c690	3.367789567736824	4.9684375
452/f432edfaed919	3.238143155588329	6.2563125
453/b3c74ea4cd8ec	3.2935886237061958	13.637375
450/3798c3bcdb141	3.0520943963932066	17.4118125
451/ebe0db1fea8a5	2.528912925516741	2.72375
452/3b50e45520706	2.977642186930384	11.5388125
453/48ac9be14ce86	1.4607416010967431	5.3568125
450/45dcfbe65708a	2.671381257863669	2.221875
451/ca88754ce9ec7	3.2855261393660125	5.052375
452/5f5292d1f9f54	3.049113302744389	2.8413125
453/608cfe2246fef	2.81151603915224	3.76975
450/76d07eff45b21	3.193612994520712	5.60075
451/0ca618fa47c2e	3.107823368075825	14.1823125
452/8d039b64ebf49	3.5448276580094777	6.947125
453/1c82a22a1cda0	2.976435715413377	19.35475
450/f8eec4908c9c1	2.896438069166397	4.31325
451/21541fd96c474	2.6559870798485146	1.7289375
452/f6b6658a1188b	3.2616667582638574	4.2663125
453/f6ff100da512c	3.0465282973381598	2.7189375
450/b7f211b32702d	2.0626752003358746	5.2325
451/dd5a84466d1c5	2.763841262062203	13.9498125
452/6e97d5faad45f	2.2117407289941653	1.829625
453/b7bc9241bdb2c	2.8328608995030424	4.87175
450/1940765a6926f	2.005034262757689	12.529625
451/59dbd6c9b63c8	2.8079339370259713	2.76725
452/1f16d8160de34	2.3642987560813897	7.0893125
453/f9f74e5b3bfb3	3.251319122300666	2.49425
450/2c6549299c721	2.5134357970148504	18.085375
451/61bf24f7fc9c6	2.3273190059949487	2.3445
452/6307d11ae422e	3.2345157048813875	6.988125
453/7891a7dd1076b	3.367330944882429	13.25225
450/fc102bda5d869	2.694530338748838	4.708375
451/8a24f6ac0bc06	3.501016535369249	9.044375
452/a8ce81c49b705	2.5742485878886407	2.1635625
453/051acae2678ea	2.3842772698149153	2.985875
450/c07c0ae3aaa0e	2.3623059231523063	1.0324375
451/589aad561bd87	1.6767378633828605	3.98475
452/508eec9e9205a	3.113592406551496	7.2369375
453/ce98bed2de524	2.299210873830058	2.405125
450/4334fe9480774	3.2742045125746393	4.51475
451/c6c0c168e730c	3.0833940210738047	9.49025
452/e825c5357b67e	2.226652876219315	5.9593125
453/467f21fe4e6af	3.1554421648392323	9.319625
450/f4c1e411b3ec5	2.5564177969915187	3.192125
451/b73f286f3dd4f	2.3633376447737433	2.765375
452/866586c55314b	3.3191518858304767	9.0304375
453/cfe3bf1c0c1cc	2.704079872723674	5.4196875
450/b3772571e9ccc	3.091621158914712	13.1809375
451/f67f504487164	3.1569538114918094	3.5050625
452/43e584f93ebd8	2.7436146968089403	8.6195625
453/c1b1ff1da318c	3.435208299286967	14.9561875
450/0031d5bebd2f4	2.4317042804415614	2.17225
451/fceeb670b7535	2.9221270856587394	8.882125
452/11bfc5e713890	3.476319443760588	10.899375
453/21d9a380523ec	3.3766062539231227	14.4050625
450/3f37b53c6d502	2.8646894313275544	8.5015625
451/cb216c5821a41	3.027916987433292	6.0278125
452/e7a809653d02f	2.3524399551489745	8.5098125
453/79fae37d459f2	2.7061326285468974	5.5015
450/e9c687dc9fd79	2.4741657870285225	2.0663125
451/6dbe39b076653	2.8020536483425476	8.878625
452/2a3527dd8bbdb	2.4660423565097167	1.7845
453/1bf6334e6a09d	2.459684135851422	4.137875
450/3dd1da44699a4	2.833168059477596	4.1798125
451/b07f2b39d1f04	1.0990203870903734	1.6315
452/7852a422360f9	3.2413464531988865	7.4956875
453/839c7cd4ea330	2.977423220731541	1.1830625
450/daf572bef5805	2.520241715714449	7.674625
451/7922a13ba28a9	2.303935571745066	5.0054375
452/bf40b7867df97	3.053758152339981	1.2235
453/67d4d5294ca65	2.632368140316562	8.1325
450/d54b2d6e54aad	3.3951529170526835	14.4773125
451/e323869eaf800	2.747832580231522	1.576
452/4bcae3dae42a8	1.7725301061884526	1.24075
453/da4f3aece2106	3.2111079125724	6.8821875
450/f5a6e7b949a8b	3.3564624441790865	17.678125
451/46a579f02b31d	3.3951190563890172	13.309875
452/4ea0cbd3e2067	1.5917162398285456	3.24425
453/5c815c7185688	2.110944954991712	1.514375
450/2701993d025ac	3.292958806799421	7.6933125
451/a77b5bd23812a	1.499707210777103	2.204375
452/b258c962e43c0	1.7616135116177793	1.2015625
453/258a63f5da894	3.1333502264931807	4.711875
450/26fbb0b38a381	2.385149011663227	1.2010625
451/74dabcfe90c4a	3.0578439358885645	2.591
452/1537037bd14f8	2.69223187554883	8.56225
453/d5ddfb95195aa	3.049055689282374	6.1515
450/24a8f03cb11b4	3.2296023748404803	5.8450625
451/108135d2c1067	2.6714888682634355	2.342375
452/c96febd6d3072	2.8667677947306704	6.4444375
453/b7459893aaa6f	1.9333319623934309	1.5385625
450/aff7289947847	2.2613594544560307	6.9818125
451/c55318ffe2b54	2.4045862552463513	1.2491875
452/a9b1ea9701748	2.716691085363878	11.4474375
453/a9cccff0cba3a	2.93356386034404	6.6516875
450/39772f028b814	3.0123603414752944	14.201
451/c743b6763f412	2.5458810454622403	2.981625
452/07ffa3c690f17	1.5535117775761802	1.0088125
453/7b337f16f1800	2.4319430051721818	4.3776875
450/2302c67c3a679	2.5552942742317653	4.0178125
451/26d745995f19f	3.508680233002547	7.1460625
452/9e611e60c8e35	3.40339900529635	9.3831875
453/30c4b1d108752	3.1765034773813356	18.89225
450/7117f9af993f1	3.0145616517223353	1.546375
451/b4ab924e36950	2.9023803976842473	9.75175
452/4d875f2e30042	1.5097735960906644	4.3456875
453/8402422e537b9	2.4951802854792255	6.8565625
450/849fc7b11139f	2.5738977962847795	2.6433125
451/1a49fa171a810	3.319356729664578	7.541875
452/984f4d00299d8	2.7225080159713606	1.514
453/3251ff5685b50	3.3082160746908054	9.5394375
450/ada6d414c4a5f	3.289915238750553	6.503125
451/9fa0f28f3589a	2.529080773792984	6.4945
452/0cf2d35cb6a0c	2.5375771251125734	5.810125
453/a80e2909d9a22	1.8957105097099114	3.7201875
450/7398d8fb24390	2.954372779158338	4.4803125
451/ba1f418ff6785	3.07717988387675	8.7655
452/76ad9c1eafde2	3.3097267047952017	4.994875
453/d684620b2f305	2.3637310941596152	7.8780625
450/b95d8961c8efd	2.902468423047048	5.5139375
451/c342829206759	3.0636779513378163	5.074
452/ff4cffb1db72f	2.844212272107398	4.07025
453/f6f51e6816ddb	2.8717767863123367	3.019625
450/8d336264de180	2.507044725210043	9.003375
451/f129c0982c6c4	3.3537603106902227	11.90925
452/04d1ac7659f50	2.85543489320629	13.9373125
453/ccc390375c01f	2.9380698936509444	4.8801875
450/f8a6f0f4831cc	3.188956128439393	10.8588125
451/7f4f8b6a91d16	3.2530308731651325	3.251
452/1629e13641d92	3.4160575436293112	2.4810625
453/9ddc6feceba8d	3.200660326095423	4.7213125
450/88ba59ebcf023	2.816143023974899	3.2104375
451/308b6ead06ae9	2.3756056580976668	2.266
452/441e297c62657	3.471300695092036	12.4598125
453/9632177c0c34f	2.0201099487771277	4.105
450/18550935ad59e	2.9654244530701743	5.1273125
451/59e284adba743	3.092847903346121	4.2328125
452/d4386d152506f	2.606046054525592	0.7208125
453/b686486c85236	3.0062874650108045	6.989875
450/9c83bf816b07e	3.2736511245104136	6.7469375
451/8b32d5146021b	2.4285158890950562	3.563375
452/62ec640a1b720	3.251122017826443	5.5094375
453/b3da7c13a0469	2.7647489420968974	7.69125
450/587eb5b92842a	2.701593451674235	8.8171875
451/58216fe83eb7a	2.4264528152896117	10.156625
452/1e17605f385c7	3.5027531882536582	6.0545625
453/f3407f55ef151	3.0600028224020788	4.3556875
450/5ffe14f70a00e	2.6591327475470834	15.25375
451/bc5275e4aab4d	2.9121593898378073	7.6515
452/54b616ffd57ab	1.636387208634914	6.4455625
453/3eeea3971aaab	2.7611032434330407	4.3365625
450/a77ce18500ca9	3.1998592688755445	6.5119375
451/6532eb301586e	2.8128728143931863	3.8035625
452/538ab4ec899f8	3.3975881983374965	17.2706875
453/803e93d286212	2.9396487482325098	4.644125
450/552ab4cad6450	1.382097508571032	1.20125
451/2f66b705e6578	2.2975354515607895	2.0156875
452/ed7b6eb2f9e1b	2.560102613105534	1.705875
453/f6ecb6246fc23	3.3591353868974165	5.1759375
450/c44233ebbb0f0	3.189676730959818	3.4056875
451/3c96e7b08caf2	1.6117360092392004	3.385625
452/f0843479f0bf2	3.194442422739411	1.6459375
453/6e111354cc492	3.0082359698431334	1.9076875
450/9ffd836191992	2.518292873045648	2.7224375
451/6a4a28610ae02	2.5081060586981168	2.454875
452/b79900160466c	1.820373125005747	2.7503125
453/8836e19866d2e	2.7688025583501457	5.5696875
450/3643bda985d68	1.1062528175641422	2.2666875
451/cc96b73c7ad0f	2.095075542019797	1.0570625
452/faf6a759763db	3.5219765302747317	6.0323125
453/22fb3ee3a0b40	2.8609053770077404	1.8204375
450/05896d51d3228	2.725928568534976	9.829875
451/c96b035f1c2a3	3.0775309622737543	12.2383125
452/7a2c8c6cf6f6a	3.4008415410702693	1.5949375
453/5f67bdb8803a0	3.368887511995704	11.2789375
450/f9549eb08faf2	1.6974041449698138	0.800875
451/c4bb5171cb566	2.9696932782195167	7.6515
452/9ca4f0943273f	2.218074209430552	3.2760625
453/1492598a4d06f	3.397222407012227	10.7020625
450/74b4cb54c5324	2.4748080616193007	2.019
451/14ea79ff8b6cb	3.2939370401970463	2.79625
452/b2e1c1f4a3d69	3.3602384720917784	7.943875
453/8e8cab9076728	3.348775552950322	13.6474375
450/3023b5e4e8ca9	3.1285513279548662	3.480125
451/dd3c767f3b1c2	2.5865482115750402	1.5696875
452/f18fcfead20c3	2.5422943668006535	2.3283125
453/7aa58d9a020bf	3.093467792610546	6.1444375
450/564d8c63453da	2.0376925040740206	0.9124375
451/1c79fbeafe8f4	2.8388572362568665	2.59975
452/e17fef89c5d26	3.0671926922249195	2.82
453/8db82be32edea	2.664881426984393	3.023875
450/3417c9aef8e80	3.112325954458671	7.577375
451/27c3c7f1ded19	3.150343506045577	3.0236875
452/8271a21728aed	2.8478076284766574	6.5439375
453/1a11b26594795	2.2773452955911457	2.778375
450/f2f0c0527c1e6	2.9328792937796324	3.3636875
451/262dc938fb973	3.3628396266749414	8.4081875
452/f8130b136fb92	2.4413882678266945	1.105125
453/cf1e2e4250215	3.0933903234543227	10.2889375
450/b1f488267a17e	1.3691462698194135	2.3160625
451/e550559fa29ad	2.852625188203901	3.316
452/fb0243a903102	3.293204285744202	10.3728125
453/5db25bd7969de	2.462044199063543	4.5804375
450/96bda3f79f827	3.44650415112766	12.71325
451/6cc6af5d79298	3.4272683703253897	13.04475
452/ad40e3a353678	2.0731962746435846	4.0355
453/7cfaff19bfe60	2.3849644817441944	5.4411875
450/e21d2c9f12780	2.762425441253398	6.4623125
451/e55952f7eed30	2.8395978106094084	3.8229375
452/c553f1701af8f	2.6411872613208542	1.394625
453/a5692a3f495c5	1.1746793853049629	3.4431875
450/7c083dd03bfac	2.33766835497032	2.48575
451/7b5e3d9dd59f1	1.9464409350791527	5.255
452/85a1d51c583d3	2.521004023704372	2.9558125
453/21f38037fb6eb	3.454722490934752	8.9098125
450/fffb585baa7a0	2.525249582800712	6.613625
451/32bf30a4e6adf	3.3397260943559983	8.36325
452/66feb5fb3f8e6	1.116314104259804	0.7684375
453/76f2dfc95715a	1.088201706730699	1.0095
450/605b039fa52cb	2.7307406324864614	6.5978125
451/1afd02f4d6621	3.4154194083559197	11.12425
452/0106d8bbf9b33	1.6537317273473213	1.9396875
453/cd9db799b5913	2.3552647986234994	7.2015625
450/b47286eb82572	3.0550589707451374	4.4723125
451/a94aa1cfd0210	2.9144173309059935	6.9789375
452/1fee6b71bb321	3.2823074799136265	8.56625
453/37491cea9313c	3.2494508355001415	6.531375
450/1faab1dece93b	2.432417312178281	3.098
451/c5b281b409592	3.361824677011389	9.8381875
452/a4a9b5ed76f01	2.984430440780277	5.85075
453/3ac51f5b443c6	1.1229078218675301	1.3449375
450/c8d36fdf9a112	3.163718948307588	12.704875
451/4ca33143d65e7	2.2112165221335003	6.5669375
452/38ad0c3a69749	2.7145210683852157	3.7573125
453/6e2f3b8ca4238	2.67782523852769	23.281875
450/0d7e2611d0678	1.1061165233130883	3.0549375
451/2e458c896df37	2.7788654692135024	5.4368125
452/80ed425463a81	3.402142525790357	10.7288125
453/09a2940ead7fc	2.9027116569887146	2.9046875
450/e8fbcf85e9d10	2.0593526388430154	2.9144375
451/a710c8d171f6d	3.3451238317947274	8.919625
452/2c13acfb2bcd4	2.903813179051293	5.2665
453/d299b6ba8d763	2.817524649820251	3.937625
450/b73b0fd8530f9	3.477011436979432	11.5031875
451/7948cb783c1ba	3.346671692321663	9.4905
452/1602ca34b5ca7	1.5718795022349814	0.6721875
453/a3ea8dccf7a0a	3.0272699411080883	1.0995625
450/f63117c309c5d	3.4371316693855283	5.0829375
451/f49a389288e4e	3.1223518148224034	2.9611875
452/4f958f0c9ab92	3.077823214471582	7.59875
453/0087cf322ebbf	3.2098176554193865	4.707125
450/9d4d4377f2e03	3.0325283154980585	12.48325
451/429a6c3a3d362	2.739188179159341	8.6499375
452/417763a97e254	3.1589689099048845	2.4625
453/110256b0a27dd	3.132434601311266	3.0120625
450/4c6646fc60062	3.0878850958319255	4.4793125
451/f3e2211f44acd	2.436431674870303	3.1429375
452/617bbea0c0d95	2.3284433225034333	4.6343125
453/927cfd933de66	3.339529520634974	2.6518125
450/7ae56b8de6c9a	2.0724427698753893	4.5738125
451/b9209c1b7ffa5	2.233983341885561	3.772375
452/81899d1f97437	2.7947775153132106	6.0084375
453/4649f5fdcd15b	2.118469481982357	5.051875
450/082ecdf77ef08	1.1122384222496824	1.05275
451/2e6ae3cd9ae76	3.1675881326219644	8.85325
452/b10684bf6ca50	2.921312829367441	3.096625
453/fd7779d3b2340	3.213128323907481	8.4679375
450/cebccda9e293b	1.9747147728643804	1.9568125
451/d19f9aa63aa56	3.2022276165629826	13.0918125
452/211050141186f	1.7499592836385591	0.8995625
453/8fa03d23ee3c5	2.342074036725561	8.2238125
450/cc654ad22ba1e	3.1501570104952896	2.896375
451/d8818e4c20a33	3.426672761624955	4.760625
452/1317c23a4f176	2.709696769993665	3.1885625
453/5711b4bccc127	3.328234161927803	5.418125
450/8338977275bbb	2.9688087543272816	10.0296875
451/5e3b9d7d22c7a	2.669520056071603	4.644125
452/9a86cff202179	2.632352566597987	9.8816875
453/13902971512ba	2.891469948875331	6.653125
450/9bdd454e503c8	3.1348075598246186	3.83175
451/f6a67989a0232	2.4616967022957574	9.85075
452/320584367ea6b	2.5079772754335683	9.7170625
453/76bd753bb3943	2.2091744717274304	5.4864375
450/3242199e195e4	3.2186899784182352	3.130875
451/92515cacaf572	2.292066201066708	5.21575
452/3b94ce380f8f0	3.364750174109966	2.5309375
453/ba7f3ff6632c3	3.2868052944275554	12.271625
450/c5fd8cb6d7dd9	3.263159942528688	11.1384375
451/8315da3061a63	2.205459192667027	1.489125
452/c42e382a9749c	2.9529270884553713	2.4391875
453/f889567143572	3.0738583131555046	7.0824375
450/45ac957cc5dde	2.318017896096899	3.34025
451/eda4a6a57f070	2.1343255269067276	1.8745
452/6a6b4c6b46e88	3.1791510243071834	9.433625
453/69066fff67a4e	3.4203044709719905	3.11025
450/0244e16fd3079	2.2135697636442546	1.0090625
451/98006280dcb4b	2.875911323177497	4.8109375
452/ea570676aa010	2.0489420791832402	1.367
453/0a0290ec2c569	3.125837551594831	7.913375
450/e230dd5b09f83	3.429404333540415	9.1476875
451/aff3a58eb1bfb	3.0215989813656288	3.6149375
452/0c4c483397806	2.611135595692517	3.4651875
453/ec79b7c4ff4d6	2.9411701313054093	1.5443125
450/f605ca2d3033e	3.324056168523899	9.313375
451/9c7c362ac5ac7	3.2378933853187526	3.001125
452/40123d0f218ff	3.2604256568796024	11.211125
453/fade6e2f08a4d	3.4263151632057207	8.7730625
450/e2c5b89fb37ab	3.165771876983817	3.507
451/8738db34e032e	2.575774147086154	9.0744375
452/2635c8d59bbaa	1.1226210999265582	2.273125
453/e490ec3e654d0	3.1316077718405415	5.0899375
450/30c5aece8ff7b	2.495516518100559	4.4993125
451/95b4683e946fc	3.158150198401852	4.5650625
452/dce461f22ef3f	3.1369886193276644	2.35025
453/70346e9a28a12	2.1720516743015956	1.20125
450/5d8c89524a307	2.634599421530995	4.2976875
451/b0e8fa0039114	3.0854467806326147	14.5945
452/f6fd943371725	3.2792005411433527	12.291125
453/5d19e9d9f7edd	3.2790211221648056	8.652625
450/2c0cd9a3fb704	3.0816110228100553	6.2800625
451/383d085e0cbcf	1.5387991663296847	0.85375
452/6948b3d6dfb04	2.2338443084252093	2.9065
453/f096cd972b74b	2.194650668704631	0.9124375
450/07825fb0b8c6e	2.6319771712751767	6.0649375
451/c8a7b718bd96d	3.2887016027076386	7.583625
452/0cef32f30d817	3.3313009525496904	6.9184375
453/f02271ae5c6d1	2.6597535538045984	3.0040625
450/4d6adb65fbb38	2.8269198222178495	6.0201875
451/bb623b1f39ee6	3.180887566307485	3.2144375
452/137c336e72a46	2.838094061874559	14.0193125
453/71ddd397cec41	2.988991126078311	2.320125
450/b301e0e3b8daf	2.7471869410459946	7.242875
451/c06e0f0a95677	3.1924578208516023	4.9574375
452/20ad9be36d6e2	3.1728129990434497	15.1083125
453/811886cba9a4f	2.489867532149751	2.7801875
450/ab2b47a50a92b	3.2917660922532557	9.920375
451/9a2f82b99c4d5	2.0607968795644336	8.25925
452/913dad9d8c72e	3.4156536795539805	4.12325
453/17f7acaee6ff0	3.4198900085425334	16.14725
450/3cdcfaa435db9	3.3999736856285456	22.2643125
451/23bed328c205e	3.3840964754752676	3.6079375
452/d4438c4dc6689	3.2315005460541375	7.679375
453/015ec08d13bda	3.399454734914321	11.29875
450/049fb4a9206b4	3.3996777958638265	5.006125
451/3ded682a723eb	3.4217588390028872	2.4526875
452/bb6da7e86c474	3.313719790017187	7.2436875
453/28416e8ee79bf	1.9366602754459188	1.481375
450/7e2baff98200a	3.0664011615717115	2.211
451/7eab690ae9ecc	3.117808618788765	6.507375
452/a614457fa9afc	1.5865046027406124	3.6435
453/41f90889dfac0	2.7062037964085683	6.133125
450/56c329eb811c7	3.0576057896605415	1.93475
451/2cf7213ebe735	3.2479918345798167	7.313125
452/fde529943da97	2.787914061901538	7.1135625
453/b8862edfd763b	2.8832357019001957	2.8011875
450/a770c29399cdb	3.3262019764785946	23.3311875
451/b20298e910843	2.9096120242170898	5.993625
452/89f1f730a5f79	2.8314843850377334	3.389
453/190a70e2cb543	2.748567549074584	1.673375
450/d7031efa83004	3.2120728900421365	4.3208125
451/29d3e93fae1f2	3.305271108506151	5.991125
452/a45af29e5aa6d	1.099401451883903	0.72025
453/be7d977eb11df	2.105443466044802	3.07725
450/d24ff72b9c40b	2.021497104120369	3.1050625
451/7394f5decd783	2.7426090600379203	4.2154375
452/bc3986f9671a6	3.253780552920621	10.6993125
453/4bd11cb564c02	2.7440209766392725	3.6189375
450/9105e75bbb6b6	2.7386103538928217	4.10475
451/dd72e46fa31d4	1.2619013908376837	8.72125
452/edce3d66a30d8	2.728649772708929	7.679375
453/b57a7ca7b0d4f	2.414865289776502	3.5345625
450/0ab55ed6a8623	3.3941730638638306	17.844125
451/21b64d677f87f	2.747804662718756	21.84675
452/2fcecb625f562	3.1206745938551763	6.1996875
453/8d6101b307026	2.6903946704793897	2.2818125
450/e82792daaec2a	2.8303871386072057	3.716625
451/8c05ba3ab0276	1.1616302761480792	1.635625
452/1c6e64b5f3019	3.3905495430569936	3.2098125
453/26148ff47a31e	3.008488135213796	2.478375
450/e471ec0323158	3.4546434746294854	6.8815625
451/61fdaad59a227	1.3456087975055002	7.0823125
452/921f5e63f3b32	3.298472734812529	3.126375
453/5dfc790eea3f1	2.8982243841857525	5.1206875
450/fe19eaa1eec7f	3.305179563344192	5.814
451/ee44e4744d7ca	2.156702886368955	8.6281875
452/6e0b8cf62c6c1	2.8460697612256673	3.152
453/e52360c940d2d	2.6022318291039745	14.1856875
450/a285f150f4cf4	2.8739351458774443	1.873875
451/87930bebd660b	2.020515747625211	1.9210625
452/7a56cc2f87e85	2.3550134330591295	7.3965
453/00f579a0de37d	3.457059068022818	12.1145625
450/bfbd23446613c	2.7257620543399925	11.215125
451/2b9570637b0c8	2.4613799049030365	2.6083125
452/6708febd3c6a5	2.515390411981793	3.642125
453/ead6a56ba41f3	3.2521313279015436	3.6083125
450/55f58e08c9b35	2.7637982419548996	7.9374375
451/b43252f5ba867	2.361855150981422	3.7986875
452/f2ca53dc5cc99	2.2415637272071827	1.5670625
453/2b3e30831fb6e	3.218218996844531	3.8305
450/86b332bd12079	3.062502276680656	1.876375
451/5af9e4956a781	2.702297527723384	11.7889375
452/a09e0496cb0f5	2.370953766556425	1.971625
453/04053844e97b3	2.9978420417198346	2.681
450/3443d9971b7dd	2.885474904692934	2.68475
451/2055edddf8d0b	3.1928511026719515	3.77975
452/bcb6198cb86ea	3.424131648091407	5.1168125
453/7a9b9400605a9	2.7874709022626685	1.523125
450/364f14ba37994	3.1304918538618476	4.7734375
451/091b1ddb1510d	2.356366327094384	7.282625
452/96a7756e5ccec	2.6748265115481953	2.4499375
453/1891d8251cee4	2.5265757618463978	7.0254375
450/41eb2643168c8	2.504839793511264	3.8445
451/0caf28058b20f	3.019431675793953	11.2505625
452/e3b548edc8a0a	2.3106689399602307	3.5334375
453/aab74dd8a37a5	3.358570333075974	8.902625
450/79dbfa0552a2b	3.1245617623241886	11.2285625
451/af73ae4735937	2.183235339874232	6.7603125
452/5995ee731613f	2.916542307937285	3.72975
453/f63a0bf43dba0	3.349199270297559	4.9240625
450/f56894372fa8b	2.9614404432529096	4.8488125
451/1949bace57680	2.712867134858618	1.904375
452/21affa7ff6127	3.3720731159737576	11.186375
453/9c963c8670766	3.064441285996261	2.2306875
450/7022293904f92	1.7930645131761984	2.9785625
451/b49aeb2dccd36	3.4310325066509813	2.98225
452/14aa3039901b2	2.5502551812297987	1.1316875
453/416a19e2e6cb7	3.108382553678966	5.286125
450/b25221ddb261d	2.3536286003088938	1.393625
451/3d78baa6563e4	2.0169419155125867	1.9805625
452/cd9f09507aefd	3.0988361002023064	2.1185625
453/5a5d69a130146	2.562043847271169	1.033875
450/09868854f5902	2.821142320940022	6.7039375
451/e063fd38d0a45	2.6185526004550455	3.7585
452/8293f99c694b9	3.1525224634049325	8.175
453/410d025a2f037	1.861676070375031	4.177375
450/f72e6e855513c	1.4862134731238856	3.3176875
451/7c474e5737d06	2.5273674538835555	7.4489375
452/8f93f11733582	2.7839296977086896	6.147375
453/fcaf25279818c	3.2146546858744727	7.129875
450/759d2698e2a20	2.9874161364743084	16.5328125
451/529476f2b8bdb	2.6853262458578193	2.9691875
452/3012f25ad61f4	2.8634001962404647	6.7418125
453/bf1484b02d884	3.3896213551595062	10.8768125
450/e72591079b393	1.1675440771324659	0.9605
451/a9071249e5e15	3.147305330315059	6.503
452/3a8d40a2da1ac	2.9853680278669255	5.2409375
453/60b0b7185bae6	2.383326308489578	2.5563125
450/a21a05567364c	2.5749630519867264	3.6924375
451/2aa636afaac22	3.1266432038531433	6.869875
452/abda15a7a683a	3.1105858832100006	2.8850625
453/911710df71e2e	3.3308735772697275	11.604125
450/6db5e7de7de1c	2.940397578900152	7.5925
451/8fb554cc6a4b1	3.466453489296661	5.968375
452/cc38f70595515	2.20944186630968	1.5393125
453/d79c04957dc23	2.5466022408437645	5.7715625
450/1d5ee81dae1ca	2.1953945648730064	1.9976875
451/d32c42ef7209a	1.8115046808857962	1.7296875
452/77eaa4157f7d2	1.9351127040404155	3.790375
453/3daeabec45c54	3.0885691853591326	20.65775
450/6e03806ad5dc4	2.8337020571073337	2.201625
451/894dfa00ba7e0	2.583300771805686	3.0845
452/9a0eef639064c	2.9926706671496284	11.4491875
453/ca813ff9817ad	3.312786074832222	9.8994375
450/6fc60d8fb5a7c	3.081378809855535	13.24575
451/e01d48ab91786	3.122293676439954	3.3215625
452/2fd7fb8fc84b7	3.287433561950335	3.838875
453/47498a314c583	3.432723394130821	9.6318125
450/627b2fa522083	3.4555013181247647	11.467625
451/b76bace33a34b	2.7983438118949837	1.2009375
452/c9ecd88eca96a	3.2734398223970227	10.4326875
453/59706d58b75d7	2.7126301559709107	17.3384375
450/d356da291e2a6	3.4340900332894604	10.44575
451/6ba42c81d138a	3.4562541702264684	8.7091875
452/f16c6c8d68949	2.7297690921926763	3.7869375
453/057731cb01b35	2.2827319941222903	6.0539375
450/102bc6e1b64a5	3.120835608051959	1.5865
451/e46de1a1d72ee	2.864887716984723	7.15
452/0a207257b4a3f	2.6643783303793196	4.8755
453/422fff2b9cdb8	2.915741439637724	1.009
450/54986fd43bdf9	2.0351513827150254	4.2449375
451/6095a23700b22	2.1313900029516675	6.14675
452/3dcb2fca13b87	2.6450968731507514	8.4743125
453/2a6b7ebc1618f	2.8574702802567593	1.4423125
450/e3c0241fd8841	1.1061225832016135	3.132375
451/1415ebfd5a0e0	2.3384307781540232	6.5875
452/5b604b9d085c8	3.063328851938899	12.5653125
453/f76f5372e9859	2.9550498954575235	3.8295
450/5cb87806e091f	2.3125430863304284	16.9598125
451/ad971de9e4e7c	2.982290689213418	8.0185625
452/623372ccb8015	3.379298162064089	11.890375
453/ea98d2fc09313	2.352184965308851	1.4255625
450/0777e58fabf20	2.093386306999063	1.9185625
451/b4f750a7b25d7	2.8955634256491622	2.86475
452/d7c19380b5d79	3.2270502517321944	12.008
453/84228bbc4d297	2.8211126867410052	12.8888125
450/ebf3a39bcbb66	2.2319183790464976	3.324125
451/70ed201be6a53	2.9559791457156295	7.6919375
452/70cc4a895ae15	3.448491693525654	5.4359375
453/1c61ebec9e1d2	3.29062386397967	5.4240625
450/3047c41dee1fa	3.1104469162958535	3.88075
451/76a2801988af6	2.3901696161954025	5.38725
452/5a1d2edab3353	2.6830574722068956	6.6411875
453/4bb1964cb3429	2.6440188494971504	2.4329375
450/21b878972b9c1	2.363575426579077	3.041125
451/ae41264e0b5dc	2.8878916590696937	7.3245625
452/4554cbf3ec5e8	3.1191525159107636	8.407
453/75b71f2cdc4f2	3.311000940521502	6.6880625
450/07b2847a6f9f4	2.547887500164091	1.63425
451/5531a8cfa9d79	2.957932687713837	7.5514375
452/133e7bbd4d91b	2.3762209349367627	3.11625
453/db38323245e31	2.4886863350762027	5.1156875
450/5ca932063cb15	3.2830318545529784	3.75675
451/2c067db359191	3.2734552376389474	2.4635625
452/8191142626dbc	3.0820622668404978	5.924625
453/b5998d00784b1	2.870369332529323	3.0379375
450/cc558b4349479	2.320833341398253	2.4876875
451/38625e7ec4e58	3.458937032194163	11.8845
452/d0c735e9a31ec	3.203493254338954	7.1473125
453/ba170430c7941	2.332389720781552	6.5381875
450/b1425fbf2f796	2.4602353996282633	3.0413125
451/1fe1e08903d01	3.1265452774698366	9.12175
452/3b2a4a1ac193d	3.2893630372455607	3.78625
453/5c02f98cdbb60	3.1286813566384035	12.112625
450/ed69bc6137ab2	2.9624536478004697	1.5799375
451/041eb82f0e880	2.9914574089994526	4.51725
452/373043204a89d	2.5862972072222026	5.291875
453/23e04c9203fda	3.228184723312426	9.5405625
450/ed3fbbcbe81fa	1.766985301287359	1.105375
451/6cdab13d1a440	3.2137825916447	7.2868125
452/0ab7dec046a5a	3.5272913831691435	4.0989375
453/84f6a93899d5d	2.7561245198919404	1.29425
450/d5055e22f9c37	3.4460524526917595	6.7491875
451/752865212b4a5	3.2853664176106765	3.801625
452/2d350a6d0ec82	3.2082738008057783	6.941625
453/dd32977d0435f	3.022232983822776	10.7600625
450/c28618d52a9e2	2.8912672575130154	12.3315625
451/2fc6406ec7634	1.1840745142236637	1.8745625
452/88a5a6a53105c	2.887920156809843	7.13625
453/59c1133ba898d	3.3289957890764703	11.248625
450/842942a9d096b	2.804513984555943	1.297875
451/8dc42bb8eda3e	2.1162627321582437	6.6045625
452/ca21ce802d6a4	2.7480910716771967	3.559375
453/110d568219ea6	3.3105330477389128	6.9938125
450/7db76f121c4bf	2.4513014857407254	1.66375
451/6990c4c3869ed	2.43011213359506	4.4659375
452/3d225dbba801d	3.2829493194649837	4.4934375
453/ebe291b732605	3.051362475407055	2.9138125
450/a814c199b0f3b	1.8811903524481286	2.6425
451/5067f7e0ce0da	3.439172456709536	6.9500625
452/cf3cd637dd505	2.3321760201556456	6.9064375
453/602ba867c8843	1.1040125663090647	5.2114375
450/95de4d6de567f	1.1229881112275806	2.5885
451/da4ef38b85f0f	2.88158398126926	11.9254375
452/ed96dd58db44e	2.4075299147680127	3.747875
453/6483f6d625fde	3.134125355620856	12.2564375
450/165d9d3bd473a	3.321089640910055	11.624625
451/c1c72cb5c01aa	2.6634951620275413	10.7105
452/c21bda72eec5f	3.246063234136282	5.9925
453/0aab111208b7c	3.2984330961148536	7.0156875
450/70af7db458669	2.547919749413835	1.41675
451/5a2a30603a73d	3.2554323353572387	4.685875
452/ce18e219c5559	3.270455088602234	4.410625
453/f2a0b93875781	2.9239162851836054	7.515375
450/c67c2d98d19fa	1.9157613321524838	1.593125
451/faf7b20db49c1	2.596383792863901	2.034375
452/0af0a118c30c7	3.3249743878460944	8.2254375
453/cab964295bb70	3.0585005717809737	10.772125
450/14deedf1052f2	3.2993933326594562	9.214375
451/662cfb34004ae	3.20375111409675	3.9661875
452/4cc2929a27886	2.626305737645212	2.692625
453/4685d5289849d	3.525955770523026	5.053875
450/71aa9a8f2b14b	3.3499942540968313	4.702625
451/fe550552bec42	3.119681171409986	8.644875
452/2a21534cc985e	2.563138864423818	1.778125
453/270740375072d	3.402595660912911	5.5946875
450/1d13b69ce88e9	3.112736106679956	4.0518125
451/5a57bc4a685ad	3.5690689523781898	9.0541875
452/bdd89b66a120f	3.0449685622354203	4.4895625
453/7dccd55c00f59	2.48955104498743	3.848875
450/b382764a6683a	3.2448690054466205	3.0301875
451/3c0f83350795b	3.3783030494240043	7.0536875
452/e4ee00dd0f245	2.891082254020332	2.925625
453/5a19de851865b	3.1674173151328184	8.11575
450/c73d3a894e080	1.1143336206712167	0.76025
451/895fc0b27b164	2.938672756312756	8.1736875
452/f0046e01c0402	2.811948340795343	7.891875
453/b43cd04f8f798	3.2733462801121114	5.5400625
450/fb57474af8929	2.793759753206237	1.2010625
451/b49acde0b1e1e	3.295695764039418	5.901625
452/58ee2d3cf3638	3.167054695822913	5.0070625
453/d7400d72d8f32	3.0727483966513027	5.0560625
450/40ce173109a3a	3.1624169057425107	3.3191875
451/701b0a4ef63b3	2.674027219091802	1.4425
452/ae1e418646649	2.5694176032275102	4.241
453/692aa9ac3e3c6	2.5920507505616572	2.4524375
450/ef614204e5395	2.013440024687954	3.5735625
451/3743ec967e547	2.8263767070263817	2.022125
452/0f6f7a4816d65	3.0416789392688655	6.6575625
453/7c6c08a1cd4e9	1.7832309857328554	0.8425625
450/3b3266875bf24	3.0896841975417604	4.35975
451/83bf3285e1a19	3.078358776878242	5.242875
452/29e68a9acbec7	2.9735337534497255	8.910875
453/df34af29f6dca	1.994310504580339	1.0569375
450/e90c8a48ca393	3.4214374559454566	5.8498125
451/b3875f0a14f51	3.408449221648461	9.7235
452/ce3ed52e3e96f	3.2757030277385657	2.2825
453/69d90604117b2	3.1616536413465117	5.003
450/02cfd7bfa07c7	1.9233084228598256	1.60225
451/f21baf5363249	3.2072540667159006	3.9855625
452/feb5509a1b720	3.2119968469340607	3.292375
453/07a3bac97c2b9	1.833061715812685	0.8803125
450/93848fe639685	2.8199051810915066	7.5198125
451/1f9e2adb725b5	2.5117238255484797	4.4895
452/1dbe631d01529	2.3578472334820537	5.841375
453/798429c5ae3d8	2.730117544263102	10.92925
450/9183e7e0bf7d6	2.1946736521102714	1.0570625
451/603bd7dea2ad1	2.7473554581503747	4.9135625
452/c50436fb40af0	3.0034197653506824	7.302625
453/ad7cc38471731	2.992929999567663	6.8705625
450/5497dd182a845	3.3805576106892254	6.20675
451/76dcc61ba86ab	2.619327733530717	3.847
452/e1e5785949ef6	1.9944756408298396	1.4691875
453/e755f7ccb3587	2.190138683293234	2.122625
450/71df4dccbe064	1.660707328466913	2.5855
451/eb6dfd1e5c5aa	3.314731961378682	12.138375
452/5b54aa1e29a43	3.267979295674671	6.1179375
453/0aa68f0436033	1.8747507469811362	2.3381875
450/2a8cf3cb9ba7d	3.0889487708437726	3.7408125
451/f0da09cc93aa1	2.8093292671583487	4.7209375
452/92bb8672de359	2.6774005898704845	2.981875
453/8a241df481595	3.3132727562493063	4.8898125
450/15949cddbe097	2.9194207780114616	8.1614375
451/4e27cfcbbf7c0	1.1165535670882771	2.4024375
452/0a7349b8f0d11	3.4156866024835666	9.504
453/5b450b3b29b6b	3.1102636668169916	2.279
450/bedbdcd319330	3.1103281894690338	3.1473125
451/09332cd254ed3	2.546730673005434	0.888625
452/11f53041b4884	3.0686355471117714	6.6558125
453/60afa4bb82f12	2.718599885353333	5.7795
450/6176b36e583e3	3.420759464747007	13.732375
451/8cf91ec399c65	3.4484865361431085	8.82275
452/15ea4cce90bf0	1.382893645294943	1.589625
453/7327c02c387a5	1.8540380329332622	3.1015
450/ad9aee0e14323	3.030236075064263	7.8251875
451/23ba9d7d056f3	3.149874316107787	11.4475
452/5fbcf86a6d1fa	3.108168357803964	6.6395625
453/fe646368dcb43	3.1754377183495444	8.8738125
450/8da7f5b514dfd	2.790695866436338	1.4894375
451/6e1a424c598ef	2.045236751389458	1.05725
452/db1675a4b30aa	2.3374541143374143	3.305875
453/e67ee9dfa36c5	3.0925516796880244	12.1201875
450/17ba29c4ce462	2.6415659161051437	2.5678125
451/b73672ef92171	3.2642924911880185	13.0158125
452/7c055080ac21b	3.0824176063449977	3.29925
453/5891ae43b5d12	2.3158704684682756	1.2008125
450/5f3b8b8815fbf	2.148034413647595	4.2325625
451/42af4b8995aa9	2.8901081507064683	3.383
452/b7767dfe5cbfd	2.9715358594379584	5.70575
453/15fbec10ecc0b	3.014664917980196	16.1025625
450/6f201dd7275b0	3.369522776830105	8.583375
451/06bb5123d446a	3.418803472611316	7.453875
452/0788eb171b908	3.286739507220206	6.205375
453/fd3bebce5db1c	3.088650821161169	12.9536875
450/82b9be4e68079	1.1089824590343649	3.4165
451/bc5b0dc2511ec	2.7124071344883753	1.875125
452/87c20a16ea671	3.032954640821809	4.1953125
453/9f87b007acce5	2.828468969203824	3.151
450/ac7ece6dbf81c	2.1325375735378813	5.7705
451/86cc006dc7fc3	3.129425291606783	7.5538125
452/ec3258721db3a	2.694142631130678	3.948375
453/b3b1ef2a1de3f	1.8080434241610683	3.1113125
450/2cd17cc75e376	3.2289014750483025	18.1554375
451/d9b1613b7b1dd	2.8033605518677405	2.164625
452/198e418510cdf	3.004827402300071	3.138875
453/9a7d9591f9f7f	1.7449403691088443	0.8163125
450/392621086d8ff	3.156641015926299	6.50525
451/b3f5348a3cb38	2.5852099518476326	5.9293125
452/b7a055e43d94d	2.5682855645957794	10.000875
453/ee241bad55335	2.8057513888099215	2.12525
450/48dacec533040	2.9180731557714834	3.603875
451/2e55b78817c6f	3.43999782201482	10.59075
452/95221a3c59b84	3.1193366462217176	12.4585625
453/e49e1f1c8f1c8	3.282828325647176	8.7495625
450/878ccb014b23f	3.1457265650028665	9.03125
451/8b0224703ed0b	1.101531294120518	1.2563125
452/2647976d77519	3.068233042281406	2.0686875
453/c040ba88a43ef	3.29197941429938	4.1435625
450/71ba3779ac09c	3.451651051820975	6.5284375
451/7d6c31142dd1c	3.2214842093104195	7.5225625
452/0a2640261340f	2.20277455544771	2.33075
453/342abbbbd8704	3.348052698612803	10.6525
450/5263ace96aba5	2.632101696486836	8.315875
451/4d9d6e17c617c	1.914226478611497	1.564125
452/61bf59e0a7348	3.316086151765145	16.309375
453/b06fdba58a0cf	2.859123546659378	1.906
450/cf90a76388c29	3.0297152872704953	6.618
451/7b70367de7afa	1.9547503568037645	0.91275
452/2f169f7607a12	2.1905391171515856	2.2599375
453/cc3b71ea79e55	1.3865640820744527	2.606625
450/0f8f1e1984693	2.667537208228165	2.005625
451/2ff5e6d66d51c	2.127035854563274	1.5368125
452/1112895ad712a	3.3128422053334927	7.687625
453/ae6d408b03ee1	3.2053278114840125	1.8458125
450/e687e6dd62c57	2.593566926078344	5.9690625
451/a48b9a7067fac	2.985373214920016	8.0403125
452/2e41928108591	3.4459307829740857	11.126625
453/a029e8539266b	3.4106460832897056	15.8386875
450/9e44571bfa884	2.7820251313060274	1.203125
451/ef88d3d69a9f9	2.0328994606530695	4.8740625
452/e36bb2c3de218	2.5247519484087744	3.205
453/70a535890aae9	3.2866331224697602	4.4825625
450/3dd7aabd9d1f4	1.7954929028988913	2.5804375
451/1a5f79f1c1cf1	2.4814544057682277	2.4273125
452/5b48e42ac6ca1	3.115103178928566	8.7855
453/5a60b3f7b97b4	2.6661919893549157	5.8010625
450/638961eb6b6a2	3.021913213691434	10.46775
451/491f5ceb3fde1	2.4727846932989235	2.44375
452/84e3b5cdf8e0e	2.170193376466095	3.2513125
453/d5869eeea952a	3.170219766293725	2.7708125
450/66c4641da226e	3.09981969498412	14.657625
451/770ee636348e1	3.2874140845058464	7.6110625
452/8925834d0bd24	2.992365920982912	1.921625
453/f6584e3e27fd8	2.2687608974389337	2.59075
450/118f91e286d21	3.193259954691815	7.5211875
451/8e58d5cbce4e0	3.3479909112219324	1.8579375
452/8b328554cc06b	2.2709442770279007	3.651875
453/7f054203b4104	2.8963497335030004	2.3851875
450/92806b33d62a4	2.4645141061130813	1.465625
451/891e442368cf9	2.5044986581181052	7.7303125
452/aa04709eaf6c9	2.930513191690919	5.1139375
453/798a62509b46b	3.2376818994656773	6.675875
450/27d9803c2657a	2.884168763225816	5.0749375
451/1e3129df9335b	2.696596875126595	2.551
452/e9521ff818366	2.753912535483169	5.6875
453/c49d9a5dfdf8a	2.908911293852099	10.0424375
450/751d85bbb396d	2.1451040233994183	4.633625
451/b1f52f112c79f	2.8123847886337687	2.3874375
452/f8a3a78e482ee	2.96213575959535	5.671375
453/2c6b36f42a9d1	2.7841046229927007	16.0760625
450/21401ed4358b9	2.8378429622230996	3.8749375
451/7542c377b4031	3.0870786534258268	10.671
452/f2bd78c436ec1	2.3102299376655586	3.22225
453/f9e146fdf78f9	3.2062343015757744	3.0838125
450/5fe2cd5d3c76b	2.976189884539321	3.98425
451/158c8ae925ed8	3.423198732665985	9.88025
452/7f9a1568e5fd6	2.5835762650532192	1.586
453/6a766d5e19ba1	2.8995414258222922	10.21225
450/7e9864abbfe10	2.279753778716419	2.6188125
451/28f3877faf708	2.3529506790288917	3.898875
452/141fff4724375	3.273479346594298	17.594
453/ced2f0203ccbd	2.9996069631341813	5.9305625
450/6cac47e5f873b	2.7362359144503468	7.8055
451/e3463409dbda7	2.8802716499089347	6.764625
452/b78e345a016fd	3.3807325363060734	9.56025
453/f68d494096a3e	2.956716324733611	6.1543125
450/254064a8b2bf9	2.014001128613496	1.4901875
451/b1ef54042fe1a	3.082990157187345	6.09575
452/0824800f5bbdf	2.656189293052164	3.6096875
453/ad3c8c88d27a5	2.822952452654959	5.1711875
450/e75564c646095	1.1085377189974717	1.4489375
451/5b32f45fa2d68	2.8531600440462745	1.76625
452/0ddeea3dd0d0c	2.9444493107119856	2.4546875
453/6883a28075b1a	3.0532816027840095	2.9824375
450/6f7de465cc188	2.8599939273337918	2.5605
451/d88994e80ccce	2.8699842615098476	6.0515
452/34ad7c437e38f	2.8264012966409635	13.2065
453/655367e9c72e6	2.998776094079166	4.4664375
450/ae8f584e71797	3.0958193186202374	4.5605
451/17986a3325b9c	2.6517600871266716	4.0665
452/a79a439a79827	1.109474614028556	3.0531875
453/2536d1dc607e4	3.0959881469965214	7.2885
450/95f1b3edadd9e	2.665942371631949	6.4803125
451/d7d92ccbe5426	3.2568292177149063	7.4056875
452/f47ce354f0ab3	3.2695705494121325	6.856375
453/b6b0d24ea3557	2.769705111638796	10.071
450/85db8e6642e89	3.304669087834272	2.7418125
451/167c603647229	1.854426046853892	3.3176875
452/99ee679328b30	2.8458453972986946	6.816375
453/8b008fd07b4b8	2.816591317152027	5.2811875
450/2944dc5c57a47	2.600762550590832	3.7015625
451/ba8908a1c298c	3.2105800942346123	9.7395625
452/a0028f6d429bf	3.144299086728554	7.472875
453/bd2d8d832fba1	3.4265337681874137	6.2599375
450/c8855a9bb1762	3.1114644012577672	6.7109375
451/313de653d8e20	3.3745609088055284	9.646875
452/96c9991477052	2.4529124184249143	7.040625
453/4432fc632a9b6	3.3339177684265033	8.6618125
450/6ea3580998a4c	2.466887957248272	4.784625
451/ff6e60a337910	3.369302112403571	6.7024375
452/2a03914528722	2.3632544644043	2.212875
453/69368dc88ffa5	3.253935916833127	4.765
450/f9e20bb3cfdbf	2.7029631229013957	19.2749375
451/b148c4bd9fcd7	3.382559682094661	7.7018125
452/5bdb55fc19f40	2.2985449254860155	3.4608125
453/7d817ae169dd1	2.3953718683558347	8.6748125
450/125557f84cdfb	3.322005113211962	19.4875
451/49bde7b3121e4	1.7553676347797247	4.387875
452/62dd2e81eaa91	2.40366679760289	2.771
453/504d37effc4a2	2.6159677115498763	2.788875
450/057f3e8213db3	3.2905529065921617	12.6836875
451/d6d507e058ebc	3.198963753855211	6.8405
452/98f576d0a9640	2.780126692185293	3.456
453/b71e060e44be5	2.924623165057298	10.6005
450/6e4ad02571141	2.3402966445514384	2.8348125
451/a82657fe7ee8e	3.1002707396059033	4.476625
452/5f8e9f8623460	2.5160380323863185	0.912625
453/480397a83a9d6	1.0891911620990369	1.297125
450/2b55892b33707	3.135770849431816	4.5029375
451/3fc406a24e415	3.3550631491533145	6.0836875
452/265ee6e9ec6bd	1.420337162434177	1.0090625
453/32b42cb905d16	2.412337100082539	0.9605
450/f4d2a7958135c	3.1946543959918827	5.1275625
451/42045b70694bb	3.1639258434235047	7.414
452/bbba3da6577ef	2.2391686453623874	5.1225625
453/051a08b336e8a	3.145126543295128	5.25525
450/5751672559996	3.443421631540588	20.3856875
451/641bf7a5e59a9	2.720329038336177	3.460875
452/0e8609d0dd503	2.6178762446811747	5.95025
453/4f331667de9e2	3.4574879960295846	20.7723125
450/441eeb33fb91f	2.5133999175132726	13.5670625
451/bbf492e9a106a	2.973022548892779	14.4218125
452/0de2593236640	2.3815074246526047	18.395125
453/ca994da2e4fb1	3.045690905155153	2.35375
450/7eb0a915865bf	3.047624237739595	9.3385625
451/6491e916a2fd6	1.110973608832522	0.9921875
452/e11ae55cf2f4d	2.973910039265207	7.4365625
453/59e9ece9ef3d1	2.20424234056336	1.3449375
450/68d3727cfc866	2.6690717420580796	5.6856875
451/bedb7e1daa025	3.4322617882712785	22.269875
452/5176a420427fd	3.0281092434612376	1.9715625
453/fa09d536b1648	2.3219444217515357	8.3140625
450/bc61123a6ff02	2.381661053553888	2.4080625
451/e630b4d5dccf3	2.4836965257649526	2.2421875
452/42e47d87c09a0	2.9344648473753687	6.79675
453/7bc6407e8ec76	2.10665886216576	3.0968125
450/be3fe76ec5c75	3.334235689195175	3.1263125
451/f38e5773b97df	2.927349872803181	4.9080625
452/6000ac2320b3f	3.448097962989545	5.85875
453/19a6074f770a7	3.2485267643586098	7.3971875
450/75ac6258e9c7c	1.6473622617172499	2.567875
451/3c6e9e2ede9c8	2.3219416560898294	1.144125
452/e91aa86080343	3.247714845798492	7.172
453/e64f8d56fd937	3.209121821954051	2.62325
450/cc5fbc3edcb8e	2.715011508631922	2.4881875
451/7be6887254824	3.3483106155963553	7.1931875
452/07e8656bbe7d8	2.60726977989028	11.1286875
453/4f2c0b1f477f9	3.4596668284683907	10.50525
450/f016d152302f6	3.1438663512816762	14.0041875
451/3eb06480bef78	3.3747305209719127	8.1240625
452/0ae5c34284d18	3.363088688486812	2.9235625
453/139a935bf815a	3.5088922019121336	3.3061875
450/330527b8063b9	2.621556213160818	5.8435625
451/445c12fb4eb54	3.1491776609002287	8.569125
452/4a7f711418183	3.442776621215264	8.590375
453/d6c9937a10ecb	2.4961495197301566	2.2726875
450/7eeba69774ae7	3.0098181063919256	9.2978125
451/931fb355d1967	2.093639113728785	2.8775625
452/8663ec414fd18	2.797528540635048	3.041125
453/5dacbe5e403a0	3.0112084552808107	9.43425
450/a10af031d659b	3.1256143483686514	2.852875
451/e68b546cfefaa	3.3252497309027205	3.074875
452/fe6ee6d527041	3.4278292361304428	6.04825
453/683c3c09117f3	3.0252668168821284	7.5784375
450/24691bd9bfdd9	3.416658080926341	5.104125
451/e0ee60cae803a	3.3500616789285043	4.9556875
452/0f74f62422853	2.2879928892917203	3.033
453/9673ebe40fe94	2.6903570415039932	5.931625
450/7780fbde7f823	1.8099561915262379	1.348125
451/2bc2ed5eb6f1e	3.2791592839502512	3.8075
452/934ae3542b5b5	2.6793198371470086	3.4789375
453/67085254a68a5	2.1888072460624057	2.8265
450/b5126b224b934	3.2309733145327697	10.18475
451/1a9964d50a587	1.401569723305738	6.3455625
452/d7c5f937ead38	3.4340281383243014	17.0706875
453/8aa83cedee05c	2.6019473486548366	4.8024375
450/32aaa5cc2be75	3.235738538421862	2.4649375
451/bb347c1c7c119	3.4730949020406263	3.447
452/7ac088a76170e	3.3548762897087463	22.534
453/eb43509cadd43	2.0814916628472355	2.25625
450/9b9c2313cf8be	1.0838912739476259	1.8865625
451/3dc90e7feb8fe	2.4262381330044183	1.1805
452/d383c51ee4e85	2.970472071496154	1.865875
453/e4a67144d8c14	1.6789453250923718	5.932125
450/d2b9e78e834f7	2.070504544862815	1.296875
451/5dd618afd7d5d	3.3084619106068134	8.5689375
452/0472a0ca6a4bd	3.0834597201525917	4.8555
453/2220a0489f354	2.1620133237014016	3.1585
450/de0261da02613	3.091194687617325	2.9886875
451/bbb9f49800888	2.692360208674352	7.840125
452/856cdd3f3acf9	2.9893892415970726	12.212125
453/3835063a74bc4	3.369417281246751	15.3844375
450/f5045cff8415d	1.2526835960890614	4.62125
451/652642f76c05f	2.2007292867458963	4.2564375
452/33b5b254d0e1c	3.0134315370380285	7.747
453/15688b7643ac6	2.4787284823166473	1.809375
450/dacc4c1279955	2.287194431016989	1.878625
451/3046d99537c2e	2.3926728920866385	2.724875
452/f64488bb96029	2.6007394119738096	2.883875
453/682c21d5dbe7e	2.48489603954751	1.1913125
450/c1e4c3b506340	3.3861211161104543	10.5373125
451/1459a02df1009	3.1261050965146073	18.171375
452/2d0ec30988858	2.434721414586378	0.9815
453/d778646ef6c88	3.1260807471790355	2.3820625
450/33d89edcd4b14	3.1060106518667907	1.634125
451/a57905d530aae	3.3816390617897554	7.148375
452/2ce9162d1d1b4	1.8945310231853807	11.0185
453/7f777e5fb5b5e	3.3568185446483034	4.43
450/785b3d2a14745	3.297231749347699	8.4734375
451/c01a4ef9cda21	3.4704469068636814	13.7980625
452/5eca6ee50a875	2.026742123573514	5.49925
453/e17aa20d08234	1.084307927414885	1.2590625
450/5cefe5dce4ad3	1.9601324309122212	4.9721875
451/97b98dc13272b	3.0493633281405006	4.6850625
452/1fa1f6ebe1ff5	3.3970029177957213	3.0950625
453/e31720bc1fcce	1.4356925591433325	0.7203125
450/a9af9df3efe39	1.9229005964651495	1.7784375
451/52ee5d04e5f5e	3.2939743056213504	4.258625
452/3691926c2f194	3.1997430767095927	4.3250625
453/4b83f7a7f9c87	2.815908307805301	4.0906875
450/6811d3cbbc2fc	3.390238053421493	6.1336875
451/12a183ded61fe	3.1413246972648516	2.7034375
452/acae3ebd6146a	2.660923992039982	3.539625
453/60204468b561f	3.072758571222147	4.4864375
450/653fee20b79c8	3.0890249058775194	12.24925
451/7495b7715c602	2.556266584600625	0.960875
452/f458190faf53b	2.406332098361551	24.153625
453/7b2d298c55890	3.288477420819939	1.7180625
450/c9fb2a6cfb30c	1.9861029385204692	1.105625
451/7877be930610a	3.2994800314484167	3.573
452/0527817c94e74	3.1444269297835263	3.97125
453/dea598869a448	3.2712078467943537	14.7494375
450/6e0e485ebf05b	3.0992918799153895	2.9805
451/8df0d9e175588	1.7615035998951445	1.2010625
452/2cee5fd06273d	3.3207596412342295	12.2879375
453/35471b2b073d2	2.9056550433906216	5.1556875
450/da4873a2c4dc2	2.7418050372771314	4.95
451/153727b2dc9d3	3.0301483692438613	1.3678125
452/5c341fc474fce	3.0202821877372057	2.2583125
453/56d9d072730ec	2.751359101303488	1.8269375
450/54ac1cdbb448d	3.5598588041377797	12.1364375
451/6c5c25ae57894	2.7676462710693115	1.596625
452/ae1311fef09c2	3.423304694059227	4.48975
453/6f825888d6059	2.380722424978932	4.4445625
450/d0fe53eec1549	3.421142329404876	9.793
451/fc6e3f7c0cedd	2.848902128093422	8.6135
452/c96294f5de97e	3.1708199677211524	12.453125
453/105d27faa9797	3.4114606830940457	8.6350625
450/dd0e0e6cf0b4a	2.693919406463901	7.499
451/91935d98c34a5	2.3684330326409717	3.877
452/89470e98f9d18	3.25685585608907	6.8661875
453/5dca94be9ab92	2.6476232386188863	2.6574375
450/cddf48ab03ddd	2.9949099809638655	5.836625
451/9514f502c6186	3.4251828321454125	7.0796875
452/5885dbb8e8411	3.4581795473672536	4.0056875
453/bb3c65e49dd69	3.256037952436462	7.3155
450/e4c2b417efc74	3.0960340935121655	4.586625
451/a256d00aaafa8	3.4672856999040835	5.878375
452/a1507b7e1fe3f	1.9310169357058515	1.1241875
453/d380f1b6d9be9	3.0264671381079533	2.730875
450/7bda165292745	2.717305381864675	8.967625
451/3f4189af81e6f	2.1117011591272346	1.6806875
452/65ed713ea392c	1.9031606016536131	1.546625
453/2e6127e411a0d	2.831188948193599	2.06975
450/f1c735df3af03	2.05109189598463	1.6636875
451/3251f6bd2267f	3.4305161027970676	14.0365
452/4c6034b04be0b	3.496876210540862	4.507125
453/adc9b28fbceda	3.1531040655578413	5.89575
450/9ff1271c29b16	3.2205962620438613	6.067125
451/4931c057b924f	3.416377780689709	7.57675
452/53e49d3099414	2.7256866653554503	3.030375
453/7123342401962	2.7842650200373362	3.123625
450/dbad514e45f2e	3.3134491285170173	12.8629375
451/5e7ed61b90694	3.0614458382160863	6.9095625
452/e2557f6957fe8	2.969057427905482	11.32825
453/f40f1d8b0af4e	2.2999548571947703	2.36325
450/35cbf704227cc	2.998369257462768	2.95525
451/821ddc5edea2b	2.701512116860166	8.871375
452/9cb524009aff6	3.1722578688088654	14.967625
453/5ae201283717e	3.1684028774766526	13.1206875
450/71a22167d0ded	2.8893416306208235	11.848
451/4685f0873a1da	2.3202779505698934	4.6339375
452/ecfaf27e1874c	3.022383505691934	2.8320625
453/e4fde5ff30ed6	2.3923352078649	9.1739375
450/1ca13cd4c65a9	2.8848897673842564	3.79925
451/f00d063d12deb	3.185475539694906	6.8991875
452/ba856e341edf9	3.41075855344489	17.3839375
453/6c28b5e0feae8	2.9639415763480756	3.028875
450/a2e4de6ef8951	2.3158789733248972	3.7674375
451/1e71d85881754	1.222431622448241	1.63475
452/f95fd11bc0102	3.247437645422483	6.2375
453/818238bef98bf	3.1583535929897315	7.5411875
450/3ef1697777be1	2.148258005746296	2.6431875
451/433860060e8b7	3.040344205370666	7.8604375
452/572c7e578c4e4	2.6492362426713156	3.610625
453/1da03e5cdd25d	2.386647431210223	1.4183125
450/8acf52eefcbf6	2.660248361578379	5.0689375
451/8dfe4b5c0b142	2.8270014128141403	7.468
452/629e66ef465d2	2.7693600478761278	5.03925
453/558bef89b8080	3.115878808302268	7.306875
450/f7a3987711d1b	2.339570719118521	4.0031875
451/669117813d0fc	2.8013613401794037	1.3656875
452/f95f481a87801	2.9757281983342905	5.6364375
453/e5f0333bad50f	2.41271902445184	8.42175
450/8be4cfac6fa5f	2.6107829958178206	5.6559375
451/7aef5e3fa9fa1	3.097442214050474	9.752875
452/e7486336638ff	2.628820639852898	4.35325
453/6927d129ef451	2.7222375344364025	1.538625
450/1e583122e805d	3.418379408569207	12.482625
451/b6e0e5878460b	2.5440729992730597	3.6644375
452/17a840702a912	3.4616288291650408	12.9173125
453/c3a1cf122029a	2.8203722695327205	3.2428125
450/8674807fd9379	2.8904461675417603	2.443375
451/deebabca0ee22	2.6679833005819833	4.3685625
452/2c51ff2ea3632	1.1074185081617687	4.5985625
453/a981f99ba5e54	2.324354966543871	1.8523125
450/68a37e111b7e7	2.970177614524642	7.634625
451/fde2a587f5f04	2.683400754244913	2.6490625
452/5e60d75035377	2.098591682510009	1.5560625
453/b2cb3d96ba0bf	2.5187994455811884	6.9156875
450/4fb1ef66ac4ee	2.022226711138697	3.57975
451/0f524abc618ec	2.8324427064260718	2.9958125
452/8449b2e44f507	2.177744260600307	2.8836875
453/7a649d78cd93e	2.163181324422094	5.932375
450/d95908f51e72d	3.203579873256291	6.9679375
451/ae9af45eb4818	3.355433162857044	6.6809375
452/b4d835a66314b	3.1739716417543997	5.804875
453/867cece89821f	1.3284827646806558	2.045875
450/ab89a6ee5db7f	2.3926473991533626	2.449625
451/f2f0dc5b4b8fc	3.41032166935859	10.0313125
452/c08af9f24c16e	1.990452671717242	4.393
453/63c911132c590	2.977576904948486	4.8085
450/fdd83194a0e58	1.6982807526974621	8.46025
451/f620d9193e38c	2.563521699831093	0.9824375
452/f5697c830eb02	3.008407252431799	1.345625
453/c35c4d9ec9c66	1.028749128862224	2.76075
450/805c1ced8b32f	2.276996579715783	3.86375
451/6628758ac11fe	2.3256419616142696	11.0065
452/ff6fe2319af49	3.128282446773183	2.561125
453/bfcae7027f8e4	3.383006593951795	7.8514375
450/b5a2a98ee200b	3.400673801116281	8.745625
451/e4b818299b36e	2.446017488617702	5.6225
452/9939bf3c70c52	2.3572913175058847	2.6305
453/a91f3c96eca46	2.087427352278502	4.9518125
450/0e3c3a2d31702	2.315298182478769	28.4884375
451/970bd1a473065	2.316004250456924	5.1554375
452/156bcc538148a	2.5553901064631614	3.986625
453/7ed205285e76d	2.57066305152551	5.5515
450/5cb01398fdf97	2.309870930716086	4.5451875
451/b95a177da01ad	3.334266866297452	4.763375
452/59a0a7842c8d7	3.270030839835814	9.2863125
453/a58708da9f658	2.6933462870347573	0.96075
450/b0f438f40afe6	2.886479969868209	8.3890625
451/87b5135f29b88	2.5811970172125718	1.0963125
452/7e52737cbf9ce	3.445603907213956	15.4960625
453/9c5295e08bb32	2.618794137491043	2.6621875
450/59db11fc939da	3.2830909454068657	14.364625
451/3ebf487ef9ac9	3.112442901191278	5.3470625
452/1679c70164beb	3.106053108184856	5.4351875
453/ce1639fafa586	2.7549201581470895	5.394875
450/c5f502c104b73	3.125997021731269	4.5865
451/8c8df5dada830	2.6741791378084585	7.7955625
452/83cbaf2b195be	2.954867166638702	8.8194375
453/df99537d9be08	3.0709559318485633	4.7781875
450/4de5f22ddebf3	2.657953242789455	5.783875
451/d9c15951806fb	2.166634276117971	7.8334375
452/62f947df63382	3.224991095297332	3.11375
453/e2e6736e596a3	2.6695929222451014	3.5615625
450/2daf91c773b90	2.989056883116951	4.12875
451/86fa2550d0e4b	2.743111034417922	5.0524375
452/7e6c83edc87bc	3.1705039632091943	2.869625
453/5d42e98e7e8ac	2.0953600107412487	1.677375
450/f89f0391a43f5	2.8592790560986825	7.9175625
451/fbacc179a91ce	3.465540121488372	4.7191875
452/e621971ddbcd2	3.2001091840126086	3.69975
453/f474394021738	3.5142915038702776	9.5945625
450/c151cb33a3428	3.0016499278723967	4.4525
451/d0d0e2af9c34f	2.139128057588959	12.4500625
452/076998219224c	3.119381293714016	5.714
453/059c4e3f77978	2.4796061127177036	6.006625
450/0b2de1bef53a3	1.0724599243824104	0.86475
451/626d873bc4fc8	3.081344266038858	1.685625
452/81ab986221dca	2.660742941599632	5.692125
453/fcff76a465151	2.0133930055561375	5.4986875
450/e888480af0689	3.383430008703199	8.1475
451/ae30953b40f4e	2.3649372899446695	9.5091875
452/1dfba7d8f01d5	3.4049679740953676	3.1665625
453/1e8d228e9d7ff	2.5239432405518456	10.0864375
450/6091141177a6a	3.4983244863604397	14.3463125
451/8744f24c92be0	1.111742411821952	5.77075
452/81b4b3e440d99	2.462603329509595	1.52
453/f8f7a02080b57	2.6166741838182372	2.4799375
450/65a8870265e5c	2.101041749605794	3.64375
451/1803fbb280696	3.387975372438913	9.2285625
452/07f392ff2e9af	2.4858608943291003	1.5665
453/1a3f1d5e03721	2.1655275509156677	1.730875
450/6a19085a17704	3.1651153973516157	4.9889375
451/880c5ffbf6d7b	3.4652307089089756	11.27275
452/d47d3abdd5d44	1.7429759372197804	7.166625
453/3b4a086019612	1.8730842572918114	3.2441875
450/05e86f3f634b5	3.05008491726282	6.3828125
451/ba5c8476d238a	1.4077392599397027	1.3228125
452/c4dec8da0bc42	3.050626932187542	4.226625
453/70b08e24e8a72	1.835744072898336	4.0571875
450/aa9a7b93900f5	1.7345807889910763	2.7785
451/71b8774f5a37a	3.283769818222665	5.807375
452/25c623cb22ab9	3.0639336620631195	6.8823125
453/d8742de57cce6	1.6143284573805154	1.799375
450/8019f593a8d17	2.9505838903006	1.8958125
451/c2f15806f366b	3.257806743882051	7.6644375
452/8f775f45d63c1	2.458141525030012	6.9846875
453/ed2be185b858c	2.5981935811942782	14.8975
450/4155042ec5c5d	3.02458581283724	5.0890625
451/fb790fffdecb9	3.406811144031933	7.3640625
452/82dbae6a903ca	3.2434920068022417	7.53625
453/a65d08143fbb1	3.2634797044361448	6.4565625
450/b8a8bdb4ae8b0	3.3563162702807103	12.1999375
451/2412c6a0123a3	2.4327264645848796	6.1238125
452/705f483839681	2.8239555082426073	8.640125
453/25876bb399708	2.5378036457565982	3.68075
450/6e31bab729807	2.3573205141089346	2.85925
451/54e40c3c40d9d	3.151488474070903	22.01875
452/5f3ed6f84f05f	2.4584731163060356	5.389
453/9adf9b606deab	3.006442137943353	2.547375
450/76dd0b4ef0eb8	1.9959013600069593	0.9901875
451/117acee2a504a	2.8393142861112284	11.37425
452/e6e96070cd004	3.124720743591935	8.7905
453/170d75330007d	3.188325173325123	3.4246875
450/0a76651220bb3	2.512775320044881	4.0866875
451/4be31dcf27bbf	2.2152046150899083	9.34725
452/584f74ebc9a35	2.4800984693557107	1.405375
453/20575efa22212	3.0271652972010896	5.507375
450/9c2aea838a6d5	3.0428074196132058	4.5450625
451/71b26434eee2f	2.9756345974397367	10.7115625
452/607d41a4329f3	2.551502047230119	1.1125
453/2dd5722844036	3.0539413551748416	4.45575
450/c4521979e696f	1.1907810595011286	2.2114375
451/d23fcccdd51be	1.9807300479785253	3.2991875
452/db754e139e144	3.33989878509076	16.385
453/0c41f2dcc2d77	3.374166473928804	5.24325
450/2e2dd781c75b9	3.4587485312062625	11.386625
451/9fe7eae719d5d	2.583818739320324	5.24325
452/c0572b71c9104	3.093607287431348	3.7189375
453/90728f38cde7a	3.180795165440372	3.833875
450/67501cc67750e	2.118477562622155	4.5500625
451/3a5586c0a2a74	3.1799766504460947	10.2159375
452/fdb91a110f578	2.950258888448231	5.2429375
453/5d224b99ad11f	2.1918340489031873	1.345
450/0f02c8b2472c4	2.570563160678826	11.5425625
451/560bcc0078b53	2.996811779780235	1.8043125
452/48893a138d644	2.66823957812503	11.4984375
453/0c6db5997e46e	3.08468294764298	3.9855
450/09ea8ff37a20b	1.0562635550933208	3.7991875
451/a32e56ad86723	2.991357968145094	3.641625
452/71db09c3a9730	2.4331536663245563	2.228125
453/2bea0d82804dd	2.3051158179182414	1.634
450/143489d018e75	3.308233900267545	5.330625
451/539f9d3ade1c6	2.036173074042679	13.269375
452/cab0fdd0f6382	2.9311291778557376	5.2353125
453/7d17965276b2e	2.8546620850340183	5.952375
450/a5d5d868f32b2	2.967777237462966	5.314375
451/471413d8aa7d5	3.1725820401291527	10.572875
452/5e1927c8e81ed	3.606456181907045	15.4130625
453/55cb7ed9abb01	3.2479830484079626	6.52825
450/898c6aa645799	3.2244081209107276	6.494125
451/83e0a3f1ef75e	1.2082493166933386	1.738625
452/5ed6c85a99563	2.8132508065715354	7.586375
453/ce85395cc6119	2.982875565193601	3.664625
450/96b05d74cf1c4	1.6715839761315083	2.116375
451/05bf4acd3d85a	3.199423799066401	7.045625
452/24b941f825814	2.816627598102805	3.2749375
453/1ff106f212798	2.8544088365479636	3.3266875
450/7a6461a1e1bf2	2.2635665169214847	10.381
451/263f2eb7217bf	2.580232961047184	3.3218125
452/c4cf3dbb1255b	3.3550543175640466	7.8945625
453/5caa88c086dd0	2.6074228670452166	1.286375
450/eeabceac083ed	2.875388230224597	4.0330625
451/650e46462bd9d	2.5767044425455916	11.3446875
452/8657c70c685d6	2.9514726470414065	3.3156875
453/6125976b771c9	2.1504647842787654	4.6568125
450/72fb03e4e5996	3.1818727150248236	3.814625
451/46cb670fdcb9b	2.7551337230654864	5.4055625
452/dd80134838b7f	2.8021193230976897	1.890375
453/2145c0775e20e	3.0546500815706032	3.9349375
450/4b3e24fc880a3	3.382360089784988	7.95075
451/df6028057c6a3	2.250544206843778	10.0970625
452/87cdeb4bd6b87	3.206630805974083	4.4464375
453/051f7ed3416ff	3.201899326750546	8.79375
450/d66778186a443	1.4677059214691726	0.816375
451/d3b557ff50b9c	2.911145394612962	1.64075
452/c095b6fbf9ae5	3.3560533745583645	7.831625
453/f34987c267f69	2.9081511719172335	5.4549375
450/9529f790e570a	3.3068649831647097	6.08125
451/131bb9d3dabed	2.7672748594269714	2.782875
452/768e8567b5ecc	3.035326344363278	3.6165
453/39562a2d47f84	1.3796467320327805	2.060125
450/775062c79cbd0	2.635440101350482	8.1070625
451/1ed570f7dfcbb	3.4214725386653484	7.683125
452/58257eee74523	2.0014739591980697	1.9254375
453/a06bdce0e6371	3.297875411820661	5.0671875
450/ed675038b4bcf	2.4876815728247683	5.4761875
451/6624dc9130548	2.9609252393107868	1.4580625
452/27fc4504ceb93	3.3462446173527542	2.5031875
453/7e01c7ccc7cd9	3.2937553279350458	10.83925
450/e71d21fdbf75f	2.6804479615501657	1.8270625
451/c538f06ad4392	3.4506545994213957	8.51625
452/a8b4c863ad22c	3.496878971446841	17.8348125
453/ed05c1a7b5776	2.9143273974276984	18.1861875
450/2023ca7713e25	2.864229087424264	5.386625
451/5e3c27e5b2589	2.292954859629189	1.6419375
452/5e8ccba33ecd3	2.2789733282674094	5.979125
453/05b2d06a0d6e0	3.38062452536995	8.9830625
450/db1ac60fd1ce7	3.0367621187376344	3.6649375
451/845cf6c15b0e4	3.0215527409532736	1.946875
452/22193b8d90e4c	1.2018606866872883	6.3775
453/28a447103a865	2.0881087280349706	1.955625
450/0dbe42c57a76d	3.27758435369577	13.8330625
451/cab1cbc5cf469	3.425947911686843	7.392125
452/c1afa9a3aa541	2.9477934765269076	3.1835
453/d0cb11e3d8061	1.1693165202784273	1.008625
450/3c6b57d85d999	2.6880530758659784	5.391875
451/71bd6984c9ce3	2.631833655823786	2.11575
452/eea1d893e4d0f	3.1024804745846524	8.3826875
453/05bac4cb3e318	2.9822320934103144	3.724125
450/ba85e68e0cad9	3.434274097029934	3.7685
451/e5ddf5c65dc55	1.788601970899269	1.3769375
452/093844064f4a3	2.373429022667377	3.077375
453/24edce9e5e31e	3.419130285132289	3.0024375
450/2b7f374e20fb4	3.105831612853506	8.4825625
451/5380fb82ccb79	1.869130814062567	2.018875
452/732c413bbdbf8	3.2518448771733017	8.650375
453/3e01c2f638ea2	2.899382766860655	9.4150625
450/a6afc9e80d5b3	1.6970650811713017	4.2909375
451/fcec4590d38d2	2.383317767742265	3.0603125
452/21a9e3d31b9ef	1.9679463245171553	2.27075
453/20d2f07e9d98a	3.135762602995831	4.6390625
450/1bf395cc5d433	2.647625691742192	1.2403125
451/42e433d1569bb	3.155287621237649	11.4325625
452/b3a8dff9a7a35	3.363155915435271	14.438375
453/2b31fc82138ca	3.1593249559904635	10.7969375
450/69fee38c26148	2.650179434547634	1.8135
451/cb6756db8cb75	2.699858618335058	1.5868125
452/e87000b560831	3.0327374054730742	5.0008125
453/d6e3b8aa9ce9f	2.976006037616179	7.239125
450/5087788548a5b	3.227921813928048	7.2828125
451/e96c31dd402b8	3.0729671527446487	1.9139375
452/e42df88854b99	2.9723562717548826	9.9948125
453/5f8235dae1bbc	3.4174849423510105	7.111
450/17964295b14bb	2.8103455206122323	5.7763125
451/7b9146eb915e8	2.5125250495657525	4.93475
452/8fe3dd7c2474d	2.6221756329027746	7.13525
453/24102ca595a4b	2.4138376232776877	4.3994375
450/acfc5f1567429	3.2222006480276124	9.473625
451/9ec7a24241a47	2.7632145688794547	4.16725
452/10395473bf695	1.6274716166383214	1.0638125
453/650c5c710917e	2.454382147448951	3.8448125
450/f4b057fa8f3f2	3.054668271108521	11.3505625
451/36d33124f2104	3.112154956591138	22.07375
452/88c55ca93579c	2.388347967768356	1.545875
453/5a653c674415a	3.3493998512590624	6.77925
450/646f2e5ee28cc	2.9959400773835463	6.0088125
451/0579715f21c77	3.3163670024176057	11.8725625
452/d17e5c8094719	2.4472789264224155	6.703
453/396d8c16b1b4e	3.204685074282667	7.4185625
450/5e063b7445cd5	3.2525340085117875	7.999875
451/cd5aec81df846	2.325474479923849	3.4365625
452/17ecf69de41a7	3.219771166418826	8.1720625
453/12d54f3fee918	2.276206980362577	29.725125
450/962ca0a111f8f	2.731681408105089	3.9995
451/170d1cf0ec161	1.752471685035899	4.9231875
452/e4b5ba939f6dc	3.323717452208016	4.543
453/6ab3308f97e79	2.357936493627302	2.0199375
450/a2da181c532e7	1.8237586740183562	3.1884375
451/7dcdb6745b5bf	3.4579451535122896	22.827875
452/ea27a7da1e33a	2.7129613627507037	8.1676875
453/9a719c3f6f606	0.9788412487630934	2.737375
450/0342a22fa7ec1	3.337577179951898	7.0276875
451/06f793286be2c	2.9204758679057616	12.590625
452/86c754b06eb38	1.8812206288064615	0.720125
453/b2a1d107cfb39	2.9327677775263554	3.47575
450/b4ae10da41cd6	3.1674046624649077	6.895625
451/129569ef0ad02	2.853429136686716	5.4988125
452/2530bdd26f3d7	1.0950149131071112	2.4518125
453/30a5eeb70cc4c	3.149777893824532	5.749875
450/876415ab9bc78	1.0716121144529402	1.0085
451/3de3c2f3d996f	3.124960651721465	2.5359375
452/d9318f106fda6	2.9606552058917877	2.5885
453/1e6ab9d381b8b	2.8123508859576285	2.5879375
450/bd17083b292b4	2.3747156818964856	1.617375
451/0269d421924c7	3.257068746085823	8.0183125
452/ca7bcf0f89a28	2.387576112415952	3.1475
453/ea92aef3fab9f	2.9465095219205577	8.4428125
450/e7210145dcc08	3.005893937456175	1.5389375
451/c97c4f8e04884	2.0437707729036303	1.785125
452/4beb2c4b622cd	3.125562505562679	6.07175
453/6e955af083009	1.1699114443424623	0.7684375
450/11963a6fc41be	3.2899689996937163	1.58525
451/2dcfddd127e71	2.4898259231329725	4.996875
452/8a8d2585eb287	1.5192421213206324	1.763
453/0d4b6b73ecca2	3.527669288769899	14.4011875
450/763d657812896	2.7424776467215537	3.3841875
451/1c6fbda30dd23	2.995190661218412	6.5900625
452/48b61314e3d21	2.642500472037416	22.134625
453/ee9fa30f27c80	2.9032307494063887	2.3554375
450/bd6889e5ce09b	2.709873840952889	2.160875
451/624dcfa505c4a	1.739393099027521	1.1435
452/12e03081226b0	2.171169867117399	4.710125
453/5523c2e243bd7	2.530849721094045	5.327
450/40c22b1543d14	3.132682556430287	7.0169375
451/a9e945f94c88e	2.6316315119280342	3.085125
452/8b61741c0b964	2.4221111026139144	3.56175
453/2254b70dd6d8e	3.0423901908568496	8.21825
450/71846ff37a1b1	1.636794355412132	4.5010625
451/c4c8fe9698040	2.742318437761699	8.296375
452/2a386d638c8af	3.186733369002054	2.6155
453/112a3e0bd6240	2.933912637053404	4.6318125
450/ce826120c91a3	2.489481876789019	3.9368125
451/e22774b4fb0fd	3.380124969003784	5.1716875
452/34ac4a52d6042	2.6452847328117954	5.8131875
453/32ae3a0f92fde	3.379038932072467	12.2691875
450/2e08a2d20eea2	1.1882401372991596	3.7436875
451/046e5a153c3b0	2.751893374891999	3.7986875
452/b1300f7fe47e1	3.148248539450976	2.84675
453/5725562f9b60f	3.105377232442192	4.31275
450/9c12f34eddf78	1.2433278906627132	0.756625
451/706d5377dd5ed	2.4914626379515106	8.3315
452/e60d95a19ed2f	2.94942864149991	3.279
453/9061d5918dbf5	1.541432283065507	1.44225
450/4038d73f294ab	3.2989302223246764	2.89225
451/90f8a988e369d	1.1228170588797461	2.26475
452/fea5b828fb310	2.9185221475780834	6.5623125
453/d8eb9cea7a260	2.8926160896751667	0.9704375
450/550b9a85984e9	3.2111279007945006	12.94975
451/eb30203416a1a	2.5635916817306295	14.4035
452/e2fc89a03a18d	3.080070040964877	11.94975
453/0e1559f32992b	2.132246664446256	2.6425625
450/48c624936941e	2.7244314861773127	3.4109375
451/867a7057a1fe9	3.071909786512329	3.680125
452/a3ead93762e4c	2.686186217391614	4.084875
453/fbfeccf555e0f	2.8360277195124732	1.779375
450/802bbd4d4ffb6	2.80731069661293	3.228875
451/2baf95d3c12de	2.411023932876386	1.7790625
452/674d2126840e6	3.3217330482433978	5.00025
453/10e8dcf9766ec	2.45063947171878	2.9195625
450/85d04450a2762	2.3883196681251935	3.1184375
451/de22ee8274abf	2.1449550257374757	4.895125
452/90b15a7d24153	3.404574932549543	8.6350625
453/3518bcb710636	2.961794579581903	7.5356875
450/82d5591265b40	3.198968966608991	23.5875
451/555988db5862e	3.2645085080611893	8.1271875
452/52913a2fcad16	2.7945917271478407	12.155875
453/52ee2535bbbdf	2.5889322471920684	4.3180625
450/6670811e5e6b7	3.2075163742959663	6.0549375
451/e53231e4404f6	3.0179401176316563	4.153
452/dda998e1b1b23	2.7435132608945194	5.566625
453/91e82f4bf4858	3.1682862434597525	4.2340625
450/58559b07f82fe	3.244143003391138	6.1073125
451/74ecd573a28a8	2.455985426260925	2.019625
452/0150077ab4a3c	2.7892489842001384	3.3224375
453/97eedd7dc55ed	2.42643408105608	2.6865625
450/7a79c8925f28e	3.2385111380176186	8.18325
451/eb1bcde46f166	3.1273186754833597	2.1525
452/7912c616d0007	1.1629921782718353	1.5961875
453/fdb261705d79a	2.5813574806147974	2.7421875
450/1ef379e2944cd	3.280831325841347	8.304625
451/5afb500e260a6	3.250958825881302	7.253625
452/c1695b25f3cc1	3.401683392668036	10.9981875
453/dad90b1af9904	1.3455720518810559	0.7685
450/4dcb786228659	2.7048524821642284	5.7221875
451/80b480c108ae2	3.193859848730194	5.7634375
452/6ade83218861c	2.9669074022955564	4.7415625
453/2038c1ebee414	3.158458696415158	2.716625
450/a3f7efe75cacd	2.1266001364975113	5.018875
451/bf199cc77e732	2.1978624559992284	6.558125
452/6da3f5f9751ec	1.1172900660869078	4.6348125
453/446fb7cb92246	2.949552743464628	18.139375
450/246f0d6bde861	2.3709940104925633	1.804
451/d1848e950d939	3.2321092029877456	15.479375
452/cfe8ec23958a6	2.913732079309367	6.0055625
453/891d5fd4bdcf8	2.5305201339608963	3.9810625
450/3fcc4003a4682	3.2323122115534724	3.36525
451/cb7712002c87e	2.745442420598759	1.7551875
452/03537d8364694	3.3961150809913825	19.0806875
453/0aa4301de41ce	3.050119742076442	3.7878125
450/e16ec752beeb1	2.7296242063346106	2.1175625
451/f0bcf5212f550	3.2122373047631037	5.5464375
452/5e5de2e7727ff	2.096746921230756	5.0508125
453/4bc1d3bfcde3a	2.622770956471879	3.12375
450/ebdb197289dec	2.5477023602071105	1.8569375
451/c8bc1f757a64c	2.947503730772066	12.814875
452/8b1fb8c9200c6	2.4497758609987486	1.346
453/bb45bcfd698c2	3.1245782271154563	2.5048125
450/4a7eea36e29d9	3.1983684951830793	10.280125
451/446ea0b7b6d2c	2.972169848109704	2.7136875
452/9b8ce44dc0700	2.547054734978921	6.2311875
453/9f77053402e83	2.8269813107115325	6.05
450/a32f25ca6f433	2.8835687438046365	6.362625
451/44adb41904842	3.270088361656731	7.114
452/c1d5293368960	3.2074528147610923	3.0653125
453/a6d972d65bbfe	3.325462193786928	3.217625
450/4f915517ceeec	2.8878031027404543	3.2815
451/e0c30d78214fb	1.0913547781334636	3.22225
452/75ae17cc99b2a	3.0315987055141456	3.369875
453/8803054b07799	3.240464126651821	6.655125
450/199014ab49b3f	3.1145493268072495	9.4239375
451/25455993a7c03	3.1272940794582156	7.8741875
452/0323357306493	3.1294188447641687	7.585875
453/19335309e9b36	3.4717015455881666	7.3101875
450/3eeea4cae52c4	3.1015433372898795	4.3611875
451/14f7d3e49b214	1.5103476432650225	19.8945
452/d86372ccd8945	3.3760211780409186	2.604
453/703b511d97be2	2.1167984527977364	1.9178125
450/e04721d43b2db	2.1208413384075926	1.6344375
451/e36cd864359d0	2.5521028022713907	3.5770625
452/40ef32a495b9a	2.5414323762761635	2.3055
453/a2bfa18e9583c	2.7831287897870634	2.4915625
450/aefbe9909ddfa	1.098606517807253	1.2498125
451/c8347085c23ae	1.6673970627631491	1.088
452/e688aa10388c3	3.159490827501996	27.79775
453/41bd50fc85906	2.552510039743351	5.404625
450/1048513f9c472	2.8311716882318407	9.9276875
451/89765cfaffe46	2.6660426310014196	7.230125
452/55fe7444dc1aa	3.068058825254284	7.4596875
453/39d35aa7a72f4	2.400766605743906	10.385625
450/2f0077e55a0a6	3.1025123880289307	6.5504375
451/632278aaa28d3	3.29274391894835	6.3480625
452/e27df2c031d09	2.6229207639309116	3.6545
453/83e1c4a8c7b7a	2.6538108928101893	11.2779375
450/ec6f09d095364	2.8527779194907157	2.336625
451/6c7995347a5a9	3.1237997785909406	2.48525
452/84312ec51e2b9	3.196023365765213	4.029625
453/7a2f799d21252	3.2173581881370423	7.0885
450/43f18db489181	3.548884579340544	15.91225
451/fcb0f377b0a6e	2.149152509241245	2.64925
452/c55c437d77b9d	2.0868909036827845	7.90125
453/d6e96415992fb	3.2203025009614046	8.8796875
450/c39c9ef5460a8	3.4018967100903876	8.4403125
451/08fab76b5e983	3.1924723091684597	3.195
452/9c173c54cbaf7	2.718487521719769	3.22325
453/44bc27ef8c81a	2.7257078643955737	3.5228125
450/23df9dd75b7fa	2.6542020324022046	12.18
451/37deda9fe48df	3.049763648132366	3.9383125
452/44f271f3371be	2.620677099304723	3.2403125
453/d359f7b8e12dc	2.4717547331792784	2.0538125
450/cabd2da659468	2.919558988349064	4.0568125
451/5064b4d19859c	2.6294290326342002	3.8905625
452/08c46117a298a	2.790864623972168	5.70475
453/e48caae401026	3.1923244985053545	4.3941875
450/7545688160c18	1.859997590192411	1.843
451/007d3b05b87bc	3.3497661068525617	9.9206875
452/62f26f5d643f6	3.0409590394039	5.608125
453/646f5969deebf	2.6812112238943646	4.2834375
450/a2ac790855256	3.3060678626965667	8.404625
451/0e45fff0fce52	3.021494164025895	12.7188125
452/7b5aa19f76084	3.1768218926070984	8.042375
453/8350cd20bf96e	3.2228684583549922	7.431375
450/5c1f2e62a1ff4	3.4042268342585724	20.480125
451/8eae9de3cb877	3.3953324084178464	9.4121875
452/2e1e06a974eda	2.032900584848477	4.1353125
453/1eb7dbf814768	2.7719289569809074	12.244125
450/f7b3edd16f40c	3.0060892788570945	8.2516875
451/3581a18efc8ac	3.133927068727296	3.859
452/08a50afff9c9e	2.475021006851687	2.5350625
453/af8bdea868ef3	2.0423522295254672	1.7144375
450/725a6440c2a11	3.2250022029146685	3.8375
451/3f2ca651f139d	1.9613215516694165	9.29025
452/ed8e8f8d48055	3.067756251281845	2.6993125
453/bc6ac575ab290	3.0794687656803887	6.3675
450/2542acddadf2e	2.1402835364984827	1.5211875
451/589549a23de56	2.7388322647848122	5.7885625
452/4b95d5f64db1a	3.0677111707119997	9.785625
453/444ef18fe3bc2	3.189945460398287	6.0605
450/c0ec4b064365b	3.3967162435120035	10.21725
451/e676882847745	1.119721371547239	1.78525
452/a6fc5faca667e	3.35986412253512	25.529625
453/f25f04be22bc4	2.2806995071901355	2.530125
450/a5a5a71b93df0	2.262472180655343	1.538875
451/2f878b9863745	3.185561368656863	5.7701875
452/5c83cd9677a06	3.2562591193230874	7.0679375
453/02406931c9744	2.980966996235344	7.979
450/08855b84adca6	2.4842941161529644	9.541375
451/02ec09cc5f488	3.117325284724907	10.46125
452/5900f1414ca66	2.6551226436335242	0.912625
453/55af9dd651d5f	2.428288975665931	4.411125
450/54316cd827949	2.9577257848580936	5.7265
451/f3619b3d25cfd	3.0028164248481954	1.250625
452/43ffeb751bffc	2.1779090498272033	1.8235625
453/fcaafda548781	3.372847465789489	4.752125
450/31e16c2b8bd4d	3.366830931786849	5.3905625
451/e0cc96a2fe04c	2.897643326305858	9.136125
452/c4f8473cabd8e	2.6177928584465957	5.54875
453/ed7ac34fa824f	3.497211023628473	8.7861875
450/a288d51e6d639	2.8663797357803142	5.709125
451/eae472cddbdfa	2.910871864185505	9.0730625
452/404fa4891c781	3.305148866950546	15.6494375
453/c8ca97f81049b	2.052370428101353	6.1316875
450/5b5855bd8500b	3.007107794783299	12.4216875
451/cb54ecc3cc9a5	2.624505089270986	3.466875
452/181c6199f9116	3.113289536599548	2.066625
453/032f2bdaa443f	1.4591365953223034	1.29725
450/0d37651859ef5	2.251506089319962	7.25675
451/150431f112855	2.9461629651343806	3.8643125
452/ca90a229670d4	3.472742652077493	14.729
453/a85e158806b84	2.769061529123212	3.2421875
450/71b58f62dda12	2.357345213130631	2.066375
451/856da80f13e14	3.3847588353013944	11.8513125
452/88b7b591f15ac	3.0751889540386905	17.22425
453/a8097d59a2cad	3.1173970398422783	2.752875
450/25a4f82da91a4	3.028975961870419	2.87225
451/500021f63b62c	3.3952727128389304	11.5824375
452/99af7cdd51248	3.1842497229615754	9.2895
453/be0cfc43636b5	3.323286346957059	9.671625
450/f395f8ee3a71f	2.476254747194502	4.496375
451/7944f35476512	3.4611499231858587	5.1671875
452/96b5b9eebd982	2.510700226385172	4.2836875
453/49b62cb2c32ab	3.483445580455583	12.18
450/2a8ecbb4060d1	2.6103972787380405	5.83875
451/7e45fb0e7e950	2.351340918746555	2.053875
452/e1a4ed79f6185	2.2809172267422766	2.7336875
453/450129654cdc5	3.197481445438981	2.457625
450/0e28d0e1faf90	2.9121692052776424	1.959375
451/a8d0b96bfcf52	3.4385390491416645	5.74775
452/17f47c90952e5	2.30690380807134	8.63375
453/98e7b7d6e658d	2.7908973743133934	7.0981875
450/37faafcf44977	2.9048550921794014	2.6835625
451/371107ec6b0cd	2.9146450476269035	1.605
452/d2773caee2efa	3.4158965162450494	6.6271875
453/977adadb45f84	2.691345400667511	7.1163125
450/ccb8b2c74eeeb	2.711833979684627	6.6365625
451/7c6172413b156	3.334535496335317	11.7819375
452/b428d17e235f3	3.0192090712867277	8.557625
453/3306afca80a22	1.1629430702091557	1.009125
450/22ef0a002ce9a	3.0357777653643296	9.4835625
451/d15a407592282	1.5722380330830141	0.7684375
452/27269ed3cde32	3.2031468522788	4.1916875
453/56e4a8c65108c	3.2109813979826383	7.43925
450/0f932f6192a68	3.2951270689181196	8.0130625
451/0170d02542c58	1.7616070051824135	1.5384375
452/c138f5d61f445	2.7246980243734757	6.414625
453/e07147dec90c3	2.7787116901534175	8.1253125
450/c3f62771a463b	3.0960047625449905	16.200875
451/df91218d748cc	2.327969999083142	4.660375
452/6087a8b16f031	3.3031467086432107	10.8374375
453/66557a85553b2	2.948647257112616	9.0841875
450/a8497584ac3a3	3.3968174634413506	6.7550625
451/123397c0a4b36	2.395604076852704	8.9495625
452/0ab17890b1316	2.386655366488065	3.72025
453/7db0170c988e0	3.330576232378308	2.5194375
450/0c794b1fe285d	2.7635578036547463	4.320375
451/9fc60dd22d4ea	2.4383229606841756	3.248375
452/c2e8ff041099d	3.1016801698594394	7.2959375
453/929414ea13e4b	2.359227593878015	1.2541875
450/52575bfe2a9d6	3.3143652640517316	5.19925
451/40437b359f9e4	2.744523776018852	4.078875
452/af854e15c064c	2.7305491270999735	12.5105
453/bfc3e8f8f5419	1.9756728262442618	10.1350625
450/c30c0fd4201cf	2.738424776368	10.4196875
451/3727db62f51d4	2.213519295225537	2.5951875
452/78b5fc9791da0	3.112305671057807	10.6278125
453/debccedb0e619	2.8981606446597294	2.0685
450/1b8e99bf3d850	3.099263372072374	14.6225625
451/8805dbe03ac4e	2.1802331507707513	5.2546875
452/d1e468afbf240	3.566087828541851	7.3238125
453/4777e1fcb8f43	1.677543808378628	1.00875
450/b5e15d886bca0	2.890556251061187	12.0689375
451/8960e29c87f56	3.131934130539274	20.301875
452/70566ae94d581	1.9403349814317579	1.7209375
453/0d37d448fcc86	2.0872528485406683	1.658
450/0ca6abd60db4a	3.178891232096583	7.0148125
451/68af321c5c629	2.9450758835788857	5.5648125
452/257a93b62b0a1	2.7261581867883184	1.21575
453/5644a36c61242	3.0699534822857477	2.2484375
450/d4fd4cdb387ee	3.036709625904525	11.574625
451/7f59cb31c85fd	2.998805787221857	3.001625
452/eed5c91c5f80e	3.3270323319291837	3.3049375
453/bac5419c69287	2.454988252475243	8.0474375
450/45d65cb3bc502	2.9173299726870257	5.5881875
451/7101f65cb2328	3.3957733160928636	3.4064375
452/2f05cda5d77fd	3.4470038526829536	11.1006875
453/25260c9ffd152	1.7743612329260268	1.313
450/acb6c94e2ef49	2.5453216192125256	2.697625
451/5b9678017e997	2.881679156488749	5.4128125
452/f5c396d9dc02b	3.192498966570914	11.4590625
453/dbfda225f9d91	2.580722831248115	1.3460625
450/460105976aa7b	3.3001283703787183	10.931125
451/0faab3404cbe9	2.0096756059863012	1.009
452/e87215474b800	3.0487018986822685	3.265625
453/7be79222d49ef	3.2374164561389285	3.867
450/14042585fb859	1.2772900143272332	1.0085
451/1719d4fd45ec6	1.8140508304240233	4.084875
452/abb36595f5210	2.2303216698201522	1.3479375
453/abbab6a25110e	2.2280534005695136	1.633375
450/4b59c01f0e8fd	1.852499332776066	1.4923125
451/931e031b2bff1	3.1580712946359513	3.168625
452/29d88986fd38b	3.201996288163284	9.5446875
453/91adbf9e68c3e	2.558048932342774	3.6235625
450/0e587f85670b0	3.064290546730057	4.8685
451/4c93eb00f4aac	3.009010787896632	6.75325
452/eefabefa26d07	2.8466763562702364	3.6534375
453/29da5d37cdb10	2.0286337292547336	1.633625
450/c893811b39dd8	2.619532775301608	9.712875
451/3349e9b0a323a	3.1080598295997484	5.1894375
452/9546c6a4b39d2	1.525897198365827	1.49025
453/478a27df6ef92	3.098996482680316	5.6923125
450/3cadf191c9c28	1.6698076887756201	2.6478125
451/84ff3cbe70d0d	2.723682337494695	3.2269375
452/c2eb932b39fb3	2.1209061488290573	3.5395625
453/bd76bf4c3f720	3.4556106288208395	12.9196875
450/5c8ffe5f178c9	2.811104662738439	6.425375
451/0dd4feeabf7ec	2.9747826421517938	8.802875
452/156b95835f3bd	3.164587772326383	14.5306875
453/bfff9e08a889b	3.1239356550538044	3.4655
450/3e478fef6512e	2.096004431696398	7.2298125
451/da07f03dacabe	3.098650837812651	3.0746875
452/93bd4943bc5f3	3.150747282466564	9.11325
453/8c54e9bcbb308	1.152342750681376	4.4055625
450/e8a3b66d828c1	2.575330522554517	2.2584375
451/c8037be3d2181	2.9756839501826415	13.287875
452/e5e1ff188abf8	3.2902657675155016	3.3914375
453/32b72d1db666b	2.538342448922239	2.7964375
450/10c1ab1238566	2.838319049115512	2.1628125
451/fe6ce0d2c7b93	2.618984383009971	1.3048125
452/c6bd407a1cf02	2.3670070954330664	7.6910625
453/3a42da3a1aa10	2.7306765460598217	6.7796875
450/18b0bd62238fe	1.1151086990053571	1.8255625
451/72f65f1d7df86	2.1989594669872203	2.5979375
452/ebdc551c47569	2.249999995627895	2.1643125
453/1ab0c9cd06ffa	2.74588621960003	4.981125
450/ce9bf34f60662	3.219670205634459	2.7091875
451/a4bf314feb76e	2.695625118766874	3.1041875
452/fd289dbf5eb01	2.5843434318070786	6.697125
453/da3e7a8613fc1	2.7846144808429045	2.3550625
450/3203c4ed1d0dd	2.640011313733096	1.9719375
451/e9617284324cd	3.44255111269569	8.9419375
452/cd0da0f7e7627	2.8690660239448875	6.621375
453/85a74ece52080	3.30714212939072	3.439875
450/c1a1d9ba6a883	2.77248456577693	2.18525
451/7145f9aeee2c2	2.9966786002111716	2.9450625
452/5a5e8fc8aed80	2.944863867429762	3.2808125
453/c23e518bd0849	2.3484456952999917	1.1634375
450/4a49af5eb04df	2.414055270490436	3.9609375
451/04431be664a7e	3.0191782133131233	2.870625
452/32963abc7c0a5	3.3272914301823127	13.280625
453/718381d018e33	3.0102391531456982	5.3560625
450/1fb14a03efc62	3.224500254815791	6.05175
451/78175bb6230fe	2.3227850328125825	7.0871875
452/50811043ffa25	2.236912967951594	2.5698125
453/800a851ef7c67	2.4394018272563365	5.3884375
450/fc97115637541	2.585699116927012	1.4076875
451/e3e2383880da6	2.4442987767218716	1.53925
452/7b49c2888ce42	3.3904912607099797	8.822
453/28eacfbaf009e	2.6453113142330973	3.8655
450/2db6fc4769586	3.3326672593822093	3.9739375
451/1329e30fd7ea3	3.281370141408075	24.973875
452/9ba60ce67a95d	3.2149542847972024	8.4519375
453/419e08bda5ba1	3.3438524909487426	13.0023125
450/4f6f2f35b9c8f	2.6635943624869194	0.856125
451/37a34db7e54ae	1.5496992708577162	1.5853125
452/221d5d2d55f25	3.08966687848242	3.297375
453/09cc20ef61058	1.566115423063803	1.0346875
450/16275435b2dc5	1.8748565460823219	1.5485625
451/75148529f348f	2.3787395570323757	4.455875
452/5e2f3cab38921	2.3455198432195425	1.737625
453/5a651111a446d	2.5706948032233226	4.710625
450/b318f782d88d3	1.4476027486778758	3.7248125
451/214334820e7ee	3.088001510596864	1.807875
452/2d2327dc4086e	1.503337860660601	1.641125
453/f3c49383143c9	3.345904326119852	6.923
450/7207669695829	2.705774185984677	1.69975
451/0f2294e302911	2.799499660338558	2.98
452/7af2df4f070eb	3.397271009112398	7.0803125
453/eaf4cf25416f8	3.1102843663927557	6.1713125
450/2412bf9ec7fc2	3.105993826554325	6.68825
451/815ae62f1ddd6	1.3594018490040383	2.06525
452/98d2b71295367	3.175033124307084	2.2275625
453/35d014e6f095e	2.975373793733886	3.5131875
450/11341ebba498f	1.7797863567908272	4.714875
451/e2b1b72eb0c7e	2.5173733444124284	3.2979375
452/6421ec6ffeb75	3.0189090654603996	2.8405625
453/73eee00834c4b	2.9761153581169304	8.127
450/214f580a5e97f	2.972448032753371	2.5548125
451/85a7ce9f399de	2.9526844270244585	9.01225
452/56b8a83360051	1.0983751387590779	1.51
453/b0661cccd7acb	3.191150572876314	8.0418125
450/7e5be9fe1b63d	3.227089801681888	22.078
451/d3717cbe752e6	2.7223417538866665	1.34925
452/6a04a7b2a4b0e	3.509807841671452	5.3535625
453/4e8b590e5f19c	2.672518006344039	2.21075
450/73e5a9af72ea9	1.9141031961503792	4.92925
451/cd2f6b121c275	3.2361908623186904	2.468375
452/a3fafffaff3cd	1.6989631858629253	3.04825
453/0db44f95813eb	3.286504437181424	5.4248125
450/2220bde015b2c	2.992498547926661	2.537875
451/df3ce779badb4	2.0777178653553587	1.34575
452/13807fb9998d6	3.413669000845093	3.444875
453/1e62845f1b9ee	1.5442596916910734	1.6015625
450/8699cb6f56f14	3.3351620831602005	7.0159375
451/10ce85f12f9cd	2.755100438400407	10.18525
452/ada28b598c5e2	2.928043378079752	5.7194375
453/623aadf2c0302	1.101446208515994	2.4831875
450/1fe3fc62cc1aa	1.639723588789297	0.9109375
451/cf01a9687766a	1.5660740579119965	2.8161875
452/de96b8b9037a2	1.5012389750374833	1.1654375
453/da2ec4163ee82	3.3317021295283915	6.708875
450/bd52263923bcf	2.745575588944482	9.081875
451/9de9096e848ad	3.106729387338522	2.397375
452/4f66c63ae8012	2.9591992454309697	7.17
453/1c4af81dc5a63	2.3954122614694953	2.3351875
450/84674f0affc17	2.8242695872404444	1.240625
451/3d9d03a64c59a	3.455080622632843	3.7341875
452/422a1675a96b8	2.2053945080754325	2.16075
453/6742d4d2ca03c	3.2256808660967913	10.2385
450/55d9d2a2c7dce	2.405328214953137	2.83275
451/4e3b049d1b225	3.450386585063897	5.5799375
452/e01e9d03c680d	3.4584163845892752	9.9676875
453/d8c75e18a5377	2.368120398760976	2.019875
450/48500bbc890b5	3.558492524439957	9.5628125
451/439e55608e544	2.160354643074278	1.94475
452/9acd210821441	2.399950764150889	3.7224375
453/b94ecb0c0c349	3.3174302603085715	8.9378125
450/f72b3ffb5e6d5	1.965745144140738	2.525
451/569e89c9b19a6	3.0317064077685614	7.63575
452/0e53437f32666	2.1482420803189393	1.4904375
453/97bf05cd70c9f	2.5787927004439104	9.080125
450/983e80a6d57e3	3.4994449424664906	7.305375
451/729572f0300e2	2.673427039013433	1.7393125
452/ee8cced61b0ab	2.971107173342069	9.1805625
453/cfdc74e541128	2.9763158629047157	8.4195625
450/167c186defb0f	2.823363128738797	4.4325
451/d0e68c3f99f13	2.136350112399872	1.9864375
452/e6c908346ff4c	1.5225040020316711	1.7776875
453/3f38a26d38bcd	3.1203458461026283	3.4809375
450/522ab965a9509	2.3176322223369157	4.92575
451/96e2766e3da94	2.3999614211464895	1.7848125
452/d88907e68429f	2.181646714667502	2.88375
453/fe87177775257	2.239605807812254	6.4610625
450/0dcb11a5f94cf	2.129740266449919	1.758125
451/580a327b6351f	2.835328153507968	11.141625
452/6d981c34356ec	3.36793266406473	5.56775
453/8199a0cb40ac8	1.99166606360997	4.0189375
450/430ed696adc58	3.3008885654459346	6.494125
451/98e1519248f3f	1.9355923346703192	2.0896875
452/a2d64a1f9eb76	3.29788620220793	2.5460625
453/88822ee3f5cdb	3.541774620304627	8.0574375
450/968528d35d84a	2.383419353695724	2.5441875
451/8bda46d3cdbe5	3.139248254505222	12.8429375
452/d169f043046b9	3.3073725928358724	6.741625
453/fb78da8ed4464	2.702801535213212	1.8780625
450/ac422819f3c45	3.131580016162962	5.303125
451/6f2d596a0b5c5	1.2094728747936592	0.9578125
452/812bb1e17bd01	2.0852735584050075	4.23475
453/ac5e672614407	3.0351396757414157	10.81425
450/f50ab2f4bc968	1.5112023160896015	5.2590625
451/6b168697ce946	3.1336864355016143	5.4919375
452/95de9a0e178ec	2.5259980192437377	4.2385
453/51700e8c4593c	2.154514683440295	2.120375
450/538b8e7e70ec5	2.6618850124281135	2.7343125
451/8086a68bec805	3.2526680516435467	4.564125
452/0ce91f4f2615f	2.9157645188496937	1.92525
453/7326f4f9c21e0	2.261030248335449	5.7180625
450/196dfea32e7d3	2.131384947599692	6.5223125
451/a1c060491c982	2.442480199388625	2.019625
452/3d591f7e1ac48	2.407711362325368	5.4805625
453/d53111ea7af79	3.1890189345763402	12.9233125
450/6463ab521646a	2.8179357209233444	5.430875
451/9062724f18780	1.8327127602260307	1.542
452/da199404779a2	2.5362005458803507	2.41625
453/dc4fc68da8950	3.126099571503555	5.693125
450/7d2c76feeb415	2.166684945761944	1.778875
451/2b0a5afd97494	3.1516090910486163	6.191625
452/ac38ec83f0c87	2.748877309914707	7.865375
453/710e52ffb381d	2.664464708539989	4.4520625
450/ce481da583b33	3.2801974152414712	4.562125
451/1f8c1f7cb3012	3.3531682225395323	3.0300625
452/96402ec304ac0	2.794164203756698	5.5009375
453/bb8551a6a69f3	3.282097873440431	5.2645625
450/ce0e1a8f00450	2.853496650207708	1.4909375
451/5b371687ee3e1	1.9027696049410963	0.9825625
452/c5aec35b837cc	3.0560308831055325	7.441125
453/52b113b39d966	3.211761403553589	4.1150625
450/516c339d557a7	2.7582409721143804	6.4544375
451/864b5c893055b	3.298258525366738	7.721875
452/572c4d02dbf69	3.4125172047471977	7.0595625
453/84eaeaf524187	2.937969324311408	4.2206875
450/12f93c84555c8	2.6408159612734767	3.3309375
451/23a7dfbe1ceb3	2.520280613305871	2.7065
452/69b9ff268e028	1.9973424152815027	1.8515625
453/0fe5539fd8b99	2.0970308201446097	8.3270625
450/a9fd9ccdeb28f	2.1578849773966757	7.00875
451/8a45dd14009a4	2.754055181310689	6.0988125
452/05555ec9dd505	1.9026402934083169	2.728
453/1b1a927b27aa1	3.145908312194068	2.65275
450/6fdc4d6042588	1.839603950058193	1.18825
451/dae08ff9f88dc	3.1115380979679728	12.3489375
452/487c929217061	3.1630918032761803	2.9565625
453/2ead7f9fe4d04	3.053712408665046	8.7334375
450/87ea572b858da	2.4599551152984507	6.4490625
451/7a52c7ff8383a	1.483585619565858	1.641
452/4ed3ca0c521f6	3.1717797028853516	3.507125
453/aa20ac86449bd	2.280972508544682	6.848875
450/e9fae9d67b3a2	2.839913324218995	2.0244375
451/c084c7e223325	2.3781571298527546	3.176875
452/90c30f87ab9a2	2.9313212405129776	1.5586875
453/977df5a370837	2.6466582716004146	9.9135625
450/8a89dfbb1ac00	3.4757366937729004	22.5455625
451/0e02c54e7a58a	3.473983400792259	7.870875
452/f14f3b5a0ce1c	3.333395877720505	6.731
453/79f26803d1c47	2.8289469305967665	6.0294375
450/ec7fe580439cb	2.747538633446649	6.061
451/ecb18acaeb17b	3.345436895050576	5.0991875
452/1724a2dcd595d	3.0666350220110696	9.09625
453/93085d70f5a8f	3.479601747707566	15.517125
450/b4f8ad305f16a	2.9692154946542764	5.1946875
451/6006757645f01	2.920401640206073	3.219125
452/5c74b96e864dc	2.817766964322012	5.49425
453/39ee15afe0d71	3.041105655203416	3.6484375
450/90b5262aa79aa	2.725800309233125	1.8433125
451/180a39272a34f	3.17620706409547	2.7255
452/911e37144b9e4	3.329209887278697	5.044375
453/4d79a40471e70	2.3306156863324268	4.725
450/5fd6aa3f8fca7	2.1558877064832322	1.635
451/173abfb950680	3.2664082634966327	5.4124375
452/3539069f9288d	2.749708708797687	5.347875
453/07a3288a25687	2.6285560692248118	1.9204375
450/22a6afbe67f46	2.762114563573069	7.3246875
451/932d66cb8021b	3.1102743415477074	3.82675
452/17d8435909723	2.4495838866209247	2.3569375
453/09b563604066b	2.9062342827325387	3.96475
450/65c249ae3326f	2.7059039330084147	5.7651875
451/3f5da8852b478	2.8736418343430974	2.9441875
452/6f84c87b87902	2.7555120715285355	7.16075
453/4bdd5fc52a91f	3.3072722119593845	2.6603125
450/7392a70eba3c8	1.6308780784779628	0.867
451/4a9c23de527e5	3.2678738732915966	23.022875
452/0aa2f9891b577	2.273928239923951	7.9981875
453/ca3e93d03b3e3	2.850503045158292	6.664125
450/30360ad3f1e12	3.34205598674992	2.0090625
451/1f58a21f40b7c	2.6698909853750683	2.945875
452/81a6078d8e925	3.067462449736173	2.4829375
453/1d547b1084188	2.3835871897536522	1.68975
450/e5ebf88ce1dc7	2.210877331671463	1.041125
451/590092aaae669	2.429069326837729	8.33625
452/0080ad7ee9f0c	2.7571352460716576	4.4141875
453/eef4227af9b00	3.2441528746296044	7.98875
450/2b8b3cfdbecf6	3.0859737141833596	11.28
451/75ce1dc932ee9	2.325819152349673	5.5605
452/5f6bd4a7829ec	3.1139080612818404	2.2084375
453/30445bf61d5d7	3.2551956088802285	7.8855
450/583609a3412f6	2.6714574674715945	3.771875
451/95ee5550602d3	1.1064696992067904	6.8021875
452/0fb32a178eb0c	2.238568757351375	3.1306875
453/63b31defc7fff	2.2377072621234007	6.2876875
450/f782f4e85614e	2.5648241518132564	2.9308125
451/139f39e21a620	3.3641212322534417	9.958625
452/9aacb69491529	1.8893554692027306	2.6408125
453/ec34a9d085ffe	3.267978157552608	3.0616875
450/fdf5e44ba20d0	3.462071181832015	6.8710625
451/83ade0669732a	3.5529608370729764	2.3815
452/a8cd436edea52	3.143804714939009	6.444625
453/fe2d91727b9e7	3.2314061366842894	2.7890625
450/1ecdb7efe3368	2.2243495306520864	7.8034375
451/e3c70af7ecfda	2.4579373669964406	5.02175
452/4a72db4848947	3.1718684849340977	4.8619375
453/62878f1fce7fc	2.263100405816369	7.0246875
450/937449e6a2ebd	3.2479097821805056	3.6071875
451/0ed67958a45eb	3.231873314843492	5.4528125
452/0f7314faea277	3.425326401427967	15.6245625
453/93b11c4e595b9	2.335293794708491	2.019
450/9fa4907c1733c	3.087812388216927	14.9344375
451/13b26b366c263	2.59990973108279	2.74
452/4c8137c8243b5	3.246807402746286	15.9845625
453/de49da0d1ad4c	2.9199141433200206	6.7515
450/e953cea8ebe9c	3.32553217904461	7.42425
451/96d0cb64a5783	3.095393427776307	2.41
452/47c4f9b7d578a	2.843859924025917	5.3561875
453/f602238cff8f9	3.2515857278264604	6.089625
450/12bf3a392e7a6	3.052808576379418	7.3114375
451/adcefbef57ffb	1.4613330473710748	1.9820625
452/2078688ab429b	2.4408376699352936	4.330125
453/6f1e660e2e586	2.7643346635468844	2.5136875
450/cc2c64cddff06	3.104255586392353	5.406375
451/9ae272d3b5480	3.0782009890604365	3.260375
452/32ba1cd605539	3.0190839895774593	5.8145
453/9ba5fc236bbcd	2.297379275517969	5.0195
450/db7510dee92e3	2.804331043448561	9.3191875
451/56b2c3f98e36b	2.887768278299885	6.6599375
452/9bff888705f7a	3.2051523548243672	2.0560625
453/2cb42f7f0865b	2.9853694949621743	6.0768125
450/efcfed5d35212	2.820481044685677	3.05325
451/f6a1fe54c291c	2.516829905572867	2.1295
452/e8241ed083ced	3.391252872446244	14.9979375
453/360b6c9ddcb7f	2.0461167619952665	5.0313125
450/df1b663a84f31	2.573379911369932	3.0034375
451/b28d0b14f1c3b	2.2652976421938775	1.2313125
452/43126b8b3c3b1	2.4049117976676007	9.15225
453/2ad0eac696b01	2.297873848905527	5.9819375
450/532cc8dae325c	2.6881897435500552	2.3336875
451/3eb9d58cf5b13	2.7878339688415714	6.834
452/73c3a7c058439	3.1722123510752462	4.3553125
453/ec0e181ac5ffd	3.002867653244664	3.9476875
450/c150d8caba69d	2.8241009226283196	10.064875
451/81a06e8056a6e	3.300731769964343	2.4175
452/afc646012c6fc	2.0883091420544884	4.4260625
453/71720813a4ffa	2.378833713563424	4.0665625
450/c0dea08342673	2.228619226984533	3.5541875
451/8d77ec36b1396	3.252658997553643	6.5424375
452/c4b3f9f442094	2.946278234907352	6.161875
453/e4ea2afb4e6bd	2.5638082771204855	3.3344375
450/9ebe2ff1c8685	3.0658771400318017	3.318875
451/eb1807dd3c228	2.5981822273990964	6.959
452/0d9970e2f7984	2.659949247942467	7.4969375
453/2860d6d1f895b	1.166534280515294	2.9306875
450/4afd01957d64c	2.0282363062898527	2.22175
451/655b0fec61824	3.002957371325285	3.0276875
452/c9d823420aeed	3.2886085214841487	6.15525
453/2d8359087ce58	3.2096658048754807	6.81975
450/10debe7031c9a	3.1366244067677207	6.2480625
451/ada7860ddb788	2.7733073342216974	1.6346875
452/3acdec794c0e7	3.1170953862395727	4.5244375
453/c8577c3cae72c	2.7239175176563224	2.835875
450/5a38ef4ac001c	2.904986903839618	4.964125
451/1b3cfd256a372	2.848710968822258	2.2265
452/a361d16c5036f	2.5403185563300754	3.2805
453/bf38e12b8ab9a	2.7207803608178915	2.2355625
450/aa589663b49ae	1.5598189776822275	2.9615625
451/d693ab55ae63a	3.2437559195311514	6.1315
452/902dfd0c01bfc	2.400018123611997	3.038875
453/9353da994c763	3.335270754873986	1.6816875
450/7bb15b363cf4f	2.4319292844306326	2.596625
451/584b2b341ce1c	3.090607346381596	1.572125
452/fba77b3660a9d	2.1362874404274557	3.2104375
453/963ed66c2c953	2.482408150490545	3.2683125
450/a06eb7bf0ba6e	2.210180069471273	2.23325
451/07f8554082749	2.0666631743266786	11.1971875
452/10ba7e88c1128	2.9054097794733407	5.186875
453/a4228f11061d7	3.24629178398123	8.0803125
450/c714903f1b9ad	3.264516682616697	14.225375
451/3299bcfd9ba8c	3.224091577286375	12.2701875
452/a56afb3b4496c	3.2727985849838435	2.118625
453/0c0c9cddddc6e	3.2768932886186666	3.8161875
450/1664c2a7518b3	3.1883972567235097	5.961625
451/ce837400a4cba	3.0732142700481546	7.1
452/cd8dec60412b1	2.8350584650788075	3.4438125
453/c2af679c4b51e	3.3706940322608334	7.3160625
450/753fe6a19c6e5	2.9412096819249425	10.059125
451/d8f7ea17cd73d	2.063210825325136	1.78375
452/44736d4e2d867	3.1257698978470985	3.64875
453/65179a215858e	3.4457460167080525	5.9230625
450/082ab0f19968d	2.2430098629606787	5.065875
451/a5c161db5f726	2.1972641011980816	5.4200625
452/82152da935975	1.912036793555486	1.894
453/da47325d80b71	3.3131802896212577	3.675125
450/bef25128a910c	2.2798888764151326	4.23325
451/a064e889730b2	3.485091782186	4.0388125
452/d505b89e44abb	2.149120383552481	1.174125
453/879441f5d2495	2.076191034156678	4.8358125
450/6f5d6c33c2d15	3.312506330396734	11.569375
451/1fa22d285f611	1.233752312685085	2.9369375
452/79067021ec602	3.090229785116703	5.1219375
453/290711dbeb1b3	3.3747103983887987	4.6178125
450/65cc35834b824	1.0557663027034712	6.01625
451/c8f318fd4ccc2	3.3179384105065277	5.0899375
452/720d4fe3d6a2b	2.0477163697541694	1.6049375
453/45eb95291b47b	2.9685114222354496	3.344875
450/b8747a21f83c1	2.93849261255262	5.3405
451/b520dd90a43fa	1.792125776875201	3.32575
452/e5d2b9645d480	2.20435358641663	1.3941875
453/61d3ad12b9a08	3.024504645529306	5.8110625
450/6444921bc37d7	3.0875187299380005	4.9545
451/cdb92631a7d23	3.0083218883609417	10.4101875
452/d151eaa89859d	3.1514352937322263	9.4573125
453/fc45762ab830f	2.0438747182975847	1.7306875
450/5fb0f6c2cce13	3.102829839904984	7.1403125
451/d09b7b9222744	2.5940274866837387	4.0651875
452/650cbbfa01db8	2.2884831259839755	1.1531875
453/1394935ade7bb	3.2989723314219774	11.9718125
450/65f80da2b74e5	2.826357435846984	4.125125
451/b698db1e88620	2.9096417161854378	8.54875
452/5c9c80b45c661	2.885057974081689	2.0713125
453/53a0237b1db19	2.683889201752521	11.7358125
450/a2cead4802c81	3.3974928705805305	2.4525
451/88858d7ec59c0	3.447277017407798	8.937375
452/fc0da588708bd	3.4812901768766795	6.6084375
453/497768004aa63	2.6419055410067083	3.2653125
450/65b82d8626677	2.6521487865210185	4.1103125
451/0ce2e74f8e165	3.187771265180638	5.632125
452/c0822801c8f89	2.981362718089322	4.2578125
453/34b215277a87c	1.3786966338972995	2.953125
450/94597295ce4fe	2.9619380476551	5.802
451/bb10738d5bd6b	3.2071285090191295	7.09625
452/7a19f69128dfd	2.817590858039901	4.17775
453/b9f516f8ae91e	3.2919296061218803	4.2154375
450/c9fe79a5212a4	3.2984391532879997	7.5836875
451/067444629479d	2.224724369866058	5.84475
452/62ad471a71c46	3.375984531860851	6.0154375
453/eda509d02c5ad	1.790154265018741	3.6998125
450/0065f76d70c30	2.503903469064913	2.669375
451/ee93a57bbbb19	1.4644806414659688	1.1050625
452/b48028d6942ed	3.3143183689489346	17.967375
453/54d75777441a2	3.1184768544739683	7.948625
450/cffd6d6693b58	3.1768828564422833	12.344875
451/5297bff703e97	2.8998689140902285	2.622375
452/cfc97e58053d9	1.9868204112960626	2.5011875
453/09c8953f66c93	2.019109449103911	3.1169375
450/a0809044ba91b	3.0855055458728224	6.466125
451/1cef375a4f7f7	2.696879125475758	1.25475
452/45102fad8effb	2.2136818467520487	3.704375
453/2f519ceddb233	3.452223076537872	11.3801875
450/826d27405f5d4	2.648881960945625	4.1481875
451/d22e0a22ef6e1	3.5683123758637345	9.321
452/c9670e530b026	3.38944986015795	3.291625
453/3930537680350	2.784126927046738	4.8030625
450/9e0e98bd764d6	3.333714848619814	4.0120625
451/1a1cbdf1ab4c7	3.4334795138809606	25.2715
452/aa34036dcb4a4	2.6325380223993284	3.4068125
453/de368a1a51345	2.1550705312463783	3.7025
450/4605addd7bc4b	3.2961382819804603	11.955
451/ee221c52bf94b	3.246119358974111	5.6513125
452/6b995505d4232	3.207101448639652	8.53625
453/5cf020167530a	3.396221884532788	5.984125
450/1e47619c92e02	1.8731945758968274	1.7791875
451/90060c3938404	2.823011025576117	5.727875
452/e13f6ffaf68be	2.145268567642062	1.1199375
453/21eb4c6b0019b	2.5022095626205525	1.874125
450/3db5f81750877	3.438423097899383	6.53125
451/5084e0f3c45e2	3.2686111734085395	10.391625
452/ebe48addf4cb1	3.01274257562843	10.2215
453/6ae96298462a6	3.067158087593616	1.83875
450/83e455205aa2a	2.9774942326877145	7.5344375
451/4b0e501f13fed	3.005686205754369	4.9373125
452/a69d0f6d480b1	3.2154821416654062	5.567875
453/aaab69e5252e5	3.2993222893442566	8.393
450/fabce81477de3	2.5162712011594883	1.105
451/e641f4637a1b2	2.2707452034950153	1.4384375
452/cdbb6b09d6177	2.5865668872269842	4.91225
453/77ebac1a0b863	1.9672293644629872	4.157375
450/ee13798dcea74	3.024605574108745	3.6989375
451/9da37dfd61979	2.1060306786856127	1.92525
452/dd849c98b7531	2.873923261744732	4.5320625
453/c18e0a3cf6e90	3.135798464434489	12.2578125
450/d30e5f9b27b1c	2.817927478204721	3.17475
451/8464dcdf3aaa5	2.943959070620018	11.89225
452/0fd4aafe45781	3.297442299072118	9.7291875
453/1d2dc59409077	3.4208076695177256	6.5470625
450/363f28fb68fa3	3.32391165215695	6.3103125
451/9ba2aafd29386	3.2828662736588794	9.1295625
452/af34b8b2db436	2.4334026044910324	4.8140625
453/c34b7c919f32d	3.2159218543566808	2.5985625
450/0e78501159403	3.097038784348831	11.504625
451/1735b1e5fc924	3.0533030288146774	8.1991875
452/651de640a6e8f	3.031493459941531	1.2738125
453/d4aa745aff4a5	1.7750689179169186	2.1105625
450/f3b4946cf903b	1.6368938369827877	2.7780625
451/d3868bf34f073	2.1316385375340268	3.6265
452/4be3a1531d6ab	1.9268059071485841	1.0574375
453/9fd9eacf2324f	2.694132242753242	2.2604375
450/9905d2391a0f2	3.098240998033181	2.6765625
451/027dfa1f40955	2.9240457229429624	2.4561875
452/3c520307f669f	3.0563579339700335	7.793125
453/34921b597f1d2	2.1506104027547366	4.0086875
450/76c3090ceea20	2.929866408352548	10.75675
451/7fb7945859d9f	2.589454175787325	8.5835
452/d2acf473e6ad6	1.6823288620566605	1.2009375
453/2aa64e305421d	3.268620965302482	4.95475
450/afc4cdf8e9392	2.8301239139801715	3.6065625
451/bbe8d54999317	3.2571736523564283	8.6693125
452/e6092e67a3416	2.276674083849775	5.0985
453/e2717e440cc40	3.437010021149645	11.124375
450/3b591b43e8263	2.9645653630019866	6.3463125
451/6380bdc2f9bf3	1.9141143637423312	1.322
452/d7334eb54eed1	2.5572712462315956	4.15425
453/4c6698c07a335	2.5309912871464726	1.0171875
450/c167b5d103103	3.4561836106087322	10.7553125
451/6ad7bd4fee25f	3.370894488670126	10.295875
452/ebcff3f89d315	2.0921452011528774	9.3953125
453/8a28b85a4a4df	2.9809753726703065	4.1323125
450/11fefed5e2d78	2.7846313910308687	5.39575
451/d5d548e345e11	2.6634053121827734	1.962375
452/19f9e13b798d9	2.7443164062117793	3.31725
453/139ff9488c940	3.1114024742465807	11.9748125
450/8469d4f7a1dec	2.113479244238436	5.9874375
451/aaa7a4c095ca8	3.022290993457575	13.58
452/71b264be4c301	3.0750711795983983	9.399
453/c3d64bf995f39	3.255743269369032	4.616875
450/767d5296ff228	3.089048290161338	4.64175
451/f4a4d57458ee8	2.9182892352447234	19.3210625
452/387ee5b25ef5e	2.9097470546008974	3.2518125
453/a64af26e953cb	3.394698980694472	6.903625
450/f06abd821e702	3.1769658108212306	5.2751875
451/245b6de7d970a	2.3830931595216325	4.2795
452/b51e476b44bde	3.293612665388808	7.1475625
453/954d2483f7ded	3.2411645200216683	16.101
450/2bc9d778e77ee	2.1594140887151463	5.3506875
451/cfcfc9ab484f3	3.3184993976169954	5.953125
452/d01da7a51eeb1	3.053375990814255	10.7093125
453/9f82c6d0c9227	2.787715198527706	4.9979375
450/aa9e7b51e7159	3.3434747695600335	3.5106875
451/dc35bc2690e75	3.115759279040034	8.5235625
452/47f85cf1705a9	3.2200175519824175	2.8895
453/3ed88be0f130e	3.0750146568621113	9.7456875
450/0119fc6e71812	2.519354466653799	1.3223125
451/9bdaf139eff95	2.0872226695906777	1.441
452/3f811020ae31f	2.791997036218214	3.058
453/6003acfd36d56	2.031102985828184	18.30225
450/d03f52d0eed7b	1.4767293009233522	2.01925
451/fdf2854c7a2f4	2.291412653152708	2.5261875
452/ce44fb3ffad62	3.330651756446346	8.7511875
453/c73d856aab0ee	2.3134580700196046	1.033625
450/019896da51593	3.325454955298743	5.5904375
451/ca1740b476ecc	3.110904305830165	14.725625
452/7f0dd17547856	3.2538304763696417	21.891375
453/7e41bdb2dc22f	2.8140942847918136	5.262
450/58482ddfb0749	3.1761075692679106	10.094375
451/445f57727e380	2.432269949185816	2.644875
452/683a64b20258d	3.1944171492869904	4.349875
453/051217062271f	2.8533787103823234	3.5011875
450/7285151c9c515	2.6068636021672127	4.054
451/1a29b25b11c23	2.32398460335518	7.9963125
452/774da39a8a7be	2.9557977902781345	14.656875
453/8e2f634738365	1.3778584222675458	1.0090625
450/493248e648309	3.0453008656451206	3.0304375
451/b27c06cd4b1d0	2.6515279268716885	2.735375
452/5a1a46c3c9338	2.879598966394559	2.29425
453/699c8ee6e7026	2.4533646216798384	18.751125
450/9b36cd3d6b32d	2.4053811891286525	6.9906875
451/f4e997d9ef023	3.0674470344058435	2.2056875
452/50a0c986b55c6	2.9908622661436404	7.6030625
453/79cb7c08481b6	3.159601265527401	2.667875
450/dac2355f38898	2.9410207032378293	3.911875
451/444efb6db39ce	3.4003235289253055	8.82675
452/5850e67374a5c	2.440625802756576	4.96975
453/284ae52aa3e32	2.2391728764084875	2.524
450/9f6ddc7eadabc	3.329893750362229	15.7243125
451/9198e22be8c19	3.1717964287480345	3.6804375
452/74ffbf2046308	1.260131244811958	4.273125
453/3922c1f194108	3.374438623955369	6.5806875
450/56a8b80087402	2.2910175511907056	5.1433125
451/901158c0e32a9	3.4458256259700293	11.5961875
452/a67d6307b306a	3.330454638239107	6.85925
453/807edeadba7c5	2.9205697380216833	1.1690625
450/671101404d643	2.315483781404111	3.4545
451/bc4c0926b5346	2.527577416579588	1.818375
452/c950102260ecb	2.6262256155972534	5.732
453/3dd2e80d64e09	2.6848508329477663	2.0276875
450/8078c789dba22	2.6452721636891177	0.9125
451/44c94ced35936	2.8925528424947142	3.990875
452/fe2664f3119f5	2.030270486002646	3.7064375
453/cc2c177bcaa53	3.1361497077259934	5.160875
450/4621dfec6db4a	3.355079375349028	10.9305625
451/570e97b67e498	1.8711361257846846	1.1795
452/69a1e92488b00	2.3090843689525475	5.036625
453/975735e1f7339	3.3757801981425617	7.369875
450/0cec28405f001	3.371247318411092	14.6214375
451/492a5268629a0	3.189266374580381	1.4415
452/a83cb5b71c4cd	3.1621450401029376	4.86375
453/f70b53c3dabce	2.6816218190347323	5.676125
450/92e59e62742d7	3.4459584102913197	7.139375
451/33d8818b4b152	2.985963774534033	1.7263125
452/78d431b53d307	1.9245950881262335	2.8335625
453/a63a80d15ae84	2.8375280582119466	2.451625
450/f636c6f58cad9	2.92788717443029	3.3158125
451/6a6ad40855c92	2.1620244867816014	2.626
452/e5e5675b455fa	2.859172842644102	9.1305625
453/9c8d8b2a76278	2.5575200047469386	5.9133125
450/4fbd005231660	2.737789939809809	7.148
451/9642b6377efe4	2.7535884659674092	1.939
452/3af158bc65b83	3.2045283695341755	19.8399375
453/1c03a7aa5fe35	3.4429697865850164	10.3065625
450/2dc3a9947ca34	3.34181793349991	12.2954375
451/11842ba3c0f8e	2.3677722870122215	5.672125
452/17c33587acf4d	3.3406962211660405	3.557
453/8a8679ce7a041	3.0501067351186926	4.19275
450/f9bce05d47e42	3.2739388544030947	23.6471875
451/5686c0748e2ac	3.1590352127880084	6.9589375
452/a674c6507d94a	3.0869039548275956	9.134625
453/29a96501bff94	2.8024743960313176	5.1694375
450/77a180e1997e1	3.2736019298795926	6.395625
451/5042ab68ef977	2.7480508963332757	4.4415625
452/9410bbf4c31f7	3.4305495267805624	12.2605
453/849928bf7505b	3.004597980189039	10.408875
450/943d6dd82cc18	2.8566724252084095	9.2445
451/29eb3bbfd47d8	2.9946124266553866	7.091875
452/fc68053242466	2.682545840383954	7.24925
453/2bc224a0eb246	3.2604901765427106	10.7839375
450/8733252a19171	1.4996525673395165	2.752875
451/868140f5114ed	1.1949442022000751	3.018125
452/3caf7677c9372	1.938504160911229	3.877125
453/2eafe59eff893	2.831117078011831	6.0914375
450/c20e2f5e45b3f	2.6611006499180854	4.703
451/2f4d44d6d6702	2.8354666312942	9.1251875
452/f569cf9ca400a	3.319343035542762	6.69475
453/30e8e40f5a36b	2.6413685176726522	10.6570625
450/7158b384b3711	2.3404247883579115	2.16175
451/ee7c07c746f33	3.194773229067627	2.97975
452/29b76ca41f09c	2.9745534040848987	3.499625
453/8cd96b695db8b	3.18254169649849	4.652
450/aaa9ae33f362d	3.2679442733005684	8.390375
451/768203ffbe408	2.987454268895945	3.03825
452/9d7c374904c05	3.411992296872542	7.978
453/815d66861ffec	2.172585323286972	5.40775
450/2b9cb8afc5b49	3.1016484082171947	3.6590625
451/cc971ed1865fb	2.725917393660084	14.56475
452/6d64bebb05cbb	1.1846894440085773	1.8510625
453/e9e40f2eb07e0	2.869657947719875	4.389375
450/819e2e2ba485a	2.369254314087462	4.739125
451/7d7ae4f1c4bad	3.080541939683542	19.029
452/7c4f47acddbf1	3.4140923065043296	7.269625
453/aab90a21c564e	2.8513005597221626	3.7165
450/74407cd307a00	3.024161738488768	2.16275
451/d02a939eee751	2.655848753946789	3.423875
452/2c4d9e1698f05	3.3136233306911587	21.78475
453/64eb4923fb4a6	2.7517172030898953	1.38325
450/efa18c777dd3b	3.102029904671909	5.5253125
451/d6beabb044ba4	3.2953835111504715	6.7168125
452/3fe8590feb38e	2.588921372110103	4.1465
453/6ea89193bb593	3.336151012574843	12.5333125
450/ecfe6914ad9be	3.40947244917195	8.2023125
451/747ba49563dea	3.055843892411553	13.134375
452/97e61513911d0	2.641570715596119	6.036375
453/408f7bdb528e9	2.4727945611133073	2.6003125
450/74727a37b0424	3.0766136074895103	4.974875
451/1aa3bdc9c0ce2	3.151869105090858	3.72025
452/c0de3a5420c04	3.0850827819054767	1.2503125
453/8caa18927b925	3.1969119928933987	15.8220625
450/48bcfa6d5ec6d	3.142065266964416	6.390375
451/763dde489500b	1.227368306255585	2.1683125
452/6b1d8bd68c37c	2.410078040689193	2.8074375
453/6be4fd9528471	2.8772961225352387	8.05975
450/44c72cffe9ae7	2.8937855802483297	2.475875
451/f37ac6bd31a76	2.251672607344552	1.9465
452/0f1ec871b9f06	2.423896428862927	4.80475
453/256e454111291	3.2148696742471206	3.37225
450/051741f3c3e43	2.767171310792259	22.9696875
451/136242d457b08	2.803784788641546	2.56575
452/69804c3fa8668	2.4690653066258075	1.2983125
453/b7896b437b024	2.5876734036415305	6.7581875
450/6731190cec882	2.941861151960745	1.2978125
451/b7794d22ca3da	3.2820059789862355	4.6053125
452/38ecbaa09746a	2.8862529247857247	7.2564375
453/a18f85e5e74f3	3.2379456143575087	4.51425
450/43bb91b5e54c8	2.4817777395751173	2.7174375
451/7aa3e0138fcae	2.8328807504413063	6.9809375
452/add3dc17a5208	2.0970004324829636	3.9853125
453/acf8f37d27265	3.3581732784207157	14.6006875
450/1c89aca37f34c	2.8580357052823264	7.84675
451/a3531898fc8ee	1.0879120012815724	2.8196875
452/58e2558b82432	2.56722948511103	6.3563125
453/f5686bae89dd8	3.0961684833380665	7.5995625
450/bcee1f02e202b	2.595373516793957	5.4441875
451/bfb98360ca166	3.1512063231050225	5.6494375
452/7174a90638c4f	3.214966650491578	9.99625
453/6d66ae5cd60a5	3.0341451871300453	7.5926875
450/c9dfb5dd277a5	3.0280235188195963	6.993625
451/161a26555270f	2.385654928269652	3.5029375
452/8f0d6bfef89ce	2.752556045707416	2.1823125
453/0f2cfc4f108f0	3.012414850756258	5.955
450/f19ba2f081ea7	3.0580057685574062	7.6075
451/96a0ac2392715	2.7218700648752727	4.0315
452/c057007685d56	2.844017661111122	8.33025
453/3fb41eefce4b4	2.2681134855917695	4.694125
450/23e98576cbeda	2.2718992230135417	1.9215625
451/796cfeee4ad99	3.0000367925890954	1.7321875
452/a2f96a2684c7e	2.2172899469573366	4.23275
453/b7fc8075bc2ee	3.332895319670263	13.8541875
450/a581cd9d1f0ce	3.2134568627427984	12.9185625
451/008c51160f3c9	2.222962360312595	12.630375
452/f56f15022f9b7	2.7979328644548453	6.328125
453/47c30ad47f374	2.1712533720443608	1.729875
450/0812354a61407	2.9546342833747627	5.1794375
451/446a5c778a11b	3.045627447211274	6.145125
452/cc7d5019a7c03	2.7671754679445932	10.9780625
453/07cd806ee2e2d	2.7011912300325442	3.970625
450/eab3ae8436035	1.1777848842187364	7.68925
451/bf5f00a251dec	3.4222956187960434	4.8045625
452/7337b24b60dad	2.217060785604805	8.2344375
453/2c180f2fa5f18	2.5601728971430058	3.8229375
450/38c333143b06d	3.454428881732299	16.59025
451/5f9dfcac6c3f6	2.9660173999613773	2.125875
452/cd7b999b94949	2.6640516842505	3.07175
453/e4d360622826d	3.4310766329541553	8.0033125
450/f98404a421d5e	3.4325163794729585	5.4354375
451/76eb65c709301	2.8767784097499804	4.54125
452/52adefe790b82	3.207764919008934	3.5023125
453/579724d0fff90	2.313040466916478	4.7058125
450/cb779c8af4a0f	2.9841116769721263	4.759625
451/f25863e51d0a9	2.5899879014261495	1.7635
452/48206f2aa6348	1.0379944650748247	1.3458125
453/cdab29549960e	3.232468351550358	7.38275
450/94af61044f9cb	3.3665025560999147	8.1669375
451/830a788ef9ead	2.040700107696537	2.1520625
452/702b9aa08b4c0	3.5090730155918144	15.1103125
453/b7c0527d78155	2.1556195865197685	2.12225
450/7c3bb0d5e90fc	3.348134941214991	6.6643125
451/2b18eb3e805db	3.4276247625094496	10.727125
452/23210e656ad64	2.8963204232341218	6.98975
453/c63687a622058	3.165162171049677	7.0005
450/168b113fea049	3.055150244544003	10.0759375
451/d3a10e5d2f397	2.6918764467841534	3.1230625
452/682c03e7f09ce	3.4769765439303226	12.668
453/7e3735257a617	3.314238430007179	10.764125
450/3ec2ec024b616	2.6837051522244137	9.339375
451/d9156def91cc0	2.3631222214777368	2.3808125
452/c6102560633c0	2.186728276693527	6.87725
453/a440a84ee55ee	3.38007465227562	6.177
450/7db9395be93a4	2.8671267035889376	2.0608125
451/09b64bf3d1d82	1.119612375791445	1.1535625
452/7a215bd89492b	1.1412364100506642	2.3730625
453/044263fd4b834	3.3205243758244753	23.4781875
450/8eb61b93ee30c	2.6557953233845843	5.21
451/b880f540f9c21	3.1199463614038563	9.0625
452/b7b396ff0ef3e	2.7429144024364476	4.0096875
453/0b58c4832f5ac	2.882037203414262	2.52325
450/0cb93954072c6	3.362739230900389	3.345125
451/fb6106114323b	3.0913645267645893	6.8891875
452/72fc412692359	3.327847668340512	2.5034375
453/c279038b8422f	2.7063349228552305	2.115125
450/318066fb9b14a	2.585848949826399	8.8441875
451/ca094c66aec0b	1.999608663190323	2.0414375
452/9e03261d213f2	3.250392318032326	6.5355625
453/2e7554c4b5644	2.1159058529001764	28.7946875
450/7eadc158b401b	3.4547623579999542	16.509875
451/6511d2741aa49	2.307780404459929	2.666875
452/e875c63fd29e9	3.0139850268996917	9.60875
453/b5fd66330effe	2.885572751192075	2.339125
450/0cd3b10d7e3c9	3.1678735102115	4.8229375
451/cbb8cf9f4a9c2	2.0224577721112635	1.29775
452/deb2e43de7d9d	2.9171704228789483	7.7385
453/f55bb3a1b594c	1.096055838720013	1.2563125
450/0807b7a5167d6	2.95408927534685	7.0839375
451/d045c8359c37f	1.4075789528077431	1.22275
452/7721337f0e8ef	3.2931452421031673	1.52125
453/7d65b4b293ce7	2.5211261512099012	5.4025
450/46a9707b61483	1.955503684795982	2.998875
451/66b9ed2dae2ce	3.270948269287214	13.881
452/efecfd6bd00bc	3.2357921030156493	4.8361875
453/15b9905943645	3.1589086290028847	3.579125
450/ac0c21c688c8a	2.9767210308867824	2.8835
451/510ddbd7654ed	3.408691570523456	12.2426875
452/4711d4af51a20	1.3764623304599168	1.71725
453/8fd355bd4fb6a	2.5916774992277802	5.0669375
450/d7c29f4e71824	2.3335476141632205	6.314625
451/ee01f1a77ad6c	3.4751938165433374	3.957875
452/ae05605f852e9	3.101614781337215	3.7790625
453/70bed2a24f24e	2.9489229499268856	4.5361875
450/95fa33a31b446	3.240826896414049	3.0195
451/91b8add876cda	2.43570049972842	5.766875
452/64bb540f39cf7	2.9786281509147874	2.7754375
453/3295f6df8404c	2.2081272421923757	2.4533125
450/8082394eadf57	2.5883574269717595	2.532125
451/74d17a9448ffd	3.3358554254643344	6.277625
452/3f511e082d2c0	2.237702926996406	3.42175
453/c6ddbc3b667cf	1.600054797114094	3.0731875
450/7e0f120327c87	2.36325140018492	5.7434375
451/69967a2a1c3e6	3.1305447520449117	3.5438125
452/77ceec55d8969	3.1947681520025712	5.4518125
453/a1d9e8a2c072a	2.2205273854592757	2.7225625
450/37de3da603a8f	2.9918063917184186	3.8495625
451/41f45567111aa	3.2791607939102794	6.60525
452/5ff26261c6f15	1.6964594412345937	2.904875
453/96414d128b0e9	2.8997371886643277	4.1735
450/2e5f0b4a7f2f3	2.557269809767864	2.2030625
451/6b7cb8e02f18f	3.372023454559629	2.646
452/0d057a33a312f	2.185981511669124	2.3819375
453/13db01ae4a597	2.984180864642345	5.8033125
450/d55c0d03040a1	3.2522348408736015	3.13625
451/ec28cdeaaa349	3.1580444517348236	5.8423125
452/b823649627620	3.370750206409256	7.454125
453/f4c699f55a1c7	3.4424026407301613	4.81175
450/8ac3d43a7afe2	2.954576257102664	4.9155625
451/0b630d21d7fc4	3.1126098714190635	3.75125
452/48460fe415a5e	2.61659119196797	2.3239375
453/d492117c31240	3.1421931688464366	5.193375
450/b4b5a5d2bebd2	2.3140345274574026	8.2604375
451/cb8f0fc8d5f7b	3.2403870588072583	4.797625
452/2fa8c7e3ba8b4	3.3094923586590292	4.622875
453/c151ddf488431	3.3694865766779287	3.7465
450/d474b71708fca	3.38568358579423	6.1533125
451/43abdaad061da	3.22020091447977	7.0636875
452/6be72b05291c6	3.4864209350902375	11.5113125
453/283988ad1a3f4	2.720349670944881	3.773125
450/da6d4b09a40cc	2.8241226662592522	9.062
451/0dcabc288fbc5	2.6458663013127897	2.8355625
452/516b21bbd795b	3.2783499290711	10.1396875
453/8b333981a6f76	3.4549996042825586	13.028375
450/c8fc49f47ff78	3.0446344644963506	2.032125
451/b8d52203c2d70	2.8871070092196094	15.2121875
452/bb10806dda0ed	2.4156322307490834	5.499
453/4dc4f7be3924a	3.4648775550910087	5.9631875
450/db5e2d6cb656b	2.265181833804096	2.756875
451/32eefdf430ae0	3.4232222635433027	13.1505625
452/afbe8018aa059	3.0712865503122084	6.4865625
453/397fde554e24a	2.948642293213991	6.298875
450/990cc185fa9ef	3.309456925934245	2.8376875
451/c1916c0a005be	2.5100059099632612	1.5478125
452/222c3aa3d4ce5	2.384920210595842	4.1008125
453/9b26af0784eeb	3.3772625015664164	14.561125
450/99726380bcdf6	3.155790972997123	11.7648125
451/c6795e43b314f	2.494360208868569	1.537125
452/8eedfa2ce3d5c	2.7909467965790107	4.099375
453/18b040522eb19	3.4609683945079412	4.5773125
450/79aadb95bad4e	3.0920671905098556	3.0430625
451/513c79fc009e2	3.481485999265886	2.3545625
452/67657e1a65a6c	2.831155187557516	4.2331875
453/787498202ee36	2.5733180123881723	7.56725
450/2f4a114e8711b	3.1267334744448547	0.8645
451/4a5ee85ef2dd7	3.360209897896287	11.43
452/e8c6bbffc5f7d	3.2381992890895814	3.609375
453/6a2b879bbce4f	2.506421769610472	1.773875
450/f32a8994e3dd3	1.2301515837812396	1.6185625
451/f4b79e269677c	1.5696000509206396	0.7201875
452/ea574fb739ab7	3.4140754032214184	11.2526875
453/b52ce129e79bb	3.3218299914694707	6.7289375
450/7f58e6f4d070b	3.0164238828738124	8.50225
451/f0882169567be	2.5162408000074206	3.588125
452/fdfd0b7c2e360	2.2481811548825315	0.9149375
453/d5beaeff20681	2.3551525861617915	1.730125
450/9edcbe2b7b809	3.406961525127606	9.1694375
451/6921111097427	3.18612109344514	7.75875
452/39a88901e83b8	2.6349643666676648	3.0635625
453/6e3e4c1869efb	3.2963960768979743	3.80025
450/b3204fe54f5ec	2.8729949082649946	4.666375
451/8d0825fef7adb	2.476402050820425	7.5973125
452/f6efc6293bcfe	3.303863508749259	7.6175
453/c548a031f7f8f	3.1707252338685072	1.9235
450/42c457a7ba5dc	1.9505895744896802	4.864875
451/f4245ed9788f9	2.2680581372937803	3.0410625
452/1f69b194e9342	1.3955923238678622	0.6240625
453/2cc4957faeba0	1.8531390122799405	4.9650625
450/fa36d6b0094bf	3.2234567963659075	7.946625
451/779b063351349	3.4700706498334952	9.2184375
452/ed5f551d7adb8	2.1219019979597706	4.635
453/1c71851587ab0	2.736253744718369	2.171
450/eb0943863470c	2.375737512031474	7.8721875
451/600188202b334	3.086959596777659	7.75875
452/1e8ff94edc190	3.0403591867737907	5.37175
453/d22bb51f8653e	2.0504884807939265	11.012125
450/7e8fa544c0d86	2.681285305969985	8.2305
451/081d81cfcda29	3.3374873425817264	6.4365625
452/f0b0b462fd247	2.4784029832476024	7.55175
453/ad05f5a52e97b	2.25084196481839	1.6366875
450/fe280fe1ad59c	2.851931817385106	0.816625
451/827c1f3bce391	1.9717051590291055	2.3341875
452/5c608b59c19bc	3.3953712908773124	5.05975
453/0f4fd7822ee81	2.5950870183647803	2.3138125
450/7121f8257aa8b	3.432595198606897	11.54975
451/acfe18fde886f	2.5969513840372604	5.298125
452/4808dcb0bb5ed	2.195415228804901	4.570375
453/cac1e2ab21900	3.365053667952384	6.89175
450/4adb663df1691	3.172943362581748	3.307875
451/5b6e3e531ec6b	2.9245309086529883	7.8479375
452/1baa03c7ae3ef	3.2002516524755706	7.955625
453/91adc90c1ae13	1.7118426269451552	2.639625
450/2b9e125e8035d	2.6160236150288534	9.574875
451/e84a0ee1fd32d	3.2840812833746833	5.73025
452/10d17e22391be	2.5631210464666734	18.7119375
453/6e3977dc0af7e	2.05111102622059	1.0566875
450/e4799c3e594d0	2.0137304569528	3.7315
451/d267698edbbf9	3.268051701786718	5.456625
452/30ca53a15789e	2.5962257605075663	4.248875
453/8c38c316f208c	3.361856139490532	6.025375
450/53a4307ee55ad	2.766251175802567	4.77675
451/4b60fb217e593	2.1135653629043323	6.1103125
452/59f5e15147e0c	3.1582878245430512	5.513875
453/7fa9ae672878a	2.348259845354353	8.3691875
450/71a3e588107b7	2.953076381314701	8.2509375
451/3f0173966ba2f	2.7173700821380318	10.709125
452/690ac87602e1d	3.3147126411984593	7.2076875
453/c6584be03b0b1	2.161178830116281	2.9795625
450/4645f72d8ed78	3.02492240885671	6.844125
451/255ed9e2834ca	3.2861899603756983	5.957875
452/d584bc8328ac3	2.519258281547696	7.7855625
453/a666a75960278	1.6492525259936235	1.2495
450/d731386196a96	3.2255230675891298	6.1340625
451/53d03c67d110c	2.876616592418822	3.59275
452/e830e245a42e6	1.1322112248367624	3.262375
453/59343c2f8abd5	3.288635628047164	2.7904375
450/056ce2287ff7a	2.3786753735001644	3.3038125
451/d9f748ad68206	3.204804821670993	7.4569375
452/7c4e11dd90aeb	2.7920208517230654	12.3039375
453/a31b70a130cf3	2.9409276326399842	9.898375
450/0a970808e99c3	2.5845417947158316	6.6240625
451/d1f14168f2071	2.5556607686703847	3.559
452/bffc085c8442f	3.4179082761374744	5.8190625
453/73c98839695af	1.376480703613247	1.057
450/4bf07c1f14ff1	3.170796272608731	5.257875
451/67497e13a42dd	3.0270190793906786	1.10525
452/b22dcf857a1d0	3.4431931929202966	8.5238125
453/1aae6a9fcfed5	3.040345088723715	9.3836875
450/5f72d6cb85f00	1.619110611096045	1.900875
451/c6d96ce625664	2.4420670148442567	3.9255
452/2e54fb565efc0	1.4804509543092246	1.874125
453/f7c01ae3bdcb4	3.193407116331908	2.4991875
450/ae40a23f475e0	3.344236195854969	18.270625
451/dac4d5950e4c2	2.25462742725594	4.89875
452/54b002812b333	3.3305510941291803	11.626
453/3d201d1ffd3e8	3.1906336606527974	10.168625
450/d011bc8ed2bc0	2.8043075303617435	6.8685
451/2cf959d5d02d8	3.2009033527928326	8.1479375
452/665febd35a3dd	2.491050349253612	1.6260625
453/f984e072d23c9	2.509059842240365	5.0054375
450/d1a0c8ce056a3	2.690693177042128	4.4986875
451/497b9ffb5f460	1.9291725917499396	1.4139375
452/4c08cfc057674	3.433654005060761	7.561375
453/d40c8a3f3d184	2.008992939485734	1.92675
450/f5f20907d349d	1.7214491918069363	4.18125
451/6bf29754f46fd	3.158477135751807	4.6653125
452/0a709b4d6fb68	2.3241812920632245	4.9551875
453/d54fbdd77e804	2.474678528251659	4.285125
450/adf7ad12c8ce0	3.3590920366854746	7.3449375
451/c38d4a7ea2eeb	2.521974411185368	4.874875
452/a1bdcd1dcb17b	2.036798206149381	2.3315625
453/62939ddf9fc3a	3.436357699123675	9.2746875
450/5a45c3d26116a	2.5035040086305376	6.7720625
451/ff6ac0d8164b2	3.0259304238200238	9.5839375
452/32df9c628c5c9	1.2180375254507627	0.8404375
453/72b0000d4abdd	3.0825475700601883	12.9480625
450/346cbadf0f6fb	3.3439461733107043	12.6924375
451/06c6614e6e65a	2.849402605586366	1.33775
452/dad5961230b2a	3.2664732938044376	9.9013125
453/c95aa0670d82a	3.2066415678511375	12.457
450/e4919493bd5ce	3.162527384758267	16.57
451/e32617322bc5f	2.030938091580428	1.3941875
452/074bcde79add9	1.6799539981081408	0.8644375
453/12f82462b9cf7	3.1167589973862113	3.186
450/e4256e1e2be8e	2.2480809775095056	6.9599375
451/5207c0ea1f41c	2.939062737175339	2.1885
452/294bae4019b20	1.5013842959335826	1.702875
453/eb0b0b5bda19f	2.5807134016223077	1.870875
450/eabea77157613	3.138406246925104	6.3505625
451/2587bc82e8510	2.72557759453404	3.7048125
452/638e5c9e982ae	3.1400077877914705	4.2971875
453/7fa00056b35e4	3.376054275703448	7.6658125
450/f051110fe6e80	3.013378542688196	3.822875
451/b9a21a1f953f9	3.200881180683375	7.9518125
452/3343c0f748345	2.8622847674262926	14.1341875
453/65df44e9bc947	2.767956431430509	1.2019375
450/b96646bdce38f	1.8569299674467146	1.7811875
451/4ad490c17794d	3.328412805931628	9.84775
452/dca25a5df99a4	3.304374129070132	3.7766875
453/e00a523925946	3.326075118951372	17.580375
450/6609069a9ca59	2.9595416924062334	20.1315625
451/c5442bf0a32ef	3.138519187998578	8.733625
452/9ef1bd137bbbc	3.3494630718115643	7.5981875
453/78e15756c4323	2.5096847300521254	2.982125
450/ae948b4f4cf5f	2.962548086810838	4.699125
451/b74ee9664d5bd	3.1473786549153324	6.776375
452/d971f3301bf93	2.300581777513844	5.131875
453/77078443b1e40	2.6966377700164843	4.2054375
450/4398e6ea878be	2.295966327879083	1.988375
451/ec8b47ced854d	3.1731519171827602	4.5860625
452/ef0fb549dc347	1.9472610426812242	1.0099375
453/ec9e2947f4730	3.0643759577179255	2.7191875
450/92893e925470f	3.2048300921660435	10.4721875
451/bf77ec3e49367	2.731790563011286	6.1026875
452/a23895249f5cd	2.3294737168717936	2.89125
453/4e346c741f1a1	2.5605209706418313	5.8464375
450/4a9dd9c37c5f9	2.501644777920828	5.8338125
451/7c5f055e4b7eb	1.1915370962521734	1.804375
452/4885f040533f8	2.8573699225272424	4.5899375
453/ae5a7274ed670	2.268887397725988	1.929875
450/d69561482e335	2.3494861603467663	2.263
451/c6fbcc2267d9a	3.2135467289333355	2.2553125
452/c49b5816cea15	2.7678675944666837	2.5945625
453/ee762da831be4	3.0079692850712	9.462
450/d06b0e19d7df0	2.1636496114631676	1.115875
451/c6088f657b140	1.8136826353983204	1.4606875
452/3a274b8ecd82c	3.279969612958183	4.7043125
453/79e20adf3b881	3.1811979474272376	4.236
450/df48eafae0756	3.222455088674701	3.8951875
451/77fdd37b25b73	1.884262662671745	2.30175
452/4d5a1fbb1f046	2.7671482562298277	4.2941875
453/49aca6ce4525e	2.9043709550993198	8.02425
450/192de7cc375ce	2.30147844031916	2.8370625
451/9d2ec708723a3	2.961592128507636	4.9525625
452/f05801fd13382	3.043440783110622	4.5048125
453/14029ebe6501d	3.088503920131505	4.1265
450/e26647e4e947c	3.1031458685659357	8.7560625
451/0335da37ab264	3.1195976612060643	1.96175
452/8bc27950e3bee	3.2674968618309586	4.397375
453/09c4430a5a55c	3.4780115001344774	11.450375
450/e70c5cc08119b	2.9932795925858144	3.9976875
451/75a8bae72bc3e	3.2601959796186564	6.2800625
452/b7a1a413f7e46	2.91911118728159	7.941625
453/8dca31d5b4c47	3.194429194091944	7.72675
450/ed7a5203dca4a	3.262074965691723	16.2600625
451/3963f50810d44	2.519568377629811	3.7695625
452/e7cc707696816	2.959027584720022	9.4691875
453/6acf8be84afb9	2.6801565269167678	4.1978125
450/8a0e4339f0798	1.2866522279187826	6.41275
451/ec4ee269122c0	2.998996003478858	2.59175
452/12b5482747636	2.3621579151255263	2.5039375
453/beaeb6e9a5431	3.1768649480082876	6.471625
450/13dbab2c57244	3.004056779526816	2.5016875
451/829f949a857f1	2.197044174104885	1.7551875
452/b14a8aa38d164	1.6020037183530724	3.5378125
453/2020fb79a631b	3.1158898788243925	15.709
450/f4ba98b62fdf0	2.9015887923251347	8.0565625
451/9ee7390a9dc61	3.0807274321649882	9.0795
452/e4762dfea6fff	2.5958249255013204	2.8096875
453/bb94591982f21	2.7299414433346816	7.47425
450/3c1451dd74f20	3.2612042085922712	3.8143125
451/4953e0aed5f46	3.055489657732777	6.791
452/288a839c4bff1	2.389709037232639	1.053875
453/828bf9bd03066	3.2694999370910303	5.9525625
450/9acf44d815feb	3.093339534051186	2.409
451/f343fe1f13290	3.357662191719051	4.5335625
452/9ac9da5ffce72	3.354947622909507	9.0008125
453/cdd0d72034e42	3.5383518052483836	8.768875
450/8553ed3d67a5a	2.778418915129897	3.814875
451/9a823ae29963f	3.1797901897360794	12.2028125
452/2641bdf0e8377	2.809569951959491	3.09875
453/57f58845a2ded	3.2199626730576654	15.4954375
450/bf967189c590d	3.217356071013988	6.377375
451/85c999cb03b93	3.0997908217492225	12.0150625
452/e13afebbc0a25	3.404265556740035	16.0438125
453/3e8c88ca311d5	3.162653219013385	8.5931875
450/f6beb0e116cf4	3.4995809052190547	10.7986875
451/950f2da2a169f	3.0076282964240586	2.3070625
452/b113c18eb7894	3.3909751351147177	7.1540625
453/0f2bc2614839b	2.6696711525096375	1.9233125
450/ea62731afbb32	2.6251587957703424	4.9305625
451/56a79904bebc7	1.839124897126163	2.30775
452/79569feef3fa1	2.2253707069352577	3.1654375
453/48454c9fd20e9	3.1174617450494755	4.6609375
450/766f6bb4a1130	3.2188861787239076	3.2253125
451/95fdda51651be	2.765835133908197	6.1305
452/1e830c5a3c4e6	2.628607805228993	9.1076875
453/878df87707b1a	3.267943756501543	6.7378125
450/385181d2b135a	3.401081221866989	7.779375
451/3003887fa95a7	1.7901952081600976	1.93875
452/13ad5da7eba48	2.8948536652565697	8.37575
453/1cd59b10e2199	2.882677730353108	8.808375
450/0f3f5e1732f10	1.9198844557789032	1.93025
451/3a131b318df51	2.47138588877883	5.9823125
452/e148429edf1d7	2.522362440365195	2.6439375
453/07b541a267f14	2.6487471569254657	6.8005
450/c8e46ad0610e0	2.459522284777677	1.7784375
451/fa769a34482a1	2.9984125956480945	25.883
452/46440baa21861	3.4140602972831267	6.090375
453/5ff4ba2171624	3.1699539658761893	4.1408125
450/0bcd64ab406c0	3.2994060633190965	4.5653125
451/6724654f49a8b	3.1307745181129194	8.688875
452/fbed82caf6097	3.214903932124973	1.741375
453/13a1b9a6b6099	2.585761323127543	3.72025
450/adfc7fb54d2ab	1.733778274566115	5.3771875
451/82a63ecd095eb	3.1735480254098443	5.477
452/7ee69cc02de5a	3.135123228457699	7.5976875
453/ea5443292def2	2.9122342270037813	9.146375
450/4c8afbb6b4ba3	1.74403476460917	2.2251875
451/89fca8975bc56	1.8226725896025975	4.28775
452/74da99b0c16ba	3.271112460340907	6.0351875
453/86631d01ea432	1.1010682404626349	0.864875
450/463e35977bb93	3.35947074252016	11.84125
451/1f0b11a0df090	3.2754243465721715	7.93075
452/38a53df609a6d	2.465785878683483	1.1776875
453/2d0112208d808	2.5066406904524396	11.8573125
450/22cff5a9fe4e3	3.5183262222693874	7.7226875
451/ce9f761c8c313	1.9438579015749557	1.1190625
452/47de44c8da829	2.6245821512510012	3.28725
453/546778b3fb6f5	2.5261871939087706	3.9850625
450/dd1a5763f61d7	2.918154890158506	3.0066875
451/28c2e8f8a7830	2.4595174389091348	3.6254375
452/4d6ae7e568718	2.400265025898623	2.655375
453/03bc07eb60ff2	1.9231362429574956	1.249
450/e2b1ec8461693	1.8142152659430775	2.023625
451/ee3917e5c0636	2.3361521259167466	6.5070625
452/fb7a5c8f674ec	2.44118732764631	0.8165
453/64945bfd86448	3.2278571115135137	9.719625
450/f7f381ef660f1	3.176987546221764	11.5786875
451/a81c6377ea4ff	3.2925565518913773	6.6014375
452/f5ce2b0273120	3.1602650561695818	5.15525
453/558dd4e370e1c	3.0681822562919834	2.8863125
450/68d49433e6ff0	2.8107475353065725	1.2570625
451/8141715387390	3.129246804117842	1.0093125
452/4ad11c28641df	3.1821751390022284	4.6356875
453/fad765817e25e	1.4547579248804046	2.501875
450/428da88ea4c3c	1.6943814950211102	0.9573125
451/4ee0ff2ab5798	2.3770880654338806	2.0
452/ddfe0575b6f9a	3.0538856235681164	6.5283125
453/e934fdc6632a5	2.1812148070726605	1.950375
450/58901497ec62d	3.5105299249428503	10.935625
451/189ab1449eb15	2.7397397205127367	10.1609375
452/6cbb0407d20a8	2.550426369923695	4.5374375
453/46f2485a46282	3.027078577152993	7.941375
450/7d6a14f818d4c	1.9320308201369685	1.04325
451/bc4ff17c4be03	1.5800258615064702	0.8605
452/88c8609c50c8c	2.9037122424704562	2.332
453/3f1aac428bb5f	3.036260781212647	8.4516875
450/42d212f6451f0	2.140896857289471	1.153
451/0aab709bc911b	3.2131191595685844	13.9506875
452/92a2efd228241	3.15258315341988	4.2969375
453/b127aedc928fa	2.080316844343287	2.693
450/7f1ebf8f7da2c	2.228159266418637	9.7870625
451/a0b39b29968c8	2.3723746069640095	4.2334375
452/b79e025b520be	3.234626480263625	6.13075
453/9883e1e21ae95	2.9456172407585073	7.53325
450/af4ea45905e62	2.980644500244292	2.8256875
451/377a2efe0264a	1.0981501183934776	1.418125
452/17aa8e0d160d8	1.766688068112395	5.9669375
453/7f357f563b762	2.7445943366574133	4.9008125
450/72fe254412c77	2.501219384068574	5.10175
451/5ae09d55d546d	2.6289789187507755	1.9479375
452/1b81ab86470b2	2.85135272728285	3.0808125
453/77929ac64862a	3.309897533324308	12.7934375
450/5aa03626d8462	2.8177789014626913	3.22225
451/4b8dee138be59	2.845544408914779	2.21175
452/b4e0e13d36c21	3.268294828895755	12.201875
453/0e379f887186d	2.704143199651779	4.127125
450/c88789d3af6cb	2.845852669051516	1.34575
451/74e503ee4c3ae	3.249742057162642	16.3144375
452/3225a1b8c64b4	1.1152380155101917	1.5774375
453/7fdd6f7c0ee8e	3.2332004950691675	12.0229375
450/d69a57abf98c1	3.128202417250471	4.34025
451/5cc5e98d7049b	3.3458752504789153	17.0385625
452/8be17393eab39	3.358355659449859	10.688
453/723f4f1799bb1	3.0945893513430334	2.012625
450/fbd2bf8f7b520	3.3669390471598004	6.8400625
451/10b4a651ee429	2.611163846871022	5.6978125
452/4ba8ea6be4afc	2.824575452793391	2.0194375
453/184ac0f183e39	2.458049346019947	1.8748125
450/508a59d4da7ec	3.004654565552312	1.10525
451/986012a88a89b	3.4060242288914027	9.6989375
452/21d5945a25dc3	1.8355301525939793	1.5386875
453/ca885f3538248	3.233920100689292	7.37625
450/8be807a8a8cb8	2.847718045891443	4.3243125
451/45c9fcf797747	2.9330167375997465	15.3693125
452/8256e6b5d5733	1.8444128817783705	1.692125
453/9eb957a50bd15	3.3919556375216136	4.8035
450/d5f53fbcd4fc3	2.4703937858164933	5.63875
451/7e4aad688ff8c	2.6638271725098477	6.461125
452/5c740b7019807	2.1255893502001846	4.2126875
453/bff4da626f600	3.077556199292242	8.396
450/300457114f1a6	3.214419781651597	17.0195
451/a4d92c065140b	2.8139427910229915	1.5981875
452/db85a50c3b471	2.0983676321066205	2.23575
453/004cd8088fd04	3.4924931777624604	2.779125
450/9f64f72ea221b	3.020108577982686	10.0473125
451/227e1ed9bb34a	3.3423055045721637	6.4929375
452/933d168091b98	2.2541603962582886	1.8265625
453/0b4bf5d132aca	3.362975237040073	6.3385625
450/eb745a0c4960a	2.990897702808446	7.3715625
451/0b073282d6ed1	2.5902329623486406	4.1876875
452/3bd7cae4f9e64	3.3811819455992516	12.3566875
453/ef8e4dd9a9be2	2.1525696773448715	3.1476875
450/0e90c4175073a	3.4069485475275534	4.6666875
451/9dba48a8be031	2.5087139708096955	2.0945
452/00f864f16dbd9	2.875039138691533	9.2955625
453/59d9e06daf03f	3.4249951429903986	25.189125
450/549e5c94df7af	2.7702925762489	6.1580625
451/d2ea6a0d91b8a	2.985610735744843	3.5115625
452/2e33f5301e7f2	2.1495378387147266	3.802
453/968671fe281f9	2.849762129521557	10.76275
450/4af18c5c5f8e1	2.3411756717059173	5.9321875
451/f453825209209	3.110026229340179	5.291125
452/6d768f2dea618	3.0833887078102107	2.951375
453/352b06b4c40c7	1.0898712371271277	1.39375
450/7109f0ad3bfd4	2.8432291129158895	12.8754375
451/c444e1d5b2e66	2.1765261856494296	1.6379375
452/dfc47fb955850	3.2532879761847817	3.0085
453/281f2df097964	2.6555410001553215	15.1636875
450/38e89573d087d	3.3728580700886917	4.2433125
451/618a8f0b63529	1.2106008783483555	5.35575
452/9ae46fb57809e	2.9495044610981345	5.299
453/938d657170645	2.3637253508105402	4.2496875
450/e8b819bdf0f0d	2.4251056170221537	0.7201875
451/cf7869ba954af	3.1951916542703565	5.543375
452/ff6ad728877a7	3.259109857419282	4.114
453/2927be6afc127	1.3129709536796093	3.186375
450/036baac4bc3f7	3.4662973655896363	10.139625
451/487955a210547	3.2814891797039842	3.8106875
452/f353b91def654	2.7693888196661813	2.785375
453/51fb31150a61c	2.525285518060294	2.05
450/79265c099f144	3.1838300924964296	4.4951875
451/f77d4c7eb3ee2	1.6060766617442728	1.056625
452/1108709bcd5f0	3.0620972923305945	8.859125
453/a75becb07b144	2.3355417642722514	9.7051875
450/886fd5cec9b5e	3.320228890240262	3.9130625
451/0be4ed69fef56	2.691685764878883	10.8585
452/335fb6e392e36	3.3560870951785153	21.3558125
453/712d137718431	3.3552913146348704	5.9696875
450/9f10236860c92	3.234793612855987	2.1156875
451/7fbdbeb965b9d	2.8778386074733504	5.10825
452/9fac6fd069c9f	2.6973499586547693	4.67925
453/9b153a6317f5e	3.3864903621936397	9.9493125
450/776a792708245	2.775966226754165	10.25975
451/9abac775b9058	2.9270804708141074	3.85225
452/5899f060daff9	3.392327045865945	4.6608125
453/f434562688d57	2.443440728990842	3.0423125
450/d904cea17f5b5	3.108315344911786	2.1411875
451/b43ef1f9e43df	3.2174468561786256	9.65425
452/6e72f5921f479	3.3540688669619096	17.301375
453/67bc4a4882b5f	3.128377711769186	2.4390625
450/3af195b9da4bd	3.3192888339736157	10.71125
451/54cc18085632e	2.857359313895781	4.5250625
452/67b8d6203487e	1.1884443388037458	4.8081875
453/787121f3e0878	2.790921202150183	1.1536875
450/8eb32f4b71ca6	2.4563159678113617	4.7528125
451/433d2bdb59c5f	3.3807435881656938	2.0691875
452/30b570fb21161	3.0372522197909473	1.9569375
453/14f6d448a352e	3.312705405149174	18.9755
450/4431c433d1f48	2.969767149064777	3.898125
451/d9b1ac9282552	3.2384505317999666	7.9326875
452/c228f73cd5968	3.3258144977866726	18.4356875
453/3047494f7d42f	3.0115178240355727	4.0935
450/cb183d5788779	3.003343476945482	5.9378125
451/27636569739a0	2.9626826669044597	0.972625
452/1c399559d82f1	2.5083362562893647	9.18625
453/bcf1e44f8d0a5	3.10954570335262	3.95975
450/c151889cb2f7e	2.792204232694029	9.2689375
451/41d37c350b986	1.6360140520244693	4.0575
452/f51622a7b6b03	3.1213944558153814	5.880375
453/e493aa7613569	3.322734011545023	9.5915
450/e312d57430b15	2.781436255025302	3.3165
451/0fb88a97e79d8	3.1666477657797194	2.5633125
452/1cc1ab062df50	3.3352107055696663	12.9665625
453/469c38e9273ac	3.40391121588552	7.541625
450/2d9537bb9377d	2.9940989853263535	5.2608125
451/857f6d9414cd0	3.251863946794889	7.0423125
452/c8182a5020177	3.2867447817432485	3.78575
453/3c3c0c2be59eb	3.070098294795935	5.882125
450/5647d254f3b60	2.829369245815291	10.0129375
451/87cb48d187eab	3.076590797610924	3.5109375
452/0b1fa42f32f1d	3.322225254802905	8.9648125
453/da0020c87189b	2.6733026294925963	5.1506875
450/639b46b923433	3.166844847396865	5.954
451/2692a87f77d99	2.099007034580037	5.32775
452/ba226cff4549f	3.3513814929114902	7.4669375
453/e2bf6902841ae	2.881245046413853	1.8259375
450/4d890ccbc40c8	2.9797406980174115	4.67375
451/cca3d536a1cf4	2.547860394385221	6.0788125
452/4a9e3c84de7c8	2.648118920672817	1.6348125
453/3562ebfce85e4	3.215591515472581	2.934875
450/fda95adb2b909	2.585427866984997	3.1783125
451/19d7b858ce5cf	1.2165669528301168	2.2600625
452/a19554dc72b4d	2.8578101809779963	8.5261875
453/ef7096ebf3c29	2.1477771192928325	2.780625
450/2f531adfe83bd	1.0993806592559638	1.9991875
451/4145989e1c203	3.140638601872245	6.4156875
452/1c070761aca6f	3.2035630358484504	6.0028125
453/b0444813ba57c	3.0780475744440925	3.6235
450/1df289abbf355	3.111399639713533	14.4439375
451/9f75b6f20c8ac	2.002182534425038	2.774125
452/d16cf0f12ea9d	2.057215461217187	9.65775
453/52d41e49ae072	3.390087859362638	4.0668125
450/b60d7a6217d39	2.939986883456566	3.2688125
451/9b46f5ee41878	2.5451505812079307	5.226375
452/5bb4e14ed133c	2.8399365119772897	3.506125
453/da786011097ad	2.8543704041341216	1.25325
450/55f3995012d82	3.188354474028838	11.2319375
451/01261bd83d8f6	3.057788122896507	7.8151875
452/29f206b81da45	3.398840068661817	6.820375
453/62e790b53e10a	2.967454900437437	3.19425
450/a2bae58cc732f	3.2326084862497777	10.760375
451/e303b8f88cf9f	2.736725738571201	5.0225
452/c5152c4f42d41	3.476530833991525	5.8771875
453/2b9574a7009a1	3.143480079970447	3.7805
450/fc92979ad8d26	2.3472741088333477	1.966
451/777842d5d67dd	2.4835692233766116	4.682
452/ac3f4cf2cc5db	2.992208246838313	3.556375
453/1eb774fb07321	3.1403919974181775	6.42325
450/5747f658d3f3d	2.107889218192215	12.3865
451/3d6208ee26558	2.9454669047965836	10.866125
452/c2a67e55c574c	3.462454985602758	8.600375
453/2bd40119c99be	3.3090992586469534	8.3723125
450/9ab2db7fd4d10	3.3881793209456994	12.8248125
451/7b1b560027c93	2.7716661695921387	4.7904375
452/cec6b10890f49	3.065648001404066	3.7505
453/79d87f1e04359	3.425842790164436	7.100375
450/0e205e6932b44	3.21881366659915	3.2319375
451/2165f7a5d11c7	2.699623849378482	3.3253125
452/606061105b1bd	3.0294786700653007	3.149125
453/18dbb367cfc04	2.900858699626432	9.699875
450/a5556e323ba75	3.3826522510635755	4.15
451/0fb94a0049494	3.0893509864262976	6.61325
452/56f72b7968e66	3.4537880356778414	11.6478125
453/3ad47f6fa3d7a	2.432155513836267	9.1190625
450/587dbbcfd22c5	2.5846887219607595	2.6428125
451/46e894c24ca66	2.8150572692665543	6.5830625
452/dc9bf50aed588	2.891699680429813	5.5019375
453/75b9dcc946492	2.3066868931980644	1.008625
450/ef393cd0b84d9	3.0606607095242886	8.1926875
451/dc8167617465f	1.810753696868718	0.8645
452/6646412a8ae1f	3.2246597641666153	1.40925
453/9be32c797f373	1.7761806810318712	0.830125
450/5bacdf2165b7b	2.2551773859067685	4.807375
451/eccccee7cd818	2.212358710113553	10.326875
452/e82f3e4e6e821	1.1875235180379764	8.164125
453/e76678efeb8e2	2.88784484848544	5.5658125
450/a45213c2a986e	3.3271426188973616	12.8511875
451/95fc85a92e39f	2.5151581906102902	4.2969375
452/88edf33148b78	2.7520735292644454	6.7114375
453/6525aac479a4e	2.8169070994227976	2.944625
450/0fb1a2eaed8ef	2.2297646174417625	4.57325
451/b5668bc4e285a	2.8600664598707453	10.151125
452/3a0b2ffcfd254	3.3383326580171637	5.7865
453/ba53f2185cb51	2.8819734984158036	5.4715
450/91653e37ae75f	2.620142165748562	8.843625
451/e0918bdcc09a9	1.8140938078289235	5.22325
452/4fbe901b2a93e	3.471383300872027	20.66375
453/353d9ae2cf0f8	2.88990116026118	8.60975
450/c3e5a23f38c6b	3.2379027338884683	3.5366875
451/db5587104a7a9	2.7633263197251914	6.1765
452/2a434d7fa3468	1.9267969397225233	5.561875
453/7aea6fb2c60a9	2.6332125484927538	1.194875
450/37f2653c80242	2.4154963480394898	2.88675
451/5b29711681872	2.653999509753351	1.59525
452/6f23640a7fe86	2.9053739694934784	4.515375
453/399cc3fa5fe52	2.4949779175791207	6.560875
450/98edaab2316b6	3.387339780770918	2.823875
451/b96f474f6f27f	2.504239212920261	1.8533125
452/b25bec0429754	2.2228196773511595	5.2244375
453/7426df336386f	2.999133535662916	4.391
450/1f1cd29838bc4	1.5524792797199989	5.136375
451/bd17dddb9888c	2.851216222953841	3.0345625
452/674c5ebecd8a6	2.5602518743123857	7.96175
453/273fa3cec834a	3.159658708101792	2.1104375
450/1c00707bb70f6	2.909647308962783	3.4615
451/bcf4207630f79	2.962210666295128	10.226375
452/3d8bbd7028ca4	2.2955405001399205	1.3449375
453/b33a769e9b7d7	1.7989435497963908	5.6651875
450/6695f7d59205b	2.164121779055104	1.9705625
451/9a6bbbf40038d	1.3632894250014125	1.2738125
452/4b9c450a34b9a	2.6833094302966014	1.857875
453/b688fcbc2c42e	3.087121567813734	3.895875
450/93e9e886c7005	2.72484496475269	1.5385625
451/9c8b920a0de74	3.1475477588541247	4.2505625
452/8f5e22b554f19	2.9058321131796183	2.4485
453/40025041b7f61	2.732793964097319	2.903625
450/1e00874225c60	3.328870158953559	7.161625
451/a3e916d9394c7	3.166208821337459	4.5260625
452/8af1b14b9ef08	2.8279652390447163	2.212125
453/fdbd540700151	2.4644545655360024	6.2579375
450/789d39c0b5f93	2.5177155021161846	2.378
451/0e40563b205d5	2.2971770110283627	4.297875
452/cb30f25e84598	3.459112050587879	18.2010625
453/6ee8970c62a10	2.923989139389792	2.9575625
450/5bb458e7a21cc	3.3008085788905994	4.193375
451/a92fec0624e67	2.0756267672809883	2.16425
452/e01b3d928b496	2.8974414887195463	3.3378125
453/8cae98dedbdb7	2.966288408540455	2.6303125
450/4028edc35afd4	3.281624962421823	8.812375
451/c03fa296f5c20	2.998414056253144	2.86825
452/96bd9b46146d1	1.9675482615023756	2.5703125
453/1dcaf60f0de3b	2.2716915336797046	1.6641875
450/e493de6be69fd	1.134557208868444	0.912625
451/198f4153ab8e9	2.4627244638753334	2.0086875
452/80dadbcf6dbd1	3.0751340515890777	3.1513125
453/0e4764ec33397	3.24389309395684	6.2208125
450/7c3be40d3eb10	2.179000208299947	1.0091875
451/3ecf3b967a597	3.249895764667751	6.571875
452/f3d0b5d96c14c	2.064984528407026	1.1053125
453/65861f52233ff	3.2143931833650456	16.155
450/9a950814519e1	2.8352101110891352	12.7468125
451/416c7df1afc26	3.010320760754484	2.168375
452/978900d4ee0b3	2.534508319985046	4.1146875
453/ff1340ddb3032	3.4371033749005995	14.0668125
450/a53e1042c79a8	3.2648622294480205	3.2210625
451/9b856fe92a12d	2.4002412117642393	8.183125
452/3115708940987	2.741776236421028	4.4426875
453/16dbf330835b4	3.5352028789570324	10.2896875
450/3f386001b0722	3.280663232676682	6.94825
451/2548fd5339b58	2.703632984330825	2.88625
452/60b1ea32e2f09	3.0397160329812585	6.38025
453/6495135720551	2.7748547872032847	1.092375
450/7c9688cb159ff	3.478163141607808	11.957875
451/99b4df09ae299	2.737881586297897	6.2000625
452/88ed09284a3a8	3.3450143560758554	4.1064375
453/e73cc8177b451	2.6693507715065254	7.695
450/2e8281f4f745a	3.0025991429347605	5.7865625
451/7a72887d3bd38	3.4415644875663105	9.0139375
452/70b30054e3a15	2.58239327446611	1.804375
453/5f1db27ea418e	1.7807976495961189	3.960875
450/bd1dd515238ba	2.791407683756808	2.78725
451/9162b60f8e5b4	2.134880632829809	4.4196875
452/10fe6a43e2512	2.7093153289351974	8.1640625
453/1bf955e4b9d1f	3.3765960169196774	13.1386875
450/4aabf2f0ef0d1	1.4391261382424123	0.96075
451/f2673488033a2	3.187628465246326	13.8080625
452/cbcbb8529288d	3.3783758050034005	4.9541875
453/dc700aa592720	1.8485912435454617	8.13575
450/2b592f0f91527	2.461034453941039	6.5235625
451/90cc10e3d1a89	3.4010574447459807	9.6904375
452/4d6f80c9df614	2.92819576775543	4.3679375
453/9aa4d418999d9	3.15461260643734	7.836125
450/10f68e5e9e28d	3.042540662006198	2.8495
451/82f4dc55ebf20	1.4758767775209314	1.7958125
452/0ad6c635df34a	3.1621289704945426	9.185375
453/d0f7047af15c7	3.2053037940500175	11.6856875
450/570caa1700bd9	3.005162574484852	8.500875
451/8facc5611ab47	3.2284106199276943	2.547
452/9cbb26d794358	2.472206966676246	7.875375
453/ba11f3908ff57	3.3493264230872186	8.3083125
450/e8f7a0c2105f5	3.3677357474689784	13.37475
451/083dcdd8c66d0	2.597387315467953	5.078875
452/6558d6aad45b9	3.2965113663944856	12.704125
453/8445efe56c2e9	2.3849421052615805	3.7333125
450/ba2dd5a1432d7	2.483221551375309	9.7521875
451/923d6ee57c11f	2.886884639477927	1.0860625
452/fac3468ce8d8f	2.5959336135546325	1.653625
453/07bbdb972dee4	2.7845565472461935	3.3330625
450/dd3cca359cf40	3.41315637367903	7.3608125
451/0b068d0ffa1dd	1.8160218649646724	0.7201875
452/04b49d7f44a27	2.241609520911288	6.6531875
453/8c5e5967f5ba4	3.4468364940634877	12.2869375
450/b8cb942f60535	3.2380349593119004	6.34075
451/79fb3c42099c1	1.1056642148621434	1.490125
452/50a885447c9ee	3.1991945941172126	5.3211875
453/499c3c1432e63	2.8238176014197407	5.6168125
450/4a25c698820c9	1.7230009183099761	7.9699375
451/059b60959c6ee	2.0951524731820417	0.72025
452/b00f1e1d10d21	1.2181207378278327	0.9145
453/2f57f19828b9e	2.6121295981154526	2.763
450/17d2082b119f7	2.623046110992786	2.7893125
451/f5562a716f168	2.76349516383515	3.1990625
452/00695d1120895	3.1515395117026124	1.966375
453/bded92b3dd3fb	2.823447103291835	5.0675625
450/8cd2d3904b951	3.426359084521895	8.2614375
451/eaaaa6d63301b	3.0826546929406744	5.58225
452/cf5a48d26785c	3.262463519511871	6.951125
453/445d3d94d33b7	2.7787804477261497	5.1816875
450/c94f51776049c	2.6469780148479147	2.660125
451/1639047a6c2f0	3.1044925713315554	11.1084375
452/e93d14388cb9a	2.0120767458574536	1.0329375
453/98724a1a5e94b	2.7724850051786163	5.0035625
450/2021509f23a19	3.1695508959048335	2.1633125
451/e3f2c9f035fe2	2.4142546041318074	1.619625
452/bef244ebcaddf	2.874629435416718	1.900375
453/5b4d85ca78dd2	2.1338074862609724	6.1643125
450/499ed780c29bc	2.4777980889415097	2.16325
451/b7db24a6aa211	3.361372948843887	7.9268125
452/cd8d1e75d15e0	3.1062000233361444	6.165625
453/bc25c1236faae	3.2820163014626162	4.271375
450/4d857cedd7341	3.561997590248574	8.4495625
451/55e061665908b	3.0045064416851877	7.7903125
452/daa84913848ec	3.0196837589959133	6.5556875
453/6a118cedd0480	2.632703768814838	5.443875
450/f60ce90bf22de	2.8426517689406055	6.1539375
451/cb6cf3e1c7995	1.6949456992024434	0.768375
452/bc62b5856bc53	2.731733516480009	1.976125
453/3d288e9437c65	1.5686297022196225	3.0384375
450/cd188cee89adc	2.8362524235800044	2.162
451/bb08bdd45896d	2.42283046671321	4.780625
452/4527fbb0f4b6e	2.683832860018836	0.9431875
453/8b69aa6372373	3.146062516681813	2.605
450/eb93cae1352fa	3.0006861007377155	3.1025
451/898c067fd0711	2.0113529667350605	1.2503125
452/b69ea9d9d4931	3.0584978367692606	1.8746875
453/282a563e3b605	3.4042878373111236	10.747
450/7bb3cb7444938	2.1820723761824588	5.00425
451/98f0bf58e75a1	1.3469055641908672	1.6334375
452/379e47f6bc842	2.3702840665875455	2.52
453/1915d4f3a7eb0	1.6128427608273614	1.5381875
450/8b16d402b6cd7	2.767643522026334	3.694125
451/f0dd0e7875c47	2.3456153210711923	1.5379375
452/e5a92062a17b8	3.1671997875017945	3.41375
453/60e3f7aa37639	3.0785781734872426	5.307625
450/f152f0f86c85f	2.064762865731166	3.6490625
451/ca2bafd65c04b	2.9493249497286285	9.1644375
452/82063c2caede4	3.375729471217829	5.1421875
453/c23d057d1f3a8	1.919189887059932	1.0091875
450/44bedad45d530	3.072274154595566	9.9526875
451/597c85a168b9c	2.105757423757969	3.3855625
452/c36992c00ca87	3.400096082305823	8.74975
453/dd6d7729aab72	3.337304816427221	3.8016875
450/07f03f82717d9	2.5493125392375915	5.52825
451/378af475e5549	2.6409585030725156	2.475375
452/ebb7efcec3df3	3.319529921565494	12.01925
453/e002a3f64ef3c	3.199565418922331	5.3114375
450/a651e2cf2567b	2.6251950812443408	3.722625
451/4a5f0fd35c99f	3.388778011423475	10.8793125
452/b444ba05028b6	3.5086427614188214	17.06625
453/6ae1925134a69	3.229077498884617	4.1230625
450/463420be89071	3.0984860779784946	10.759375
451/bb2b3220fef2e	3.0331665353820987	9.599875
452/7734546ee73e2	2.292620015883912	8.4513125
453/f12a0893adad6	3.051226495932125	11.5953125
450/a67cd50fd35cb	3.4568994432697444	18.02675
451/a592490c73597	3.248734744144498	1.9614375
452/0a4b697d2521e	1.437911601935223	4.444
453/67928b00d87c3	3.456326263085146	5.9158125
450/1db50c9ce1c77	2.4192602652968116	3.22075
451/1a6628ad871a0	2.7819582738091793	3.912375
452/b80bf3225ab75	3.2678998080035786	3.1549375
453/724dec6c411d0	2.5286164044220567	1.264875
450/bfc46f53fabb2	3.2152634743631254	6.806875
451/4d1ca635606d5	3.1865687064365535	4.1083125
452/cc8e0d77b78f7	3.386474146862906	5.56425
453/3a69bab3f4513	2.623454165866441	5.2423125
450/3317b396760e7	2.939168368043428	2.552625
451/8adc01c47615a	3.3304075964341178	11.99625
452/69fa7b0adde25	3.3465576498214022	11.2490625
453/3e9abdafd77ad	3.4615110509801057	4.9564375
450/c3c40ed504882	3.075620113351279	4.1295625
451/c2a629c912b71	3.1236595155285705	9.4594375
452/bff7939c717bd	3.4642701422490645	7.7920625
453/396d41e0a526d	3.105967252634501	1.8248125
450/377faed8392de	2.177392539604238	7.399
451/656fb4b2fb897	3.003864914867239	5.96625
452/3610ae40495fd	3.3128056486876227	13.202375
453/42293b69847b0	2.9858421788772405	17.0124375
450/7803133f1333d	1.6298879290942816	0.7201875
451/b167fa972024d	2.51264345913621	4.8274375
452/89efb53a91188	2.5900172560676826	7.21825
453/5601513338824	3.0688757779447715	2.5960625
450/62ead5cd904f4	3.143138781617013	3.8236875
451/873be0f1fbecc	3.3071985863474245	19.5753125
452/f4f60a7797508	2.8935604973592914	3.721125
453/491de69fb9097	3.0846788371641565	1.7088125
450/92b597b14d232	2.556153203233832	4.8370625
451/d9172407e5341	2.16140839269356	7.1046875
452/2221545f3484d	2.82622542647256	7.61475
453/2ccd6f2fb39a9	3.209692737317269	7.490875
450/dd28fed809723	1.7563275868484574	2.3568125
451/dc0f8553804cf	2.8593899445091226	4.181625
452/bd7ba833dbbea	2.653124969752567	2.8740625
453/c5bc402632512	2.8498021892774665	7.9673125
450/c465194bbf8e8	2.5992607043449607	6.2673125
451/195ffb20e0f6d	2.757627042423176	2.1640625
452/3fcd5953aa543	1.3890136070433574	1.58675
453/7fd617f1a61a1	3.404290310450016	11.7914375
450/0e43126b3b1e8	2.6781641200750914	5.563625
451/453669f3ab5a8	2.632560265516178	16.115375
452/db9ac3e9f9afd	2.7314247755676497	4.7613125
453/1fb41f9b63241	3.21242370515577	11.9783125
450/f626da9aa6be9	3.2670076613347194	14.4680625
451/4ba6bd34f4c95	2.25851117033755	3.8451875
452/afc7eacceb8ee	1.9020999239476708	5.5488125
453/0720ae4fd7fcc	2.377440213247062	3.2695
450/448c30c03e648	3.219548798897473	3.299
451/667de7b1c696b	2.756407045328384	4.2799375
452/2a0f4e1e56dff	2.2508900965012044	1.345875
453/96c5a59e10cc1	3.1737035252145347	10.809125
450/1a1cb04c22768	2.0150934160735976	3.3148125
451/6de5d6de801dd	3.4582490977777396	6.2928125
452/abeb8c3c89397	3.207803876860471	8.8926875
453/6d158af5eee55	3.2396640329863877	8.3719375
450/04ece5d39fa45	3.2551277749715277	11.53
451/15ba82f47ac8c	2.9877654171676284	8.485125
452/20e36eaacf556	1.0905740500527288	1.20125
453/db0a837322a2f	3.3516975027421516	7.47975
450/1cc88412811cc	3.1968952855427895	4.2105
451/2de031bb90a3d	3.2923862624681375	17.2463125
452/66cac3b6d1da1	3.3395552226280167	7.76125
453/56182d45a1cbe	3.533466108025889	20.8504375
450/db4a3a51be0ca	3.48652838839553	10.4354375
451/3a61b50612c6a	2.587730470157767	7.2671875
452/a729cc7154ec3	1.1985718289211569	3.216875
453/7909698a4ff28	1.0685905006343308	2.308
450/4b4dbc2f37e9c	3.146752418444288	5.819375
451/851ff6bcf36ae	1.568517573871048	1.116125
452/df63060d92e77	3.372728285905688	14.979875
453/08217226a38dd	2.7356446412829634	8.588625
450/92fb94c756139	2.6613166218729987	6.180625
451/e8b70d8c10f20	3.0349232185479225	8.6265
452/a2fdcd94dc062	1.7507124458148031	1.4443125
453/2e1a9a8ef6bd5	2.359026073392571	2.273125
450/8db7c479f092b	2.5158570684062673	8.03525
451/5058fd801445c	3.3025803170666697	15.443375
452/d04802e0ce3b6	3.34692493074904	8.5808125
453/44760405c4dcf	2.8162886129321683	3.26925
450/d06100c3aac94	3.184296559831096	5.9774375
451/85382cce98e2d	2.6398006665922966	3.4849375
452/8024437857254	2.744760497893461	7.0718125
453/501bda272711b	3.2467469196336647	6.6638125
450/789419064fab2	1.999242854889215	2.402875
451/094d8cc439c7e	2.9292349725469684	6.707375
452/881782c61d4fd	2.623641675049956	4.29825
453/1bcd2e18124d6	3.453636901140223	5.7005625
450/388768a877ed8	3.0908089276556456	2.6488125
451/7db54377072c3	3.3333513671256205	4.8373125
452/1a8bdafb0a37a	2.9646602341843726	2.47925
453/03403c882fb4e	1.7997526210018902	1.7650625
450/87a1386dd1058	1.7724237654336201	2.6246875
451/812e9812e5988	3.0576942078577405	4.297625
452/92d5e06217bfd	3.221226581015973	6.420875
453/25a4adf64f78b	2.317207692288859	6.4135
450/7b0aef1c4a439	3.112415028766527	7.193
451/7d198f4d2aad5	2.062928449777951	6.2244375
452/7070c8e2e85e9	3.2865501627282625	8.7409375
453/7a461a7c4f9d6	1.8507097111822275	1.3936875
450/9ba15d4f08f56	3.0443666177251174	8.7621875
451/b033d2a5892b8	3.2155672133463615	10.2030625
452/f8400a6748f04	2.7082371998198043	0.7685
453/502b27b8e26e4	2.4376145395588433	2.2514375
450/5e595f64b9fc3	3.4055964238179013	7.895
451/232c61956e26f	3.419973213402287	2.0465
452/112cb7df8bf1e	3.247585610112939	9.834875
453/598881842d32b	3.1271010036175175	4.8385
450/56c4e112fc03d	2.27393548799425	2.500625
451/cc1165978f7d3	1.7974614884219602	5.399125
452/09c04e4deceef	2.7209227048161506	2.65025
453/bc35b165fa24c	2.7061261724463326	5.5965625
450/894651e258a24	2.889774125194016	2.719375
451/67a0adfea1c67	2.4180876485917397	4.3920625
452/a9d24424930ac	2.1352763023795442	6.558375
453/d0319b5433a10	2.719866404514257	2.0180625
450/fbcc011a93ec0	2.6227165388864337	5.3723125
451/eb5b91484dad0	3.452934635787192	9.0125625
452/e02c202113854	2.6253476198818277	2.0390625
453/793f034b1b80e	3.2471696911418375	12.3773125
450/b85e7bf1fd045	2.232764541571002	5.38475
451/d2d7b6312c05a	2.218020373526938	2.253875
452/abe5f536d8402	3.34488894604453	10.546375
453/85acb4e152c14	2.9827199523166463	2.1436875
450/d57c441358c5c	3.312181505599597	8.436875
451/479d85a77e9b8	2.900658454026215	5.926375
452/80a8c9920d20f	2.911672288627178	11.0825
453/36e7271afe1b5	2.373962412926741	4.8513125
450/df50c46fdf033	3.2022880076742597	5.9059375
451/fbdae5449f619	2.8911071522361476	3.32375
452/98ccc76a7f628	2.22652023915067	6.6736875
453/d1d32dd2dde40	2.8716659495678223	13.24175
450/2d3fbc92a6933	3.4148560300182482	4.1950625
451/accda10d9c229	2.090675834219339	1.4689375
452/3dc9c56251d45	1.9934162413446908	1.68225
453/79abf24ccf5b0	3.2002029592243995	12.8701875
450/485bf07433cc7	3.077401878945005	5.089375
451/66731a6846563	3.4719784465768058	6.2035
452/10289b36738c0	3.229313417210535	2.4405
453/a90c772672643	3.16354025258208	15.0529375
450/0aabc9c1e210e	3.4356412703923893	14.3295
451/ee6f7cf992450	2.813316031313111	9.152375
452/8b69e4c6591c6	3.3423845359680984	9.155125
453/e6f4565098381	3.1913241233189993	3.041375
450/a8750bf898616	3.2516642541765166	18.7709375
451/a31e2a6983b5c	2.9750549978505925	8.297875
452/ee1a416b0303e	3.2622020765240434	5.831875
453/1d8ccfd63c7d0	2.384531696954621	2.98625
450/2cd53c4947338	3.134199006527577	3.238
451/51eb27cd04604	2.6297277286797347	9.7605
452/d6d766d58a17b	1.0841369909501757	0.8644375
453/25c82d66c9f8c	2.4918186151973702	7.348625
450/7ef7f48423e24	2.862225004243821	4.329375
451/a259b6e7a1fb1	2.1178261427280725	2.699625
452/a159026e2554b	3.4808880377849465	2.62625
453/e3bb04e6e35f3	2.170084646148291	3.00475
450/9c1f75ce5d7c7	3.157008617806242	6.9379375
451/61079a159d552	2.766919642724531	2.5145625
452/c3f8588e71435	3.1580548160001567	4.7795625
453/7fbbf04dcdcac	3.1487971690418597	10.3690625
450/4022064848804	3.1978051109011587	6.0920625
451/302c87f2a059f	3.5042371972228783	7.52325
452/2e9a36ebeba79	3.0493721221646273	3.0455
453/fa959d17c44ef	1.4953482706962895	1.1529375
450/9baa2d69004ac	3.426033763166936	4.7271875
451/4d7e6b4cb76b5	3.421760142810376	7.7651875
452/ce569ee541e21	2.7665826909831086	7.3620625
453/b8cdb1e2a8ad6	3.221895829437404	6.7569375
450/f898d70c45f09	2.2554206203380325	5.3956875
451/bbe47c65527f1	1.7217798636767023	3.148625
452/80b50dd383979	2.2953274467426934	4.6609375
453/3f8da6b700a95	2.6662170550963302	11.5305625
450/f3bf09303f8dc	3.1105906664651943	6.9175625
451/6a4ff1fab1134	3.404761710287164	5.6248125
452/30fe36d3293a6	3.1747397014695062	10.71225
453/2d9f688530fd5	2.8639125412322772	6.58625
450/fe0065862c5f2	2.2066200690603512	1.4666875
451/8b1a4e398b7a8	2.660378661780335	1.201625
452/a7d98ef0ffdff	3.370735989042217	4.43025
453/c69b8b83ddc4c	3.3493443477416833	2.93175
450/e873a1c0add3b	3.0254233888845046	13.6025
451/40d52cf4cc17c	3.0657514109484163	4.9821875
452/9c802d54ddc87	2.663110531765855	3.72175
453/fb31f0bfce32c	3.0873968951958637	10.3139375
450/1803ac6d3a32f	3.192682104644328	7.999625
451/ca69d4505ac84	2.7615108390826544	9.9733125
452/ec1f31527955b	3.2054091476183495	2.6083125
453/b8ce4e90de7a1	2.818231050164336	3.3798125
450/4d18265078710	2.6545413793822297	5.6345
451/0a1ade9c6bcc9	3.1208755615415	8.3968125
452/955379549de63	1.5499043957516299	1.1384375
453/118d9c4d44e5d	3.07223274795742	2.5510625
450/c1babdb4774a7	1.9363734358627192	3.676625
451/39be6a770dc03	2.6118228635469434	5.5574375
452/53e7618ff520b	3.3887378139703896	10.205375
453/80766f9cde5af	2.389016321423938	13.024875
450/cd0347ed082c5	2.6161421871746304	3.7093125
451/5112b16ad2b7e	2.082112524051475	3.305
452/d403cf8934586	2.119485565138133	2.019125
453/1988305cd6583	3.489792718384517	5.517625
450/2d852d6f3cb7a	3.388454741370873	3.3345
451/3b2aa7ff6faba	3.1032259804410836	5.3935625
452/f38114424a401	2.457889031810981	3.465375
453/6f45fdfb5e715	2.974472822248294	8.742375
450/4b234ea245cc7	2.1248363216797297	0.862625
451/5c1b04e67b90b	3.3891137968924574	5.35975
452/7e183a75b0970	3.3952902063903343	5.625
453/99807a9921f59	1.086928518548183	8.3730625
450/45c9ce4b91103	3.0456070284386474	4.9745
451/3769851ddb9ff	3.190442000094343	2.8148125
452/6ae73ac5b83e2	2.9013269589539727	4.0565625
453/27f90589af4e4	3.0233476308773413	8.103375
450/5bc764afe656d	1.7803922825933705	5.007375
451/1f5a3030e56ae	2.232289239734183	5.063375
452/1f3d759e0afac	3.197090066952146	2.6525
453/88e1363a26436	2.8670008003940963	1.9371875
450/fce79b3192ab3	1.0727906770052582	5.027
451/1050d1bdc94d2	3.4066754461434523	12.187375
452/38d57fb76375c	3.517592086709292	5.5234375
453/554de8d58bef4	2.8634800067170083	1.9704375
450/393392e218e80	2.8535488064345977	1.999875
451/3ab034b65ccf0	3.1499358271491453	11.4435625
452/f32c3372b86c6	3.0985776902815454	9.7096875
453/87090fabf4c90	2.1180580386587966	1.4113125
450/cce64fe215edc	3.5140189820946595	9.4516875
451/5e06ef2834e52	2.58409496859352	1.5608125
452/a20e7bba4dc85	3.3721126782411677	5.0033125
453/6694b66c4c475	2.065681464089321	1.9455625
450/96017b652272d	2.3507923663373753	1.481125
451/dfe2716087ac1	2.996559993424111	11.3068125
452/4aea04ba58edd	2.954897612651969	2.01975
453/d9f3e1e54fa0d	2.910191831486816	11.69875
450/06f8c681dd0d7	1.3573459543334772	4.719625
451/b4def265e64c9	1.3407289369316664	1.852
452/1bb0a026c3047	3.2280849137695027	12.5454375
453/5795cb9a14071	2.90645317648619	3.0244375
450/81648a037cb35	3.151360258309954	4.497
451/bc19141a64f90	2.898436782220731	7.5480625
452/0330db9ed5862	2.567283012942231	6.7519375
453/f0d852f9be4c6	2.3088728646395764	12.3215625
450/49085ace55070	2.144722457860186	7.84475
451/5cbae17b7fb2f	2.257105901543318	2.9315625
452/eca6a6a256b45	3.2990505992175048	4.1528125
453/f749f061238ac	1.6605163694689917	1.5380625
450/c049470997bae	2.952897254454307	2.5334375
451/5f35c670b661a	3.325739668926446	8.5599375
452/c8a8904215244	3.212159778444641	11.077875
453/9dc12608b0522	3.3493556371867315	6.613625
450/db32ddab34693	3.4987807110358835	15.620625
451/ad2e48682bbd9	3.076936297703155	7.731875
452/115621756fef2	2.9204659804847717	1.766
453/54b26f42efb02	1.4220129779169253	5.655375
450/677f3347253cf	3.273891086868161	8.269625
451/f0fb5b04cc730	2.3101392173143065	2.894375
452/a90b1c2741f87	2.805078269148513	3.263125
453/dab83737c174f	3.0118028727621424	7.938
450/2877f5536f414	1.6471400089689503	1.3934375
451/5dd463ba53717	3.2300654332995435	3.8303125
452/b7afbe824f34c	2.4706415672243804	4.895
453/0da293492a5fa	3.069855856906237	1.4319375
450/8b42cdd0d399b	2.4520276979366287	3.942875
451/fe8e9ceeee8c9	3.363223726110757	9.13725
452/03dce71dd622d	1.7458981835819358	0.9604375
453/84a5bb17c57d9	1.9654785465964335	2.3031875
450/f61aacc9b3067	3.408492687733392	7.0265625
451/5d7e0b59d5ad5	3.4660000554222177	18.5140625
452/23f96f57147ac	1.9662447760176236	1.7036875
453/ba30fd926ee1e	3.349566839113779	8.1198125
450/d9a98d22973e0	2.8629064006997864	2.026625
451/91461b57f694e	3.3178227667449036	8.0348125
452/83318b0a1a85c	2.8734059047654372	5.733125
453/9cf620734ef32	3.123298532894077	3.021625
450/e2f4bea3b755e	3.043930804027261	6.3360625
451/4de436b5f1bc7	1.2442873131548675	1.2048125
452/51e917cb4d6d4	3.4982275151576414	5.7073125
453/6da94c16ea8f4	1.7001733758388562	1.8755
450/518deee91b8f1	2.4432461990067034	1.7959375
451/10cc8410d0a5e	3.161956887345318	4.1329375
452/823c198c0c55c	1.0851125522658462	2.758875
453/b927a932987bc	3.145267884003476	2.599
450/2fbd7aba9b7b7	3.111681677722411	3.9314375
451/5b67f12b6efac	2.5855763585348552	2.18725
452/f6ced87244a0d	1.1035109062920039	2.0180625
453/3f9930fae8537	3.1234410830409343	8.4875625
450/5b1b8337d573f	2.927914130857727	4.052125
451/c68d6d22e08d4	3.0027276789200994	3.047375
452/bc016295314aa	3.169415908598502	4.070625
453/eaf85d8049c72	2.7919747028884494	5.5904375
450/f97cd0e377ece	2.7906696302233485	7.1769375
451/ead5ddc4b7fd6	3.209961451382945	9.6821875
452/87b344f436b24	2.4129842571406552	1.4758125
453/d2f0a3a8b4f61	3.303451299618074	10.3299375
450/4858bec12eed0	3.0529952956627278	9.4875625
451/361b57337d944	3.1792309193378014	7.7124375
452/488a2837f7472	3.162254178442141	5.275375
453/59b8f86f2f995	3.325657367125747	5.177125
450/487ccf0339963	3.527644654709217	6.0599375
451/fb48ae4ca146b	3.3178663986830075	3.79625
452/c1220c93867fc	2.739974032487414	6.3461875
453/0a2a5aaa36720	3.4529903966124667	9.022375
450/615e392db995d	2.5603937037006106	11.5299375
451/f8bb1a63a3564	3.3748414006277505	10.5750625
452/82bb9b0dba60c	3.096324427949813	3.57425
453/cee6a974b12ed	1.9309127008204159	2.0509375
450/9ab3a072d59d7	3.15157586767505	4.5173125
451/21e002bbd52c1	3.145517753115937	4.410875
452/24de8bc28421a	3.066413741206208	8.9480625
453/8762df5951d9c	3.035971962129863	1.725125
450/48a8cb1d23208	3.3002293566324767	7.7588125
451/f59723fae2d56	2.16289378523212	0.7681875
452/e4ae4bd678b1b	2.2911212282437794	2.6419375
453/d2a55d845ca8e	2.4179412855694773	4.9261875
450/e41b1454debcb	3.0973552952586814	10.3708125
451/5afcef02f414e	3.4508990201837344	9.4403125
452/7363793971a0d	3.4032097738501794	9.096625
453/e78a3d381393c	3.174048237063687	5.7535
450/65a2fbd8b9277	3.2187739524282204	5.9495625
451/db837dff83bb9	2.7346039633223276	2.105
452/87238a85b86df	3.166073612851585	6.6693125
453/96e88d5cefb2f	3.00131807633639	1.7165625
450/e4bedc0d3ea00	2.3207422031578107	1.7795625
451/9ff7f0305cec9	3.0843116480926347	9.47625
452/b1bae6d770daf	3.4908610524298096	6.7638125
453/1f467345eb2e9	1.9955216751503786	3.4161875
450/8ac9964db2178	3.311222396350302	5.1453125
451/eba7ad903be1f	3.1157028349668723	5.6425
452/34eec3a9549d2	2.5969671439714155	3.606875
453/2391551b5acbe	2.6618382204435873	2.502375
450/75d2e44751110	3.1388711105389615	11.3956875
451/06e7a7ed109a8	2.09434064756089	3.70975
452/41845c6f5356f	2.2909155929479175	7.0401875
453/95dd9284d1813	2.5504320038553128	8.067125
450/b6c2af239476f	3.1950930681360283	6.927375
451/393cacea7c82c	3.063506777498234	5.2981875
452/9a10a1d1b519e	3.322866851939806	17.9411875
453/2d29c464c1f45	2.3604707224517716	1.77925
450/96ba1ab68f078	3.0076699268691023	3.802875
451/8206966675384	2.1220217866370286	4.0995
452/26af5f0d258bd	2.5746382160977346	5.028875
453/ec5056a0e5d22	2.541222003498922	3.1751875
450/5a6f907628cdc	2.498876195329967	2.3570625
451/a11ede7cd8e64	3.1539409854783096	8.8651875
452/6d584a19aa1cb	1.500164959774534	2.910625
453/0b251a920f484	3.433701056358237	7.7920625
450/49cb08973546a	2.716798078067823	2.674
451/e530f70354c57	3.111217550491379	15.6015
452/656649ca59a08	2.9341617394378474	2.773
453/9265ceec68cc3	3.3845451447469954	13.14775
450/2c971515a6034	2.7950794885994332	9.3993125
451/7c19a44abb89c	3.262690718091269	7.66425
452/28a44ee5678c3	3.2417901742193753	4.6053125
453/a3eade8bf9779	3.3394898232114127	10.3871875
450/0325dfa0f7696	3.474149758171879	6.9030625
451/3303db4b8d1ac	3.078784441388406	7.40725
452/a0974cab6a41d	2.8455785981328363	3.610375
453/40c1d06c922b6	3.418990607169951	8.7194375
450/aaa21d8d3b278	2.226078033310663	1.782875
451/4727b048ca45c	2.743911306636545	5.27925
452/f95eddc55a323	1.9569679643121112	1.249375
453/551b3a08f8cd1	3.407906964096746	5.6184375
450/66110dacda80b	2.709605430539262	4.37625
451/dd6db7d17283b	3.0655050678967277	8.60325
452/e10dba2602577	2.895810959329511	3.1245625
453/e989f644a35f0	2.34814414403341	10.5378125
450/c3365c6492510	3.025850652242034	16.020125
451/af65a8e72109c	3.1037011194191826	5.119625
452/67ce6d1f75962	2.503500554891538	9.1735625
453/17e739bd1d33a	2.8349318484383614	28.516125
450/1f5a99a16553d	3.489423314744324	20.500375
451/437fdd861f655	3.119685439683088	9.3463125
452/cecd64017077f	2.5669901451026225	1.396875
453/4af6ceb137270	2.6313268999939083	9.556125
450/698689b053d05	3.261165190213801	5.656875
451/daa935edf0cf7	2.786620267359702	1.570625
452/6ed01e25d423a	2.5889788087449532	0.93875
453/6803c50afb30d	2.9240835018029507	6.5484375
450/276d272cab68e	3.170517282080438	9.543
451/cfd64a241ef21	2.6557150851035707	8.043125
452/fda2d5849a504	2.158043306565026	2.7795
453/db62c13714859	3.463473656332119	17.2281875
450/56bc15df7bf5e	3.2410995074966604	8.955125
451/f38f03b32a51b	1.449217428024836	5.20725
452/3565dab05c839	2.179147150354342	5.65475
453/da9e42dfc9f44	3.025689971802205	5.1838125
450/57c5c3bddc1d1	2.5547566183167927	6.0160625
451/64f5f62994877	2.684816055908185	5.332125
452/7f91ad747d9b9	3.019575351442041	6.695625
453/a920e91543a4b	3.1557467945794566	7.5740625
450/8b950c96e4909	2.3902054713449044	2.850375
451/caac3272407df	3.179966106550046	15.224125
452/eb6ffe1ce0299	2.916385928790883	8.213375
453/0c53e3280883b	3.225446160476465	7.0175625
450/97beb5d7bab0f	2.623804787307211	1.9706875
451/e8f5852de379c	2.448482337865768	2.7895
452/990cdfb3e4b6c	2.4353942120034278	4.31925
453/41c49a9eee2e9	2.2439898339247315	3.6075
450/0e8c30a31fc2e	2.3796486984150174	3.032
451/9c1d64a80200c	2.733588603409109	6.4216875
452/da1421d130389	1.7135778802407096	1.091875
453/d701882ea599c	2.5053591395842774	2.459625
450/1c8c0174d8ba9	3.418213593303932	17.59125
451/09ad1cce5aba5	3.092689467112615	6.381
452/0e3375bce4825	1.590782206576254	0.8645625
453/0a7f680f22d3a	2.7513062081422803	3.0008125
450/64bad53a4400a	3.106856024296548	10.1608125
451/08e6a68416b91	3.222051249421014	3.9669375
452/df8db2292790d	3.1375824153590446	4.5563125
453/98f8301ed3e36	1.6727122901872857	3.4784375
450/761958eda4185	2.2378310208066217	2.23375
451/66c4c300ab044	2.6224166754573273	2.0160625
452/8aa33f44feeaa	2.6114146202448487	4.5741875
453/aa7812a27fce1	3.278303241182383	4.3698125
450/998cc8d3b1cc0	2.115696862464207	5.136
451/8bdc54a5b3424	1.1543120336845334	3.3241875
452/edfa536560603	1.5117924950234294	1.5958125
453/3a57bcb649113	2.715389448433499	2.1881875
450/09f22af1b03b2	2.944109299555181	1.4154375
451/313c1acc536db	3.113399002680111	1.204625
452/8d9b47721bdc8	1.8472252470133348	6.96725
453/721a1558352d6	1.588272435534159	2.568625
450/ab3fa26ef45ab	3.079608550164265	4.0415
451/9fb8bb770ef1e	2.565609988650527	4.6159375
452/3a48571027e95	2.7270702271663416	3.81375
453/0e10c7b4f83de	2.9700072355605385	5.457
450/b8ccbbd21d58e	2.852694610046161	10.112875
451/5e76c487a2235	3.2557679614135604	5.1184375
452/c7fcbd0f28e4b	1.6984485908645088	9.6513125
453/2bc5d125e20fa	2.3498875912695842	2.558375
450/8beec109d6093	3.04413498659111	2.644625
451/f7b6eeae9382c	2.6511035790832467	2.446625
452/f507b2ec2cc76	2.6762033934744127	3.9268125
453/40e36827d176c	2.915358402405664	18.7145625
450/432256d38cea4	1.7229951962637482	2.516375
451/4c37c1ffbad7e	2.4686751761983383	2.6841875
452/9a68a84124647	3.357142336727878	4.6339375
453/ffa1262528551	2.7205295893663606	5.715625
450/2e036058c01d5	2.9323112366204627	6.51725
451/a4e8fba128035	3.1378814761781952	5.3716875
452/de119efaa0553	3.4167753868222306	4.3230625
453/354b0207cdf70	3.151866592809743	6.6335
450/e585abb490fd8	3.2338976480419817	5.8638125
451/4c29a5dddde6a	2.753039861681654	1.5685625
452/754e28a82551b	3.1573998361784783	5.514125
453/3a8082318e7bc	2.1199604913931425	3.09575
450/a296c35bb76cc	2.9628294914387396	7.7266875
451/7f89df46383a0	3.3899141646785473	19.4278125
452/1804930e3a7a4	3.1338612625939777	6.8285
453/07318aff62f34	2.094804079313262	1.89775
450/ea2e447fdab91	2.864081122197653	4.3455625
451/3355d5a88ad3d	2.2081841479015627	1.3033125
452/d023357870bcc	3.1313333195237263	8.49425
453/bdf45879ad954	3.5078195004447665	3.2356875
450/3ae8ec0ec0679	3.3185579272765904	5.19725
451/8fdeaf9bd8203	2.626238445297552	1.3180625
452/31696b820a86b	2.9272276239526094	3.078375
453/8cb27dd3d5c89	2.3032440586084144	2.9685
450/3497d1ebf55c7	2.000863175026703	2.403375
451/854f3ae2bd91a	2.78180225816927	6.8990625
452/66d11dc54f74f	2.9161334807447776	2.9603125
453/e589b8c7c67ac	3.297597732089933	4.418375
450/41915b3482a66	2.2655506760478556	1.642375
451/a1e143f12c66b	3.369043590693767	4.4739375
452/681de46669143	1.1006784821050115	2.946125
453/83d74f1bc4340	3.1157489360829884	7.3779375
450/9af4b7428550c	3.0148076452664507	4.060625
451/59c0b078de575	2.441823915633832	3.4171875
452/fa8e3a1300a51	2.706388543778959	4.7874375
453/48a6e5c4a5964	3.028400783252644	8.789125
450/397c71ac588f9	1.1238722966441737	3.126
451/9f00c7a9de519	2.8671156882751325	2.5040625
452/25638e9cc9bbc	2.859888188208378	9.480125
453/472fca6d2c42d	3.3974374887106467	11.1730625
450/ddd2ca3834ea2	2.5020716723090906	7.514375
451/30cc226680880	2.64782779481478	3.8165625
452/6dc053c0cf4aa	2.903651715858288	1.5015625
453/a8a0d4ef22616	3.175074662968152	5.38175
450/ec1eeb09d5536	1.894634819346133	2.3241875
451/e90ae4e65fb5f	3.2576921112575326	10.4818125
452/3a70cb6acc5eb	3.1590815242161545	11.024625
453/365b4d04708e9	2.9677653564283184	2.4154375
450/b058aa2dacbf5	3.3989565418337877	5.9735
451/669f34a786d76	1.6940403580790697	0.847
452/d8d96b622a573	2.8280043123829217	6.4445625
453/f08cccd1ca385	2.7118052106209114	10.4558125
450/82e784a2a8d02	1.9551047310285632	3.0498125
451/d805b545b8f44	3.089092996285475	7.7825
452/57cbf5f67cde1	2.8998716897112864	2.9366875
453/718ec06019d3e	2.8261199980312366	1.15325
450/3836cc6cc8e27	2.672758913369688	3.7681875
451/48f4656169cd0	1.0912115301653604	1.425375
452/a4b3528c7f096	3.175920999746713	5.1605
453/4c501aa7ced28	3.3132737651290225	4.25325
450/55e943fe50981	3.1194846390027124	3.571375
451/0fdf199b65a8d	3.232485653986923	3.7333125
452/eca63bbd3f4c1	2.675410726250233	6.05725
453/dbe193252bf44	2.9042132354138936	7.82325
450/b9ca9523a61af	2.8868972760140315	6.5389375
451/05bac5e4c8123	2.4045437558196587	1.27275
452/34eeb1ba081b8	2.4093921775455565	1.009
453/0fc0030da9711	2.9473895875185634	4.7191875
450/347d3e0bf3c35	2.958818621401638	6.8220625
451/eec6dbf6c4ca3	2.5187534444303727	10.545625
452/d0a2b99a288d4	2.7133099830327008	6.5275
453/58c79bb116ed5	3.085617714656593	2.84275
450/49a6adac7c56c	2.78622026717664	4.523375
451/c7e3c3e4a9ded	3.368026254346025	8.7753125
452/f83f86f0ea538	3.444195270331625	9.4420625
453/3c40fbc1efd92	2.7036844807085827	2.612625
450/68ca714d76a53	3.3541625921635885	9.05175
451/9e327fc04cbd8	2.9241407010426093	4.660625
452/3b93c21f1ac1c	2.82797113836644	4.9125
453/3942b12d989e1	2.986816593320328	5.36025
450/268348765fb32	3.322700170525278	3.4825625
451/613ac4d5b684f	2.7229352499036565	6.2534375
452/1d7c3b0270d76	2.6858027459634166	1.060125
453/189f85823b4df	3.2461393661649938	6.6050625
450/0ba30e260f50b	3.4969037548144395	5.892375
451/2b9eab807a673	2.942712323012706	6.364875
452/b96f4ba95ec2a	2.591854605662237	7.27275
453/b2ce31fe03045	3.228186291080997	12.530375
450/6adc451c110c9	1.4160112671669047	2.4494375
451/5991d9fa71ddd	1.9847482521779922	5.305
452/77fe614ac8716	2.359497336222993	2.520625
453/72c9e87233dcd	2.0599322859964975	5.516875
450/71ab8c4119dc8	1.1071725570231983	2.3086875
451/e7af1a402c9fa	2.601169881749049	7.6270625
452/5e49a104b5a4c	3.2986921966794065	6.4229375
453/b4090f2f88a91	2.6324233413806493	0.8486875
450/846f42b6946b6	3.1052381738599926	9.0118125
451/72451890b846c	3.2032182586862903	12.246875
452/a10808bb152a9	3.1637392978113845	2.257
453/e42217e71ceef	2.025903833426772	1.057125
450/064a901cb1f8e	3.43254165147015	12.51075
451/0e055050509fb	3.045501762029275	3.24225
452/19e58e6b23c9d	2.073684228007956	4.2586875
453/3b6ba721c06fa	3.465603573428955	15.8134375
450/17861e5d90969	2.6616368315608483	1.40025
451/4f28b46438a77	2.106713270235969	5.0693125
452/5e140ac447827	3.065863265796908	4.699125
453/dfcf76dd2f476	3.1833039728261663	5.609625
450/9399c2eb6ea65	2.0540205417091992	2.15975
451/39ecfa455d996	3.0696735951447103	6.5775625
452/7b2914ffa8c8b	3.4438148169961336	16.903375
453/86b814470029b	2.7826400260349407	5.28725
450/53dc8fefe80f8	2.7263501317622465	4.3584375
451/9bf6591763c68	2.6387975113799	6.933
452/e61be58e6cf7f	2.3299262222313453	1.0598125
453/85f851a3b22a2	2.6220286158123454	7.39275
450/e311d7947d514	2.8509567982363566	11.382
451/f254cff64d5e0	3.328260969803124	7.1390625
452/d576581b0fd46	3.1611800045389895	18.1634375
453/65082900fc745	2.939519193060445	7.1418125
450/4a6655cb19506	1.7338874394690726	1.477
451/70f39f538db40	3.227859627693134	8.92975
452/0714c1c1dd83c	3.360678095608482	6.7225625
453/b6a23267068f1	2.0360375858656616	1.056875
450/58cf5f56550d9	3.1934757305036525	9.769375
451/0e1952cbc0be1	2.473679571976846	2.2294375
452/4c86bd8a66649	3.176179873293738	5.586125
453/beb15608bf32f	2.417608909002284	3.862
450/3a5ee05bd0797	2.411626674501652	5.0006875
451/83d028bf0ee84	2.9677621249157182	5.6013125
452/a74cfc92ee47d	3.388257760782872	8.364625
453/b7329c1d3bdf6	2.5543069744465816	1.97075
450/7bbd46b9a21b4	2.685202472764651	18.902
451/2d7c9d7e9bffe	3.444511002463138	4.6844375
452/0374c49fa6de4	2.4178459931962135	5.446875
453/bdbd272eb98f5	3.120971310615802	3.2789375
450/056f9262034a6	3.0679696716341036	4.249125
451/c4e264fbe087c	3.450252057853901	10.1138125
452/0bb5e240f47b4	2.5612061671388813	14.0391875
453/8566b26899ac7	3.1941252673473173	4.6350625
450/eaf0e22bbebe2	3.0587438701215715	5.0283125
451/767ad592f0ca1	2.687361842054154	6.9458125
452/60725c435764d	2.8784593861654635	1.562375
453/2386dbc9670ee	3.0468304683639795	9.5458125
450/208980db7f261	2.8945825616240355	6.7190625
451/03a019c186f14	1.2040242754024744	1.8514375
452/b78ba0583cf07	3.1283148456056655	6.31575
453/ed60a9a98c6fa	3.042447742737378	4.93375
450/1e2229c2f48e9	2.9841323372703696	12.7271875
451/50238e12914b3	2.8991588750040203	2.6225625
452/81de01ef32a46	1.2658419836921133	1.546
453/fde61fc53bc62	2.8063654632814665	4.297375
450/17d3ad6deba1a	3.3404071117889744	14.62025
451/2167d27c72955	2.973668953077527	6.9818125
452/a02b53a887f2f	1.8334625755522964	3.2835625
453/d56af06d92655	3.1167574587360356	8.828
450/9f03e80bf4f8b	2.5446344227050264	4.201375
451/ea0c112737a10	2.5432198688793375	3.3174375
452/7270eb0f41ba7	2.33399389723274	2.518375
453/b204eaf922927	2.078635762208051	1.1050625
450/164d37dcef921	3.1782404680648177	16.60725
451/18ebf556fe433	1.1496395485258009	1.4420625
452/67bc59f14d114	3.348285891088892	7.2984375
453/af035ba1c8b5a	2.5932530894379977	4.20075
450/1e0bbb48f6691	2.6151425726140856	5.65675
451/9d18bc82aebc5	1.0916262821368015	2.203375
452/599cfa4e70943	3.1485142859451813	4.378875
453/ad8efecc31c24	3.150181574454828	3.9775625
450/1f56c57069604	3.45869034628774	7.9180625
451/f13a8b1252c1f	3.2736522288442274	4.823
452/f56e9ed7a6998	3.0159935569326746	6.2189375
453/cd4ad27800df7	3.1141472894119206	10.4619375
450/cc71f4111dc51	2.881644584514406	4.9469375
451/11478d7826bb6	2.4039722623874606	3.880875
452/9a7849f2151bc	2.68332354633392	1.0734375
453/81eb757040e4e	3.210379500189528	8.8255625
450/5c1978bb9d0c2	2.2437335443579225	2.211875
451/4a5035e0b7677	2.6958181693597614	4.2605625
452/aeaf12cf42132	2.473699667928704	7.0371875
453/08203a6c39451	3.4488493969563097	15.773875
450/cc227292e6d0f	3.4026211774226915	5.5034375
451/bfb57106e279d	2.704136181282724	2.5941875
452/60ddfe12ec1c4	2.4651419248909536	1.3448125
453/a9dae5004d29c	2.691797740909156	2.6145625
450/dbaa2c050490a	3.03275519288297	5.329625
451/c344e261edd16	3.279161769653424	11.5111875
452/4ff2d85a34f23	2.4479941263079965	1.3073125
453/66e556f2b3787	3.30422862534789	8.219125
450/ec52e0c40e16e	1.9997966979043542	2.0909375
451/4bdbb7d7a8b5f	2.9136292596191797	4.6628125
452/d3d20485ec0ff	3.3244158860781887	6.5885625
453/ca3243e392e3d	2.9897067651863645	6.4033125
450/48a45b33a4731	1.9418853175425987	2.2035
451/2fc3526d2543c	3.4598836415631484	15.31425
452/6572cb898845c	2.2178746341808724	3.8645
453/19e03c1dcfeff	1.1154859688420542	1.408625
450/97dfec8e8beb6	2.68547110218745	4.8463125
451/c0b20e546e93d	2.6276107677489366	3.992875
452/960e34e8f5dc6	2.278893902423004	4.1875625
453/bcafe799b26a9	3.4270136882962348	14.945625
450/535bf3c7607c6	3.0473478723550493	2.1845
451/681a7fd3126b8	2.7126778449617466	14.2274375
452/44b055ba69b74	2.7735546848734116	4.8271875
453/8b574a35b71fc	3.1978733948884077	9.5268125
450/dc17a817cea86	2.716875143172808	1.9958125
451/2fece9badb335	2.670221691311074	0.9364375
452/c8db1c2ea7395	2.4417509135421827	8.5921875
453/0e8c57ed11e84	1.9248858598953607	2.5015
450/45b7034f127bf	2.611030375755954	1.9849375
451/cae787d7a496d	2.3799802570931408	1.29925
452/8f96bc4cc1016	3.2431378431080744	5.4506875
453/2e6910de0246e	3.4374785092227036	6.9508125
450/de2593ee0947d	3.3755785295364613	9.1275625
451/2eb9f8dbe594d	3.226247160516074	5.0506875
452/f58b318ac1401	3.1113620045764647	7.58125
453/c82d9a78020f7	2.5991564221136776	3.60725
450/6c2b4129a1fdd	3.097353800432863	2.78925
451/d34592bfa2de5	3.191235381356407	10.683875
452/aaf4ae1bbcd17	2.5666324653836194	6.133
453/0aa4b905f2093	3.3524613088599473	5.1045
450/9a241bf78b23b	2.143477551941608	4.968375
451/8dd62e6b3ca44	1.5706082869035105	5.728375
452/95a4a3d9256ab	2.830157734427105	3.5928125
453/40cd7f17b5df0	1.9454095410029524	0.6721875
450/b75baded850f2	2.2649923616355094	2.607875
451/443a294829a65	2.1750487416294644	2.1948125
452/ae7ecf617ca96	2.751463412540245	3.333125
453/eed78ae7342af	2.1139363745427193	2.2656875
450/c25cc47b082f7	2.4831864996937005	13.667125
451/1f1cfec13d3f8	1.6158185602719703	3.956
452/745b2dd1fcb7a	2.901278179127249	2.054875
453/9f9eee3c89185	2.93062709421273	6.3056875
450/b620b0a765567	2.5604070037532174	7.9838125
451/554f8ec9a7260	3.429478262187461	5.4206875
452/a86d98c2bb356	3.1678182165024698	4.7788125
453/bf4e668913d64	2.1136433341458094	0.8645625
450/98a9c545fe593	3.2208265210377403	8.26625
451/9f9a2c7452360	2.9392067767281365	5.932875
452/f0cf05e5bbb12	3.263893439062073	8.7081875
453/a17d18244875d	1.5073290997999538	2.446875
450/7f3ae19a5ee66	2.321201604085778	7.0866875
451/89cb71db44f51	3.318997872790592	14.2429375
452/89d0e290bed5d	3.33590274613422	5.8024375
453/cd60faa1e46eb	3.4206507124646675	7.612875
450/69721207d2a97	2.5472020746662754	6.8268125
451/115eb001b8e2e	2.294061732811545	1.7393125
452/c3dddc49d07f3	2.72903903253128	3.6894375
453/5d4371135469f	3.085477197815405	18.248625
450/92457536c89d1	3.4794483679513597	6.3906875
451/239afb533dc35	2.497025495689005	2.1091875
452/205c9e1dabf29	2.478635650416952	3.2708125
453/9261f1653e3da	2.6071118045507773	10.816
450/3b5a529ca044b	3.5111805008458328	13.6900625
451/c14824a32e53f	2.1950098218466647	2.127125
452/bc0249a35cc85	1.7326644565507985	1.2265
453/e6d52f24a949f	2.536885940146049	1.124
450/b80e8ffa4608e	3.282018213593396	7.47775
451/b4f1918818927	2.782720936618138	2.8588125
452/250d8ebf66120	1.3968962544447932	1.634375
453/7bb9b50297f13	3.363381857854995	7.3975625
450/28c2222e16be8	2.8993326718641037	5.3964375
451/8fafd218c12c0	3.1771834392179032	5.2778125
452/af377b5b62105	3.204555746741214	13.717625
453/b247945f0f0aa	2.588053723261271	5.2635
450/1d123fd421162	2.7005820789861708	4.2565625
451/296b4616a7b45	2.7944964395818124	20.02
452/1a7dc1c3987ce	2.7634728539980253	3.528375
453/41c6ea248b0bf	3.336551446613242	7.5814375
450/1d96b97e0986c	2.749418051483019	6.89775
451/e68b64c64db47	2.361767823049267	3.0348125
452/8e091a3a58966	3.2380778601380045	4.2770625
453/86ae30d4ace8b	3.4280265135672012	3.41175
450/43c9f74b495e0	2.393446772417697	1.539
451/d24443e956cce	3.2414145005375277	3.608
452/1ad2f94a858fe	3.326878432823928	11.8085
453/cbe075ad52309	3.1285006507431636	6.1714375
450/6f13714258217	2.066788355698034	1.6171875
451/0bcf181b1973b	2.8581583415822216	3.88375
452/b6d2a5f93529d	3.347547546031078	7.9264375
453/23b8ce41a2d7f	2.971093573343934	2.789
450/2f5c2fc09948f	2.4177259805094464	0.812375
451/0f51318b91a72	2.5927847980316696	10.914625
452/ff51ed991c85a	2.7666016399689	1.946375
453/f18e1de7cf680	2.855224317198259	4.231375
450/a50b7e1c888fe	3.305988313597343	3.73025
451/2cdb523200def	2.5281833091916024	1.32325
452/05c449d77bba2	3.2652588470237625	6.1098125
453/8a4db4c315cea	1.9939861949174087	1.5614375
450/4978f091106c8	1.8438276884266356	1.5386875
451/1e17972d08d74	2.1730223320312505	3.5300625
452/aaaaee54d12fa	3.1495973571543936	8.3073125
453/ea88a8272a012	3.4184430593179185	9.9023125
450/e6ac680ec9a6c	2.5501700190296956	7.8323125
451/20b4cd543baa8	2.125261041287988	0.912875
452/aadc73b80b870	3.362187413249684	6.7746875
453/7a0cca2164d5f	3.192880962017756	7.3738125
450/5ec39661947ff	2.1413481584629883	4.184375
451/440858b2bd7d7	2.7422115670018528	3.8444375
452/692e6ca097ef0	3.0599384030902086	6.0075
453/9ed002536a005	1.388699051206622	4.9498125
450/9d3cb32c7b1f1	1.0956040940816452	1.8880625
451/8c96e1a9ead6e	3.418642485015076	7.4034375
452/7e737f24dc703	2.6438375671122354	10.7435625
453/080aff3f5433c	3.4008380187400573	7.7065
450/c7b4dc877b324	2.6789692791982525	4.211875
451/b4246bcbf855f	2.9197092309920416	2.7320625
452/d9f77e44f4aa7	3.328688423169532	10.8921875
453/188273afacb8b	1.976735586974251	8.5465625
450/2f32470877e0d	3.3009935367260557	3.2085625
451/1d3f76b2b9c5c	3.1890647564881545	9.12
452/9fa7c225ab9a9	2.6288922946822133	2.5015625
453/4db080fb2d7a2	3.0069331921166382	5.6880625
450/b46e98b2a1eca	3.3184796615128085	7.3591875
451/681e0ae33f0a0	3.154204012363534	4.671125
452/b4089061a36b9	2.6256518342731248	10.354125
453/4fcf319dfd818	1.8451797167947137	2.2248125
450/3c12a862d93dd	2.534379505007705	5.0633125
451/4ccc8fd73a9fb	3.0093639200087776	5.265625
452/bd20595a54612	3.489781381315288	6.461
453/ad6371c51a2e0	3.076389229861092	2.0254375
450/2333110b07362	3.0840849117674995	6.4069375
451/83d40fd693a90	1.6608853356362516	1.19725
452/0296ecb3f5bf9	2.9622850002265335	5.1905625
453/769e84f452467	2.265331688560431	1.2905
450/63a414cad8721	3.133850960024169	7.1851875
451/52afb9adbf4cb	2.896611325335829	3.5190625
452/f853f78a0b127	3.236680578206875	8.9584375
453/90198be5e5a85	2.166132052456667	3.5373125
450/84c3aa1e06999	2.9421279351055345	2.3765
451/154afd0ae77ee	2.8633096130031532	2.58775
452/c847c926da92b	2.5831557675067693	8.801875
453/d322d55635495	2.754574428071375	2.0563125
450/2d4ad96a9443b	2.326747145695172	1.9483125
451/e918bc42605a7	3.0576404979172596	12.9961875
452/5c09d68b86a73	2.6157873134084206	6.8729375
453/af54268180130	3.1795906849220072	24.671125
450/368194f025cfa	2.6324835020667843	2.8019375
451/50ff7ee4eca1b	3.238923083458459	3.7539375
452/e6db9ad1afd84	3.30504564425327	3.3904375
453/0661944071912	2.0806067915053568	2.1146875
450/f743372d701ae	3.4044613892387994	6.075625
451/7a3b730dc6340	3.4322141859590234	5.432
452/ad78d779ed23e	2.9866869635673217	4.506875
453/c6de22ee883bd	2.3054589541400348	5.8141875
450/84aad1c9c55ae	2.9401524686471516	9.152125
451/f4512770e1369	3.2513197772254157	3.9904375
452/df9053a323f7f	3.097856520008429	6.0135625
453/36969e2f6ac54	2.6819013865001082	3.7874375
450/669c6f8cb1cd5	3.2429600537857657	2.0030625
451/1da75825f106e	2.0506112461306416	1.778375
452/424e0b10bb0f2	3.1863143516058243	1.972375
453/f599e3ed05144	2.637879480727671	4.8425
450/e93da7119c9e2	3.2335362107525256	4.8748125
451/2d826faaee0be	2.3295957500967854	6.3471875
452/c9860aba31e68	2.8371244391552435	2.1045
453/d9245ff7ba500	2.332178212667777	15.3378125
450/9334970bd0759	3.041184317153424	8.1950625
451/56881906740db	2.4328738620173262	2.0004375
452/7eacde6fdd4b0	2.0220880731211794	2.10375
453/e049d77a62675	2.371219942324314	3.0220625
450/245f15c9d85c6	2.9826874720501735	6.586125
451/ca809d3956f71	2.98142188009706	1.4411875
452/2ec49b55d5701	2.3367847702206483	1.1608125
453/6f7038c3bb0d8	2.8514191503003437	3.2550625
450/edc1c1abf3567	3.1967498050446577	5.2835625
451/965c27bbd32f6	3.138416193356423	8.6973125
452/460828a427841	2.053326586599861	1.7783125
453/d9e4a4e64e9ee	2.646921979205248	1.101
450/ff11fa5f07711	3.021750954511681	4.5864375
451/3224cc390f0d4	3.018146760377417	15.2166875
452/b480801d72ab9	3.2415434413667095	3.588625
453/96d3bf842ae48	2.450466629077968	11.6218125
450/f2e4652d27fbd	1.3945929654704872	1.970625
451/0f250333ebeff	3.21096494707264	9.1041875
452/71520b99856cb	3.306684663638155	10.8603125
453/8ab332913122e	2.8182547158615825	4.462875
450/ba9f5046122d9	3.044950906552436	9.2399375
451/9cf5ac7294da6	3.2780610599332554	15.1658125
452/cf41e7dc07655	2.6386333503409953	3.816375
453/7a34b6f3734ff	3.205432015060747	11.9370625
450/51cd933d2662d	2.952153406295463	1.681625
451/e90f18a8aa138	2.40601299965172	5.388375
452/53a8a7a78a12f	2.5070412372415065	2.9324375
453/58a03c633e874	2.3405480150781295	1.8756875
450/d39cd31095e5f	2.8374997228621455	4.9238125
451/0b0169da7acd5	3.1958953191626542	5.451375
452/2ab9ac098f1cf	2.5400669420123054	14.0984375
453/ede47e4fc6a62	1.1059130215220898	1.5639375
450/8b673cb8a56ff	3.4685163386483353	4.6483125
451/bc30a4cf59e24	3.213181857203956	2.401875
452/4c280a3a2eb67	2.0371618496279846	2.4301875
453/9520ffabead9a	3.2204549119796972	2.2658125
450/071c96fbc8a16	2.6701457713180647	2.525625
451/a4565266bb045	3.230952613259219	8.0405625
452/73864b7dc65e6	2.4136320685634347	3.6133125
453/ca4eb6f2cd8f3	2.6157821553072695	4.091625
450/a112898ef427d	3.0316546173277765	9.2815
451/9481c79855748	2.7953079641503673	5.309875
452/7fb73979caed7	3.0304704499147834	13.4673125
453/a855b2fde4e84	3.1092820189876362	7.1940625
450/4616681156aed	2.0528920737766114	3.110375
451/a6e9b795d4f01	2.5432128823581217	7.3986875
452/858fa72011051	3.321244590930591	9.0845625
453/f73488db840b9	2.8623605514333152	1.539
450/df26c07405558	3.2341382122556	10.542875
451/cc26c56465aa7	2.9466026929623665	4.874125
452/2f03b010d34b5	3.120125467560008	4.2499375
453/e8dc9d9e6b857	3.276165627777216	3.8363125
450/5242122c0d894	2.692010167844616	2.3114375
451/1e04453bf9561	3.3754082616434733	2.3783125
452/cf58ec43f3230	3.316806628767045	7.44925
453/de70184906529	3.313800822993968	10.665125
450/857e18e3d2ec4	3.111408691328813	8.2114375
451/699df8988ca55	2.932373337939799	6.8265
452/8e31dc872ca7a	3.199291180083209	5.394
453/c35d924c003e0	3.2860063156130166	6.151875
450/3e55f360417f1	2.310849119406885	1.1094375
451/c2f25ef6677e9	3.1067003062581398	4.380375
452/e51470c82fd07	2.2968372152152154	2.8354375
453/567c03199643c	2.8238644059146805	4.281875
450/c15f31f80d7e3	3.338914072192103	6.7119375
451/fd5cff209c270	3.3555960148640622	9.2040625
452/46944fa972d98	2.254201256817334	1.3449375
453/0c5cb79017c8e	2.2811813001827126	3.3095625
450/9b0e57323ee95	2.2151926306537986	1.0809375
451/5a1f137223a0b	2.6246154438319045	4.4205
452/99d4b26856511	3.320535859890882	11.7625625
453/93f48c040d57e	2.6854298803546897	6.9208125
450/8bce8c175a190	2.4216019034941727	7.7295625
451/542545392737c	2.7773988264608285	2.9153125
452/91cf17fe310f6	3.030671036697228	2.3445
453/b745db587f066	2.236801953879315	2.9049375
450/f86688a480e7c	2.2107765771234247	2.7876875
451/c7b59cf60fbae	3.0389018139120516	2.956
452/916d29148daf6	2.317220962938822	4.10475
453/18002a0c7ee0c	2.9638063078755406	5.31425
450/0e4e601fb2552	2.7557618094158953	0.864625
451/52296c453b485	2.6116598421795696	2.2596875
452/21fe8f476d200	2.9408407351987913	8.8835
453/5715c630cc4e5	2.873177873312492	12.364375
450/c41afc7d26f93	2.1879097448090263	4.803625
451/291f86dcf96ec	2.590357366481448	11.7085
452/b4a1d3e563f64	2.04046293243152	2.0575
453/dbb8e957e9271	3.282558637468592	8.6296875
450/e57a04259913e	3.4686760836261206	8.108
451/b16c3c00a7088	3.0668127817387565	2.2583125
452/28bc266d1cf6e	3.018049249066394	4.7329375
453/8074febe37ef2	2.7095761153014073	2.4134375
450/b545628d0479c	3.137702639994104	9.731125
451/8f6b291bd3914	2.4755392857865943	1.599125
452/3745a147d5144	3.1673164578281154	5.8495
453/eecc0a73652c1	3.275190639575871	14.053125
450/07ccd038a0c92	2.351179845870943	5.8086875
451/fb0a3df5c0d44	3.042537448862083	6.6910625
452/3d4078ce547a9	2.9495601530717406	5.426125
453/b7e473a7c34c8	2.4273645775659562	4.513375
450/20e71dc5be4ef	3.1405839592073157	4.3445
451/b2fc42045c033	2.4436551205527395	2.787875
452/3f34dc76279ae	2.4577760373423625	0.9746875
453/43f961377c42a	2.904887146095086	5.2925
450/e3423f7c24921	2.7590435963475692	3.8166875
451/2b7d91e388579	2.6500052340062425	2.0178125
452/5143e8203c5d8	3.344483773079285	1.9189375
453/470c540f36a93	3.3703700610139427	4.3995625
450/3ca9041038f14	3.2197336357177115	11.934
451/546815fcf5331	3.178133665736039	5.332
452/5bde625e843a2	3.1756276681063698	6.964375
453/7b5d894a73bb7	2.1074060140853272	3.1515625
450/cce356cce763b	2.987328677029199	5.039
451/f5c460aced5af	3.2802103402486242	5.7925
452/3caf08828eb40	2.1797748310190737	3.218375
453/b76b7085dd986	3.0953531502834206	4.548125
450/9cf261a1cec5c	3.2471400821276823	5.842625
451/a58f720dabb11	3.291131655447018	13.6708125
452/a4814ef978236	2.7385670435565803	6.9406875
453/e9fc23d307325	2.726339011980731	3.9225
450/f5e3c4f826927	2.2216427839062995	2.4819375
451/ae4c9c437fa2b	2.929475224773835	3.754375
452/268c456a3afcb	3.10331744640794	7.855875
453/686cd63f4e9c0	2.894623453036324	2.0379375
450/d0494b3c2a11b	3.1555299109547525	5.663625
451/1592262f59009	2.851250219332757	10.313
452/0d533f5a730c3	2.4113224099671946	1.7363125
453/4bccc93b04470	1.7061925937265934	8.7488125
450/4db328d8b9ed0	2.5308308715000507	3.6041875
451/c7f8d2a257cf7	2.8385789902547165	4.29525
452/5cd73ea39c743	2.7224141447053385	3.59325
453/61272f6216434	3.446950934605736	18.973875
450/d78aa8a72c6d9	2.1377448570212545	1.4413125
451/cbbebc2b4fcf9	2.6408287414069327	3.49725
452/89a406199c5aa	2.9149649180562784	7.3285
453/42393a9cd327a	3.0873466446746334	7.757
450/4d98b623638c5	3.3404830429585917	16.79475
451/a405ccac9d2f5	1.1058265478480096	0.816375
452/0e0aa1ef73287	3.3982961285765207	4.803125
453/376bf1ee15a56	2.76873181399026	1.6335625
450/30e35774333f2	2.1434563719691915	1.2483125
451/43d55a9231001	2.037943517120569	2.448
452/4ed312c8bd838	3.1705880490114478	6.0113125
453/1bfc0c4241cbd	2.3795234293027554	2.3150625
450/8b79ceb7674b8	2.455840397416155	6.9344375
451/efa221fee21e2	2.786781063726059	2.361375
452/3361506e27264	2.199778718644535	5.017625
453/f15fb2721f4b2	2.521415285824673	2.2355625
450/59294286c75d7	3.3709444509276243	11.6975
451/4908275c736e1	1.1026169258372642	1.5860625
452/6d3739b987f60	2.5510193758577864	3.3185
453/6b834d1aefa60	1.9916771378453302	2.163125
450/d722579f6031f	3.42172254145504	17.493125
451/c3ae73fdc6543	2.8358162448553865	1.6294375
452/1596935a03481	3.2925557437938484	5.682125
453/aff96b6a2dacd	2.3047105638544894	1.58525
450/897717351fca5	1.7178487434076535	3.163625
451/103c97ecedaeb	3.2169980612500684	6.052875
452/e0ec0926904f4	2.703758108183164	6.1703125
453/3481c580aec7a	2.628403905928304	3.1786875
450/7e7db75104ef4	1.2431486355869497	2.4271875
451/cee9435a3d2cc	3.044935524627917	2.93975
452/974b13ba7696d	3.1802515225293964	7.737125
453/881cfa9389c7c	2.90653827579695	9.805625
450/0c63980a6fa6e	3.35608882548227	14.7196875
451/d448b7eb27b7b	3.069669997768386	8.9625625
452/6da4e14a5e3ea	1.9054990706798887	1.711125
453/40c6c023c913e	2.6568772049011686	6.686875
450/7d622a3d40130	3.0707145424804767	13.8923125
451/bed3895afa2d7	3.4855477515567967	6.7075
452/530dcca7cd399	3.330929643514517	5.3185625
453/2e12a82c1badc	3.3025506104103615	5.990125
450/7da3608e0462c	3.035956123244366	7.8144375
451/14e761a700c24	3.065215229543526	4.2991875
452/6a70b5f6dace7	3.1066266846602963	12.4623125
453/3eea8d4479205	2.479869665843544	2.738125
450/0f7fa3c74a711	3.118357001558581	4.8114375
451/b066986ae50fd	2.7701572806831924	9.3829375
452/97008a402c578	2.450057567872813	3.8648125
453/e9a6bcfd39bed	2.724999963525518	4.8496875
450/ca32e9fe5be91	2.781144707136473	3.96425
451/34d2383eb3645	2.297905484522264	2.56975
452/8151bda751df8	3.3882065772511574	10.4151875
453/d228d11539cf5	3.1442712088497546	2.23975
450/9729bbe2dbd82	3.4417170180823162	4.1079375
451/b67a138ecc116	2.4267899228532253	1.8215
452/50df09017aa99	3.375608214727291	10.817
453/5ac6c858532bb	3.3165015665394315	3.481375
450/f57eb58092e3c	3.1000710974382044	5.8736875
451/02ee56784c384	3.029358754296836	8.4891875
452/597278a9856b0	2.57279192876794	10.5739375
453/b6943dce18a83	2.9635786459937536	11.11375
450/fbb5dfce654a0	3.251494497112155	15.837
451/c264d94433b4d	3.3775808811417525	9.1735625
452/baeb5aa046673	3.3823662273513078	20.6516875
453/ce8ad2d005430	2.8330563200876724	7.0206875
450/a81c9cbca0ad5	3.380797283859419	16.1548125
451/8ede31e243140	3.1517933804475775	11.3289375
452/21700cc99f144	2.5174739851164416	3.9609375
453/1baa2d106620a	3.147288612203794	11.068125
450/9e04265adad3f	2.5039009500102476	1.4341875
451/4e09973f90be1	2.711778571262079	1.4426875
452/5f9a5751f8b5d	3.1235111856278897	9.1654375
453/cf6e97c12aa30	2.645106317003822	1.50775
450/6cc3eb21d2152	3.1701727360644267	3.6516875
451/4e0010b172304	2.936159307571599	1.8265
452/45b6ef46ade6a	3.3368167941829974	4.989
453/5605203281c5a	3.2249678642520436	11.1090625
450/67c7c2033d9a7	3.049539062628337	6.3854375
451/c0d6064a91ee4	2.607999966181257	1.5268125
452/731be0152a165	2.060060715552024	1.202875
453/ead6129c5d38d	3.482106229330891	12.3710625
450/3ddc3c6e59f48	3.2960559214162415	15.065125
451/398a8b63a64b3	2.4989260620036515	1.0085625
452/3e0ae037a71b7	3.1064164844881534	5.02325
453/eab00084027c2	3.4268656596643163	4.609375
450/65eba4ea4fea9	3.059690994142639	5.532375
451/f117707e9b470	2.998984571263821	12.1776875
452/3073350e6a724	3.3528532414749317	2.035375
453/655e3069fe416	3.1918004241742457	3.260375
450/a8f3b15e45107	3.2175515519430484	1.5120625
451/20f44f6517ef8	3.1295363149201605	4.3873125
452/2d70fa6585051	1.8032253849039264	1.8223125
453/65c9ecb59f8d0	2.610829351649124	2.4744375
450/d091c74a596a7	2.895012717451778	1.7261875
451/2f6b992ff86d5	3.1862657553741967	1.8044375
452/e16524f44e22b	2.1229293627602424	11.383625
453/603f265bdb512	3.002184233782067	4.822625
450/63cdf43533e4b	3.0118642356294236	4.538625
451/94197c95dcd9e	3.369372241601337	13.86275
452/0f8e7e8ba1f33	1.6078029958678228	5.9790625
453/2eaf2f8aed809	3.034142463686095	6.1593125
450/c6e9ea99e9803	1.2552032302255132	2.741625
451/8ab4ff8454a3a	2.7979556214683203	4.9379375
452/6ece97639a135	3.190422735001708	3.6263125
453/0794119dd5697	2.823377050630011	2.9381875
450/9e8830a223605	2.1835639563006692	5.682125
451/e0da5de222e39	3.0072730763027997	1.970125
452/88f9e02600d69	3.4745013532168643	3.719875
453/54ebb139c307f	2.5202255562474214	1.5843125
450/2fc2f8ff13649	2.7075283852494834	2.4641875
451/b0070ef5caacf	3.351084586513342	11.33775
452/bd67a63702833	2.603750027046793	3.5594375
453/3aae6c92d739b	3.062232618514097	10.831875
450/b8c0bb7b389dd	1.446395763709632	3.7994375
451/a161c536b001a	3.346326809595088	7.4955
452/e8f3f91d4464f	2.556044587155316	2.0633125
453/76d7ba9db1d7c	2.7183568195758983	3.305875
450/17b6df16e30bd	1.6246467858135851	2.7230625
451/b605fa280763f	2.744791564488833	3.2320625
452/473b687ecc8dc	3.459747474612276	7.096625
453/b714e47e44d19	1.7440312812803727	1.1290625
450/cd8d94fe517a2	3.0733553452057976	2.5939375
451/1d7f680a9b7ee	1.8147864195271979	1.2733125
452/5bb47496c5a8a	3.3083678698055983	3.593625
453/5d6a7ba653020	3.3711589544027123	7.8554375
450/754e2d7e41fe0	3.4502324512396605	4.903
451/ea54888cab015	2.4197791092527763	2.763875
452/0a453482588e7	2.496642603366006	3.2029375
453/f2ddf148f449c	3.0326960803124967	20.2605
450/65d2988e99129	3.0052101784855507	6.778
451/6802b9b809a7e	3.456845474586	7.50775
452/3052ba50c7f21	3.413506378886731	14.076
453/0afaf7530b7ce	2.86530065283408	1.3451875
450/54b9ac5aefe44	2.6398289242057142	3.3668125
451/46915c4d48f6c	3.347758739523654	25.60175
452/c4f5f80b7325b	2.9945519696717993	1.13025
453/faac8a245da40	3.275079130029955	4.1036875
450/90c0a680ba765	1.1178324400015	2.988625
451/4a618e18f1f87	3.051744797241394	4.29725
452/c244faac790c4	2.8794546257607294	1.497375
453/c209c07ca73e6	2.7607888317005025	2.0106875
450/cab92b0cf1926	3.1224501812984693	6.826125
451/9175da5a7dc79	2.4007998443087275	6.3226875
452/f263f904c6458	2.8614717910801755	2.875875
453/b8ad3a59843da	3.3972758103339107	6.5696875
450/2b6f113b8385c	3.304247425038457	8.9980625
451/74b5c152a8791	2.7458316466975705	8.2485625
452/795d74c0a5d18	1.547927602528299	5.29725
453/e3ce280d200de	2.5266074566018237	26.5729375
450/c3f8a5a925e2a	2.699193885072757	4.3166875
451/0932b86a9518b	2.3757809052590693	4.39325
452/20f68c7747f78	2.4327267448427414	11.8808125
453/c04f0e1e4d926	1.6297007972541193	0.8248125
450/451bfaa239992	1.2735579911970545	0.864625
451/a800e83715eca	2.600273013737882	4.59625
452/9fc86b35f2c40	2.472877100507993	3.7464375
453/b19c762bb21af	1.4097545383955639	3.4025
450/aabb68fcaec7d	3.380795401193122	13.9838125
451/4d75bbc13178a	2.905172866706419	6.73825
452/21b2b33242673	3.092628342681943	4.5354375
453/813bd9a8458ff	3.458459571401193	19.556625
450/6c8ba7a1e59c2	2.6856345863184328	5.351625
451/c70ef23c13f87	3.3302887221244766	5.0960625
452/5545597915a4a	3.3322160295548784	9.418
453/09f91358c412d	2.172389574194889	1.20825
450/d6ba98b014a71	2.933609201669043	14.9129375
451/45cb895165273	3.1957973162685795	3.4859375
452/38a4132604e95	3.017522264500726	6.8705625
453/a3ad0e137d9aa	3.0897408860288564	10.943875
450/de54503b40cbb	1.7513253052244935	1.9101875
451/ae461d1f8c1ec	2.561612528801116	5.0000625
452/91ea0bb8ba99c	2.940065815420258	9.6341875
453/7808d75ee940d	3.1074196644842216	4.4226875
450/b7b70354b2ba6	3.4279487993046005	11.0740625
451/cbb1571de67f2	3.3003468201566197	3.9978125
452/1d3ab52f765c0	3.423590124957245	13.7935
453/282da9d9b2b7d	3.281792368358249	5.9110625
450/5dfb36c8ae805	3.3858628193078597	8.022625
451/ead507bb4bae6	2.858163945303861	1.4411875
452/4b90016b97205	3.2526408454320075	2.48575
453/61856fcd3131a	1.077019537606469	1.4668125
450/13f17e9544b1f	2.6425078295017825	5.2465625
451/837077566adc8	1.7277117370152777	3.765
452/b6a231586bf94	2.9500426879603814	6.3498125
453/5459dd9d06ea5	2.3348205378130675	2.29975
450/845a7aa384cc5	2.761866180643434	3.437125
451/ff51f0698a42e	3.2462550466476885	3.26575
452/4a91d88ac4475	2.9903292705483477	28.4440625
453/e954d9e0a7cc8	1.101708231556419	2.608875
450/f3b9940b2d0db	3.251753501211818	5.790875
451/b0cfa87f314a0	2.6150378768659044	1.442875
452/f2f09202afd64	3.367821170738984	10.7446875
453/5770b47871174	2.8354690998731615	3.026375
450/1b4de15a6eb81	3.0184991710668068	3.0210625
451/69aff8b0cebec	3.29931676842785	16.9545625
452/109cbd45f3583	3.2587515960508804	2.67075
453/08a7e1ad8eed8	3.2646913182830435	5.4916875
450/18238de8941d0	2.7672989783051207	4.3158125
451/d17a670d39f31	3.3361702221642506	7.75275
452/72659c5277c18	2.7990652749657032	7.1138125
453/1bc767fab4838	1.7541419078919127	2.5253125
450/ae5bc7c05145b	3.2949571808393743	8.8149375
451/07a731f90637c	2.628070588037892	3.2075
452/2202620f91ed2	3.2212086658549817	5.8156875
453/e26d52e68a544	3.1667307010930017	6.1635625
450/9c16b25b18ec8	1.6424804801146393	1.0091875
451/d0ff8eab2d619	2.637222872020448	4.1661875
452/67551a911bb80	2.8992111296357685	5.2270625
453/32fd75bc415bf	2.7400173318284984	12.5239375
450/b992b9a50b401	2.8872422712131405	9.8076875
451/05d1a0fb90f5b	3.400589338901554	12.7869375
452/a093636ba905a	2.7581075137301454	6.01925
453/1f77da1f58d0c	3.0023049487864153	5.7085625
450/692a54fe706b0	2.682619569383978	2.848375
451/1a40a554c61e2	2.2036648206082217	6.1963125
452/4f6415fb67022	2.5585088900345854	2.7599375
453/4ef65258eac93	2.9169922289652748	4.3744375
450/64d66817dd1fc	3.4774410425805753	11.3544375
451/9b23d12325411	2.2723553024894776	4.321375
452/8a0b0298e2028	3.0416165603830465	6.3609375
453/7a171106f22ed	3.069763395480767	2.4200625
450/53f6389681b79	3.3162355767334595	18.2534375
451/164d3dda292da	2.345284815446334	2.2094375
452/be054c229d873	2.9893596305120527	2.5870625
453/06ef45a7a2d4c	3.240996990083233	4.4789375
450/7e6f4757ebea7	3.2181540757649056	6.5685
451/700b664539271	1.2823111319608653	0.720625
452/c1bb75dada0a7	3.2265015661972	8.850625
453/1b843fd79daff	2.5390733754273067	8.9398125
450/8124e42668d35	2.2361770787174367	4.257125
451/8e81a93f9248e	2.6773148016240316	5.0688125
452/a75c1e245ec36	2.833482250614857	3.9578125
453/17dc1495886e7	3.290095046900897	3.4355625
450/940d5f3da7314	2.4404590174400145	5.4523125
451/d923fc58c7c98	1.587501239487108	1.3449375
452/6f872458afbec	2.811938658014888	2.4415625
453/b3c24629e114c	3.374000708724927	16.6081875
450/ea4c32b1a956b	3.3966757444546145	6.7989375
451/4452b6c8a60d9	3.1587219751056765	5.4535625
452/686649f640f1d	2.9946779468749583	5.0976875
453/6ea802b7b2135	2.7016767315973156	1.874
450/2efff29a5c076	2.3671935115035367	6.4235625
451/bb5a0be3628e7	2.92133067105122	7.1639375
452/fb95055a60f48	3.33818210400499	7.11325
453/cb3eb1407c6fe	3.2148152692140703	8.00425
450/40513ebd4ea3e	2.2496327320118197	2.54025
451/cf48d3eb17369	2.5821574777156564	2.8850625
452/50ac84a63b13f	3.4353504535825334	20.5089375
453/5fcf1b848b64a	2.912554405994479	5.2948125
450/05cab72c5588c	3.288120888592624	11.595
451/c52f9fb8b3f46	1.6992448436349652	0.72025
452/1087455c19403	2.0541989312481688	4.556
453/aa8a446ac19b7	3.4002838351392026	4.059625
450/3c247c29fbe83	3.238218795318268	7.906625
451/d74b5db3ef304	2.7001784461747214	4.111
452/4e9ba27c0ede7	1.5440398140911933	1.1543125
453/b9b8c2e9a18e4	3.369380252988241	6.636875
450/a2f512ec28d31	2.773591728995935	3.3935
451/4ab1e9b0a6db8	3.408916003932312	17.94725
452/f8d3463633472	3.0113681602048734	5.05075
453/dd79221044652	3.317412839929935	6.9775625
450/1db8545ed58f7	2.571584965110469	24.82325
451/b6c1ad1a6cb69	2.082425916324338	1.0231875
452/a1e7a759ca6b5	3.2840103148496715	3.61825
453/c5ceb56b1c531	3.253651756867894	6.6605
450/5f5f6e959aab8	3.001108959250082	2.47325
451/756688798f1d1	3.2844147685116787	6.9003125
452/062a3e49f1df8	1.0074542213806514	1.875625
453/231c09cb14810	2.098805622252891	4.6861875
450/ccc1cead41909	1.2054322971698157	1.5865625
451/5a3ce26c155f4	3.345450105903994	6.06125
452/1e4b77a9011ca	2.610168568533105	1.4303125
453/f0f36e65f050c	2.875059010200368	2.155125
450/ddb4c0b4c9823	2.2402632327201113	3.332
451/882a5fe2f5645	2.7380162637310015	2.1188125
452/f5325caac4aae	2.391205477805969	1.706125
453/94978002b1dc8	3.307780670065108	10.13775
450/801e3fda4d108	2.832822297429313	1.9989375
451/99507be7a79f0	3.1874517208152993	10.1214375
452/ccc8941a7ff44	3.0208930805700596	6.3765
453/c06a716ff9e32	3.390381016605023	20.453875
450/6de7fb74f8ec2	2.0621302100089736	2.6923125
451/97f978822276d	2.8438847655173647	2.843
452/22100219fb71b	2.5641024764448814	9.818125
453/2c54b20aa9089	2.982843244084537	1.9331875
450/02d0194086670	2.630362006199081	1.851
451/49276cb1e5bc0	2.8778964542554175	2.745
452/5574d6b0992df	2.1601264238070987	4.2971875
453/62cfab1fd6de5	3.082327564648398	7.9893125
450/fec4173af879b	3.0845055333404976	7.76875
451/29d5130af2ab9	3.3398641577942176	10.8089375
452/31f454347d2e3	2.9344302679776084	3.5048125
453/10b87ec355096	2.3813786113784166	3.08725
450/02fc23d1ac24e	3.133820847666804	4.682125
451/657bddb86aa8a	2.7399148291533026	11.579375
452/baeed22531459	1.0848506615979132	1.345625
453/31417ab19a059	3.206451860384296	4.1131875
450/ca6511ab02c2e	3.45455157816096	16.5523125
451/583ec651c3522	2.5089794752791077	1.6816875
452/e9d4935d21405	1.133081973083974	8.31325
453/91a99fbfac734	1.7381364943736217	0.9616875
450/0599f85abbcb1	2.1406539958915722	1.4915
451/a525c1b024b12	1.116142990367784	3.4165625
452/05e10ca5f78ac	3.0111377041815177	1.6825625
453/cb70477756fc9	3.5099088937310747	19.798625
450/cd770011c273d	3.3440322916095946	10.0968125
451/46f71c5c9e4d4	3.3772861847031943	6.1648125
452/df4e26508881a	3.2334882755253767	9.721625
453/3402beede069c	3.2976616070211784	7.21875
450/39a467aaace7e	3.0830299756011255	19.3724375
451/d03bce28f4c27	3.2284635860889974	2.6566875
452/60ca4072e672c	3.063888169548111	10.77925
453/ba88283c81aae	2.464342433096844	2.4434375
450/db95ab5c3b8a7	3.387266873850177	29.9930625
451/aa3cc0cd4862a	3.3008125578025553	2.9159375
452/f9e43d6f48222	1.321092500160215	3.044625
453/af417ccd4b80f	3.000671780338042	9.0025
450/db89a985e38e4	3.024565801050454	7.1003125
451/0049e31111f93	3.0295820806871205	6.312125
452/efd44088c0ee5	2.932348706140104	2.7771875
453/3e37c6fcd8d21	3.402227331940422	22.2618125
450/8bc62acae34e4	3.168004682008729	3.137375
451/abe38be51f851	3.018083194060601	10.70175
452/1e53880a128d0	3.114897267402392	3.2869375
453/1f331210f7c1b	2.8682246065694934	11.176625
450/0c0714952639a	1.2358300103118722	2.1071875
451/439e4aadc962a	3.101498821899503	7.5351875
452/fa504ef9bd58c	3.3794199047428157	8.192
453/14fe14f1f2cb6	2.7946467376753605	8.2938125
450/de2166d6302ae	1.9266945405514062	1.7643125
451/7bc730730eed7	3.184441491587349	3.4264375
452/11d3c09389dc4	2.256551718085538	2.5010625
453/6e2239e86c48e	1.1958681314537118	1.4855
450/a39d908ab6230	1.690104099371849	2.0148125
451/06b736ef14476	3.3130015334328187	5.8988125
452/4a5bbcb6be392	2.531718495567482	3.0291875
453/c1e951341afb5	2.783762614623858	3.442375
450/0ef7e8877553b	2.7029852972611343	3.0271875
451/391ff36caf577	2.9811292535422496	1.5856875
452/e813f7ba3832b	3.140160333794055	7.586125
453/ae613cb649659	3.187843606902076	4.9806875
450/f4e4ece3e235a	2.8172629689119937	1.8789375
451/371fe8d4c6638	2.591545447015358	1.6339375
452/2e9b2fa19e3bc	2.464322664092053	7.94375
453/6601b20f5a3e0	3.3310809322896815	10.023375
450/69df23b4e6c28	3.290411938747012	2.5630625
451/bd0ccf97969b2	1.5053302924623704	4.905875
452/25512b448b708	2.890064820497666	1.056875
453/0c5ed8de1d5cd	2.802854004109373	11.8323125
450/c4552d1d00f8d	1.434159788478504	1.575125
451/b12c50390ca5c	3.343109157306763	5.9804375
452/0febaf52bc7e9	2.9508543490001538	14.0979375
453/470185dd05fbb	1.061594383604352	5.3305625
450/cae1fb98de52f	3.1539357922105618	4.877625
451/81a7bdbc399c1	2.7426818598882665	3.375
452/8718dc54bdb7e	2.6064020867606734	9.774375
453/8d04012400f01	2.637547839097424	4.877
450/faa1b98af68c8	2.5352007996110344	5.2559375
451/b4f0739b52f05	3.339197533291681	3.9465625
452/a008d8e486d43	3.3037640852733907	8.0303125
453/4686ac8570f98	3.3347966437263663	12.20675
450/b12ff4ab74aba	3.2280670988581646	7.14325
451/4e0fb59975229	2.9340997382360627	6.242375
452/461c371dd845b	3.507048892835314	19.1898125
453/27de803c531bc	3.419015433838256	3.3728125
450/da7caddd23b74	2.6243800244091395	8.7784375
451/daa8cde70c952	2.6996387174640843	6.12325
452/502e9300de2c4	3.3643554572470626	8.1689375
453/e2c8a49f35fc2	1.0931051985706524	2.468
450/0ef5fcb8b8f1e	1.6515258347213455	6.2994375
451/27ccb907ea7a9	1.6458437797567391	2.414375
452/95f073145172e	2.924548539570089	4.0405
453/fb412dab30d01	3.403892700976464	11.870375
450/df0a4980ef6c5	3.4489743685627237	6.1046875
451/979137af9aafc	3.0513134037040053	7.4265625
452/41b523921e7d4	2.920282531865436	4.02125
453/c5a548b57ddf5	2.920198954659708	3.36525
450/8e88a692fefe8	3.0552304956902856	5.8754375
451/c6e37e88a0c13	1.6619731845816843	1.2979375
452/f6cb5c349d8be	3.220871538320091	8.822
453/f083e82f52ca7	3.225258698752353	11.1116875
450/196a46cedec30	2.772235333282398	7.7695
451/838fda0116572	2.942718623914726	7.0113125
452/2cfb78798185d	2.2166604605309326	4.44175
453/e2dab980198c7	3.2667179037760294	4.349875
450/fe3c3bb7a7aa3	3.0741642668570037	6.434125
451/432a70389441e	3.266332089059945	10.582375
452/c34cbcf7c2c69	2.884030780479296	4.3241875
453/6d81f8bd2fb33	3.0733707816768687	2.1225
450/cdf8ac3c35ba2	2.7308311514893857	2.5659375
451/f1216833a316c	2.2975724200779712	3.913625
452/ef432085e766f	3.358519450747886	8.350875
453/05039b6ae3b58	3.033739300645202	6.5674375
450/72f045afc783c	3.393611706315769	6.6675625
451/3f11b354d3470	2.790525716042664	6.330875
452/299b9ed6e49ce	3.3164823064960753	6.4970625
453/3aeaf14189a65	2.539422378890283	0.8165625
450/b61e12cd7bc13	3.0626609636691886	8.74975
451/e173361ea0f5f	2.666753881176986	5.519125
452/d941b74bd70a0	2.4736487888293297	3.564
453/ab49b1d585d26	3.0234518329070887	3.1484375
450/54d59c46bbad6	3.372823558824802	4.7685
451/eaedca106ec63	3.066101233970906	1.6135625
452/98b430474fe28	1.1279924613706351	3.7825625
453/b42646def09ce	3.098868752680675	3.8091875
450/43fdfac835e1a	2.79831887306024	4.2733125
451/a45b0a77e3123	3.3444986410533137	15.412125
452/a94c2ead7f7a3	3.362739868586142	4.9499375
453/868ff6a948464	3.204342544567749	6.24175
450/ef6a63c9b8e7e	3.3220425947925496	5.2136875
451/6f1b7890d1e77	3.09272904235236	1.641625
452/db8291cb4cd78	3.150190259826121	5.88425
453/2db90460d77a1	2.5873445197349048	5.433
450/4d0dcf1c6ee9b	3.1773344288734897	3.2194375
451/7cd96a564a157	3.4230757079954732	5.55725
452/54fd20b3e1255	2.8167059350904458	0.8645625
453/b15a28fbd98d2	3.064780207748419	17.20275
450/225064da95b38	2.68011294259876	13.1560625
451/2db684e27dbfb	3.1069093724129293	8.156625
452/fafba36561f54	2.8558582065442817	5.2736875
453/831bb0be8778b	3.150613991476109	5.6049375
450/713f9b2d4a726	3.3554652915236702	12.1651875
451/c51bc54b4ac63	3.059429398790398	3.8963125
452/1ba4be0b45f1b	2.2555785624337825	1.5693125
453/abfc3fc4e8e25	3.404159340660882	7.5386875
450/bdd6284618b70	3.203765764280534	5.07725
451/f4a2d46691273	3.3845789035023732	10.6885
452/8c92cc5b25e3a	2.7930913931515553	5.6141875
453/3501b24351373	3.4800960230946587	7.5430625
450/070f51090c2f2	2.5544657971341636	4.3968125
451/be65a56e3f7f1	2.5320907541428435	5.726875
452/3d728186389a3	3.306592698848947	6.8974375
453/f7b95a705a378	3.2296522199414013	9.8635625
450/5a432c257dc51	2.844544621805448	11.0411875
451/37430e5c7ff03	2.7725593641017445	7.36425
452/8e38c6c6222e5	2.2834004641054855	5.055
453/8f0e0a3259238	1.9426221817429135	1.3721875
450/0f20fca8be8c6	3.3601784443265363	13.077375
451/d0302298bbf72	2.0466694361176874	1.3848125
452/4b0465a01fc7f	2.6993852104130447	7.8970625
453/62862badcc4ac	2.2953829441875504	2.3804375
450/ab4bd6d04d12c	3.392502394710656	4.843875
451/4c39271717f77	2.8181888881029007	5.752375
452/1fd01a577d988	2.374215028656231	2.4046875
453/6f80913dbc908	3.131583577594706	7.6690625
450/8c6cace92e609	2.4120535716602696	1.2498125
451/e42f4c7463d65	3.3974108307970803	13.7070625
452/67aec390c6c69	3.3063573562869375	8.1399375
453/92588b230ef40	2.4460812839565884	1.497375
450/71ed237628f78	3.382828379305656	11.8646875
451/aaec435d43b0e	3.229283834215046	10.58625
452/0b9b9a306c514	2.234055905392486	5.9153125
453/945f6cd7e5f7e	3.3236800943451996	12.51775
450/989b9005e844a	2.361801723596613	1.875
451/5852d476c4613	3.2180470610463656	10.645375
452/89c49da6a35ce	2.4886899355338943	16.064875
453/3e7c922baa429	2.852427424065854	1.8254375
450/30f87cc906d4f	2.617385656415446	4.2778125
451/66b64e3020bf4	2.4639417804970996	9.10475
452/b39aa09972bff	3.426376155408392	9.660125
453/11bf12b16f18c	2.369260174082537	1.94475
450/da2c7750e14ec	1.8627607829365647	2.7765
451/69d4c2ddba1ae	3.325559959138827	6.194375
452/4f0cd5bd30aa3	2.9949469312687813	10.845625
453/44497cf6687dd	2.5612666267359114	3.0434375
450/a7aeee690dc2e	3.4787016157163566	8.863125
451/b89982acb8dfd	1.8791822656807138	1.9446875
452/043361be53377	2.5891606099170814	3.2209375
453/7bbe1434533e7	3.453270496373428	13.0556875
450/88eb0e2ca84e7	3.2316032942376047	1.084875
451/4bcd12d1bb38d	2.0390939776486725	13.138875
452/97b728402e773	2.9663853845731545	2.9551875
453/dce9b64d6a6fd	1.8338043807291484	4.8269375
450/826d1905b25d5	2.443765930913281	4.662875
451/667482c5617dd	3.4139731646181692	9.7549375
452/9b150baeb0a0a	2.88953020700462	2.7124375
453/4128200a981e6	2.9131794867268765	5.4998125
450/2244ccdb0b84e	2.097691541137805	2.136625
451/27762de3f2aab	2.4376405439308195	1.826125
452/1e14dbf5824ae	3.180210837271623	4.956875
453/6974af354f455	3.260299579770946	7.9291875
450/f2aaa4798c39d	3.104906174691304	9.6144375
451/dbadb514f096b	2.8620181290825664	3.1016875
452/66b4e1100fd5f	3.086549529141673	11.181375
453/b31c01b4b595a	2.401160138885346	2.278375
450/f9874c1f249ed	3.1597598665279554	17.305625
451/3a841b81e375d	3.2520779454387365	4.481875
452/f686dd95be5a8	2.657420184530245	3.001625
453/cbe389366b5a7	3.4895199736290103	4.5655625
450/c9e161821f911	3.378517159168122	9.0305625
451/8862100848e7e	2.6404350960834915	6.8935
452/798e9e778121d	2.5859873069496224	3.49575
453/ea6f4209092f1	3.093731762242525	1.962875
450/c9f004e01515a	3.0131935363774116	11.5764375
451/4069d9f7a45bb	2.905634898568391	12.8495625
452/da25b8b663548	2.253949884770903	3.922
453/754c48f098a58	3.3851311666196335	9.5356875
450/5f4507072c1cf	2.769527787571678	5.987625
451/dae7c1635a716	3.2947813916308344	2.742875
452/9154d6511af06	3.2418750465687713	5.3714375
453/1b0015c7b7fac	3.018740191890546	2.32875
450/77c06ec4a7a3a	2.912607728418124	1.5371875
451/32fb046f99662	3.2114855528482282	9.845
452/9a61ba149dbe7	2.6828123236137054	4.3225
453/62d1d18dc663e	3.33877711104648	5.714875
450/c0237f228286c	2.5692938777992396	5.594875
451/fc5ce6276b95e	3.2964232981437678	8.9095625
452/91e3f67f47c00	3.2894272880896187	5.62725
453/b075c4cae0c8b	3.0894549532302173	5.4593125
450/f283370dfeb75	2.0399134643448877	0.8648125
451/bc1690e771dc0	2.8174324430662443	9.0425625
452/8ea02b7b8eac8	3.473116785745374	13.194875
453/e3cfc867e061f	3.0486639875479926	18.468375
450/14eb47acc3148	2.8938318294046064	4.0365
451/8437c8949d08a	2.546500635245766	1.44225
452/9d877e63368e3	2.9209535954299106	5.5049375
453/4a8e1d2f37ebf	3.464918902592043	17.185625
450/6f8424c511025	2.5879742373791372	2.59575
451/8aa150e0ded74	2.934215085616967	7.357875
452/ca5d3f329068e	3.454279719518643	3.671
453/fd67cd55fa1fc	3.013061233171189	8.980125
450/a66d708ee00c8	3.302420989824981	3.7203125
451/c9c32965c2a43	2.7511419406083863	0.9609375
452/ed00444bde496	3.0033291945266383	6.7308125
453/ed6ae01ebf5e4	3.3843345473296575	6.992
450/6bc186eed2d61	3.183724747201597	3.949
451/324a1844424c1	3.1849642610708555	9.4611875
452/87d929e320962	3.4727688309077336	5.3010625
453/4244da1f78e73	3.132546288607464	9.97825
450/c6711b3578010	3.5262189859000332	14.794375
451/a785c7a3a1461	2.8882253456165023	4.16375
452/818d122cec2be	3.368568423170028	6.0269375
453/37569a5ba0f0f	2.411914912850323	6.8310625
450/295f11db7467e	3.1392752564655795	2.79025
451/22aef2a48e62e	2.828336774914301	1.1926875
452/8782f97966c95	2.4426148787310167	9.100125
453/f56fe08aec87b	1.1608970364756719	2.0261875
450/59036ba455c3a	2.211254992938857	14.7756875
451/9960cecc21281	2.211021815119393	2.307375
452/2cd307ed8fc4e	2.91784886428518	2.2218125
453/a7028667df25e	2.7812111348495456	9.77325
450/70e6a440a6648	2.202565438366579	4.1461875
451/68cba044c69e4	2.5338933169042908	4.593375
452/0e3f087637657	3.2725932164129046	5.2835625
453/b9e859a3cc205	3.300141881105052	2.272125
450/ec3433c4e363a	2.7738714789034344	10.2130625
451/3b9e3b43a50ad	3.010627049170661	2.8945625
452/705e7aabd6215	1.0774457560017825	2.0186875
453/456eba54aca98	3.016610763175467	5.19925
450/7d247d3e33e9e	1.8343986854145014	6.50175
451/d9f74fc65aa6d	3.1552701682815028	7.093375
452/16e01bff2a1b4	3.4665144923922266	4.65775
453/174b7c5d166cc	3.5033342673242784	13.1770625
450/502a2efc01320	2.548888982790525	7.002375
451/b603e8584cd62	2.864848940859476	4.6396875
452/8d4f7f232f1ad	2.5606195882461007	4.1470625
453/32b5c5fa7e3c0	1.8629141939709746	1.673625
450/2fc2920696f49	3.0868153432595835	10.765875
451/e5d70f1912f21	2.6828423662475203	1.731125
452/3f8ac1d4fc8d2	2.665824321214444	5.863375
453/8254f1475fe65	3.1602804927431305	13.4158125
450/306eddcf7e3cd	2.429630817988142	2.5465
451/b6bca3ab883b0	2.906401808787036	6.7865625
452/cb045457647ec	3.209666621179146	4.6036875
453/6159d39f2346d	3.0310006926500295	5.071375
450/e7a981c5e4a1e	2.731589075597287	3.5225625
451/95981721f9b65	2.2768109950352713	1.6114375
452/697f9adc3300d	2.9496511159039054	8.6066875
453/46b3d0d61e7e2	2.9085571631694576	2.251625
450/c3cc395d81c8e	2.704821318399761	2.555125
451/0b20a5ee05c1c	3.269979361940258	2.7213125
452/2685f6f01ab30	2.0628240522076284	1.6829375
453/91ae795cc1fdf	2.054021016316216	3.63025
450/c1eaa1eee032a	3.145062474741489	5.239125
451/3053104b010e2	3.1162197932565903	3.23425
452/175d24d37eb80	2.8443157911325265	2.383125
453/35b136c8b02b4	2.765881030204962	3.111375
450/bcd6f9eaecb10	2.9738612549977073	3.4134375
451/fa73138095985	2.2542938013512277	1.9713125
452/1877fa54ef134	3.46703228162207	6.0539375
453/a10ce0dd392bb	2.816723158184589	3.20225
450/31a4a03ae64ee	1.9337315722501969	0.8644375
451/2d0b66a8dfc17	2.556720088924887	3.460375
452/b7f48c80b1980	2.684920650277181	12.83175
453/c832799daabf7	2.7556688606286426	5.16425
450/94b69e8f29c52	3.459670534052854	9.1201875
451/5d4ff2f007ec4	2.9500280929331746	5.5541875
452/3bc49ec67ed12	3.419381253144159	5.413375
453/f22bb9efaf0ea	1.7613299898486892	1.2230625
450/172d30e40ddb9	3.3670336134032515	9.4658125
451/a138edb261a41	3.201891079005061	4.602125
452/3d234d9333589	3.362600759936503	11.5069375
453/0ec2a448dc053	3.1267866781174365	4.322625
450/7ff9c10b48aed	2.3244861150229084	3.473125
451/9f97ff83f2cb2	3.152058483637653	5.423125
452/ce82b128d6894	1.8163277215146993	1.4508125
453/0f8e6fbdd4ac5	3.154999765733328	6.955875
450/2d6e200dfb8a1	1.417725938558579	1.896125
451/6ce4c5d0c2c8e	2.9875685192818273	1.3941875
452/9e8ad68e659d6	2.6578853798734943	1.04075
453/90dd93dff652a	2.9442447860810526	7.492
450/a72ec8d307436	2.9039180756280696	3.4315
451/de734d8d38fa2	3.2492521377437145	3.71575
452/78325109bcf86	2.39442337151328	1.152875
453/05932def378e2	3.185314072262717	8.3045
450/9921e504abc2f	1.3130488424413675	1.6344375
451/61160f5b509ca	3.1442367601005303	11.9543125
452/ad16d6e5a5bd6	1.4536722528956973	3.459
453/7cc5da208ed21	1.301294541847265	8.166625
450/4ed3e0db9e14a	2.973810132374798	2.108625
451/cba264c40004d	2.461336816458464	6.6373125
452/ab944ed466eed	3.2615357249974095	14.986625
453/2f6f78d7793a3	2.1577214925798645	4.6106875
450/7acc24f6efae5	2.738299651488731	3.840625
451/1df4d34ca1544	2.0320459324419473	1.923125
452/dd919e644cd76	3.209290384895988	5.693875
453/367605f1e1200	2.6335865514465526	7.826375
450/48b6a4b4becb2	3.0741343828454424	2.9855
451/f6486690b683c	1.8954284358208766	1.836
452/66ef55c07ebea	2.150046000110855	4.164125
453/b488a2b90ce89	2.734904176769079	7.713875
450/aecf9cdd90486	3.3835401961266105	6.795875
451/827876795b5a8	3.1484482879028586	16.724125
452/68c24f033884c	3.1786408818192116	8.9985625
453/7b000ec76bb90	1.8338287052967102	1.293625
450/cf04acf357000	3.450556027744564	10.621875
451/6db9ccfeaa5d6	3.2002499742896684	2.9399375
452/31f9ece988955	1.8059712068868274	2.6971875
453/46905113e248a	2.892752335729317	5.452
450/752e6648c17f9	3.354624702791716	4.5160625
451/1acb824a88b97	1.7928003555806444	0.76825
452/4617c3e35f78f	3.279118792505028	10.4450625
453/cf50793c75cdb	3.3717431956701747	16.3146875
450/a3ea971caafaf	3.0318180895039326	4.1770625
451/ff0997a31f207	1.1283826859895663	7.4405625
452/e00f8a60df610	2.3597676249431085	2.569375
453/bee78bd6322ec	3.1362784109339503	13.6496875
450/d6ddcc4d2bf31	2.6400299464029757	0.9611875
451/bcef189e9e72a	2.130508071212179	2.6383125
452/7b7964adbe22e	3.041854765913043	2.8073125
453/f57b4c71a140b	2.5364960069206366	6.908625
450/3fa3014fe20df	1.5293332300661284	0.7685
451/ef5671bcf601e	2.7366180102044746	4.891625
452/e40cf58c6b7f5	3.2251729349848217	2.2583125
453/aa508774a1863	2.914302995991553	4.058375
450/01bc731a9756e	2.779636402322268	7.700125
451/f9f359d76ca6a	2.5430742105020436	8.1734375
452/116d8b592c42f	3.1104467327092067	3.76825
453/bdb7c24108309	3.30446702034932	4.8354375
450/bba0ab7f8b60b	1.9713216948342056	2.833875
451/7bcd3786d9bb6	3.3490345953825695	8.024125
452/5c6387eec5e3b	2.8562003011156807	10.13025
453/fe96dabd728b1	2.799950896696172	5.0185
450/59bd8a014a5f2	3.4122072323422343	3.463375
451/208c6e9383ac1	3.523772962632698	6.0349375
452/fb5fc8cfb5356	1.6453535476924728	2.006375
453/57d140e5797aa	3.236907034169393	5.9826875
450/02d23f2957d1c	3.400370689657205	18.2524375
451/5e9a6711e4026	3.02937947570022	13.5123125
452/88c6650897ff7	1.4958471486126534	2.74325
453/0504907110ac4	3.198881911478505	8.3165
450/3bb116e0f65dd	2.8999800500418766	7.3496875
451/dd2e41c268e5b	2.2938204753639195	1.1054375
452/a04f24cfb6c6f	3.085583759269864	3.5256875
453/d65a1c0e121d2	2.486687606880438	2.8365625
450/a706ff2c2c031	3.40843264369496	7.916375
451/ee4c37475e388	2.7860948453911107	2.650375
452/e435fcb32dd0f	3.3916801717943645	5.9239375
453/c7823dc65f4d5	3.2781034905927897	7.9823125
450/c12b6fec34f44	1.3712452095590197	1.36275
451/bd86a6e976806	3.0794436513118106	8.7041875
452/c7e52d0540315	2.4643992722078045	2.8360625
453/7e92338ef355d	3.1602444819517252	5.568
450/9f9d53e8f16b9	2.313388276304086	2.6740625
451/e532170d1aa39	2.6242924712412146	4.8576875
452/2b931cfc7d1ad	1.104164590788037	1.153125
453/c471ed5f56aaa	3.454214236557781	20.2170625
450/4cc4fcbf4f31e	2.730973032756424	2.9513125
451/dd00fc067a1e9	2.9372079354474807	4.961875
452/a3ebe243d415b	2.8923489315328856	5.4329375
453/f30a47bf314b6	2.4021839409499375	2.6845
450/aada5c9241245	2.5166447923526274	5.933125
451/823b6c8b15db5	3.206110106404617	6.8956875
452/74461b8b58799	2.439922319597813	3.179875
453/4e924f929d0c3	2.9521027889860627	1.5818125
450/69983f16b8416	2.9241555004759943	4.538
451/ab45fbd699bd4	3.295080332412022	6.61575
452/460234c3450ea	1.8784931507304623	1.221625
453/0350ee4f73d8c	3.3277286416695793	11.7231875
450/97c212b963fdd	2.670969602430938	3.6086875
451/67acf9d974c98	2.188750667595313	2.3543125
452/5c7dea976d2dc	2.566067122670046	4.9139375
453/a4c7d5fc65006	1.9596921070006286	1.7983125
450/bedd57774dc8f	2.754498874704789	9.5625
451/8cfc65c3a0bb8	2.7284651381645695	1.90275
452/f293466d3a3c3	2.1739230449765774	1.5868125
453/b41ff85d1cc17	3.0161559270340645	8.1770625
450/caae09642fb16	1.9092623899373666	1.66075
451/0e0b87d7a9e0b	2.9043996002726216	2.4439375
452/1bd4b94d89c6d	2.9749309466261113	1.179375
453/1d09a67f792e5	2.441331532973669	4.610625
450/99a100c14c4a6	2.6916478568732405	5.432
451/18b0c36cd84c5	2.9819063164319526	4.08425
452/9dc9d5b15632f	2.0388251549902634	4.8150625
453/149a50395ef7e	2.2553603221882326	2.8225
450/65a6b16a43f59	1.1040292357728345	6.565
451/cc16e079007e3	3.2246952066218357	2.70875
452/ebca8d7d4c36f	2.8470275050540375	5.3648125
453/610ecdaf990d0	2.259436700448328	5.06825
450/3fd18a5be2ca4	2.4778371828560215	4.7235
451/3d6093fa89cf8	3.178139575125456	8.3695
452/c6b7f36f7a36e	3.0230631653309854	7.5403125
453/6e78e9b02206f	2.9662545819250203	1.8545
450/bc43f825d8408	3.1975791037792485	7.306375
451/b3cb0a0c00ae0	3.216018420340552	8.31375
452/fcccb59f47d73	3.300904078786333	6.5114375
453/4246df68e80bb	1.9040437528243923	1.859
450/af9d4d46f6e61	2.9328474233229196	7.3866875
451/e95f3d8c044bf	3.006606264436231	1.826125
452/c78b731e5c57c	2.9070618988781836	3.7683125
453/b9dd1c65c9ac2	3.030086423416835	3.829125
450/39b0682f2220a	2.028136967455883	4.5255625
451/5e3e3f19cf804	2.4686039802227273	3.2768125
452/47710ffc983ce	3.4450947554522813	7.3713125
453/51913b4ece63f	3.009365346951659	2.7201875
450/f7e410154ac5f	2.656438176515457	9.8346875
451/10f331ffabac1	2.4164689313893724	0.7684375
452/f6998eeed1ae4	3.1674876103599416	7.3471875
453/f1f5eacb21f6f	2.986190587983647	5.3125
450/7a58482eef19a	3.1768880073788797	4.745
451/7c95305577507	2.225423582720314	3.96075
452/7308e8069b45c	2.700461630826174	5.1429375
453/6c8753505c397	3.163455932713442	4.1973125
450/0a1b5de89d7d0	3.4706559795127965	5.95825
451/c788bb6a63bb4	2.088356425727004	1.3891875
452/22c2889c11225	2.54133005485882	5.38125
453/053d023d30f93	3.226419613026183	5.348
450/bdd2fe0ea517d	3.1885116690844817	14.3349375
451/731808705a29e	1.910249833446947	1.297
452/33570b09e656a	3.091201199768535	2.7541875
453/2c0141a088e72	3.05839468706206	6.4859375
450/53efc7f890f93	1.1125493431009945	4.5374375
451/0cfb67bcde5b8	3.1770903055209083	13.9724375
452/ed25ee80d6057	3.0630600589854104	2.0641875
453/6664e8e28711c	2.2372229299871096	0.864625
450/adc48dd0cca10	2.7512957254729713	5.0418125
451/235cc865329f3	1.9818584056025021	8.289375
452/e30214bd88656	2.8849182761297736	2.1645
453/d6659499e72ca	2.9446697331592415	8.3735625
450/0db52012aa8e4	3.0762555083737824	3.1979375
451/66b5fe4e55a72	2.709869151026742	5.319375
452/f58f866593922	3.0880639016749556	4.43975
453/f7d4adae4a401	3.3838039783703295	3.3205625
450/22b20aad2b712	3.3361549154947543	3.429625
451/169f158fbadab	3.0070120582982827	6.9345
452/d1f777d474625	3.554934706522038	17.6523125
453/c895c2e08b7c7	2.1968439025313806	4.5706875
450/65274d956443f	2.7994073340921286	7.875
451/63b7ed3e3e6bf	3.230425473087002	6.5575625
452/97154cd97e00b	2.8942801891490224	2.2761875
453/46105bcbfd180	2.366605729699334	9.79675
450/39dc8257cbff3	2.8887566952638113	8.18225
451/a9dd56738e727	3.196054687160688	5.3386875
452/20c4af0bd50ea	3.1431223674634174	7.9924375
453/88df30959c3bb	3.2094646414337538	11.08
450/4f98b719fb955	3.53517556104974	8.84475
451/c86fd7895faaa	3.1551804080335617	9.31525
452/8c3dd8e777b75	3.1341522689418646	3.276375
453/1abcadf31b862	2.787646937593179	4.818875
450/e3ff8bf50dabc	1.815251873584751	1.521125
451/6c98c023e74c2	3.1616641194036195	3.766125
452/1cb48fb6d942c	3.013258838049012	14.4021875
453/eadc9a81e6f95	1.5115673583814309	1.173125
450/787b8419bb4f7	3.4528218731083165	5.895875
451/81ef502faf95b	2.4963354380396963	7.8660625
452/db35716a41ae7	2.9739009505802416	2.666375
453/6163bce82efde	1.967902705396982	2.2605
450/1b7498137ea1a	2.399825509002658	2.048625
451/c26e9e7c6e77a	3.0733244956678276	6.9725625
452/9c94d1f8f3135	3.359134317349438	3.0126875
453/0bb0bfe82703d	2.4003972894393106	1.67775
450/1f345d0afecb8	3.205002069142437	11.6086875
451/3de0ebacb0df5	2.7458928073432403	3.10275
452/88a8a8d703755	3.220656087589724	4.025125
453/5fb5740e77377	2.4826615411264523	2.64325
450/ff2675b0a300a	2.594313353470056	1.0574375
451/b4c9d48a64c72	3.1718098614913144	6.60475
452/8010e11b13bf1	1.889551542846924	6.214125
453/854595c75fa13	1.9929511996886562	6.569875
450/43bfc11945e37	2.4840444160289303	1.060875
451/e7457b067e93a	3.0854223724261782	5.5525
452/55eacde60152e	3.486875703552333	11.9518125
453/e21d6f90c5611	2.563347214759686	6.061625
450/e07f662297a17	3.235759337109353	11.676125
451/4fbe5c8a8c5f0	3.251587458210323	11.1866875
452/830ff405aa88e	2.152455972687518	7.8411875
453/ddce8059aa42e	2.1963317559400033	3.5250625
450/e63b50356acfa	3.4269447681186236	7.7059375
451/3a67afc283a44	2.395858980840801	3.7968125
452/d7867791aebc9	3.2012711504648346	9.6274375
453/76a3825ede2c8	2.6098271266383777	1.2565625
450/699708e181850	2.2020312822101893	4.441
451/e9f368eae2c0b	3.2131563441060833	4.612625
452/85187a2a1c662	1.194729251911005	2.2319375
453/48fb843acaf60	3.1296443024305116	5.889
450/17dd060bcc1af	3.267499112017311	7.4025625
451/8c634895b6d85	1.1594523077450214	3.9859375
452/b775234022708	2.4575923169453207	1.441875
453/f89eb5247ff1d	3.119034615572424	1.8161875
450/f3242d70d7a34	3.339558216243453	11.24025
451/b0e87eee7eba7	2.4233876719984475	1.4421875
452/9f789eda2d5ba	3.2269795683669718	2.548875
453/db03b39f3a27f	2.864444943939531	8.1946875
450/09962847ff1d5	3.1513096307664967	6.73025
451/39f050a79651e	3.3880944542217346	17.0958125
452/340fbb5707a18	3.181743456722801	5.2523125
453/d81d2b55dbc41	2.9882603768689506	4.7230625
450/103b80bce046c	3.112655217852115	4.1870625
451/d1ad5e6a4008a	3.270036144060049	9.3655625
452/fdb07dbd6ffe9	2.7211566218249748	6.616875
453/7fea3e4c04c46	3.0048096343883373	4.0723125
450/459f2b2a458bc	3.2027885178652746	6.415625
451/5a1b6d97e76d8	2.4125394981257267	0.8644375
452/92354d4f79cec	2.473308585197289	7.8875625
453/7a8378aa38f7a	2.8632720479939766	5.34625
450/09df175a83b8c	3.079331230320648	6.2955
451/7456bc3410798	3.087084279232496	7.8583125
452/df763a7552bf8	3.147112600975025	8.1228125
453/a4a9593c20145	2.765691017115326	4.3703125
450/67ceaabe99fd9	2.8050506543939404	2.54525
451/e34421c478080	2.584154519514053	3.49975
452/1a02e2af3ef36	2.156484087892832	1.2321875
453/5a361dd0c8271	1.2506843372761358	1.9949375
450/a3e704e160317	3.012416943713274	4.971375
451/a0a10bcbf9b69	2.544868137645604	5.2548125
452/08a17e7d94af2	3.020926207625452	3.341125
453/05e898472a898	3.4029219277764216	6.023125
450/6e45a82a4652c	3.1754589797230066	10.459375
451/0beb4cf5c59ed	3.3145823179124583	7.7544375
452/d8eb4dedf19f3	3.476435157411658	6.746125
453/3b037beb96842	3.3572752206632184	3.9920625
450/15bec3c3039a1	1.476974117978559	2.6441875
451/3a4005525508d	2.9736728684503206	7.1463125
452/6258f66af377c	2.477110482203379	3.0495
453/b58b3fca52acc	3.073237412186461	3.4233125
450/cc1a2d466ecdb	3.372606027941218	17.914625
451/be29f7ec4b6f8	1.6330308560167563	3.438375
452/ed3dd497bc891	1.9524125398876107	1.296875
453/503198e8d94b7	3.004582916926966	1.8746875
450/92ff7d5bdc2f9	2.723119575487775	4.6255625
451/bffdbcd882e11	1.5921579382290842	1.2979375
452/ba407b6b5ec98	3.4141438026623225	5.333875
453/5c13729236157	2.7350871669463515	0.7683125
450/876b088d9010e	3.1154772847392436	6.2508125
451/71d4c02229add	2.9077377209845254	9.0368125
452/547898e15f8f6	2.660938492419022	2.929375
453/516b97f5c2f51	2.775135299735487	3.397625
450/ca8889ff00887	3.040913324590207	5.6276875
451/53f2240bf7d02	2.4987464157302615	5.736
452/234ac02ac25b0	2.537875381566805	1.272125
453/7dfdcf0841c55	2.047937667034036	1.348125
450/2450a9e7d188a	3.3640106121103104	5.6644375
451/196f49e8424a5	2.8613853446468163	4.712875
452/c115d06100774	2.8839109646193695	5.3180625
453/844919108dbfa	3.080167408142374	16.53
450/9a39a8b90e321	2.588652937975465	2.8250625
451/8e0ee85d80396	3.090732218599026	4.480125
452/3b7e7bf91a5c6	2.790201755498605	1.533625
453/efdf53cb62e4f	2.770986035780444	1.4555625
450/2713257cb241a	2.524328402285731	0.86475
451/698e9ea2bdaa2	2.575143478663462	1.7298125
452/72f9ccbe3d292	2.301861220203584	1.0963125
453/c532dee78bbe1	3.3080970790194306	17.373875
450/44d23b3c8aa09	2.7376706133354225	3.7975
451/98b0f2e5cc4c7	3.3020371657024823	8.7515625
452/64c658226ff6a	2.302618784195958	1.26175
453/caf80c2097815	3.2142863182090484	9.44975
450/0244e912d3c0b	2.790373443444477	9.9354375
451/286860cfa3bdc	2.1925927317274305	13.765
452/845b922da58f3	2.9901162918604536	2.64925
453/5aef2a880a2e2	3.4477951957150568	6.85975
450/e34ca787e90ee	2.7351252567056474	4.6494375
451/15f60be913505	2.4186407898489795	14.917625
452/22bd3b17556bc	2.512597951923875	6.37075
453/ad0aae930a3ef	3.3283583842363313	16.895875
450/6778090df531a	3.3475227365697524	3.92175
451/97f46bd976ed5	3.374676159387268	10.650625
452/940654edc4cd9	3.0927578525832673	8.6386875
453/8279d96fe0af3	2.9729156619816663	8.434875
450/61c3b487396f9	2.7553909546440933	6.210875
451/87b37629a5dd5	2.188405725936267	2.265375
452/7895f0d291abc	3.1925756975969963	4.362875
453/5a738e5d710ab	2.6203118937539345	7.8348125
450/5d4d4949431f7	2.528694928714189	11.7260625
451/82a0bb19c5769	3.1307107099371945	6.4295625
452/5d9ed15b23c39	3.1218790782690786	1.635875
453/4f3de4e4352f7	2.197414098211054	8.5704375
450/cd7bee551cdba	3.203497788637787	4.4254375
451/c2d69bf34b3ee	3.1620996903671017	6.13475
452/7f8e2d8e2dded	3.1420994869803707	9.425
453/c54f5b9d3f9c9	3.4748924188695334	12.5533125
450/a80fa26d02313	2.5274998806777655	1.816375
451/4bf211f833c04	1.8316087069097813	4.9543125
452/3b8870f961a20	1.4379583313595674	0.768375
453/ad34246414b20	3.3982739345810082	8.22475
450/4962da0fc1204	2.5122862739832206	3.0555
451/a1523298c58e3	3.410697552443758	16.7881875
452/80f32d53100bd	2.910725500836361	7.189875
453/7e09635f91cdd	2.0255225147782165	8.2496875
450/708202fa69317	2.538888457932696	5.7096875
451/30e30fee1d0d0	2.6403448539180236	2.6918125
452/2ec1899412be9	2.448419939917812	2.2515625
453/f2b86eb003b7b	2.6611703268675075	1.1816875
450/8c20dc7a4aab8	3.2573242118819934	7.1820625
451/cb57e932b0ed2	1.1369194232818502	1.8829375
452/3def45ba9b0a0	3.133452022530921	8.84325
453/cb9787f4b71a8	3.136602468980883	5.7010625
450/6e0142fc28e09	2.5406563617060236	5.334125
451/3fdb1f1b8c806	2.649213085747271	2.7961875
452/fea7207a901d3	2.9900478600251352	7.3094375
453/9af42e3909a2f	3.036716328777987	11.616
450/ffb0a3c366c1f	2.8310641343541483	3.787625
451/6d77c4b119121	2.816992125617653	5.310625
452/d89fee64b4587	3.0935703852075958	1.327375
453/1d002a60c04dd	2.7691089682160035	4.3943125
450/53fa5bbde894f	2.116759248883427	2.5780625
451/38bf3cb347d58	3.4685690212344724	8.0640625
452/f5dc7dada1385	3.1113900429936	5.6074375
453/95a1a8cf335d6	3.2575897512794114	9.487
450/5066db064be0e	3.4613672689547252	12.7088125
451/649d8226709d8	2.9720965702613302	5.07275
452/28a1f0fa93581	3.1333366109656247	6.47325
453/b0a8271e1f6fb	1.1125312396583995	1.05725
450/ddf6b1b30918c	3.064305907769608	2.8373125
451/bb811f7bf4f83	2.7502280895844344	9.4140625
452/ae61aab6b1fd3	3.0969322217864796	5.1156875
453/9ce66b3768264	3.255849476973145	5.6433125
450/f21a80bace501	2.1455173668781784	1.97275
451/cd12c3ba4dab2	2.792450224169224	2.9618125
452/f1a8df06bc22b	2.6451722663298995	3.0055
453/62aea0eea8b1e	2.9527469550200895	7.5354375
450/f059ef89848ed	2.9896558531081316	15.9908125
451/e68a9039f0535	3.2088141236907712	5.894
452/66fcbe96b85bf	3.3039052069894486	10.7885625
453/cc32c8f3a305d	3.3734530338673427	4.9531875
450/f4301cd06fc0c	2.5726243212753936	4.6168125
451/804cd3a5a965c	2.020453191144234	5.1433125
452/bf6434a26b2ad	3.3452598670402565	16.333375
453/d46584c4e683b	2.9915437734663195	9.79675
450/6f9610cb1e04d	1.765556019713703	1.441875
451/23df9a8f8cbc4	2.540417877406742	8.461
452/9330b65a9eb52	2.002853159781251	0.6240625
453/2a08c1edfabd5	2.3815474529558696	2.59525
450/d5564d16bf6ce	1.8742462441033174	1.9711875
451/9eb5cb45f16b5	3.2818540207216773	5.3061875
452/665d16eba8c84	1.0943905882052274	1.24975
453/5345e4b449a61	3.205073958727424	3.3719375
450/d94f574c3be70	2.55878195827122	4.3255
451/aed8af99df0cf	2.7553491555230383	6.2911875
452/9e14187edbe32	3.1020174088974763	5.0526875
453/d269f461d4b58	3.3354690580516215	11.9004375
450/6ce0310efc710	3.402721176041866	7.213375
451/79772c56981c5	3.249737227191196	8.73875
452/caea50812dde9	2.833657557168141	6.1069375
453/698142f46a430	2.959507685465549	5.9831875
450/cfd27511d84d3	3.163513096379652	11.6445
451/c59eac4c84218	3.397582028876587	10.288
452/d6eb71658f433	1.5335976708775123	1.885
453/1802231df8944	2.841279526843516	5.015375
450/67ad85103cae5	3.1229451207082217	2.4085625
451/2bb0c8d3700e4	2.8792433370682113	2.1525625
452/5b37d6a019607	2.905425447800197	1.6814375
453/e2a9ce801f814	3.081024764915607	12.2216875
450/ab4ac1a32a7ba	3.0193701249715033	3.6370625
451/8f1f94bbba871	2.1634130647854057	1.332125
452/f5af05a57bf08	2.265146533291855	3.1585625
453/facaff0d3f1b7	3.4001768857980887	8.93825
450/43668a9479f27	1.5979593358000472	6.6369375
451/ef836220ecc92	2.9442982368280926	4.0976875
452/adaf008bd6c3a	1.5591965593417114	1.1635
453/748031e364d59	2.5197289983654607	1.2010625
450/79fa7589e4281	2.1997468553998614	7.7988125
451/aefdd865f32a7	3.117097684738068	2.258125
452/55b008607b898	3.4799872919591683	16.3595
453/20734bfb695df	2.8885808990273167	5.61125
450/08d86654e1a90	3.136759772843995	17.3838125
451/dcfd03a6cb028	3.0089432617943213	4.910125
452/14417b5314568	3.1745186602437903	3.614375
453/73df2133bb413	3.3035798975608666	22.8436875
450/af7941c0cbfec	2.770080587572288	5.0255
451/dbb3980b3b15e	3.335050545136384	3.251125
452/5cd5e306f2bf3	2.6816279549890156	5.0059375
453/ad043875af564	3.2199137808866882	3.174375
450/ec74fb56a20a2	1.9949451472572568	4.212375
451/829c9c7d8a1b5	3.2623210834839917	12.181
452/6b059576c9043	3.2345325034334325	6.641875
453/07e739d9faba1	2.433938218754407	1.15275
450/ceebcbd1992ed	2.8624479703339936	1.5659375
451/5e2fbdd58345c	2.5693055572544647	3.714125
452/8e866be3a20cc	1.9649550839772767	2.14925
453/afbaf987d5129	3.267154262383914	3.694
450/074c306fcd867	3.1191527937679546	7.205125
451/d2510fbaeb99c	3.257353768986342	5.6314375
452/cbba7c0b0e5bf	2.9440700684851233	2.8719375
453/89fa294751ef9	1.3166235033730316	4.6763125
450/fc478aa5f2652	2.612607048238211	6.3364375
451/57c11c978db4b	3.236799976947953	10.1079375
452/65fb3635eb167	2.3275504974384496	3.04025
453/06ffc7a168e50	3.39192483465315	4.6241875
450/63035ad86bce7	1.9847386625994266	2.0565
451/d6e1ac50b7c09	2.0768014808144364	2.130375
452/c03fe913cb6ee	2.9101912344496235	2.82225
453/bacc40a98cf8c	2.8996607931221066	16.914625
450/43a63380b002d	3.095955333230966	1.634125
451/62225e8b160b8	3.2744410630332053	4.1524375
452/c4a20e17c28a7	2.1089569140133264	1.586625
453/8929a26a23390	2.384550183039743	6.3464375
450/c66a36fdf6497	3.3867688423194493	8.514875
451/6b51b2f8e6e98	2.7925812825315384	3.8995625
452/67ac8e1491919	3.02701123777166	10.717
453/b42cbf5703402	2.2143873901306366	3.0276875
450/eb5c391fd80b0	1.615167416825487	1.4908125
451/bd10ae629b4f1	2.6657239492967	6.2929375
452/47d8c440365ff	3.262023599149091	7.4158125
453/e9d64f44cb36a	2.350523408533995	3.6938125
450/c3994909c2a44	2.8382419831281465	3.415875
451/272a06b828105	3.00678830447137	8.7433125
452/7e6826a21d818	3.006479271412049	5.006
453/c96884b952446	1.6582498156036265	5.227375
450/f16e5770e49b4	2.8783170884644034	8.19675
451/4e0ae9c3a5fae	3.068299767680423	10.7069375
452/d65e589b80fde	2.3023059053497605	3.943125
453/1e9cf9ef3df4d	2.9825508690636937	10.1058125
450/a9b68caf1c243	2.87621730085798	1.631625
451/cce2b05b60928	3.1052573207794016	6.9496875
452/645459220d809	2.9855205152463355	9.543
453/30f9c83841e54	3.067144041556595	20.258625
450/6013e4053d496	1.9423361912356252	2.4635625
451/6d1f6f0b397a6	2.2376390038257497	7.7003125
452/f7fe28895bd47	2.596739063339167	4.3824375
453/974a3c18de7f4	2.753390776964613	5.666625
450/4aaa617de5ba2	2.018997254418972	3.815
451/8137ad547968c	3.1217101906689173	2.6878125
452/6bb3b0959b652	2.8549466466545357	0.768375
453/5b22de329502e	3.0004732597028614	1.1780625
450/fb0800f9b2d63	2.4930496125379875	3.6139375
451/25783697fe49b	3.243908801829562	6.414125
452/d95a7cba03223	2.8415707400459955	5.6338125
453/801f53c5c5634	2.7962399091984644	6.2235625
450/d83ce7c8e8796	3.3051831909337013	18.473875
451/5b1976a4ea9bf	3.2704714931835674	4.593625
452/1015cfc886a8a	3.413801569951663	7.30775
453/3be9487e3e434	3.0816031971365474	4.2596875
450/85f2417410912	3.360187319978201	4.09875
451/ffb9a5db89b71	1.7332021373380604	4.9648125
452/54df3948254df	2.722887800319857	1.8259375
453/ca99d76fe3503	2.202431142021484	4.209375
450/86a0513e3cad5	1.7564850196690567	5.8475625
451/7550b60cb14ea	3.291739047058258	2.582
452/fc78cd2b2b2dc	1.8751621721909546	2.1636875
453/63ce658a48bac	2.8050309784438	1.297875
450/71d28af977dc8	2.621693793104298	2.257625
451/9be4ab6fc6f60	3.1690717503089796	6.1113125
452/1ec5b066b5da6	1.9601151610214895	1.21775
453/bcff625bf069f	2.6625016220453577	4.3228125
450/be0f34619f8d6	2.482708431181961	4.0735
451/d7328c2bf662f	3.2113664455399586	6.2543125
452/f71400c1c0524	3.282878885581162	9.6708125
453/96a6fcf9a44b5	3.045989974871519	2.8431875
450/2ef926cca927a	2.8018624631126614	3.9765
451/5a90b68b68379	3.35013025431344	7.1535625
452/3d9723b717954	3.1488867419720283	16.5615625
453/c95de90fb5481	3.378457180588426	14.035625
450/5257332ae77fd	2.8800442035519374	4.3525
451/b6f3219d9aeae	2.9506041825292106	11.3865
452/bfdba0da78518	2.0166576668414127	6.0871875
453/6f269e6138905	3.1384719009003144	4.744875
450/96166fd23adf9	2.714717003430123	4.157
451/6921f3c0a8584	2.349332066597215	3.4510625
452/819796db21b65	2.40692818043455	9.4230625
453/404dc429ad427	3.3799003541077255	15.3914375
450/e307a94a61f93	2.4849539873344852	2.531
451/7f8f9c3878b5e	3.437235192262625	11.839375
452/45b8da9f6e16c	2.5829523117226976	4.8005
453/e394bbb406654	2.951860470632667	12.174875
450/d59ed6ca57d15	3.105779052567763	7.2661875
451/ad9b0164c5cd6	3.0048465155634503	4.0963125
452/6005e44cb5e3b	2.4175066772507834	2.2450625
453/d8e43e79bddad	1.1524960544583938	1.11325
450/c68f2f29dba82	3.0291053830239534	6.56725
451/66aad76b0f84e	3.4134562524947425	10.243875
452/55eb0fa940b57	2.5915713898339217	1.4411875
453/df284a3c00c94	3.053773958557785	2.92525
450/7caae46d3e569	2.588690011652477	11.0715625
451/af2cb1d3627a3	2.727221604340303	6.28325
452/39f270b888c99	2.323288514626713	5.1463125
453/273aaf98e2a0d	2.9910179391914355	2.2154375
450/5912319fa3b87	3.4465209258884277	13.0055
451/cb573e05a41bb	2.7040695690747	4.260125
452/4d8a7bd7c2f1a	3.281191225049633	4.40225
453/dbac42c57a900	3.426258235218428	15.73075
450/2a89c024aa46d	2.906132113880396	5.366375
451/df1138a88930c	2.689639231498007	8.568875
452/871b86579a3c6	3.2067532029906873	3.54675
453/36fac2bdd767c	3.2491281351305807	9.9639375
450/f979525e59cda	2.4300936149433463	6.740875
451/cf9ac5f12c0b2	3.418107239918786	13.2609375
452/f18ab02edac84	3.295477335778412	8.8525
453/defd326d3a89a	1.767169763226382	4.2969375
450/090315a6c4091	3.0095582956003906	4.7310625
451/358776a68eee4	3.2839174640083235	9.4274375
452/243e745d76c6d	2.9383040047937334	9.3165
453/5b0afbd11e0e9	2.5288117427354653	5.4049375
450/3a5758c69b647	2.942505990368412	2.438
451/e8a3294765e88	2.7301082072115745	1.842125
452/f6e44f2ab8c1c	1.0811599367742646	1.58575
453/4c1129bcb0978	2.8897485104792775	1.441625
450/079da575ec605	2.5010139632069013	9.3756875
451/9069bf5005782	3.229408990642989	4.7095
452/b78ede5327f34	2.8965853272596744	8.205875
453/356f43013bc74	3.407545541084334	6.3219375
450/adca3e6f881e9	1.144507281093196	3.6324375
451/5ad5d4e9682e4	3.0401250457328737	2.0533125
452/ca468477e90f8	3.340612887487184	5.4076875
453/23ca5cb79b222	2.3772871030040137	15.233875
450/b66ab33a61a9e	2.484261398666098	3.9941875
451/9004910842398	2.847551119381272	4.76175
452/091a3099a0307	3.318712650841942	7.257375
453/3909915e93adf	1.392819834764235	1.66375
450/10b6dd86a73e2	2.659110491780594	9.4460625
451/c40f320c65f97	2.690310455661786	6.65675
452/edafe6e0b0a37	3.2628497246085364	5.0110625
453/6bbc81cb1646d	2.3855496282969737	4.108375
450/c5dc3a9a35f1a	3.0447347185666382	7.3968125
451/946730a849630	3.1235662968854223	4.8853125
452/fc0625b18bead	1.1799918458181367	1.0928125
453/426db469de688	3.253204378502582	11.838375
450/162940e41e2c0	1.78646657192221	1.932625
451/48d8e8623ecb8	3.118684856621202	4.4405625
452/2e40cefc80012	2.1847756932002147	2.07475
453/d28015c040a8c	2.430961174049988	3.5588125
450/6f10172402592	2.086393328175135	4.9628125
451/f9e0d3cf96f14	3.0665333990707397	5.8379375
452/64c73cafccae6	3.3049623875039855	7.4316875
453/0f272c81c35a7	2.7507243676719617	7.0709375
450/95878dafe3400	3.123456812711668	5.288625
451/6f36ffd58680d	3.071362873144548	3.7684375
452/bed1ee54215f1	2.293558984669929	2.2235
453/684dd84d21c05	3.1825100214136652	7.377125
450/9e16984af9c9c	2.072420296698067	5.153625
451/e4b2b99b50ad0	3.2725091662282044	7.7658125
452/a6d6e38b583af	2.0887248455172247	2.0450625
453/dd3231db94364	3.3994112199323725	2.78025
450/714f1531658c3	3.2670773227906955	8.6233125
451/9a0a21f798c6a	3.39383215841936	5.843
452/be4dc96b18d68	2.932694987075413	6.724625
453/0e4a52d79b6d1	3.5449845633787453	10.7115625
450/3f340e3dd434b	3.2308187462813795	6.8508125
451/46060f082b52d	3.255802723091905	7.3055625
452/a52736630e895	2.541897197051133	4.9559375
453/1fc95c4266b63	3.268447173532454	5.4365
450/38ab2ce7041ca	2.5217041508518405	6.0034375
451/b4de89fefe03e	3.0454874853922815	12.3904375
452/01f7a37b32fbf	1.8432435854846532	1.3913125
453/bd84cbca8e63a	3.0672250799250813	3.5241875
450/fa48e69c1d990	2.848206013824131	3.0154375
451/ce7edaebd38dc	1.7163204570890056	0.7813125
452/c803bf74f41b0	2.5662388589017735	8.3138125
453/c920aac6ea7e1	2.9496230817964886	4.2990625
450/570fb2c2c6340	2.3021830491652864	5.8615625
451/9b24ee2bfe67b	3.494781387457721	9.5410625
452/ca50bac07cb17	2.3026678408064845	1.778875
453/7011a04b8350d	2.7913905736700757	1.721
450/ce795e2e92bac	2.9319727289104933	7.0025
451/2b8329d81b537	3.342931139495126	3.6063125
452/815375df6fc59	3.370734957388493	8.9385
453/4efaf78fc148f	2.5265986452981934	16.1210625
450/2644b6a90ba3c	2.9161462149523323	1.834
451/cb3aa9243d5de	1.1301228740657285	1.2944375
452/d9985135f9260	3.1700789058414265	9.042
453/0d3b876b38f8b	2.0313992690414473	7.951
450/5de6141564b35	2.764915070045159	3.2468125
451/32347f91796fc	3.484058011836372	11.1734375
452/3dc0754b019c4	3.308364029605216	8.7730625
453/7a10fcdf270c8	2.421592246386492	6.3856875
450/c625b55dbb47b	3.4675802063775096	11.5521875
451/607e31d7e3e5f	2.226387234318134	3.661625
452/aa2bc254701af	2.2728708951944108	1.979125
453/22191cf16f807	3.269717879702126	3.2210625
450/5efb485c5b25e	3.070692604701265	5.1268125
451/da917e38fe478	3.256427812640031	9.3855
452/b07df35910ae7	3.290362176057696	7.3088125
453/1f2690288e928	2.8485088005565147	6.01725
450/fd15686c0f74d	2.962988899635422	13.332625
451/680a8169b80c8	3.382979844333472	18.1701875
452/61ca05679c580	2.1062289186632346	0.7685
453/aa1c5af9041ec	2.4991295698744396	4.803875
450/7d05b531196d6	3.1835183601487875	5.8213125
451/2209b11a0f8f5	2.6105134288112417	1.536875
452/f5d812e61c569	2.6673010937237955	3.7075
453/9f89a8822ca50	3.2060489143788207	3.9385
450/c97de2e3046c5	2.375989701497454	7.2950625
451/f20b63641c387	2.756088396333309	4.6023125
452/d45d6a124f83a	3.147027029727585	4.298625
453/571a4ac303ba1	3.406760859941774	5.547375
450/26490ac0dc388	2.977825339763969	5.6445
451/3c1e97dd5f23e	3.4183985103619543	11.5586875
452/14d2f4629edd5	2.979029793357366	10.0534375
453/d60ffd6ec482b	2.871863861285396	3.495625
450/6400f58658944	3.308562508595249	16.7026875
451/9afb0424c86ce	3.072709477020438	4.49225
452/4749f0b781458	3.0666829466434913	3.1798125
453/ce0b8d25fdfa9	3.410811007719825	11.2208125
450/2f9ddc8895b11	2.593757396349424	4.7828125
451/031602a2ef4a9	2.7158380311357613	7.2965
452/aa0de1344950b	2.332992532936887	4.7488125
453/78bdbfe3fc567	3.452142964489742	10.1434375
450/0cbf370f38843	3.4432803472058584	7.90875
451/8c47160b5125c	2.5145719243088624	5.835625
452/9edb46999c795	2.8615275878478212	4.4800625
453/24a14f6fca0b8	2.326494563293397	5.546625
450/906150ce25725	2.5928102462661156	3.021875
451/b0be52b68b0c2	3.107814774409569	7.795125
452/5466b0bc71a32	3.1275102982059373	6.8429375
453/d69b12c96851d	2.4967605901478636	7.1373125
450/9356e14e5e8aa	3.458539293136154	10.376125
451/5b1f05f34b47c	2.605031707808365	2.3578125
452/4cad472b292a5	2.8163561534272246	6.84625
453/49aa148b4cf54	2.9747127756826393	11.2198125
450/87137d04834c4	3.1133429213108497	16.4390625
451/3b9ab7ad8c728	2.9603848704726845	5.8561875
452/ee57f24872807	2.829020489948794	2.546
453/a89833592b979	2.9950696258665004	6.5335
450/8c39f141c521b	2.8632751922169932	5.0363125
451/0ef88785a82c0	3.091560863792796	2.0606875
452/8214c409be9f1	3.194744460825732	10.366375
453/5f45d7c8df270	2.2820910428101966	4.2653125
450/9087eed767356	3.0660137948690114	3.9608125
451/119997f2b0715	2.8089416914927687	5.8834375
452/4b0f60099d800	2.352341435413007	4.888375
453/7551455d744cc	2.9065268765225136	11.5501875
450/26b28b353f487	3.2136807139091843	7.268375
451/931e310b71ce1	3.362567476690397	5.8271875
452/b3622ea10359c	3.3387871452621543	5.4184375
453/a4aade8d28a9c	1.6059969174137059	1.3454375
450/a73439c26d5d7	2.906904289425161	10.4884375
451/73505d3d2cf32	2.596053346730332	9.706875
452/95ca1f912113c	1.8273055803652376	1.7544375
453/4702d9486c31f	3.4450847322496085	7.7211875
450/cc8a7242016eb	3.2531963055230313	7.948875
451/383e79c6aa8c7	2.237072884731495	14.1916875
452/3abf846b22b51	3.309159112844776	6.323
453/695e5844df4be	2.8937903103188045	6.6360625
450/b812efa876890	3.1012054272654304	12.411125
451/4b4c529fc52f8	2.954426834863321	2.5736875
452/31d64c0eb783a	3.2981045692297095	6.496125
453/b2fe5c2978eb3	3.3305858706945153	6.166375
450/4ea3241a086f7	3.1551232247835697	2.5448125
451/08f41a894ba56	3.4169324504791265	6.6351875
452/cbc32150cb5e3	2.373024023265689	2.9340625
453/45c0ac8c80537	2.1467037038004575	5.1825
450/d7b4e5163b4f2	2.5631546426105283	2.8545625
451/ba0442858ae75	2.6419477616633027	1.3515
452/c36cfd611e37c	2.2271649726460434	2.231875
453/4e539e434ef10	2.652259827233314	1.9266875
450/80263bacb1061	2.4004479030725996	10.781875
451/30f5aef74e6f4	3.159548989860786	4.655375
452/cf4f99ab2f3fd	2.697751650947224	6.3501875
453/4e7fa99531603	3.2923764870702095	6.1375
450/0aae65ff114db	3.350503947428369	9.2303125
451/d7167608dc0e6	3.04226287761995	18.306375
452/2d3daa18ce5f1	3.3703360596820633	10.351875
453/7c4d45a0dc49d	2.183345657341757	7.363625
450/8555494d5fa66	3.294486657113288	9.03725
451/29217b3a7a18b	3.2439366678620893	7.5093125
452/4044e58778fb3	2.80186179888469	6.36175
453/3bbbd97729f49	3.344090870169312	5.8281875
450/156aa913e6483	2.979894208419215	4.373625
451/c50a697de56df	3.205515606156503	21.1331875
452/49dae0e04a73d	2.7497139999584306	4.6160625
453/101987f37e631	1.4433463277773229	1.5208125
450/65e021b49ded1	2.6534268027580334	6.9175625
451/af8942168ffb6	3.5479975918493487	14.6703125
452/9c4f0b3f0256d	2.3550493953267813	5.977875
453/79cc23ea4db2c	3.3536982364150574	3.7794375
450/5f7c92110fc9c	3.1891545033348634	16.823875
451/818f78008977f	3.019141408870925	5.374125
452/623cf560367ed	2.589276368076316	10.087
453/7942b531d808f	2.7037847386408176	3.31175
450/83345a0036a83	3.0812135995753756	3.8650625
451/db63037f680ee	2.3379139430042133	5.2120625
452/ad9fc5ceb0036	2.604951147946501	8.750625
453/5fade7efb1c98	1.6899040481981111	0.816375
450/b6913b19f494f	3.4048799333795157	9.266375
451/fa610ad1f644a	3.296002965076326	10.4108125
452/962bca638af6c	1.8040684647731584	8.653375
453/f785aff3d65d1	2.5032171450471608	7.7603125
450/aa2caaa34b719	2.916577312089501	5.5505
451/3b0181a4b6085	2.2323028342064255	1.7775625
452/a16672334d460	2.7339828224796268	5.505875
453/d16354d408bf9	3.0974078799262195	0.7201875
450/9cd48be89cbab	3.3792923042290925	2.4341875
451/be0edf67d4284	2.595168496722895	4.691625
452/5b3e8337d7a63	2.628851312137049	1.5490625
453/c201788730601	2.4008167370996873	1.937375
450/d1a754bd92000	3.4104821554812	11.442
451/a9fb337d9d7cb	1.7424834142510717	2.45125
452/b446f82ad4213	2.810117653492018	2.5455
453/3343fb246178c	2.6770869767674896	13.887
450/7e9ab46ae7b27	3.3409514098940742	6.1143125
451/dd9b945d63860	3.2142714036144007	3.8461875
452/e6fbebe31d2be	3.246058561043913	14.215875
453/c8bc9e1a9d516	3.3957288270208523	19.0663125
450/5b4300a5a1d68	2.9343374914639644	9.9565625
451/c2bb3b1912802	3.0448284237550167	8.90525
452/cb5f218271464	1.9259660857190126	5.5046875
453/af8d4a203282e	3.525691965342606	7.2365
450/1f092a7a09e6b	2.9016579946665786	2.1620625
451/f86c7883d7003	2.502218883948106	9.6839375
452/8a3ec9b3a608f	3.3114114823143175	11.5439375
453/9e2c56858037c	2.371169437307872	2.41575
450/421fd8ac35053	2.442260880706265	2.7659375
451/cbe9bfb86dedf	2.514593696136299	0.912375
452/07a9bd0ee23e9	2.6374317761765074	1.4010625
453/754526f4abc74	2.7474533559096437	8.3718125
450/1a36a85118c7e	3.344996009302802	20.532125
451/f40fd52e10261	2.80770256851948	11.771
452/da464273996fc	2.2676220038141404	9.3275625
453/ea90d3461f58f	3.1788859446724786	10.3595
450/0ff2af280cd9a	2.497016006719552	11.0793125
451/d8cf1111f927d	1.794147959620695	1.6820625
452/dcea6960d2001	3.2842400147178847	10.1505
453/76c0377705f62	2.204827289616514	7.153125
450/215f098e0851c	2.6950970593516552	9.0735
451/020ef46e61c12	2.4737009703142245	2.9339375
452/4bcc965265cb9	2.815287170093535	2.252875
453/b9ced85f2f222	3.3458512293078586	9.66825
450/b56be69c72496	3.001068733552994	11.410875
451/67f95e17aee38	2.1012516727541315	2.97925
452/932b2d3c026c3	1.9826146404103506	2.012
453/793c1a4e8e000	2.610272853046821	6.5805
450/ba6a7e51f1b3d	3.0175936065264497	4.0354375
451/8f1cedcfccf9e	2.6111526055678516	2.9326875
452/0c241cd2c542c	2.3348738395069972	2.8395625
453/94d26aa01e344	3.4051270548664836	17.5426875
450/22d0bc206659a	3.22937320626744	8.7355
451/185d683cb18f3	2.6782053183979477	1.2308125
452/5b3686d3c1bd3	2.582403379096249	1.36225
453/7a0aa3fc41b94	2.8630834593610577	11.147
450/396452b5a7387	1.952647932412152	3.17375
451/c724d11e4fcb1	1.7441849437704127	3.3011875
452/28fc7e2a120b2	2.601043393350925	6.2531875
453/cbb89a51b280a	2.617541310599549	3.6918125
450/496d7231763f9	3.43410563952561	3.8035
451/f2ae7bf8d71cb	3.0782935428142335	2.034375
452/de4ea58656b05	3.1697949289103393	2.8659375
453/950488fa0924b	2.527307947064112	3.361875
450/9c336d61cef1c	2.901615505004845	1.7668125
451/86ee435365cd3	3.223589375267384	1.426125
452/78ed1ff50d655	2.7168820937680627	7.2208125
453/28f590c56223c	2.345573149990912	9.759875
450/869001ca8f214	1.1532639311279382	1.753
451/0742c4161da3f	2.7958420630766825	2.1716875
452/cfa199b2d34d0	2.460935254697341	0.9834375
453/48be48bfff8c3	3.106753460112905	9.9648125
450/a0b12dc840cb4	2.4505600169755284	4.3358125
451/b45c05da92a6d	3.443482027590886	6.1725
452/3c5ccdc0dbb00	2.8942246435824757	5.7830625
453/711ac7994a43c	2.5374171360866784	1.22275
450/73b98fbe938c0	2.7888064825051764	6.832875
451/b0ba225c4d6b8	3.07505075986652	4.5420625
452/7e2534f96e604	2.9676060131806907	4.0648125
453/ca27c926a4073	2.2263500506406264	7.857875
450/ea328918fca50	2.6382023131355825	4.6774375
451/7dc6f4950a669	2.0913761702863463	4.386125
452/1a182a7d0e343	2.7703827777735825	6.1735625
453/7865f6376b944	3.023371246767133	8.3383125
450/655595e84fa12	3.3599525482149133	8.79225
451/e94ba4da5dc35	1.3722716014827174	2.3325625
452/819766e5e2085	1.9469941411843101	1.485375
453/b583986df02e2	2.3567249962725394	8.9633125
450/9a5eacba36c28	2.5189207270522878	7.1506875
451/4b7ef6af2a42b	3.263802506904951	2.5383125
452/6021e14e025b9	2.3541918289723958	1.6336875
453/90135debe9fd3	2.700554783562222	4.4270625
450/2db94eda81fa5	2.8103927258315546	2.739375
451/355fc6f5f6530	3.13242401031146	5.4406875
452/29012541f6a57	3.0830894578701886	3.6726875
453/aa1c7d61af971	2.9620572252063075	3.3405625
450/df37c25b22359	2.3005533419787545	3.63375
451/105c38b793434	3.1386186603166317	6.9204375
452/bdc5939046de6	2.931660028573753	4.1465625
453/fb3e485cefd79	1.1328441915830474	2.20125
450/e5c122d798394	2.7522482506322734	1.5860625
451/471e370772ede	1.1003061495877717	2.4414375
452/54ef96f3564e8	1.6857961446620524	1.2494375
453/159c22d64f9fe	3.15483590790844	4.2106875
450/328a899f8c022	3.171859995839552	6.9254375
451/2ae1d0b380bcd	2.784785437465096	6.0561875
452/ec6b5f46ec354	2.5032774294021283	18.681125
453/c060bf4f4075f	3.415733421388358	6.197
450/4f43fb7f185e7	3.1906438491535147	6.0971875
451/079ebb4b42270	1.9026643181383265	1.215875
452/4f2e09c733b46	3.297793547339866	5.31275
453/4589e4b4786f0	2.840428064720712	18.9180625
450/084bd4df6c003	2.4024203125907118	2.443875
451/9a9328e8a169d	2.382597187731895	3.69575
452/70a24755b3f14	3.071220227469005	6.559875
453/f60e482c91bc5	3.11085902262477	1.200875
450/72250724ef327	1.8412606404590883	2.5478125
451/1702e29b4e626	2.591339028436813	5.672625
452/c1129891c1617	2.0828966437720657	5.1158125
453/7fdc720d6ae78	1.763274122086431	0.864375
450/ac5a7b1ebcf65	1.832882287312612	0.7201875
451/887ef6d37ea07	1.5925911869720522	0.7203125
452/a284f21e5a29c	3.1633646745229567	7.344
453/ff17010df005c	3.3286071656684895	23.1099375
450/c6164a5d5e9a7	1.4817022223998557	1.42975
451/492012b8cf529	3.009338789513018	2.950375
452/a4621545bd8f9	2.13087370365385	1.7584375
453/5906705fa9e6c	2.237365655108065	3.4960625
450/ceb7d845d48db	1.8700220918760182	6.83025
451/aa081e8a7b276	3.0021915340358873	6.6456875
452/8c2f64b069ecd	2.8914273938702033	5.182875
453/93ce164d0a367	3.362196787506812	3.0775625
450/5d772b44805b3	2.6962932189840814	7.9199375
451/5c1bb0d2de7fe	1.0834212077066474	0.720625
452/85f2e60565fde	3.4964390421032836	6.3671875
453/20b6d23174032	3.238487121028794	6.5398125
450/c79b3b419e4c5	2.908926170941983	3.1705625
451/8bbd1c7d0da92	2.845234081101865	6.487875
452/2f2f2802f4f5e	2.9404903552125505	7.3106875
453/fa7dacb82d127	3.2539218813532407	4.5630625
450/f13fa08260d76	1.057215459986804	1.2504375
451/3e653c7868af7	2.939876225745261	3.7555625
452/edc8744423ace	3.479440272020896	8.2964375
453/aa64ea41adab3	2.9601727521359646	6.0206875
450/a188ade9d1ea3	2.4596921877328537	5.775375
451/e3b62a979428c	3.4390990773814445	10.8453125
452/4c07a0736effc	2.669981085021492	1.6763125
453/5cc932cc4bd0f	2.580111311338101	1.0826875
450/9480b23b61eef	3.3846607583152015	4.8473125
451/7fc281af5c337	3.386084693124451	8.9494375
452/745031d65ebc4	2.665687304828291	3.9696875
453/39cdcb954f68c	3.0892469806254206	7.8525625
450/a27310070eddf	3.3727385467249724	13.9048125
451/db8f050c8ed86	2.7439999026267317	3.9474375
452/3584bef80a47c	3.0021344626553814	6.9236875
453/6afb26076ac6c	3.076510937223267	3.2386875
450/b5a468f75bbb2	2.59053206686904	3.75475
451/21bc4e4cf62f2	3.4720686580465028	11.8836875
452/6c99ee211e9cc	3.272793407110042	6.1630625
453/8791c848a3f05	3.1164398712963965	3.1244375
450/b92e24ff97cce	3.5330732947580614	13.872125
451/5f35689875945	1.234954163587708	1.7510625
452/444c4deeb68d2	2.205247980044512	1.0566875
453/a1764482c1787	3.364276558007112	4.4355625
450/bf004d3cfa4e8	3.19230056791532	6.5990625
451/962bb262bb878	3.074002238881247	11.915
452/cd6b49ce760f0	3.252958731779133	3.9389375
453/fe5130698093e	2.718154112372254	4.6106875
450/cf08bc2262651	3.1927642081990584	13.19875
451/a50735e9211c0	2.7831886754263335	2.3029375
452/b4aa4288f2ff9	2.916746364711734	1.9478125
453/288b833bc7da5	3.208366651300135	3.1129375
450/21045bf438248	3.0420217870259822	7.6449375
451/f4c570ceb9187	1.9202899968614737	5.8465625
452/4ce73eab064c2	2.356099322466341	6.500625
453/8d62151535725	1.1232114025945386	1.778125
450/7f20142a8c2bb	2.979736698514381	5.2245
451/56d4bc9da186c	2.8971186728121516	4.4616875
452/294ec131f8f2b	2.7941881006688276	6.0104375
453/f731140254980	3.027982254342874	8.5030625
450/4c94fa283682b	3.1994742609432807	5.8474375
451/af28884fc26d0	1.9701307913549488	2.8360625
452/6850bb246ec6a	2.657050791173002	2.054
453/5b37bc642074e	3.156460767296317	9.7268125
450/b1d8637797cf2	1.9055982087712504	3.513
451/cc69f729e4028	2.711329341683099	2.2620625
452/f9cca24250683	2.140465889976554	1.73
453/7387fb29a3bd6	3.1215420657743342	4.1183125
450/a0dd22c1994f0	1.104237341851806	1.875
451/748fed4a25140	2.9013069625359074	4.4874375
452/6507be39c3f08	2.2935913000389037	2.7016875
453/a8ad558f2e97d	1.8349741737909506	1.538375
450/35c6a59cff964	3.302046972088716	7.5466875
451/aee027a7fa212	2.762352611795966	8.6796875
452/fa4e50a4d8d31	2.6509676894941583	7.3585
453/019a9a8d920d4	2.0927217637261193	2.2146875
450/cb7a6e7e54ed1	1.9674639584253208	2.543375
451/668145f08727c	1.8012868398423456	2.255625
452/a644b467e19f5	2.777053951742382	8.2853125
453/1fbe27335995b	3.2665044026683177	5.612125
450/34ee0102eeb84	3.1331732532433336	1.515375
451/ca2d402d8db15	3.4617483566056193	2.648875
452/a3e6e0b22cffe	2.789876955756938	10.279625
453/7902c428d816d	3.2257042723265608	8.5693125
450/46e196672c468	2.7789903404382437	1.810375
451/8a5d6dee9c83a	3.307749636694211	4.4796875
452/9ca5a3d1c71fa	2.8476080394497045	3.7840625
453/79cac620b47ec	2.8268164883506715	15.143
450/444936b814194	3.4042464336135203	7.285625
451/7641386402f31	3.3167090235267134	11.1655
452/03340b15e4e4e	1.861953544645247	3.1953125
453/25dcd1396b356	2.38333864790648	2.207875
450/ea6ac2ec21471	1.6207173022567158	11.1024375
451/dbde23daaf553	1.1341972096573827	3.0966875
452/ce9c22f625056	3.259451445299193	3.5015
453/304d77dffb39b	3.222804185122075	5.078125
450/6c5af36cd93f0	2.5781449641983816	1.6578125
451/faa997ca00e25	3.0735320454373394	4.9046875
452/72d855f67146b	1.0913725667747463	2.0455625
453/c3310638c2b46	3.2772985405606874	3.2208125
450/be653b33d272e	2.7938268822178913	2.1776875
451/35107f7ca34b3	2.5355764430922147	2.903875
452/58c92177a4569	3.469106721760751	4.906
453/6d9d3b8f1f465	3.322960037705446	12.484875
450/90df644e1c7b8	2.6611687322757738	3.9471875
451/3ce07bb453d99	2.6109180758476254	2.0311875
452/746573547ef00	3.114059092296383	4.7229375
453/8a799c04e54f6	3.4214789330824225	5.8616875
450/8f10b4f4f2ecd	2.676858074863082	5.4879375
451/8c5467162b250	3.3361078810619813	6.541625
452/eb6d2cfa7c823	2.6048004307679378	4.6338125
453/099c01f28606f	3.52500076508545	8.3240625
450/0ebac04e7c82e	3.322899896458958	5.4796875
451/68eadc3fa28cd	2.8902205072261395	7.7401875
452/1911e90ca299f	1.379564845642551	1.102375
453/dd65e2f65ed37	2.538023188352175	1.876375
450/3d82cb313f54e	2.574744023956145	3.8440625
451/49e65f0766ecf	2.8959503511033953	5.1149375
452/80c83aec2c175	2.9985517293686934	2.0410625
453/9dd6988ef4605	2.654243039706455	6.9225625
450/1703e67443af2	2.610141335554989	9.6515625
451/a6a9102c395fd	3.1577445729759464	5.624875
452/4bb10766f2ee1	2.69051617324255	5.6946875
453/07066ed4b74d3	3.1749453287407694	4.13925
450/67254267a0fa0	2.3400163596342907	8.1931875
451/3c1b31c858b88	2.9079926452697147	7.6166875
452/32531e6c8d11c	2.6409230362365537	3.7404375
453/ee2827155886b	3.057719325895548	3.18475
450/7fd1fadd1ac3c	2.857105980497449	15.250875
451/e77613f96a53f	3.156687228032059	3.152625
452/4ea2a17f95df6	1.080604554935476	1.1296875
453/2996697b1fa58	2.904753858740035	4.59525
450/db315007825c7	3.261147186666783	4.6008125
451/414589dbda75c	3.039075924738051	1.777625
452/322fded8da35e	3.1430663602073867	7.6863125
453/8370be63d21cf	3.0824187347708936	3.580375
450/7d6e9ffb43244	2.7022872277592653	11.179875
451/c3bff6d37a2dc	2.85196688515687	5.58725
452/b887abee77904	3.1787813471881985	3.4394375
453/1781864b75aa6	2.816855766148632	1.3810625
450/260bfa3d8de1e	3.3520286280034792	5.663875
451/6494f2fb5efed	2.2714252044236303	7.5123125
452/bac7afcdc3dee	3.16588795463247	11.909125
453/800caca72905a	1.874804800861136	3.0250625
450/7150afa4343d4	2.6145450518499507	6.9934375
451/9785de935c991	3.4290807733755346	6.7678125
452/07302202c06da	3.3395088429380455	4.9906875
453/ff027d718a18a	2.922046611747079	1.078375
450/994cb8a776d4a	3.257977686751303	14.4866875
451/33fbf71b1e954	2.6163434863919925	8.933625
452/a73e0a217795f	3.1324979114678264	3.6741875
453/7496adcce8078	3.0766723698409977	3.4195625
450/84d9ee7a73823	3.101409000603131	2.039875
451/d89487e1983b7	3.0330492659909223	9.0766875
452/975bc0cade8d7	2.518235736168487	2.571375
453/453febddf3cba	2.4568078053847255	3.0073125
450/d4f6515199995	1.9810589631663935	1.1208125
451/8988c5911bd22	3.4005500398829396	4.63425
452/c75847b14edd5	2.849309986897254	3.1744375
453/6882fa8825992	3.162742806072452	11.9006875
450/5fee1f56df7f0	3.29754042726114	9.2783125
451/8a35d0aa41a9c	2.191873992944027	7.39075
452/4b3722342539c	3.1401162591255933	11.2931875
453/7383de4e6d8aa	3.403861969859455	5.44925
450/6a9f6f6d64859	2.8185876644688026	3.4364375
451/ab0aa3213698e	2.677822292984011	10.0021875
452/f0ab48c791392	3.2435552912409062	8.93125
453/01bb5b8815050	2.227376987453722	3.979125
450/6dce1744cf1cf	3.228495614808189	11.7735625
451/7baa19d44f1eb	3.047111614550801	5.4793125
452/94fdb4923578f	3.460183240129344	1.5900625
453/fd61baa602f09	2.6384439896561176	3.027875
450/191bd10a4072c	1.4291882770620994	1.153625
451/b0939a405c214	1.134700593769022	1.035875
452/ee0d25f35f7de	2.7364660384138624	6.0595625
453/b3d31f16729cd	3.1236295167680543	11.5701875
450/b0c9e4a4a9f41	3.155183071038261	22.4686875
451/830c6e6f9607f	1.4130001282581246	0.768375
452/6e04d0fa50cb5	3.137652096067588	6.62375
453/9316f0ab551fe	2.9595060578357977	2.5491875
450/0cba59214ba2f	2.5149541740114962	6.637375
451/6826c4f70d90d	3.2352531732058205	2.704875
452/7c61874a3579d	1.1730670306438362	2.039875
453/f08e0d995dbae	3.1465004596506203	7.0176875
450/f7ea6dbe10f5b	3.07953701926182	5.865125
451/52bb282d93dfe	2.7457454349755097	0.997375
452/6ea3ee87d6774	1.4446210938647057	2.6765625
453/5f57380e517a4	3.500222131298758	7.5689375
450/77e147294e25b	3.3112548927276246	5.3066875
451/af0f3340aa655	2.9582950288012557	6.2945
452/4d1f4bac64aa7	3.4529845618539343	8.3274375
453/145bfbe335d0a	2.4158240357166543	3.6606875
450/731a26977ea57	2.54754651673913	9.441375
451/18eadf3f1c816	3.4335352646956006	9.521875
452/f197723e811f1	2.8123892842168496	5.6021875
453/f4c9ff11e85d6	1.8273349896137243	2.4760625
450/f7ab4f784bb56	2.552153547778844	2.1371875
451/460523cb4018f	3.4984753339497514	9.6465
452/4f2cabb26adcb	2.711223120304149	4.1618125
453/ba4d9e36423b1	3.3487736828133565	10.4979375
450/7c37d24b76f61	2.257702347530169	5.79
451/4f97ff8221bd0	2.3148443633661984	2.3645625
452/4462899a811e6	2.8685555223355133	12.7389375
453/37bbf0053a081	3.505166476112326	20.608125
450/9b43c87490c20	2.7315429405278504	5.2805625
451/c26a69a7d6d6a	3.3997252956693496	13.6389375
452/602f416fdb205	2.462828561642546	1.3941875
453/08f09af3aeaa0	2.734010325992351	0.8370625
450/774301aa7fa02	1.9535862283962926	0.84425
451/9bf880f29d981	3.4161401660829522	6.497375
452/2b0346178fca4	1.952469043019576	1.0681875
453/cc418cb54a786	2.6525574111183965	4.0411875
450/ca2b56244a13a	3.334227403843171	10.1828125
451/38b6e5f02e97a	3.335887448835642	6.185
452/65ca89b8cd3d3	2.938924883379755	3.7345625
453/2cb6961fcd0b5	3.190090325393855	4.7895
450/6ecb49654e0a9	3.3306966532351225	4.03375
451/4feaad51a8702	3.1125911696175255	6.0676875
452/6237a06bb245e	3.284408495141832	19.2363125
453/029808563e405	2.973780272187491	5.300875
450/30087b150a15d	3.1594953936393435	12.6175
451/6c4f408c9dc80	3.0467986922251296	3.541125
452/c9d8be15c8665	2.5437394313846653	5.36725
453/d7b971fcfe60b	2.837974552361225	1.8463125
450/d23900f009a22	3.3947790695033646	7.510375
451/77a959c8e4f85	1.095802968821679	1.725
452/f1be3427604fa	3.210385886568305	14.0633125
453/50d0ec8cedf38	3.386118053734695	9.675125
450/a159720e9f92f	2.7796046435088018	7.219375
451/3a7e5bde00574	3.0578948500072514	3.67225
452/053f3c287ae39	3.3289711907236916	8.5245625
453/552980bddca11	2.723364402978992	6.1765
450/0b6c3392ff24f	2.161944993288287	3.0994375
451/12764b368ab42	2.9070888810823474	3.2926875
452/20138900595b6	3.1441810118624365	6.464875
453/65beec85f8710	1.9146289335748607	2.067625
450/e7a782d9bd4a2	3.2430737100833085	19.370625
451/5355dff2e9e63	3.3547584190843587	11.3996875
452/458861cf33c6a	1.0979848444088958	2.2600625
453/60bc8fa4dbe2a	3.1858823123680273	8.150625
450/6f846e6e2d0b1	2.4174441801960165	6.8164375
451/673e238739418	3.4520747293004796	6.8849375
452/d171e22e0b6b1	2.972647947183384	7.63675
453/19a1e76819df0	2.0849298605097757	1.000875
450/3d23680844147	3.110702708770635	4.7483125
451/c6c45450c9c4c	2.899655373369581	11.3554375
452/f2c191fb61a32	3.291814138403688	13.2466875
453/f164706520e27	3.396342429099864	8.480125
450/269727967f9f7	2.5353023392716283	12.96925
451/1abb3d9a9a817	2.9025577908673337	7.92225
452/3079378381d61	2.8007742962451316	4.9689375
453/3fe71ce82d6ab	2.288296938548933	7.9333125
450/04d07e1c6e1ce	3.0612805363836424	8.2540625
451/0cceeee80d0a0	3.399807578013198	8.03375
452/755e9097db82b	2.5030607328815906	1.6535625
453/86cf2a8c9a75b	3.2234366197023716	7.460125
450/2e96fcda71408	3.0910322403981465	5.444375
451/3cdce5fc8f804	1.1129607223227376	1.625125
452/5d7afc3b2d2fa	3.2598419118829756	5.2596875
453/d78ef52c3e8f5	1.7436370576048437	2.042625
450/d61fba58b4be1	3.315974320712759	15.94075
451/472d3e21364df	2.279214549813393	7.9295
452/f59210d7994b4	2.920494997520907	1.938375
453/239467032fdca	2.511224115669791	2.165875
450/6b4a7ad528063	3.314792428586286	8.94725
451/adfb799ecb8aa	1.3123301869015758	2.4549375
452/48d19aab99e99	2.928053142740637	4.248125
453/203ad2173ce99	3.2883978933086553	2.691
450/ec14e72fcebe2	3.1893713076714763	3.5113125
451/450e3baad847e	1.7878894246285644	6.397625
452/e62ffcc9acf1c	2.6442423661514765	4.50025
453/a681f957973f5	3.2058435527619387	6.321875
450/d3bad4d4541f4	2.0507058733996337	2.6910625
451/ef92dd89c9a34	2.77910914181185	1.5694375
452/e6f802fdb5dbe	2.75454341505057	3.3939375
453/26174b9a7a5ec	2.3963894480815227	3.172625
450/c733d501f57df	3.080294078255026	1.6800625
451/07c236a3441cd	3.0392892638172992	2.696625
452/8c96b67cfeaea	3.118081895932801	4.740125
453/cb27809decb67	3.1916603782397748	6.551375
450/77f36cc71fb47	2.7399773047467986	2.211375
451/12311db65dae9	2.570441213980212	3.8495625
452/3c2cc00cbc83b	3.24292315198901	8.1236875
453/4c76d23b22856	1.9247999486384062	0.7203125
450/7e0b0e500db72	1.4113331539186214	2.8088125
451/6e7887a5f9591	3.365684515066472	16.878
452/0719649bfde0e	3.231119161060977	7.965375
453/db7bf43dcdec3	3.3131175919252334	8.1809375
450/baf3c2a1c011e	1.899057582631952	2.39925
451/f666f7d1aab80	3.4609962443045625	17.7333125
452/a36e2e1267449	2.7706705098110227	4.3515
453/2546fde69016f	3.189671251511224	11.5125
450/70767ed93a1cf	1.6130706045283163	5.77375
451/d710f102e9dcd	3.255427805515999	4.776
452/e70f06886d9b3	2.574728122334846	2.14825
453/e76712b73201f	2.639785361285391	4.9911875
450/163d2bb159182	2.3877907747173057	1.586625
451/36d27db098854	2.3066029655222633	3.2764375
452/20f67c9085e80	2.3796479981248417	6.29475
453/1577c4c003401	2.848518690733924	2.5506875
450/85e01959058bb	3.4163044907077764	13.644
451/7922a6e91cb42	2.6752827275866076	3.2085625
452/d21bfb0440067	2.779135597921428	2.2479375
453/a7d8778f0c2fb	2.664035135021058	6.015625
450/c007f54401d20	3.0836449331644364	4.3978125
451/31083bbd2f5a8	1.67628429989709	8.7210625
452/db6c00c273754	2.6443472975000843	10.2416875
453/da4e7a057878e	2.3513441829568507	3.4626875
450/9a951c4ab8112	2.735322635279503	2.0065
451/6eedb981260b7	3.2087174974841384	10.422
452/1faac842bdd8e	2.897769732755205	5.8835625
453/698a99a8fc298	3.0189876470298183	1.4890625
450/6b01f909f029e	3.0628656794387474	13.826625
451/337b8ad844dd5	3.5394654646043113	11.008
452/681af0c70e117	2.7229137751952224	3.123875
453/239c9819a1d36	1.9207918262469348	1.7781875
450/191254243ca67	2.458425284130246	4.42175
451/3563c12d9f357	3.317776401568355	5.69125
452/363c4744d7768	2.5459172606645084	1.9123125
453/be40ac03de346	3.359990402995272	4.699
450/daed8d12c21a2	3.194590222835796	1.4999375
451/e78d574e4c39d	3.3670406556988044	4.259875
452/460f6a9527851	3.382982110000515	9.92475
453/812f786027169	2.965686290318531	8.323625
450/5a43e1298037b	2.4660803670380234	1.3294375
451/d851384fe7ec9	3.0211303115042867	1.441375
452/2d701a3d1a025	2.8247293584019144	2.166125
453/e279bbdf022e7	2.3965986825883805	6.5669375
450/1a9714b4639ba	2.911726828455906	4.6598125
451/c93c5d72d11b5	2.7856353800923705	2.684375
452/dc5084fe80139	1.979554319156595	3.1845
453/5be16775e809b	3.2352825840119075	9.34625
450/c11d33ee28627	2.2979442354873094	2.429875
451/4bb0a41bd4900	2.1967963708627156	4.963
452/47b9aa427e22d	2.8282856953008926	4.2304375
453/0091205c12e66	2.6313396609507995	4.3279375
450/1a7f962b4bf38	2.912355975140932	4.6438125
451/5351e9a46c3a4	3.3858193906957004	12.1039375
452/c7edf5cfb2778	2.584979943261456	3.4569375
453/20d29653817f8	1.107966825400051	6.6274375
450/836f1a79a321f	2.692353435195229	10.2565
451/740342844237a	3.5297932505391194	5.455375
452/5ddb571489598	2.3436946375873142	4.4955625
453/2bc0d2cbd841e	2.0910950541266407	3.1054375
450/67a6bcb26f9c8	2.372561531911664	2.1470625
451/95e698d59a264	2.949332220580648	5.60525
452/8e9ab5b4a9dd8	2.058723004936197	2.0903125
453/78bac37cd44c8	2.570911195179905	1.8125625
450/8d66c048d0d1a	2.70643739607653	2.7285625
451/d146a08ab6295	2.956657836734377	0.9805625
452/7c3949e55fb30	3.2786819479034572	4.6143125
453/4b285bb58f09b	3.4818710123948073	8.716
450/ee7679f83b857	3.273974468365062	5.38825
451/b5a1f70098d92	2.0999372720712617	3.46325
452/9e0519ad61a6d	1.896460897243171	3.991375
453/7617af6aa8aff	3.180375478018369	12.174
450/84760362e553b	1.134158613095433	4.49325
451/211178bf6bbd9	2.945417396738339	2.126
452/ad6493ecac2ad	3.288838103452799	7.763125
453/c3d3797cdcf7b	2.7652492547081495	2.8856875
450/5afaecdc68e08	3.36835973769063	3.8393125
451/ca6d8e8a93b2b	2.9683860038267937	2.44125
452/2cd2951ea39b9	3.126940632689423	4.7
453/607d8413e8f1c	2.619959515926231	2.7935625
450/f049a4b9b1a99	2.8832670848497397	2.891375
451/b10753806caae	2.9919038902226553	3.382875
452/8a0f28f75f0ab	2.2738719096413615	2.6565625
453/3316569948ecf	2.598561250371129	3.049
450/5ed010d0b8b1b	3.188301810975099	6.267
451/85ec7b8d75156	1.823151895680459	1.490125
452/2ea2f1ab5c932	2.704077956965379	7.1573125
453/93ab16c9d9d0c	2.9068229376478825	12.771125
450/47bfa205556d0	3.193362034165118	3.1030625
451/1f2556bde9d81	2.6862695297378263	5.55525
452/09a565ca1ca02	3.194756529749803	8.3881875
453/89c06a0bba1f6	2.8543916391123942	4.57925
450/63341cdd3bf15	3.246029933457018	7.085125
451/71d3d393987a4	2.8017992256185598	6.2225
452/5ceabe3ffbd78	2.859087773464555	5.06575
453/de7b9d954f9fa	3.045901700144583	4.265375
450/6f8abab86f632	3.2261571137401854	6.769125
451/d37348c391d59	2.8317933349826707	9.8046875
452/403def89cc504	3.287564702908826	2.9056875
453/4f78a63399235	3.314358408889882	5.934375
450/83ff9de0a6561	2.602521176742041	3.279375
451/08ca98556a490	2.9741003087816993	2.52275
452/f71dbd360372b	3.1249825857463853	8.4318125
453/a842b8e1b7271	2.6895280712354714	2.405375
450/0160f58ce61fb	3.1242720593243822	5.896375
451/b39f6ee3558fc	3.447132810584809	7.13875
452/384652c2b90b8	1.0954740092115698	1.3470625
453/f7b1d4a78905c	3.24382026941397	8.021375
450/7882f20b19c58	3.137403007328913	4.0945
451/40ac4c2eea65a	2.5008823983037947	4.139625
452/b19e8198b7ae3	3.138382971468957	8.3720625
453/dd1f632dcd323	1.9775465188399253	2.755625
450/3d2f07d03295b	2.9959234446226235	2.4968125
451/8b89e119b0f4f	3.0463018311069385	1.444
452/4a72e3cd99c3d	2.7557145483314938	6.201625
453/28ff7a4ba9034	1.9782164197605259	4.8816875
450/367fdf37093cd	2.8240600129554423	6.1041875
451/cc69e8e807598	2.715652530276883	5.07025
452/8c1fb96368476	3.4102747076810833	5.9959375
453/3cebd3f5649ea	2.7567845861661815	9.8886875
450/bd2b6c03469f0	2.7568808200917623	1.32225
451/8b1f665e25f43	3.3692905864340124	12.8283125
452/477b20ee122f9	2.6992134114927064	3.8461875
453/17c78ffad44a3	3.0617349423127855	5.4285625
450/2a09762dc7363	3.30817026666631	4.6175
451/e41af532a3555	3.0325377928723043	3.729625
452/2e40b4f1e7993	2.0920309190593422	5.153125
453/6732fbaffdfc2	2.764322520269163	3.938625
450/299a132b5f982	3.014845350402488	8.1486875
451/dd12f86922502	2.794065394904463	7.4895625
452/70d52808a748a	3.2611520764373014	10.370375
453/b69d852e35d92	1.091656055777329	3.1724375
450/6a2d763436e94	3.2978742809005928	5.5335625
451/271837faec120	3.294249047895947	9.2151875
452/9300d0b59169d	2.639750598889155	5.2984375
453/5a0e5031f4866	3.050763989154118	8.0128125
450/23d94c233c8dd	2.2569332161333304	12.5506875
451/b9619e0776b47	3.337139273622944	11.0386875
452/47406a421da5d	1.3073271967072353	0.803
453/7ae558ecd049c	2.6482893814268738	0.6240625
450/8a96cd3a9eaf5	3.405870352850717	6.6116875
451/5e632a4fdce41	2.4199663612619453	2.8620625
452/70d5afdd0bb0b	3.541946006785221	19.3565
453/6360468c8aa34	2.865016281096623	8.501375
450/df777d8255b76	1.1106074268897275	1.5868125
451/30a977f8ac830	2.029889552632593	1.8448125
452/3ebc3db4f51ff	3.1528654473300373	9.2935
453/815dad9838376	2.7583585590723643	2.078375
450/3bd5f87a7cab6	3.3584111296625996	8.128
451/82ee8ddc2dcd1	3.4581142476317464	7.9323125
452/45e44ab2082a0	2.87260107419106	3.66775
453/dbda6f08ffec8	2.5860253703197067	1.7796875
450/05f0d0276dd95	2.6805952691444475	4.152875
451/45e6c0da21946	3.2884853116172423	9.5120625
452/0ba38a83eed51	3.2849900480048078	2.082875
453/38d33a838b6a2	2.494316971883816	4.4079375
450/907fa79328a6c	2.928522317641214	6.814875
451/fe9554b5736e3	2.9124308667331804	3.1059375
452/8a552805840fc	2.275447170772407	1.0085
453/29c338771b5fb	3.0271260703019385	5.5074375
450/cf8324be08239	1.7207175134343282	1.5578125
451/5a5e82533cf8d	2.838438589172129	3.44175
452/390df25a307d4	2.9345965697048793	9.0855625
453/a8ef3512936f8	3.1632727420352964	2.91725
450/770f4298c4c62	3.1630259680873425	5.9668125
451/d8eb53a04554b	2.4704603224633064	3.118375
452/8d8b838dbbcc7	2.925368028761098	10.8254375
453/46f6fc9e58d80	3.298173185454426	7.6855625
450/a67d91582748b	3.1012787922976406	2.7261875
451/1a1befb6a4da6	3.398353009759885	7.404625
452/7dafeef95d746	3.359318455391538	9.9983125
453/b787118fc9aae	3.1544316475382947	4.5398125
450/1c5a893c32579	2.8945417509119005	6.0208125
451/30d86ddb9291f	1.1858084903552404	2.066875
452/6c40879ee0872	3.3414555529077026	12.7599375
453/8ae3f4ebef057	3.3711521559483586	6.01775
450/8504a6df1d510	3.1664441362508033	1.6813125
451/f40addffa5fa1	2.3398337493804853	1.2731875
452/30b1bb1f20bac	3.3901296644702934	13.578375
453/143ac95ce04fc	1.9979765634811828	4.450875
450/589f2dd114d7a	2.354162330905878	5.35375
451/1afc67b828c61	3.2920206718049374	9.2451875
452/168628bf04824	2.228837145656962	2.1705625
453/f9448d944a6ba	3.2536876538202586	1.2124375
450/5ca78964f6a13	2.396624311481551	2.7913125
451/d7bccbea1c91b	2.996183089596111	4.7405625
452/04009ffb5d451	2.6187512168734157	5.765875
453/82b47ae7e9617	2.0341285304758916	2.9795625
450/adf31eb7ae61b	2.925849166341719	2.0214375
451/edce5f7f8ad82	2.857445189075119	14.8901875
452/9b9d0ce3f5dd7	2.4696669320393805	7.7644375
453/829183d9e470c	3.3511802884847306	9.9505625
450/c5a87aa80971d	3.147970614766864	2.7729375
451/8cd0a223601f7	3.3290683560471486	9.43225
452/dc784a75fcc58	2.990765140923457	4.372625
453/d80c79e1db665	3.137944415068778	8.334875
450/172b36a7e7692	1.9141445910107426	3.9534375
451/2cae3dc55edaf	3.2247505188383525	10.2530625
452/f33e6ea20f17f	1.0981330538588516	3.4070625
453/48d3a943d3b57	2.1375874393623264	2.3836875
450/d58cc2d75e0e9	2.859191314533274	9.697
451/604a0eb7ed904	2.8690193068742516	8.3686875
452/3f0c50b25db39	3.1284817194647987	4.160625
453/dbb7bd91cb899	2.0467130083242444	4.52025
450/8c3cc4f55f93c	3.3225047271641657	7.778
451/6dec32c0448e2	3.4526827039598658	5.911625
452/5fc0f06888972	2.933537316407574	4.2011875
453/4fc56ae9a1c79	2.395856122849876	3.1093125
450/b5ed6945f0b49	1.2657078098202237	4.9278125
451/37a2fa58414e3	3.058245603902748	4.6581875
452/6dfaec4e2ab5f	2.86770546643336	6.0873125
453/47d046c1ab03c	2.205841900836294	1.9721875
450/66f9935b5889a	2.3203575149920397	0.7683125
451/75a111b2bb022	3.1050834221851784	5.6531875
452/eaff01891c1bc	2.284157430644253	1.1685
453/fe4c25995ecdd	2.967485544951516	6.711625
450/88415f5d51f70	2.725348586769071	3.8130625
451/990f34069253c	2.578336752618426	6.1169375
452/da53d49c44df9	2.7539813827529334	3.6844375
453/84f1c4301ad40	2.2044791475070324	13.503375
450/071c5896e9b79	3.1894173454269854	5.699375
451/bf0ac2d3735c1	2.391150780991273	5.782375
452/f523e687c0200	2.5023321829754552	5.78025
453/8875c802ced52	3.1239598548380356	1.555125
450/f725b1ddd0e3b	3.0206478353355712	3.7433125
451/d6b452fb8c495	3.230413904635267	4.1270625
452/90aaddd784220	2.6414272775015633	2.4850625
453/858db60fa86bb	2.944169613479201	5.189875
450/0a7f40e8b76cf	2.6180615354647965	4.345
451/318c127ee37e8	2.4958632518874513	2.6148125
452/c193a73d41203	1.8084390019245422	0.9556875
453/28f43ce0364e5	1.9230661196378005	0.7790625
450/bb2818bc5be99	2.2531492838202114	3.0759375
451/81751f09f5c91	2.618844509473814	2.98525
452/bc8d9aad59416	2.832066424455932	0.9128125
453/d3c2d6fafe78d	3.032744823465316	27.494375
450/9d58b600a812b	2.3907117445232138	7.8556875
451/a068a31575426	1.8085186401178643	10.2985625
452/1045ca431de0d	3.410334727168436	8.3298125
453/ba16bfe126158	1.8423362510094754	2.258625
450/cb925c0356c1a	2.1989257244483684	1.3458125
451/1cbe1cbbd9a8b	3.3310688160157467	10.2286875
452/8da6efe142a3e	2.009052045461147	2.6671875
453/ffad9b13dd623	3.415806586179879	16.7043125
450/c96204fbfe4a5	3.303026553417264	10.39825
451/1f672041579ce	1.4776849878086968	0.6401875
452/3aa862e14edf0	3.269678082868438	3.5678125
453/4311095c94e68	2.310059960353141	1.85125
450/6709fdfc25a81	3.108837001485094	1.8665625
451/2302d378e78c6	3.213166842868933	4.1485625
452/9d957ddfecd6a	3.409460808753646	4.2686875
453/eb098e93ccf36	2.395081415782712	1.307
450/06cfda6471ce7	3.2506276314029763	6.503875
451/29f41fb3cc4e1	2.9244454265650166	23.6718125
452/06eeecc0b172a	3.2389688623296364	1.5374375
453/5cf83df9d1d7b	3.3046299097480545	4.9915
450/f06788697e9ed	3.3361940500396026	16.5644375
451/c94166fda5a5d	2.207335011383176	1.91575
452/8ec25af802533	1.813782939471391	1.274375
453/31c6e3e216638	2.972148201647728	2.329
450/90ec33e6cb044	2.8502080929629536	8.5904375
451/607bb599eaeae	2.878474370261236	7.8138125
452/82f2056e239e2	1.3306300896760643	1.8514375
453/ed6b1ddea907e	3.356717063357456	4.6329375
450/0d8a4be65f2f4	3.322102452995257	10.7058125
451/679bc00f50df4	3.1044500719808066	6.3156875
452/80bc94ba05a86	3.106393638439372	6.947875
453/2d37f11494c3e	2.5638896987282065	4.6234375
450/0dbc40878a1c0	2.171788223361906	1.716375
451/deb65f000253b	3.0238203517531863	4.2824375
452/4bfac85cfbe09	2.6270185063055878	7.7491875
453/ad5dadcb99039	3.5429521378760476	12.05
450/1802f708e3e54	3.0452082353317182	4.133625
451/991b4b7311052	1.09876040975393	2.5258125
452/be51e397fec9a	2.4676336961370504	4.204375
453/dd22083b1b1ec	2.795276720062374	7.971125
450/3ffacc3b46916	1.5984338827144897	1.4894375
451/ecc7f47c8b2d0	3.0832783122090714	1.200875
452/731605d12277e	2.9630074740965684	5.162125
453/eb5c91a7cab71	2.902312210752204	11.571
450/9bfe822be643c	3.087262570336905	14.125875
451/4c2d17e224cdc	2.6800639891333495	6.72925
452/f57a295542ecd	2.6854978136680154	0.7443125
453/59edcb388b726	1.7773046837194795	0.9128125
450/720faf8109228	2.432752208031615	5.7479375
451/11bfae6ef0a59	2.785402541552839	1.538125
452/c90630388ee1b	3.058098482186393	6.65925
453/bfa778a6061a4	2.9356858208628323	0.9233125
450/69b5630e12e56	3.0168562196303794	5.974375
451/7a3af6cec8c64	3.1575445567059774	7.1588125
452/ec2529ac45400	1.9009101259153613	3.533
453/dec085e02aae2	3.1383346595416017	4.2263125
450/561d05e1c4b78	1.064363138759186	2.8608125
451/1d91eab725866	2.4987146432265965	4.1880625
452/c349ca52d68d8	1.0596284090669559	1.105375
453/0a81fc55f5283	3.1448104844383065	5.8553125
450/fd9e6f790d09d	3.3350120875352665	4.7544375
451/9fedae8f084bd	3.3606282472463227	4.5100625
452/0159e3f806f8d	3.0437700445582547	3.3839375
453/045eef45c950a	3.433541814827007	6.1845
450/2d4f36f71ec52	3.299887286220986	2.457875
451/43ffcdff8a6a7	2.0660514621847472	2.5430625
452/b67baf1814cca	3.3861987819620314	4.6150625
453/a399626a3792f	2.6858715447322408	3.4859375
450/40b6788235172	2.7426231977106523	4.7229375
451/f563a4cab9fa9	2.8372368525803324	1.7264375
452/7912947b4f602	2.3364876607181913	4.229625
453/eb1b3146fc0fa	3.0210791116981066	7.9481875
450/30153481ed706	3.188445354198265	5.6635625
451/67f13bec4876f	2.0494096280335823	3.57475
452/d57c0a8710d83	3.090848998819991	6.526875
453/8358f0da96a17	3.381300784919232	8.5223125
450/098f3c220e3ca	3.171518779519505	5.9883125
451/4185ddfd19415	2.8284508544784663	2.015375
452/b4c9c9602c518	2.8469418536006903	13.34125
453/e6f25cd4d9650	1.9899686289109089	3.3214375
450/fc97286ecb346	3.2972793868822285	13.507625
451/89a064518e33b	2.698816426651358	2.397125
452/bbcf9cf351718	2.8670244747737814	6.7016875
453/36117ab6ae6dc	1.9494006647253388	6.3843125
450/e9d25af22dff9	3.2987354576230175	6.6101875
451/1a0b60739ba71	3.317211336024734	15.0224375
452/2c08a7a32f573	3.2006880437460303	8.695125
453/82f7b433571b2	3.3538814836036677	4.3024375
450/7a048cef18d09	2.497155148300259	1.973625
451/0dac41df1ca8c	3.3286973618630773	6.702125
452/90ef79ce782aa	2.7319002641718986	8.6081875
453/75347ab5a2a97	2.607210416216973	1.7953125
450/47b58b8d95ba4	2.925638280993026	15.7493125
451/beac19e0d99c8	3.2553832727650676	5.8781875
452/e49dd10e026f1	2.9764109690617313	2.54475
453/34b3b277c808b	3.1745243831538117	5.364625
450/db1dd7ca86546	2.1551397564537673	4.4705
451/6788a6478c002	2.909763378638477	5.938
452/cb346dd6d0ee4	2.686699642796431	3.324375
453/9cd2d3675670c	2.823378320601324	3.6946875
450/108bba0e012e5	3.170819417438335	3.5193125
451/9162d82724e4d	2.3650567734176176	3.3581875
452/04e565669fe8f	3.158854361309579	2.4135625
453/1dacc22fd9511	2.416322186473439	7.818375
450/64a75605a0290	2.9496171221483896	3.29675
451/cac376989e241	2.6620497263861225	10.4675
452/8bd1d755530f0	2.7933824650414816	6.268125
453/4f5ed4e85dd06	3.2839135566316586	7.7381875
450/4be85c4a9956a	3.125832371284506	3.8565
451/47bf6124b7b13	2.9696896656465066	7.181625
452/6c4f823bed835	3.247845877304695	9.240375
453/1fed74cccd24b	3.23270869031719	3.591875
450/2d6dc16d5632b	2.150495665525194	4.3111875
451/19271d95c3985	2.831974944420073	3.807
452/fc089c50bc67e	2.6326307050380082	8.575125
453/104feb28a1202	2.3523757915479173	2.3449375
450/455cc0bc37b18	2.3663474565108844	1.358875
451/b331bb8313479	3.1688822177336413	3.21075
452/d972e7dbd5240	3.3682398696905027	6.5765
453/67751c8e52af5	3.3863744634784845	12.3360625
450/239568d0dd02c	2.9614377086733525	2.382375
451/2f24a514b1315	2.63892544093141	4.3291875
452/d2805f81a0632	2.380685642009405	11.049
453/dd4ac6da392d7	3.1092022007239244	3.4976875
450/e5aa3c5d13ec6	1.6972242993985058	0.8166875
451/0bbbd71529e88	2.8482782176860093	3.7250625
452/d1727d1d4a7d1	1.675207317002133	2.5003125
453/f478031631b36	2.7961807825190643	7.771875
450/8e63f8cc49994	2.5679877432969147	1.4755
451/d2ed7fc74a08e	2.947001138351696	1.761
452/5034f662311f0	1.2826869738117994	1.2495
453/6b18f07fa5390	2.5398848335709827	2.0798125
450/fa9a577a5c4e8	1.8844789116880842	1.4175
451/721f83e336978	2.1164953010381473	2.000125
452/88977197977ee	3.4115518172724104	14.28075
453/5587e12d3a130	2.9990399831833274	7.101875
450/e9ab489924fcd	3.228922006743963	6.0223125
451/3eb0ab2a156fe	2.689105997616294	1.833875
452/5799f5a6f204b	3.1890074440912235	4.2099375
453/7e50cb2f57a0a	3.3676818931312478	19.3831875
450/e5b4d802c3c8d	3.0915753873836365	4.8185625
451/5962845e99554	3.228874536279547	7.671125
452/3ac98d34e0464	3.1955061333485424	4.1325
453/a8d2e2b96a6a9	2.5761807182544914	2.580875
450/75e664f4b77b6	2.6280873521787123	6.9978125
451/5e2ed5978158d	2.7477413086311793	1.827875
452/ba0c7b811329b	3.029465968566682	9.2411875
453/c3a1936513cea	3.2203661864342417	7.2208125
450/e6291933854f5	2.91699453286306	8.3114375
451/64a975101c766	2.543438579667254	2.764375
452/5050751222486	2.2085215131549703	14.4480625
453/2be08b203ca32	1.217475908511133	1.270625
450/691b3c6ff559c	3.0692464789565794	4.6876875
451/310b5526fa041	1.3436868796231214	1.012125
452/a95736aee382e	2.8676657864802984	1.3449375
453/97bc71da874cd	1.1594568518996868	4.588125
450/74d070b7c149a	1.0676912438813315	1.7140625
451/2da7b97a32e71	3.0723929101179315	9.0800625
452/c980a0b8f16fb	3.230265762445357	4.908875
453/1691c980c77ff	2.5466888080655075	1.5865
450/3bd97479e2b67	3.190278771151088	3.4321875
451/7d0fc07ba6bc4	3.337716651280894	8.8425
452/a19941aaa14cd	3.1781454723632483	3.99675
453/fcc79e9891fb3	2.3440440531538487	5.5545
450/1b2069f7cb373	2.362637324945968	1.78825
451/e34609324002c	2.4196251259489814	2.4025
452/8945d2769882b	2.521831465541831	3.1273125
453/0b6cde5b6e8ab	3.2249167974991373	5.1905625
450/182625313b064	2.0941289549142406	2.7398125
451/6606e15476b90	2.4641792380428984	3.184875
452/f2a4f05d07632	3.3522760786941777	6.171375
453/7e29f7ae45e70	2.6174521008098104	3.087875
450/7cbe842c01223	3.204972806053784	11.2820625
451/3ead721b4e1f7	2.9981454497368465	7.974875
452/aa0709ee12a09	1.8556562736231326	2.3349375
453/95406ee8c0fa3	2.8320768223521227	4.0375625
450/4b05133686f03	1.0937149729584843	1.0861875
451/f5147cb36c9d6	2.7435531946711245	3.58125
452/5a02386d579f6	3.241225943750913	3.392125
453/64eb3887bece2	3.3242165567769586	6.4138125
450/e752a0235327f	3.0034821387534563	3.12675
451/bb762663840c9	3.1794087477629907	4.3668125
452/5441cbd5d0e6f	3.06681478825503	6.7691875
453/d1d015cee1d70	3.0207957842292594	8.5624375
450/33f89248201fe	2.761481985061957	0.9495625
451/e6e11d4db2256	2.8215799636444365	1.5861875
452/5bd340433ac32	3.049998234319648	4.1514375
453/877c4b2437a9f	3.3925580810287306	4.223375
450/b66fa093a5028	3.1659079400034407	13.0514375
451/96a40159e2acf	2.6801381230278	2.883125
452/49e49c1e048b6	2.4089514284254685	4.076125
453/81cb31f7784ae	3.192593806121457	7.376875
450/189a683bd6df6	3.0306921545827623	8.82975
451/257220ec37b37	2.496554624681544	1.105375
452/191a1ec0c082e	3.1517714394958567	8.5545
453/cbbabdf4748a9	3.2636985036986235	8.7875625
450/a605b7cea8ee0	3.3518852569909225	12.4990625
451/75bb51fd666ef	2.269511561158907	1.436875
452/90ef681b8caad	3.1672453726038365	7.7275
453/a659256972f66	2.879435043079571	5.725375
450/49e9305ebf65b	3.0344354239027864	1.3693125
451/b622e79ee046b	2.1834975465529283	1.3685625
452/6876fa22a1e8f	3.1556606105319616	1.587
453/554ae1009ad7b	3.002184079257454	3.4126875
450/1d51ec914f2f3	2.6428859011579147	5.32875
451/1ac1e741f76eb	3.0192381488132174	4.9444375
452/c4d664220734e	2.048781118495768	3.416875
453/743bc2fcbf845	2.6237410475932794	7.0568125
450/85121fb0f08e4	3.1330953027440094	8.127125
451/94ca1bb609470	2.5832394795812283	2.55725
452/88ed4bbeb7fe1	2.0807920597269143	6.825375
453/91d55df3486bb	3.193134704220083	7.2635
450/4529ea59af2cd	1.1013793298131866	2.65025
451/06601921de4cd	2.7205352430504526	10.9593125
452/e6d4f228b6d5a	2.9059398863773795	3.32775
453/3881ea1ddee99	3.0312584875905064	3.761625
450/e99e61bdb2f2c	3.3427204010227336	7.4138125
451/82b7262453a88	2.5154520254932646	9.3834375
452/332f1ef489c45	2.177222580340454	6.855
453/80a3104e1d00a	3.2539826206878386	11.818625
450/bb8348cdf73df	2.9172316453355087	9.368
451/7db19fbb8b9f4	3.1185247936689766	5.5325625
452/f75097bc05c7d	3.3520890147891635	3.6895625
453/2d90ebf47839c	2.0706351710544233	1.553625
450/5e104bf300130	2.3900595808569562	2.390125
451/84ae859a351fb	2.981294061237224	2.28975
452/645f441bd1148	3.126884637957583	6.559
453/4844c047bd069	3.3349811997571988	9.3085625
450/eb26fe6ff21f3	1.9689346071025349	1.4035625
451/adfa8dba8481a	3.0115493793935153	7.1139375
452/72033c5de4077	3.4671285899537145	9.185
453/39ba5b36c9586	3.1060481213232514	8.08575
450/1b621dd993f25	3.199589135331824	9.107375
451/e6a77f1d0fc44	2.451506334025034	18.6345
452/4c824f825ead8	3.207312772286974	3.899
453/927ac7ef8c22e	2.7471993488790662	3.0334375
450/c80e877dc9ea9	3.4173132074629367	3.35125
451/a8ef82195fd6d	2.6659929325102274	12.2069375
452/311f1c71eb264	3.50003701590229	3.4731875
453/fec27ee419bd8	3.017358317984106	6.461375
450/3fe7f51ecec85	3.0243952374109937	14.10875
451/5a8e469afdea5	2.996635469282775	5.151625
452/cc24d7165625c	2.2320565504037964	16.87475
453/8594d2bef56a0	3.203644369453094	3.7814375
450/51948a3d3c061	2.662421177143944	5.9785625
451/f6c42e46bd854	2.663495494420616	6.3549375
452/2ec41a4dff38f	1.879974805473617	2.7173125
453/8d6456c1c6818	2.408828869282373	0.91275
450/b06dd44413718	2.643676680886195	9.9655
451/6f4c28de30a8a	2.734133704356322	14.731875
452/24022dd9f2909	3.3708758212701797	6.8860625
453/b914648fc159c	3.012962422814244	6.7720625
450/c2ca687c67a79	2.7408047369845248	7.3775
451/e8c4a8e344b4b	2.714796218456949	21.0861875
452/8d8e58ea3acfa	3.0885251074379845	3.219125
453/e501906088c80	3.0963903725596325	2.76225
450/f50b92999558e	2.6814246700845965	0.8904375
451/d9cd90573fa58	2.850257193115945	4.104625
452/601075312764a	1.8734494577408898	1.2014375
453/b78c9f6446d88	3.1409569699147353	2.83525
450/4a3faa5530839	2.7908753563171596	7.439625
451/ee9fe15a49ea1	2.77043758029212	4.822625
452/e608cebf6601a	2.517510022603126	8.835375
453/a2ae1d02f1385	3.381149700087232	11.161625
450/5f39b55eebd41	2.9815003905979953	2.8125
451/321b6ff34f375	2.097560866003014	6.92775
452/1f176814f6dc7	3.3439541075324235	2.9315
453/b9784c61ff5fa	2.503692816152547	7.589625
450/c1abca0b273c8	2.9862762972078976	10.595
451/e268cb13b6c92	2.7099630932830037	3.556625
452/8b2627afda152	3.3752851593218627	19.7085
453/8c82c6d552bfa	3.17348843810496	5.6011875
450/3780e4c100dfd	2.980730296628179	4.1088125
451/943e9417e35a4	3.289750521430389	5.3844375
452/f31bfd66f53e3	1.5586910725810192	1.1534375
453/1e2dcb5f918ca	2.985945326416571	5.116125
450/7d8e718077317	2.2020370089276575	2.51025
451/556a2b84698dc	3.0407644768457183	2.533875
452/14bdf9774dd32	1.8588933303464599	1.2488125
453/fa37cd88f0a80	2.7238371278934315	2.90325
450/d89068329e49a	2.188550507217773	2.7298125
451/5ccc751fd0692	2.737929196408913	1.92425
452/48557f5802992	3.2139475803795787	2.8170625
453/1dd43078f28a3	3.415036251693866	4.675625
450/da3c32417a56a	2.6039554319953266	1.19925
451/679b44d5780a4	2.729818810810334	2.2655625
452/0ae0219628696	2.954020098323777	4.0084375
453/7c320d9410d96	1.7733972113784422	1.554
450/d1f995355874e	2.6445952863075592	5.2474375
451/17eadb5efdd99	2.9363115660603216	4.7288125
452/c43257410a0f5	3.11119327412448	4.65375
453/cd40f73e9c263	2.835944890241591	10.33675
450/a66ea2b0efb3b	3.3699927933368827	9.3965
451/58ee7e31f0d3e	2.8918759511126906	7.4423125
452/a3d8c8b5b70c0	3.3675586529394437	3.9759375
453/789a20e5fb793	3.4048170864475384	5.3788125
450/7295325a84cac	2.8189606616878664	2.4591875
451/459e4b73145cf	2.2733134144834475	1.201625
452/cefb6554b5449	1.1678003206883805	2.6095625
453/a6541c3dabb2f	2.59049987074841	7.97725
450/80da71d8d4d9a	1.558827005865613	2.59875
451/ed126adddbed3	2.8040189490609513	3.858375
452/c65702537ae83	3.2357961483311746	14.2105
453/29bc3ea3f6c13	2.6184468016508786	2.6109375
450/ea87a5e37e172	2.8797727516950955	16.9871875
451/00c2bcf5deba7	2.9954707446108437	4.2120625
452/0bd4b28b3c81e	3.4442663101157813	6.9016875
453/323a50a426b32	2.436755906829639	0.76825
450/0a9ac44594ba2	3.213582641024711	6.98875
451/2a47de39c909e	3.432831863837149	16.5603125
452/17d1dd577ca88	2.7140136855147756	3.9618125
453/3ee81e963ac4a	3.466157037561439	6.6340625
450/488154aedda57	3.258723703844799	6.5823125
451/5fdf926c79d6d	2.553331203020445	5.0519375
452/10c191e3ca0a2	2.4659774366640357	8.5375625
453/be474878c283f	3.4244712398069383	17.3705625
450/cbd1b6f8da899	3.2308860320172514	11.2505
451/2f6cdde16c26a	2.432469134610295	4.8894375
452/782c49307cc23	1.8805244936074093	3.811375
453/13d46034c079a	3.372152068318505	8.721
450/b9cb390b9470e	3.2731058552015915	4.0425
451/542d1cb88e34a	2.6527639497770137	5.0918125
452/7c49b29768c44	2.9645360002483745	5.927125
453/ffede90e61834	2.9866211944041163	2.1365
450/eb6fe0e62b731	2.7084435287811672	16.110625
451/721088db992e0	3.499604308748174	18.8949375
452/91a49e3632301	3.1562668130027056	5.912375
453/0d388a3942554	3.3476917029610678	6.404
450/44b6f6c4cf193	2.4544803711062015	1.32075
451/f850a8cb654a1	3.050605103642694	10.357625
452/7163bf668405f	2.7477054967574284	3.1315
453/47565f8658070	3.1337031939202373	4.243625
450/c5add747230bc	3.3964409137410514	10.74575
451/b28b0de36cb0c	3.1522169149159525	4.7720625
452/d67197f55075f	2.917869835808636	5.915125
453/a35f39d60970a	2.3461828373883273	1.29775
450/80c050ae4596e	2.5831858463814097	3.4403125
451/5454fb97c63ba	2.625685060183913	4.1391875
452/cc40f8c6c4963	2.8174726450147602	3.711875
453/1c36bb3b7e091	3.2789522538224003	8.6021875
450/e47acf4b9baff	2.7371733083394205	10.05425
451/845d23922bd6d	2.831530974816281	6.7566875
452/8dc44ade47ba3	3.082880138240788	2.402125
453/e825412c551b5	3.453501972436501	5.653625
450/e5a71f584f36d	3.148920458363108	3.6568125
451/0186a9dd42489	2.816154655699317	2.926625
452/09f80df245ab8	2.1898278570800516	2.250125
453/501ffcddda474	2.832309943370323	5.284125
450/a180b8c5b3e9d	3.3173288604861075	7.910875
451/6b317859d1d9a	2.8199105909585818	2.0454375
452/e50a90c149735	2.856214652632751	2.9804375
453/ead035d6010de	2.9271157316795176	5.0129375
450/21e31a8c05b9c	3.0131440754122303	10.441875
451/8cc37acbbd2fa	3.2349355762332164	9.0170625
452/8ecad0ef62718	3.3674376187450803	7.0868125
453/542a83e151d72	3.3935051463516004	4.0321875
450/08c71e57ed45b	2.723994157283659	4.738375
451/f064704f10b16	2.601339977872164	3.964875
452/c37a81052933f	2.395187794904037	1.337375
453/0d343f680674a	1.9411335608428306	5.1079375
450/c75e5edd238ef	2.4607653628205166	13.389375
451/04db9ee9bb189	1.1009216229984151	1.6609375
452/842c6fbe1a963	2.651587619035625	5.0454375
453/9761d52547fa9	2.0253671775202773	2.4874375
450/c25882aad3efe	3.0621355568171285	1.69625
451/8f77071561b41	2.918288150847869	5.076
452/4c0303f922182	3.0620893746843727	3.0675625
453/634c66ff9d929	3.386587597974009	6.001125
450/89fb3f4047ac0	3.019425121026952	5.89775
451/463cf3fe13d06	2.593623632994966	8.222125
452/ab22d22984051	2.5481610331010827	6.4531875
453/e6f0b3830e928	2.5532762839193928	9.8555625
450/3f3616473fe5a	2.0977156593497592	7.3549375
451/458b600a71e29	2.5642419269317815	2.04825
452/9163e3daf15fd	2.2303218800799627	0.8645625
453/6dedf570045d7	2.642325251090767	3.7526875
450/530e9309ff42b	1.104931983791849	1.39425
451/6ae887ff4f997	1.7446291696683496	1.82875
452/ce912c619e0ad	3.256984223787509	10.7425625
453/a32e04a9f5e9a	3.1256703701095785	6.163375
450/79534723b7219	3.1922926855820015	11.126
451/b88744f01157a	3.000541780416741	5.648625
452/1cdcbf947c6fe	3.019998516267947	2.170875
453/e3dcfdf0cd0b8	3.0718636352746365	6.41175
450/d9f2cf6b101a4	2.430364541554896	1.72975
451/0817bfa221df4	3.1217995752832386	7.6278125
452/ef081fcb906e4	3.1952693232538283	11.002125
453/a73b4a730f204	3.3235286472818584	11.1136875
450/d82bfc429f7b7	3.0467727957621027	2.284625
451/f6780bfe5a602	3.4020340904525823	7.0445625
452/802e8d58b2913	1.964618569680551	1.743125
453/e43bf3fc8244d	3.2661393562884853	12.2891875
450/13761f6d8ea43	3.121295249967706	17.887625
451/dd1ff79fc5a0d	2.021615945459192	5.21525
452/61b6199670381	2.950506886209424	9.635875
453/da3d65c58d0e1	2.3490597071788777	4.674375
450/ee47cdcfea8ae	2.4284885184536926	7.33125
451/b04f44d13d297	3.185815831416747	6.043
452/eb66677c24a14	2.884736774786839	4.639625
453/fedea5ab9f2c3	1.7356242563792836	1.6023125
450/b186bd4887dd6	2.9566731960208537	7.7939375
451/b84a40979dd36	3.2547310870628112	14.6140625
452/e83a06bb2a14a	3.18510312783551	12.7340625
453/a156afbba0d40	2.7663249271060666	2.4904375
450/82b78bc89c7f8	3.1067069563583445	4.404875
451/24098edeac2c1	3.1891697525097675	10.1020625
452/c5b20d37a5bc1	3.0381381116811346	9.189625
453/63a7dbf798140	2.947744674161002	4.3420625
450/c5b631f6eaf25	2.7195926373466817	1.7164375
451/2fc4fd36c09cc	3.3312131454412253	3.5034375
452/96b787fb38d70	2.1886659367424532	4.5029375
453/7e14d970fcd82	3.4697548852213167	21.9000625
450/0b364fe6fd8a1	3.2569612946194844	11.4079375
451/ede6fcf1ef42d	2.175780376873465	1.0608125
452/d03867e93fcad	2.638590416149119	3.882125
453/ef70c44b73ea6	1.9852426066710476	2.451875
450/e13abbcb8c219	3.1941127075252367	9.7569375
451/10c78d05ca74c	2.5582971980584843	3.0763125
452/7215f4dcc2ee2	2.7363706858747956	2.2816875
453/14926de885e82	2.9509490952709774	8.030375
450/90a3712504ced	2.855293677476421	4.8340625
451/88e1bb594c508	2.3488729496359273	3.03925
452/d26af04ef6bfa	2.8872057177320527	1.0569375
453/8184419f84559	2.055441786436852	6.4358125
450/98b8e2017f7f2	3.4862333106695167	8.9714375
451/299103e1f8c25	3.1096746468161944	4.7289375
452/7aba8755b3f2e	1.1480482449342166	1.04075
453/06cd7ac9c81cd	1.1445232345993566	4.671875
450/82742c08f6310	3.1082184296721382	5.49925
451/80f9bb898a2ab	3.2095116399237473	3.075125
452/eaf9640873139	2.760167467766772	3.977875
453/5720187f4389f	2.642190081334254	2.5921875
450/19aefd7db3f16	2.7958417583346127	6.9235625
451/dd4fa13727747	2.839259024072573	1.1215625
452/42c33828822dc	2.2970990498899444	5.12
453/b002916663063	3.4521807582998294	10.867375
450/2c0a7f8ef1665	1.1191666028951528	4.968375
451/3e75997b0f195	2.071536008593603	1.1803125
452/0f5d9e68054c0	3.170945879072975	4.547875
453/0d2a9aa43fcc4	2.646107086888441	1.73075
450/d425cc8304697	3.215274263629302	8.5785
451/dd4a7084aa26c	2.681148178358135	4.0215625
452/1745db6b411c7	2.8688085215922543	2.704875
453/2427ddf745db5	3.2853122444139773	2.888625
450/4f1e492c22037	3.0597837603607503	8.8995
451/e01c885ba7237	2.163834680313131	3.9999375
452/3bdf2de61ba28	3.1294782107569232	6.1725
453/1177271a97b2e	3.3668044367346313	9.8566875
450/7e8e35a23521a	2.842227146698325	4.634875
451/d2a69ab2d4baf	3.3884199244406394	4.440875
452/bbf38e20892d2	3.3096486394511877	5.20075
453/60489240bc73f	2.729738116788566	7.8665
450/a6a81c8d8093f	2.832479194797599	5.16325
451/106900430d021	3.357907787483637	11.2619375
452/b674eb3cf842d	2.9945088851585986	3.9695625
453/e46e1afe70639	3.3628232865865044	8.3663125
450/8d80487a97a9c	2.3935346633871006	3.0905625
451/5359b5d001f70	3.493527838154271	4.8146875
452/3ed0aa62ab8f0	2.9957973262352686	11.2661875
453/169f47579b08b	2.345957332377647	2.00575
450/439f740b5b646	3.2259687202683835	11.142375
451/c9a0cdb89c162	3.3989225231148414	3.09925
452/e45a00344f544	2.503387361497169	1.393875
453/356317ec02691	3.2734431508149955	4.381875
450/770c8b645de35	2.792874134484164	6.8073125
451/e0ced92ca1585	3.2193490231548316	3.575375
452/53390c4f8303d	2.8706940973489408	4.8316875
453/21cb81abf1a42	2.747656032774007	6.4796875
450/c6b3a234ddc28	2.830453333801192	4.989625
451/1cb22d0166f8b	3.0627426935391315	14.8335625
452/03363a078957e	3.340944137056919	4.8160625
453/26a9b68e8a474	3.119513674209774	6.7185
450/ab83a7ec38936	1.6614028494778035	3.303
451/be6c003ac6ac4	3.4256307631264247	6.311625
452/7fa1cf09ec6b2	2.7359943055727927	7.39525
453/4f2856d59a160	3.3647525583753874	4.728
450/eab9145e755af	3.33151350963888	7.1409375
451/3d00e50bc0b05	3.302958926138194	5.059
452/49d76e14c3205	2.507431071241607	5.65125
453/6ba800aae458e	2.701627101780388	2.1676875
450/22f64edc36469	1.9519513954462053	7.1528125
451/1eac0a437cee4	2.493200963320875	4.0910625
452/26e11870f53c6	3.358005328446915	2.630125
453/392def2020f40	2.699433071249849	5.7485625
450/f92771b828827	2.6536078016928926	5.664875
451/8def5f425f883	2.8687273867218717	7.525
452/07fa7fcdceeb9	3.069949165930735	1.169125
453/d74326f561809	2.7182553052303495	4.5375
450/e56689195ea77	2.0382107868652235	2.3086875
451/ecf6d435b5682	3.3084322910345705	18.47175
452/2ebc84f1f1f78	3.212159671940902	2.5805625
453/b010ee81e112e	2.9661215144381847	4.9651875
450/2a3ca299bc18c	1.9171188141395155	3.24125
451/2b1148c2d33f2	2.65902365040237	16.860375
452/41e1d356e12d2	3.0744354752750422	7.21275
453/504806547c452	2.3260896963238236	9.3396875
450/9e58ac404310d	3.318379389603825	6.556125
451/cef897a0e9f34	3.048855332106356	6.2265
452/6e4407e327f95	3.2538210586902463	4.1330625
453/2ba02cfc52d8c	2.341586780253512	10.5811875
450/351ae24d6bc36	3.432657784557917	9.7629375
451/7ebada11f830f	2.650461369504788	5.1984375
452/b3c7435f7e87f	3.0623438988957123	14.001375
453/7f1b228e29ae9	3.0186361035163225	10.374125
450/b2d0ce40fc60b	2.672688732715992	4.9219375
451/b5a0943990396	3.3786722765605863	8.506875
452/97e7fe761fc97	3.154917944884281	10.3451875
453/ac4a03c5518aa	3.182071923450554	11.1445625
450/16b145c111bbf	1.973026764029846	1.3773125
451/ec21ed69fb2ab	2.943211329881711	1.88225
452/4a5b943544571	2.9331399939675076	6.355625
453/61abfe2f601b4	2.8669982796613662	2.066
450/732b73ff616c0	1.9422322237832919	1.83475
451/a984d08cd5e71	2.9205911682266246	5.919125
452/937bf32c070ff	2.4972342695236063	9.3505625
453/3330dd7846d77	3.400675638164047	9.778875
450/125ec60e15700	2.421960488305049	1.39375
451/2f3ce07c667ff	3.2481612878057686	8.4863125
452/b9af7dfc2d68a	2.8714394615275083	4.9961875
453/a8bb3e1d477d2	2.525096786225977	4.6118125
450/333fea7941038	3.359566153684296	1.911375
451/b8537bcdb2185	2.372052996458332	3.327625
452/f52b85482611c	3.331889787351008	5.5104375
453/1219b0bd91736	2.629700984048301	20.897875
450/75776b9050b6f	2.3695934138099504	2.696125
451/13a6289e46784	2.7866252288464595	3.5139375
452/9924f3e4f3c41	3.071893779039786	1.923
453/0ae7192a6adca	3.190581021800421	4.7125
450/4a366d0f16dbf	3.3975649601365814	18.7171875
451/5c1a64b4e5ec9	3.4250731120807294	9.04425
452/e0e896ef74cb5	2.9358074392716342	7.7140625
453/3861dbd285074	3.01290209004489	2.59475
450/d7de32756d6da	3.0700030305385915	7.6641875
451/c4c9f2aba0cd8	2.783249712533073	8.93375
452/93912012a01ef	3.172192078627284	4.3771875
453/e07117a6ab26b	2.5315413860988927	2.5021875
450/b3e39d9c6ddaf	3.365586894010594	4.410875
451/32f6b3ce57fae	2.535037472210296	9.351875
452/3b106171000bc	2.095039490206355	1.912375
453/ef407912b6584	2.4476192981703786	0.9605625
450/d78d38b7525dc	3.0828469278098116	11.4578125
451/a017a7e342c45	3.076715031746537	9.087625
452/894d9bc37befb	1.1061005326079292	1.6544375
453/3f6a20ce9a7dd	2.3455690424326994	4.3589375
450/c1981c240fde9	2.9746256166038125	9.12575
451/2a0f2dfffb8d5	3.295355895821464	4.92175
452/d07bc74f9bdd5	1.266227071789034	4.5793125
453/33f1fe35b4cb7	2.8475520359522157	7.7821875
450/57c3dc3060c90	3.2769462823654796	5.4505
451/5e3161729a88c	2.5904597564814673	9.53375
452/d5e0fb8e7af92	1.9185285870851665	5.1914375
453/62ab2e4e22bc8	2.714447665061669	4.35175
450/96a7f87d63e17	2.1174100376676073	1.08875
451/40bd82990b607	3.2433879799612937	2.8369375
452/475702886c310	3.187334018901059	8.6425
453/4b5b673c6b4e0	1.113491450536186	2.307
450/078816481f4f0	2.4510366207442353	2.3153125
451/4cdd814e633d2	3.3745121947189367	4.28725
452/7582b78e37ad6	2.041879967845403	3.11625
453/0b131d6fa5dff	3.1965251051667236	5.662
450/37db458dc2ca2	2.6447015517068353	6.6160625
451/0e4651ced3207	3.0390471182607324	12.1328125
452/57484667dd574	2.7950270406823905	5.1625
453/d5f060ba69226	1.2236096393277938	5.1875
450/753a81f427b59	2.2629005122425374	4.0855
451/ab6532d6b672d	3.0200887563318988	3.508375
452/6cf5e9a43a808	2.2479383298960802	3.7961875
453/f3b1d68100102	2.4022511586629287	5.34975
450/4a341fd2a1525	2.5633192747194364	3.8276875
451/2124542743528	3.004305347998642	3.720875
452/61fab6af65458	3.277623449899698	5.6390625
453/5cf355454d220	2.800909908330619	2.12175
450/d3ffd13246c1f	2.1456869983914193	2.1641875
451/b1eb1efc12501	2.941046287434589	3.333125
452/2e3b8dbe85544	3.041453595285159	6.568
453/998202c6e23ce	3.1661335852244825	6.638125
450/36baa1d2fc2ba	3.2200197470399723	4.796125
451/904fd29f852af	3.4195300224339946	6.46525
452/9246fa05cea2d	2.556031418747274	4.1931875
453/2dcaf47041b36	2.5911865808237273	3.1596875
450/5391ffa2a62fa	3.1602180165079172	5.6590625
451/4478ec5d619dc	2.4112401267553016	4.20125
452/684db8e60fb15	2.9329527941138998	3.0433125
453/c023520aa4bfd	2.970655407388482	2.9675
450/6d42735eecfce	2.8936101946623554	2.6610625
451/18a35f8a5ae11	2.956538300800817	1.9225
452/ffc2b8a546c4e	3.2730013326997534	6.0174375
453/e2da274898bfb	3.2968864513865936	8.7139375
450/92314fc141139	2.744209430267433	8.1839375
451/6abb238e3c1af	2.2927905896891927	1.3455625
452/bbeffeb0d7fec	3.0670452665594454	3.634
453/1af3cfaa8b026	2.212794479018923	1.446625
450/ed9bc0f7a4231	3.257422780633953	9.2898125
451/08942ed9b918b	3.10057337547027	4.353875
452/453fdde73d5e5	2.756597682727812	6.3878125
453/bcd3d4f41d7e0	3.329997403904816	10.0165
450/1a032f5be415c	3.346823772373385	4.0146875
451/3a4c66fbad076	2.7211545584342582	11.5461875
452/9fe964cbced98	2.7743351711087034	11.619375
453/3e5aa4a7505d4	3.3594548085725022	18.323
450/d5c700cd35175	2.782536457632028	10.0211875
451/933566da809ea	3.3763832933590123	16.0701875
452/e1c4373fefcd3	3.2916010442918266	4.61225
453/3e89992d4d486	2.4520372193119364	2.2590625
450/ca28acb10569c	3.1490762512793227	12.51775
451/5cb550c8603c2	3.358472894866763	3.0455
452/eb6e8e8a74986	2.9782895228336868	2.2840625
453/31bab1108ee01	3.2783495679340433	17.01825
450/c8abf62a884dc	1.9090226452677725	1.5405625
451/b23f52ac2d30a	3.3337324330769533	6.0685625
452/8183f385090a7	3.056287412905031	7.21825
453/7eee481d3cdc5	2.6696197123751584	1.9815625
450/00b9bbb7f4a7b	1.7333171650880252	2.142375
451/2499a5e48434d	2.849814716369198	4.3938125
452/bdf6a92764f11	1.1905314025176492	2.611
453/c2fee02f5c5a8	3.2512186622150883	10.4024375
450/8a59e6f38dfb7	2.0112696354035124	1.8748125
451/eb7faa039c359	2.7612045114275015	2.0468125
452/4532a6312f685	3.189244012153734	4.1055
453/09820a3af4685	2.796570486084729	6.239875
450/d1302c1bb3fb9	3.269406551503908	11.2279375
451/13e9788807885	3.39602211109232	8.7594375
452/7a8a7c83dad67	2.6368779441973964	3.3750625
453/bec89cdaf48aa	2.6755640127788483	6.1005625
450/47dc4e7a9d369	3.00639341377595	1.5133125
451/d677dee7097dc	2.8988800783345727	6.53
452/1b8478eb3e398	2.2688392613530883	1.2008125
453/1c9944ad04374	3.054498393540627	7.9926875
450/2857432468ea4	2.76913428951915	1.442875
451/1ad50d1a7312b	3.2035993994538883	1.8160625
452/17d2404192dcf	3.254520435474585	9.312375
453/f8f7529db9daf	2.291876136820514	0.98525
450/0710ca1b98fba	2.8177777012187035	3.895375
451/74a2e6d3a3c0c	3.4925563293342754	11.21625
452/3591d29c12e2a	2.6628298985903585	6.3181875
453/5846dbdbceb28	2.730391102926413	6.6530625
450/088340e178064	2.9752609652261253	5.3979375
451/0ac65c66d499d	2.992226596567769	3.611125
452/c9954f3a3391e	3.3390909722665687	9.3351875
453/ccae2ec3778e0	2.509529489166181	9.050125
450/12d0388da2b60	3.026914471446004	9.7985
451/91ef07b0075c2	2.9828847202743662	3.4805625
452/9ab1cc7a59d27	2.223121756641077	3.556875
453/07181d7f23b89	3.196370921522801	5.6703125
450/293a4eb951fae	2.153399112883465	2.301375
451/f84c3371616fe	1.7562395026936324	5.7506875
452/b5920d9357ffd	3.1937589181780663	3.125625
453/6bfdb8e9538d8	3.2599587684862277	4.6501875
450/b9b6377b61a38	2.0425183380490837	4.0815625
451/fc81379832420	2.6087401315303778	3.364125
452/319153defff74	2.4852516348543365	8.3749375
453/d9ef181ac9c48	3.3500712982825687	8.918375
450/0c3744dbd8f53	1.0951299595001933	1.5376875
451/15fea29681be9	3.006857570030895	6.1189375
452/8854c85464651	2.8729470483941717	4.8123125
453/78d18822ee38f	2.9526243454657624	10.2675
450/f2695143e659e	2.754012756108264	1.24975
451/fd7eafb794150	2.7849619451642895	6.6120625
452/b99c7145fb69b	3.2817626202373966	10.257625
453/97583b7e75817	2.117380102435143	4.0136875
450/700b985213159	3.4054720551213578	21.955375
451/e3cfb57e33919	2.2119069292665086	1.20125
452/412d131283091	2.4477441809614096	2.5769375
453/4435b0f6875ca	2.6301664904433424	5.7994375
450/423f27ef93038	2.537466625838651	4.4528125
451/b63b0817d3777	2.594444730535608	6.0288125
452/a2b70cfba496e	2.0468288265312156	4.20575
453/a9ea9fe40b22a	2.335983132651955	2.822125
450/cc0c3089a9d9a	3.058217198121394	10.286375
451/c97f7a5d5032c	1.8620482967300795	1.53125
452/0ffceccd5c721	3.4919380878738164	8.290125
453/9f861c016bf7c	2.8009089862299628	2.2605
450/edd714404fb6d	2.3857263610730777	4.2171875
451/561821095fdb8	3.2658423891748525	13.410625
452/d514e8a1cf0e0	2.0118826125006692	0.7201875
453/ca1aa54af96f4	2.3249126174637498	0.8163125
450/72580e79a0cc3	2.336649589933174	2.1066875
451/49ba530fbb567	3.369535291426551	11.912375
452/c8e1897dbfe62	3.2418866252182497	5.5088125
453/c8978d84d398a	3.039480751590875	2.292125
450/309dc331af88c	2.8876443515214176	7.7849375
451/c5800d8e8cbf8	3.001228774085311	9.9405
452/e496ee9b9c737	1.100064387297895	2.6558125
453/d6b07f825df38	1.1158746397326442	3.2204375
450/5327ac41e2081	2.6823697356513634	9.5775625
451/724852aa140cb	2.1585486041853073	1.3705625
452/00aafca6aa201	3.3235785268853197	3.26825
453/c7a8c6702b301	3.167120157094915	9.6081875
450/30ef9ba3ad290	3.4186846661332817	6.60775
451/19afd26f9e27b	3.1733778999119844	15.23275
452/d9b61c409406b	2.3937445578545167	0.8646875
453/7aa637123adf6	2.6216477634597384	2.4435
450/02883d18c4348	2.5080448818414904	6.5571875
451/8c8ce8582e43c	1.3971373978231734	2.3013125
452/a9c39a4e9a66a	2.849074319770075	5.34375
453/7327e4fc1fbd4	3.2649354689307617	9.324875
450/f961d73ea1a55	2.61320597295641	4.6573125
451/3996526f70b56	3.32926961821421	6.3349375
452/65cd685663b23	3.132277388796103	2.9619375
453/6ba60e32c9a3b	2.956289033489744	7.7684375
450/499c241a5496a	2.9347898368050545	1.10075
451/2795e6a61a9c8	1.871182575918703	3.126625
452/2a0385df2546f	3.24977859900246	3.6060625
453/eb5e5019cc8fd	2.5864418333280255	2.347875
450/5ed001ed86a0b	2.207360802728267	0.9541875
451/dadb8ff0a56f0	3.3062822399824787	6.9495625
452/f2868630a8d60	1.8668159701515796	5.2379375
453/820ef8158e109	2.4885181019789475	2.356125
450/15e9ebed4d626	1.2501487454507392	4.601
451/6c1cd8fb6ed1a	3.5146269868882007	8.152125
452/889494bfc5d56	3.370186791814997	5.5179375
453/9589c63bfaddb	2.6948548114528506	5.246875
450/61124e05b3dea	3.0289007488291517	5.688125
451/c5de5a4844980	1.1190867356686338	4.8273125
452/c5b0ca7a7f69d	3.299835654772611	4.4258125
453/7d8d2b6c53e97	2.871652007401837	1.10625
450/a11dcd9fefe60	2.797600980425969	7.314625
451/d737a0a5fb2c7	2.6621527053342384	7.831125
452/2071efc4947d5	2.3798314477239555	3.98325
453/6cd31b1e122a3	3.451444669963705	9.3023125
450/8c94209293b6e	3.012601420972281	2.0425625
451/6063a994dfe5f	2.453822593957873	2.1623125
452/ae7366ce161a6	2.951725157366812	9.9908125
453/189d4eb4299fe	3.241760652621033	1.7281875
450/24bd26477d2ba	2.01491705795074	2.1333125
451/c2639f0208dbc	3.4435753134670892	8.7164375
452/b8d87af9c7e70	3.226337965157805	4.511875
453/d889bb518fe92	3.325682801140577	8.61225
450/e61f862afb593	1.186634857570466	1.072375
451/0a38fca345472	2.911388153656351	2.999375
452/0686c8c8dc6a6	3.2130538362833048	6.6943125
453/c8a77ca07e00f	3.0702959790927626	2.9316875
450/02df0fd25c141	2.4135953402294286	5.543125
451/4118ce9b661a8	2.68719029423685	2.417875
452/4eae9ce277657	3.290316436437283	1.9229375
453/984c4cd197125	3.3114793040757546	7.5445
450/0ad81b8eb585e	3.493593982123414	14.7738125
451/bd092e98b21a5	3.3739148950705578	2.1396875
452/14901ec6ee9b8	2.5597328012871112	1.7310625
453/45d73bd660210	2.5336700871747992	6.0653125
450/394ea7394f39b	1.9173526582988476	3.586375
451/193f97c9a7aad	2.680978584006289	1.7946875
452/f4da5032b0951	2.8456646638253646	4.394
453/8668055255b17	3.241779193816449	9.1951875
450/a4d2b96b40e52	2.6938511912337475	4.20075
451/282e0ee86483b	3.370901875011196	5.5378125
452/b6de273696096	2.453579883602889	6.568375
453/b009ae1fe377e	3.2636337502416626	12.406125
450/cfee9c94dfd3b	3.185093729822181	5.4741875
451/8deeef1a9240a	2.437847364790968	2.067875
452/0c644a0a47ac9	2.530452024800642	2.8368125
453/699e1059a8b5a	2.9908887817911074	12.05025
450/f094f2944ad62	1.8602512713165562	0.91275
451/42e6137061b85	2.2874921572907967	17.1746875
452/240173c98676b	1.924389921413397	2.841625
453/d13255f0a74c7	1.8211388380022966	0.9614375
450/cd67255698cbc	2.0538560458729083	1.441125
451/1ac8174af16e4	3.0787725166876334	4.469375
452/e5dd1078731c0	3.302345393080517	14.8590625
453/745ccb923675c	2.854534641858635	2.7639375
450/f6814b38a1840	1.8203712163304204	1.05725
451/3cd554e3886d3	2.694624451774759	2.9310625
452/b8223ced6ad17	3.2367036256537047	3.157
453/bdc4eda9c35b7	1.6109548515406626	5.228875
450/29db93f64e7e1	3.0128421444898033	7.0634375
451/17bb226c270b0	2.8202639535974288	1.9723125
452/e58d81e9b93b7	2.6423985221478503	7.7830625
453/284e027a2ed5a	2.7911761987473547	4.3739375
450/08eab7cad59d4	2.8563621387805624	2.0665
451/f41f6a24e83fc	3.0903613724249746	9.5165
452/a6505853474e9	2.7947396004389904	3.0765625
453/4218a7617fcb8	2.6364292275981818	2.8299375
450/d28176f1b7573	2.553128738645317	4.051375
451/2412ea1f0ea83	3.0815867294920687	5.019625
452/32d042a035d86	1.652667099494406	0.93625
453/3ac24f71583df	3.1959967442900763	6.41225
450/c261296828e94	1.102009691954287	5.2604375
451/d22d51dba1b5c	2.7929427712524992	7.144875
452/8b47e31200d74	3.1581606283043806	5.139625
453/6c38c33823557	3.3052584059674763	1.9065
450/eef280d3ec3ef	2.9392880421084913	8.977625
451/ac28204b20f76	2.4569511378906994	2.6713125
452/f86f6680b7cff	2.085062758556492	3.0595625
453/de2b655038f27	3.3519380637326153	12.106375
450/8b6779be6f67a	3.468044395621198	11.914
451/01a9160bf92bd	3.474590548510539	15.97875
452/53730c2ed918e	1.450984381952686	6.6333125
453/e5257144085ca	2.585029205337199	1.8010625
450/f8235c342f8ae	1.1260626396450215	2.801375
451/ec4ee182b34b7	2.179477230904493	3.7490625
452/ca5255ae5f9c1	2.4239886512474933	4.088
453/b8de477cbe23b	3.3640271068595857	19.860875
450/40129ee6e77dd	2.8633436261777327	8.7189375
451/319a4ef00dec6	2.785787741583757	13.811375
452/3dd86ee13eab2	2.789384081408709	3.493375
453/cf2af8fd58868	3.3706540821423365	9.1713125
450/00992c72d641c	2.9766178079653587	13.0631875
451/06c9539027eb6	3.2687919114655193	13.0663125
452/977261388cae0	3.2620025956759733	4.6380625
453/84241ab2cfe2d	3.243950506772265	5.72225
450/1e013b5b7b749	2.3685603246488003	1.2979375
451/715d4c3780e6d	3.406022156314102	12.0325625
452/71a5ec96a63d3	3.1218148020025107	3.03075
453/8c64a4ef34e2d	2.4500833325208693	3.8646875
450/de44079a94215	2.610298787253968	5.81
451/d6d0e22b3d8ae	2.166959323438911	1.299625
452/547d06a9a0473	2.655493743966484	8.69175
453/fe4919cf7fa30	2.9855301397881053	3.45425
450/f4347a38c10ee	3.3486381989033003	7.9616875
451/3faa3633edc8b	2.331269422108384	5.174375
452/593adc08dfb34	2.9175280308727842	22.734375
453/c67c780783c91	2.4251670066230613	4.93825
450/5c2872dc0cbae	3.0095251006144683	4.486375
451/4c4b3c3d9dde5	3.2526174657111304	8.1319375
452/7451f68123697	3.0057684109742056	3.0071875
453/de2642f7fadc2	2.1746164670578727	2.7809375
450/30d577e8e5010	1.942893309343573	1.424375
451/cf0f9bf776c0b	2.46665378759333	4.0475625
452/71044339eef5f	2.5653504631241706	3.2554375
453/28557c2e2d761	3.3473805412561526	4.5724375
450/52968a1943c8b	1.4591581751254799	1.3083125
451/6f03cc568e9e8	3.3803290311188654	9.18925
452/f3f596576c7bf	2.823427299876267	2.1345
453/d4ded8d233cd6	1.9446045152335436	0.8645
450/8483cfcaff49c	3.3547721327066378	3.0869375
451/6a1491043e82a	3.4646951538990374	11.7780625
452/2ddef5bd3a2a4	2.5271574849032383	2.3341875
453/c3c89c45f02d2	3.315702338460198	8.1103125
450/d943a885659ea	3.3374057969613142	7.2076875
451/6ccdf01d8e3af	1.8474149818732812	3.7604375
452/9f95f5c392bdf	1.6299026574244144	4.1181875
453/c5e0a8e033369	3.1599508600596478	8.1553125
450/8a1ec11c04968	3.4377401630661173	4.056375
451/2c64eb8c60428	2.9345161753770403	1.1313125
452/e7c00ec4a6919	2.3779666635280683	4.3290625
453/670238efd6e7d	1.6138472005994031	1.8039375
450/71e28b29d26b6	3.1238069603650533	17.6021875
451/dd7ba81c108bf	2.4595878465440593	3.1698125
452/7016c92d8ddc9	2.24984420264636	1.249375
453/3059f16f36468	2.937251678647509	1.7253125
450/3062a195b25b3	2.6250921891311725	2.4246875
451/b38ab0bbd2353	3.05480012096931	4.3088125
452/cf25acdead650	1.9802104622873382	2.4530625
453/32616b2610d4f	3.1861750253783234	7.4738125
450/bd637a1a68c84	3.401482054603816	3.79075
451/f1f67da3dcf0f	2.54070582229589	2.3086875
452/10474b4b4a516	3.351805060016008	18.31475
453/3870056dfdc12	1.283503110173215	2.407625
450/94dc2dfcdca12	2.9755144693618583	6.8286875
451/d500b08034f60	2.2209815252392144	2.15175
452/215446225671b	2.9980499746640192	4.390625
453/7ecd4640810dd	3.291647300674567	11.0329375
450/86936c84276e5	3.066579011772059	5.3518125
451/f0ec1ce5a020c	3.0598384743332336	6.01725
452/b9dd824f85aa6	2.92933447145444	4.4598125
453/3c7e0023d864f	2.4279479262704187	8.2095625
450/e1f900c58b60a	3.218039460254213	6.2961875
451/e62f3e93fca70	2.977780295633597	3.204125
452/9ecf701021ccc	2.511757249198554	13.3886875
453/395507237d89c	3.435454287071728	4.010875
450/df050cd5514c1	2.622512715720039	2.2589375
451/93a9c68d3db6f	3.2552929758424014	6.3065
452/11cd181ed0df7	2.664932499309217	1.73
453/f81b5a56f36a6	3.2822799166014254	2.6404375
450/6011b46e70e33	2.564730886782378	2.979625
451/f9697ccf6a955	2.5779058249652644	5.5341875
452/27f97e95e9724	2.047429145898702	1.9035
453/5e29fe0f243f3	3.257289969603351	2.4990625
450/7bc1626c82b84	3.294141385914238	5.6033125
451/2c2c3a550f7d3	3.077349571683171	2.325375
452/310ac6a68a7f4	3.233157212277779	8.28325
453/68025dc2e8749	3.1661637071459454	7.3031875
450/8540a11b8c231	3.2832329120479815	2.523375
451/5b7f59c89cd5b	3.526573856835011	3.4106875
452/463702e0c3cdc	3.272994279519651	6.99575
453/41af7322695e7	3.2098046795045945	6.06525
450/6a155ab610d07	3.0506536937835644	1.7570625
451/5139e8e5ae194	1.6667172170918887	4.7256875
452/aba20e9d8cce1	3.232116391860728	7.537125
453/461223217457f	3.3232561603997395	4.181
450/5113272323521	3.375861558330115	3.8643125
451/62870cb77e9fd	3.111444358135689	6.7596875
452/ca50cc9c443d3	2.4455140051542275	1.442
453/85b53d20fd57f	2.9128026123717303	6.756875
450/6e0922f9fd34b	3.2879375772773245	2.40475
451/5a4b6b833c470	2.996344334279414	3.9456875
452/53854b7f41c3c	3.5188894479199457	17.219625
453/6762d517c3238	3.4710954863332275	3.0863125
450/1d6304fb0952e	2.564954931711645	1.42175
451/3922fbbe375e1	3.442905466981614	11.826125
452/3db06538ca98f	1.7796648281024945	2.3053125
453/8b952669adf9a	2.2713181498283177	4.460875
450/a0a8a44032e4e	3.497926693952601	12.995125
451/975fee6dd60bd	3.5048728576107595	8.482125
452/6f9ff35392184	1.6883155545645234	2.014625
453/6386b5886ba66	3.3539433605801574	10.5425625
450/939e1e6c78b5c	2.2095076428218516	9.1876875
451/e21ea855d9e7d	2.4551680931600472	25.2619375
452/8cbc7a671c8f3	2.4837867540237646	7.3051875
453/193aaf1421f8a	3.2090294275257487	5.3628125
450/4f27b4a1002f1	2.9766620035515188	7.5721875
451/5d5fa201f2179	2.6665937720090565	3.1761875
452/401518afa00d6	3.425956779466273	13.4448125
453/753c25029b61e	3.3575287942065537	10.6158125
450/707c26c676b07	3.1753416498684714	7.6743125
451/071b79ef139b0	3.0637585463732946	5.2786875
452/3d9b68b4b0124	2.9471002487724793	5.7669375
453/dab9aea21548e	3.3116581607361746	7.13525
450/7709e6e81da59	2.7259932662492994	7.889375
451/516bdbd99539c	3.4087487193059176	6.2233125
452/2b3a4ba034cb9	3.181032087115506	6.290375
453/4eedab995836f	3.260294073263387	3.743875
450/fb3c211aebb3f	2.8737389692360953	6.7299375
451/52dd573c22559	2.0951617208365505	1.03225
452/6402dc966e74c	2.253105266456979	1.97075
453/f12e55f2843be	3.4843825391117678	9.1675
450/d8d4f02139e74	3.112236128151939	5.7614375
451/b996020def8ef	2.290252759444806	10.66725
452/8aa3ddd76f413	2.9021346666699266	2.3039375
453/59a03dd37d746	1.944627473819337	1.766125
450/3db1e199deb76	2.182466225359193	7.1845625
451/f53dabd5eb2ca	2.6483304422939105	2.9365
452/3aed9589082d8	3.3958190704809796	20.539
453/7219347e0896d	3.310643247762164	9.4621875
450/db705e9300080	3.251573542975833	8.8490625
451/717ea4dd112e7	2.229883135614511	2.79175
452/d8c92d76831ba	2.750839422351766	14.837875
453/603d696cd0746	3.102839802506656	3.7796875
450/26f19ce3828e7	2.176600172211326	2.412875
451/6b4ede237c362	2.3862931235371105	12.8829375
452/e534865d97d01	3.2186201904279996	2.074875
453/1088428a291cd	2.0903391059855396	2.7034375
450/34c98f3dbdd08	2.4404251342954777	6.8164375
451/01378514cd59c	2.2698400513950494	5.73125
452/f146694fadaae	3.2408940733956637	3.3130625
453/e3ce2e7857fbe	2.0582554075810506	1.4311875
450/4b2fb14492220	3.463180363718282	7.5610625
451/4a84fa1ef44d0	3.262249326966507	3.438125
452/d57abdeaecbc7	1.0618408749213903	1.6416875
453/26615ccee6732	1.0742571657649278	1.773875
450/c906b0f9de663	2.78497414395834	4.6228125
451/e97edd671427e	2.874480875516669	6.91675
452/449948f09cd14	2.211375613070753	4.2488125
453/4b2bfd8acc01c	3.17930600980182	8.557375
450/6ce7dbb795014	2.9998331040381427	1.8355
451/f5c3e11409f1c	2.964573250727138	6.083
452/25ee004acdcad	1.8751916647541675	1.0578125
453/0f2ec1ca88d57	2.6888413864248046	2.130375
450/0cdae1dbf6e6c	2.8964328255093643	13.9544375
451/c759a4c85b087	2.8892671071699043	2.019
452/1ada08a808b7d	1.081960393914879	1.4184375
453/d359172570893	3.327259410156065	3.8646875
450/5387c5cda7e73	2.6336429243244477	11.6159375
451/ec33fe102f318	2.4019672652534854	2.837
452/3a34a42c2e386	2.7020264702889834	2.396875
453/198da2ab709de	3.1213642472427745	17.257625
450/5b882acb52009	3.475964728682057	4.3370625
451/8c6059a57d505	2.385521311531966	2.9103125
452/53dfa16824879	2.340810271409275	5.6170625
453/20eb681e057cd	2.761502627332734	4.209125
450/ac5f3fe967250	2.5372511762894243	1.346125
451/0bca625e37fa2	3.0406328927385697	2.654125
452/8fd6ad288c719	2.8581071452232085	5.4524375
453/aa6da97d7cbe2	2.5627784638094293	5.349125
450/33f1cf1625a82	2.3691589938801045	3.841875
451/a31dfd2f3de40	3.461291726066192	6.9355625
452/a2eef50af0e8d	2.6925153153775176	7.7126875
453/d721e19a3db3d	2.112675530364466	3.215625
450/6b16a7753be44	3.383023234617742	6.24675
451/29beb0358a7f8	3.2879120179170234	5.3765625
452/1734a5c5ce6f4	2.9699722578533123	2.3403125
453/60bce9038652f	3.330860442908739	5.21425
450/3be5d2861e976	2.831286163134505	4.05675
451/e65e6453e730e	3.3605792203513616	4.9771875
452/f3f835b98dc08	2.840064467376631	11.458
453/83755f5076b2c	3.1698269261620324	6.1
450/e9da594e033ce	2.7265229554816353	8.9256875
451/822faf99ddb79	2.5854270493442826	2.020125
452/446cf838ad290	1.1583453856839347	1.2980625
453/985a2af526549	3.334932586953429	15.39525
450/aa3162925ba5b	3.250254440450562	5.308
451/16d15ca0f95c8	1.2877702709864924	1.70475
452/96f1cd1fc46a9	3.57739910601831	23.303875
453/2b6a8b9b64828	3.0382564724855348	16.2353125
450/1d5d29811adc7	3.1443768016301887	1.588875
451/af72bb3837358	3.3152801118253636	9.216375
452/47332086c8d06	2.314586973163437	4.470625
453/2d4c9566b77f0	1.7974275909391015	2.422
450/2153691ae3c2e	2.6900943968798203	2.1750625
451/df7463631b152	2.569142396052359	2.6314375
452/e35f87fdcf5ec	3.2291981603722384	7.09825
453/e0fb4f3dee523	3.1777378179884894	15.084375
450/7aae16e6be41c	2.8039123032164412	3.2926875
451/6ad354d3b3d33	3.1958293968048324	12.0546875
452/76eb842eb7192	3.131870436069441	3.48525
453/915d0960c1d88	3.342848751749374	5.8424375
450/6010807eaeb37	3.0568849615927127	8.3410625
451/94e5df269e801	2.9992558833133383	5.2869375
452/906bafa112414	3.191812748255414	2.1495625
453/abdbfbc9cec30	2.4685267917111147	10.0536875
450/4f61302131d5f	3.1843748947912185	4.4944375
451/b50d5ce96bb51	3.3631338617339757	7.3535625
452/8552ee8ee911d	1.1520162042427118	1.7851875
453/355231bb9ba62	2.8600639144711613	8.7641875
450/f46faaea9ff60	2.037333860935832	2.031
451/35f765b818705	3.151190740631524	6.2590625
452/9985bead5ab29	2.9608413563762093	2.7200625
453/fafbe6a7ba1ef	3.4536279229370495	18.1205
450/75c2cd75330bb	2.8662579579465435	3.5366875
451/9a38a932ff519	2.860930938533699	8.0556875
452/0f6fdb9d59a86	2.0988754586013045	7.3538125
453/d34b6aec3dd6b	3.2422826329759267	1.3450625
450/78a6579d50b0d	2.534974599339185	1.24975
451/9e40195bee2ad	3.2428126141620717	7.9425625
452/c6a0af9f5ec22	1.082443667248186	4.7545625
453/8e176397d77fd	2.7749970106534914	3.27825
450/52f03bb68de04	3.2950976793250852	2.4395625
451/3d2b48523b223	3.388844717145077	2.3843125
452/fe787501e6b4a	2.996039451742018	3.3638125
453/c3a7d4d9c04f1	3.4007642935665605	6.3646875
450/a82793301b800	2.5137531625940586	2.3361875
451/fffb1d6b815a7	3.0081335911168856	4.33725
452/b0ca8d1c2c3a2	3.4157979660144453	4.6680625
453/e45115ad9b7f5	1.8355415552855174	1.154125
450/bb1faa5a1c4f2	2.6838184048196787	3.45075
451/e80e337541838	3.0956109192251255	7.0564375
452/3781b8247c3b9	3.4262196549277277	7.9775625
453/4dbde76b0f768	2.5717596483928165	2.511125
450/bc87da688e137	3.2509910740463366	20.8185
451/7f5e4093c99ef	2.432231327769006	1.902625
452/c9ebdf585c4bc	3.1138596329460912	3.9605625
453/0efd13b37ce4a	2.399695532745208	1.73675
450/f5b717f2eb59d	3.3118359854561694	5.972875
451/3dc3b471d480d	3.020831995053963	3.5819375
452/7ac8063df1b99	3.1190446570677213	4.8976875
453/0df51900d1393	2.637218707767479	3.3850625
450/d242fd91f155d	2.6193283199816206	2.68325
451/98ed6efb6ca53	2.618352377828395	1.8018125
452/9da677fc4f799	3.1038952686872823	7.860625
453/23996ab95cf46	3.380847923798627	13.7395
450/88f669fb16b73	2.717875266312338	1.4853125
451/bd86d7f3192b9	3.0399509119236736	2.7696875
452/3cab692fa7625	2.8981347435988973	7.99675
453/e046ec8cedd6c	2.4898736934910244	6.1895625
450/dc3cf16455fb0	2.449014753417365	9.06575
451/d4f35d7e98820	3.065837647834236	7.2661875
452/a08bc44407aa5	2.808524982763762	2.98125
453/286d2eb74284f	2.406998835572654	5.919375
450/c55ad748b597c	3.2716957828950903	10.326375
451/e8958f60927a0	3.3376378977553385	9.970875
452/5aa98a3216be4	3.2971076605595866	16.251625
453/5b0f3a9041ae7	3.3992092518450305	11.6486875
450/1a26af21dadb0	3.0782051590661195	2.6325
451/2aa296890ea7f	3.3413835794315054	3.6885
452/ffc989f09a7e2	3.0888498873092964	4.72875
453/4e279a23c4e6d	3.333891320182035	17.7571875
450/539a9cf8b557e	2.8398118810156574	3.1843125
451/c3391d0970c83	2.1302494187780483	6.4888125
452/c55012f659827	3.169740834494648	5.192375
453/c02d4a50b5474	3.0566128405076203	2.79075
450/d8f1ca2e4ebea	2.3738955197207345	5.2851875
451/83bd5fe49751b	3.1260844498905564	7.0133125
452/eec6a50b82b30	3.3108457318698927	7.9106875
453/baa9556b7e2ee	3.152228376713185	9.0209375
450/f4a9cadcbbe80	3.19081264347937	3.7610625
451/d90b6b0b4c0d3	3.2394906831045733	7.7723125
452/83433ab0e2686	3.4619729102387637	9.4779375
453/775d830195927	2.366756766629597	2.3265
450/0e75fe481f051	2.969627836425094	13.1706875
451/bfeab7d8e3116	3.294823411210829	6.7979375
452/37ae77aa6b368	2.1327732803693755	1.745875
453/7c1682b059252	3.302905756629062	4.394875
450/4fb5f7f92776d	2.7978226686516843	8.1946875
451/d1a03f2e237d6	2.5387366645801315	0.864875
452/6642f216600d3	2.8463620732991886	2.8751875
453/8fa7dac1245ac	3.415591165872624	16.885875
450/28e60e43182c2	2.846708742551329	1.573
451/3fa7dec11a4d8	3.3024291803923123	2.8625
452/420f9abf2bf41	2.2795287589953936	2.5010625
453/996e02a0c379b	1.9004719039500915	1.3810625
450/c4dfc8e522420	3.2837347483637735	5.65225
451/40dbe7d165f51	2.162783926455048	8.1926875
452/8ffb7a6bc06b5	3.11196401936916	4.2110625
453/d5a0a3bf680fa	3.411390562865611	17.4775
450/fd5225b7e4fb6	2.4647976709766932	3.1081875
451/eab34dc321457	0.963943387304351	2.3698125
452/e418caecf0026	2.420011220627676	1.8885625
453/c94bf51032b74	3.1661413948308414	11.16625
450/49fb891a1f0f4	2.402331852910958	6.804
451/fa1652f0c1d16	1.9469157921742624	2.2241875
452/4184c54698498	3.1523705705789147	5.5465
453/f364ff3f8ce12	2.7091872652549256	7.477875
450/4aa3191799f6d	3.2161545355143524	6.0053125
451/7d98e4746ce77	2.415829120189586	3.6816875
452/d05cf62d0fba9	2.835311392456336	5.6288125
453/248fbef5e0253	2.655625435019485	7.228875
450/6f914d9b82497	2.8492140442771747	2.4983125
451/f42d83cd0e201	2.31227372598404	1.87375
452/2038c648cf663	3.258953328157923	10.9285625
453/035abe4282fc0	2.145587058949541	4.7735625
450/37ff4981eb23f	2.6954702924127165	1.7451875
451/c7a35f4ae9b72	1.6871683818080743	1.7303125
452/750c77980ba17	2.1797434449426594	3.047875
453/ecc36167195a1	2.3868378936001737	3.9605625
450/ae0ed19ac92ba	2.827310239664866	9.6245
451/42c77501d5725	3.177225340967939	4.6705
452/01b6f9db72211	3.298800492520214	8.69225
453/5292c580d51eb	3.1648340431204223	6.2009375
450/8b2596e7943d6	2.9178197249098394	2.7726875
451/768924e713603	2.618415132956583	3.7366875
452/b1b8ee1a666c0	3.0010464200789633	1.729875
453/96630aa5a7c73	3.452293133664848	9.0870625
450/2cae45638ea51	3.317812543931595	10.726
451/fb9fe56005084	3.4669052272623584	8.98475
452/3e2cc9b8c295c	3.1054578903788808	3.355625
453/1f74e7b47b920	2.930056112373017	15.958
450/1e4c5119f6b59	2.816773874014512	5.46925
451/537c9ec380144	2.4025401835562397	1.839875
452/e751ed56701b4	3.431397441080131	3.09125
453/6c98cc420d235	2.662389694540953	3.990125
450/01eb48fecee73	2.887844695997254	5.6378125
451/ca8a5a0644a5e	2.7630012823826253	2.7034375
452/0e67120c49ca5	3.4828174769979614	9.3015625
453/2cebcbd7e6fea	1.4666260236186472	6.1546875
450/ca937b6f7585f	1.2479433556352264	1.680125
451/9a880605d6e2b	2.0369869194735757	6.209375
452/9bc458a640a99	2.30753867048892	1.7363125
453/a9379241e149d	3.4254944199818387	9.6519375
450/d7c386b6797ae	3.102998197338154	3.817875
451/440e6fd0f84af	2.9335298976870177	4.527375
452/c66c11473a35d	3.007208170513221	12.3615625
453/91c271683fa08	3.292211692795221	5.4368125
450/73b5f1ccff119	3.4281346009938316	5.6835
451/9f94ff6c5ddbe	3.0713184566577576	5.03
452/7b9f033c2cb95	3.4936309986489484	6.4705625
453/0e77f9e0bdac9	2.3676110894840283	8.7506875
450/5bfcae04d7ea0	3.3277622652689263	10.971625
451/d99a5a122c655	1.8196522240297188	1.079875
452/97aafc3094de0	1.1683461724112973	2.8095625
453/e15aa85df92b7	3.4691897851536746	14.366
450/5c14acdec18f3	2.9374794807636273	8.509625
451/465a94b2090bd	2.491560576334704	2.3549375
452/fff5f57d19689	3.2631495302325826	3.5855625
453/a07bc8f39da06	2.256961009011536	5.097625
450/ae40ce1a1b75e	2.6671387831372946	5.0180625
451/d7b605bf8faa6	2.685458497390416	1.7781875
452/241b8b3cc7ddd	2.886707760314028	6.589375
453/edc9be1914396	1.1804471031459554	1.0054375
450/6f49f88bbc962	3.5191917180941465	15.7335625
451/9d1f4070f5835	2.8087058898867863	3.4349375
452/390838506042b	1.9674056589809812	14.3188125
453/d0e34c69ca60d	2.521960045666943	13.2621875
450/391b2ce8eb5eb	2.6638560143205097	7.446
451/0a01ff67b71b2	3.452823654389316	10.98225
452/eb918c0428a94	2.567199733158093	3.411875
453/0a3981a6e6353	1.617803679576483	4.20975
450/89e2b5a121975	3.124644589230249	4.152875
451/489094824b051	3.3965806266848437	6.9305
452/44ed4ac5136b9	1.931359124206542	3.5005625
453/4b428bdf9cc5f	1.9331597563232767	2.5193125
450/c20e94e1883d9	2.188487113989247	1.3943125
451/d67f0f6c5d576	3.013618958577496	1.5865
452/81541e42923f7	3.188655478418366	11.7271875
453/5cbb81d562c1b	2.5958589129929925	3.8199375
450/0e377ed9dafc4	2.0694635216922683	2.2825625
451/c816561153a7e	2.7876289415234723	2.1383125
452/257a1ee1ebfe1	2.8456760612923686	2.540375
453/abc9f3341b849	3.3731217601547896	7.047875
450/34f0683bf3b14	2.7776559620071204	8.9925
451/3d6fa8892e306	1.9037912502095455	3.755125
452/bcc8bdbb4110d	2.3246857883394325	4.516625
453/c5e3c81f04436	2.5169100134278133	15.07875
450/e017a302bb181	2.9609220974538917	14.21975
451/80ca8d639c692	3.4209001607477094	6.6799375
452/bc21fd9c3c90b	1.2666440955286784	1.105
453/c51eaaba792d2	2.1308080063209482	1.7301875
450/b987f18cd2237	3.0227569003934107	2.7898125
451/3412790495f79	2.868596693053193	2.4294375
452/d29b0b181819f	3.49193536000996	3.122375
453/a82de10d6b144	2.9288561294648154	2.9245
450/c80783229d934	3.2861307313839294	6.2486875
451/39e5d21b3d73c	2.863040504245773	7.2498125
452/a86ecbdd2e649	3.262551247710059	4.8178125
453/7e1d1aa8156b1	2.350521965046039	11.4070625
450/0414b4f4cd373	2.8741375768030544	5.3455
451/87f004d62619d	2.293696344752728	2.109625
452/670b73aecb182	3.0676276483586173	5.0479375
453/b281b172de45f	2.921612776622216	3.73625
450/6029d6a56dd0c	2.3128529788185106	16.770375
451/6f11fd6d00df7	2.476933920949992	3.2016875
452/ffc894eda62ee	3.0588365970879785	5.5503125
453/05d717a12c58d	2.8600820553781516	13.30475
450/0d911911f7fb7	2.7536879887751966	8.468
451/2ce0053220598	2.9534381304557216	6.7549375
452/8c1ae1612c293	3.2988047386202246	4.170875
453/013ecf44bc76e	1.326846716515513	1.4491875
450/9a3e1a1787831	3.5205741681408957	20.3884375
451/5f1cd7e3015a6	2.216845553795548	5.5415625
452/2fbabe78b4251	2.9562637696006675	2.738
453/0866c2be4cedd	2.6315655083477627	2.392625
450/0b388c33e4b03	2.4318781916765695	4.5323125
451/e685e849bbed3	2.9961870133550343	2.9309375
452/79dfd368dc1a1	2.7650746732719846	2.1159375
453/6eaeca897cbfe	1.676720790672597	4.32025
450/bc7c9b9d42f47	3.456848671848296	13.3534375
451/43c2f67782106	3.414731489671668	12.3040625
452/4a81681a5fb17	3.324746478683665	8.95375
453/10b1cd88c8632	3.2040656653304733	5.84025
450/c5df774428bb7	2.6382480720260837	7.138875
451/93fe4c947392a	2.8198419716805376	7.58275
452/955b178a9e285	2.4730836302917587	10.145
453/502527f90f716	2.9368589432487786	5.2558125
450/cec88c5638811	3.1776689750591305	4.18925
451/0c18e8c864f53	3.3657007528785337	4.502875
452/61b5da674f96a	2.8657068896471207	1.435875
453/c481c4c48ac57	2.307857060694603	13.01775
450/e8e16553e9e93	2.5668938029016433	3.7016875
451/36c1a2bc3d8ed	3.3786972092263485	6.9215
452/a2b013cc38c91	2.9590428714839816	10.4656875
453/0ad0759aa8cbd	2.785301657362604	6.6545625
450/ef9f710ca4c91	2.466715465377256	4.234
451/547edbab85f86	2.8556720581194086	2.757625
452/0ce850f795d74	3.3658169808851235	4.6649375
453/bc298d4877523	3.1437565281097837	9.27025
450/f0c056996f956	3.4351066564682933	8.096875
451/d36a7132552b4	2.6223547583528384	7.7710625
452/925ead24f94ab	2.5817699592404812	5.352375
453/23d6c59a8eef0	2.709583014573129	5.33775
450/4317e37ff8c8d	3.2800479315622986	15.485375
451/9be85e141f9b8	3.2549337145427275	5.7223125
452/544eb199d992a	2.4615530072244423	4.07825
453/66b737d7cf320	1.0862449658901538	8.9055
450/5c2c2eeaf4a4e	2.4032722982531913	1.250375
451/adb646e5e7fe0	3.2134099423729494	3.5645625
452/d1f9ef6677f9f	2.5751574417147474	0.9128125
453/83e0a49340bed	2.736783076141704	3.3448125
450/424564681f1f3	2.7561220257631094	7.32575
451/b55f919647d33	2.3140345348584557	1.9016875
452/55bba48ea53e4	2.7485830596811	2.543625
453/76770986d1d17	3.031994654092434	4.727875
450/2ed0490744bd6	1.820611079231847	1.10525
451/09f248bd87471	3.2234225119187254	3.1719375
452/b7e1df4d3b23f	2.8355244992054924	3.799875
453/1c3d82d414ef5	2.42031710740008	9.5630625
450/a934cb3895907	3.2946632635219086	6.9435
451/e28ee6a838354	2.8497090747594203	10.868125
452/05a774648e62d	3.3187050284798847	5.696
453/6eb875d7b2d90	3.184735282214451	2.3523125
450/f65aa4a854c72	3.2330208590918867	5.2686875
451/ce087d79cda16	3.1241862760014785	4.933125
452/c5da34de5e89e	1.9665369038602778	3.22225
453/7f3a89371f07b	2.0942242871367647	3.462875
450/52fdc6ed27fd1	2.7935336856229087	2.7958125
451/ee5ba00f6bbf4	2.7686746935631597	4.6338125
452/2aa6fb1f46b65	2.94602940995999	5.040375
453/71c157225439c	2.97729106171154	3.166
450/7a75efcad62de	3.339368781741238	13.505625
451/6bd52107e0221	2.6255455506961902	2.4779375
452/0fb2c4c98951a	2.537784492378118	4.5164375
453/96a3e9337364f	3.0423943840870464	4.7249375
450/e889f945946e8	2.6877538581540503	13.5614375
451/ab4f1d9389569	3.3613387851746537	10.954
452/0c19cf9344004	2.3459301366759795	15.261125
453/0652d49fa153b	3.0158223189499	5.7438125
450/6ce6846a82a5c	2.8952213113558902	5.393625
451/cf815fe8471a4	2.0108794870798126	2.9
452/6187cab88c240	3.2405671458473395	3.2761875
453/9d2206a81e085	2.9213519356539366	6.395
450/8d2809cd455a3	2.7258915708048193	12.4183125
451/d73de79b16018	2.1035639829095145	1.3231875
452/cd72ca17667b7	2.6918467432519555	10.6821875
453/8d83a47a89e51	2.7286504863889918	6.9731875
450/eb12540f0afea	3.2292131206012926	2.8605
451/81c8d7f9b77ba	3.4183989817148515	6.2230625
452/83a5f32a669ef	2.7081613321744165	4.845375
453/78cb7f097272f	2.6176793718676694	3.1666875
450/cd2456a50dc9a	3.3138200232343706	3.54525
451/611665535fc3e	3.264173483320435	13.0160625
452/79168b064fd1d	3.2941709683626352	14.6735625
453/d280ae76beb91	3.6441749250673823	11.061875
450/410655bf47009	3.3157599417004384	6.2405625
451/5eabd16d7dbb2	1.831719003148617	2.0955
452/7eaa4cb2ba00e	3.267323586624847	10.775625
453/3406f0d6d3c36	2.918700272323312	6.267125
450/67b0a87a60fd2	1.8751796662490752	2.2326875
451/3641d851470bb	2.9977295509563833	2.653125
452/725ead7fd45e3	3.315836772300765	4.587625
453/0ff4f4b36cc31	2.9504375883324836	7.0746875
450/80ded5c886147	1.457406099785411	1.20125
451/fcce1404afe28	2.2605689526007366	5.445625
452/8eedf218d80f9	3.2170164074257	3.9415625
453/128a1c9e8184c	1.5758523508002007	3.6010625
450/8f5f9de86e767	2.611343237023186	3.6058125
451/491d89555ca3a	3.4835339819897926	16.785625
452/e4d5f21bbe5f3	3.2509767300874377	6.0025625
453/66a517a363013	3.3897532695454857	9.7245
450/fe1be0b8aad1c	2.4857429327685563	6.0215625
451/943d9d805da04	2.7398174996080336	2.214125
452/4436f7ddf2180	2.911645360268337	2.884375
453/1d4bdf4c4e2be	1.3141349909252815	1.5053125
450/f1eb5bcb05d63	2.9040659688270876	6.90325
451/fec00b27de476	2.019989978100795	1.7315625
452/65fd296ad3607	2.6409711401677187	2.61025
453/8ced52af316b8	2.1740024834311424	3.9729375
450/8de9290336e74	2.9221884883333185	11.9410625
451/820cd3e91ceb6	3.3693149082334104	4.972625
452/a767ffa00c57d	3.2657278905189897	1.912125
453/bdc390da40406	2.0995556349951334	2.44175
450/a07737bcc3e8e	2.771893460554848	1.3916875
451/66355a9f51de1	3.320209463221939	9.6091875
452/2765b392474c4	2.28280593257523	5.451375
453/3e55d6773ecef	2.254722014827441	9.1215625
450/aec1f847a7c37	1.9742705753514256	5.1529375
451/e2a0f3cc03147	3.1945113926874895	4.3511875
452/fcdc5f0baf87d	2.9591287698254436	2.6550625
453/b89b88bea0e38	1.9737248409837809	1.3526875
450/685063e0d4bcf	1.9709694726993447	2.07225
451/1f649debd1df0	2.750136235076675	4.39675
452/585702da8cf59	2.3351491033547003	5.983
453/773b17eecf5c2	3.1405752929283537	1.7781875
450/52dbd5cbb733e	2.591038220790422	2.272
451/41a8eeddbd1f5	2.8162965885022166	4.1314375
452/4a615b637f3f5	2.485234687212784	6.4473125
453/e39c40fa2183e	3.1890386293386297	3.966125
450/f6eb19cfa35d2	3.0274051506850332	8.1425625
451/25ca39ca0c5f5	3.026288241841963	1.9700625
452/48ec0b61757c9	3.0138216584215156	2.6088125
453/ae406cbc7fb0a	3.431297928026641	13.367875
450/1decfbe267c54	3.417681856531641	4.7570625
451/a17a64fe05c16	2.7258362666219607	4.4414375
452/ea38714e6dce8	3.4249688492931094	5.230125
453/960df870f54d5	2.6362246885596625	5.2586875
450/c7d7fdee61996	1.2888162072663776	4.3468125
451/0904729e76f38	2.9163045071978266	10.681375
452/b78ac8bc6099d	2.747995179932375	14.7756875
453/6cf21318591f6	3.2719707431941463	4.9216875
450/c7ee8fd7b3174	3.148247066122903	7.096875
451/1edc4a7a13e6b	3.2959382128894705	5.6555
452/7a362ecafc7d3	3.3774355763475294	4.3900625
453/183cae8af5514	3.0798648688837242	7.722875
450/6fc655191cb03	3.267894293036457	10.0488125
451/bba1c32ad7094	2.513182118629222	0.7683125
452/e892f3063e1a7	2.435311457738154	9.91025
453/d6331e79d9d69	2.646095198456113	10.1311875
450/8383cc8d51884	2.972402556794101	8.78825
451/6d8f0db99a891	2.664859850357172	2.855625
452/8f063479d656b	3.2927220262127808	7.9674375
453/e4998c443a188	3.2306654103897157	8.116
450/cec6314a55dfd	3.071765632221782	9.5425
451/8242d0f0520cc	3.113432102228838	7.0579375
452/f3ff70659768d	3.253750394589726	3.4896875
453/59289ea86b349	3.034114957544104	12.294375
450/4412ef7fa5223	3.265140567370765	4.9368125
451/1585c4eabb2e1	3.3352445943637297	9.98925
452/3da618a0871d2	3.2022748091823523	4.618625
453/75e5b3242714c	3.116873549102196	3.3496875
450/cadc19455aff4	1.6303161888513862	1.4568125
451/dffcdb21542d3	2.5473390433371796	2.029125
452/87fcae9b549e9	2.5872973892881217	2.5465
453/7b0c115f998ee	3.4953302864646503	23.103
450/eea38bb79a6e6	2.6487707852215867	4.5760625
451/0a253f81a7a84	1.1029845944847247	1.2259375
452/8acf01f374ca1	2.9227870514614245	14.8503125
453/77aa34dc8b52c	2.9681255058803253	4.346
450/7ac47b49a3852	3.100188588354029	6.53825
451/f110a6c4e5b16	3.261309277716554	6.425125
452/bdd65573cb73d	3.408283316063835	11.9545
453/9675cd66b9fc8	3.2058296016384866	7.027625
450/1644d71a24462	3.2012243941577005	7.7401875
451/79752eecd2620	2.746583644494273	6.5405625
452/5cb092ddb06fc	3.0428247883766555	3.4194375
453/168764a18be5c	1.4739190069149668	2.0775
450/1d40464bd7e2f	1.5342927865898484	4.13425
451/e4922face19c4	3.3578595738911026	9.7291875
452/97057c45ad6f8	1.9863893846355216	4.936875
453/e77b9c494e911	2.7859518469138824	4.105
450/8f80ed5ca0af7	2.5479144180234794	3.3605
451/5207dadffb7b2	3.008353626951195	2.195375
452/a1039820c77a4	3.362878379366618	6.238875
453/f6e8f17b8ea93	2.870940437414221	7.56075
450/60ae5f5d44037	3.3862103155183556	4.2516875
451/de46c81ac70ea	3.2384666949229337	8.298625
452/1d24da8fc6271	2.7811864331963307	8.468875
453/72341b17ab443	3.238715558636801	3.70375
450/353f104d3ac2f	3.403743547327601	8.913125
451/ffb5316c0b1c1	3.1085166798166086	6.402
452/eaf8df9159f9e	3.2594361919189865	8.3730625
453/cd220bb44a17a	3.415255510796527	8.6714375
450/2cb250b0c5fb7	3.0715137999949826	8.23775
451/1bc59e80c3a37	1.4259908261510061	4.3554375
452/8747673497a0b	2.2767276234629987	5.6628125
453/1a44d895a2dde	3.0559305277863262	6.0416875
450/7ccf31604d3ab	3.2302312180376034	10.404375
451/2708dcbf3ed67	3.179354712765037	10.7106875
452/0a0bf0af372a6	2.8883735895873954	1.05175
453/e3de75c41274f	1.9371106539745508	3.5125
450/981d170171c6d	2.086479227964027	5.636875
451/4c40090effe15	3.0694564626257437	10.433375
452/b7246a7b48eac	2.3458681291449883	2.5946875
453/0c29fc09d9524	3.020355349539063	4.947375
450/0b0cacaac12e3	3.501463789032388	6.8884375
451/6889eca1d204f	3.3413227799029466	15.7894375
452/5a577b0671bfb	3.3060533876688942	7.3923125
453/35ce0fa33b4b7	3.0099077122687175	9.3260625
450/2ad1fbe3ffbd1	1.8667671939993713	2.2840625
451/f288e597b3c06	3.166432593137668	8.5919375
452/5e538b8f1d38f	2.9218085168095844	13.32175
453/047071b67fc36	3.0616725337496282	13.969375
450/9406e8c4dbc65	2.547617052014028	15.1658125
451/e0f302557263e	3.402806633908479	7.77075
452/0706c7283b2fb	3.161913476477732	3.6786875
453/5908dbf2c2aa9	2.038107575963822	3.987125
450/d9e58316b59cf	3.165275546225364	5.247
451/b52269ed6b23a	2.8803070472767605	2.3228125
452/41c3935eb1ce8	1.7659493505170394	4.5954375
453/521d6720a591a	2.0647352817104245	1.297125
450/965cc3bb6f09a	3.3898873871053943	7.8670625
451/5c69d732a9608	1.1065478521181618	9.4354375
452/e9ad4c361e993	1.5666572776842838	2.62375
453/bdcccba91c157	2.777864574903986	7.257625
450/829a1240808f4	2.687447379355406	2.6014375
451/5f7fed5415868	2.9590685672314256	4.6818125
452/610f393e4b280	2.9094686999907156	7.36925
453/4d368dea3883d	1.629642840761461	1.7591875
450/262b7524cdee7	3.442877459026164	7.7176875
451/2aba70aa50e2e	3.515079650395684	11.3678125
452/a2478fb2089e6	2.8883711181959932	11.7256875
453/b99516caf7545	3.247483835275537	5.2009375
450/a536d7243b84f	1.870285501261695	1.863
451/da6a9abacbb87	3.1667165462486393	2.08875
452/6bdb737da1669	3.1892262677553913	6.1155625
453/231568693af76	3.1095785502501863	10.4090625
450/12bab73986daf	3.064453441906558	8.7455625
451/3b99885777427	2.8387772594410943	4.6371875
452/e4b9255a856ab	2.9890657874350612	5.045375
453/81b6b3a5865fd	3.371194760142187	4.10725
450/6e536b04899fb	3.078778403012744	13.78525
451/e89b56124acd7	2.474109192891228	1.9008125
452/6ebf5dcad1ddf	1.4167325167856677	0.9036875
453/0466cb9e3a041	1.1078274012914426	3.4605
450/3598442b204c4	2.0540549863010376	7.105625
451/768cd3155bb62	3.1993603068604064	4.452
452/6db719a5b11be	2.822031136391064	8.3540625
453/2cecb31b1534f	2.553284276701602	2.88225
450/afa8f66008c5e	2.6499567426311215	3.5146875
451/125ef0c12f9bc	1.886232344323749	2.446375
452/f89f1926f5d6f	2.745406907512134	5.7635
453/bd7e9e3771cb1	2.9694536689034594	8.715125
450/b78123e305849	3.4823068347851738	8.0520625
451/fad94a4cf5cf3	3.002606169883859	3.681625
452/0b747569c16e5	3.1686168962148464	5.898125
453/6f2f651b363dc	2.974449415385143	1.3951875
450/6befd35c4db2b	2.366505138235015	9.7683125
451/4b2edbfbeb1b2	2.450986475196298	2.1736875
452/ef8161086ede3	3.1301657921182353	8.7929375
453/eb901f6ae5cce	2.90367657860239	4.721
450/ea06f6d802863	3.2445564519214165	4.842875
451/c8074c5308350	2.489391968588974	4.66175
452/097e5632ad4f0	2.885472745245153	3.82725
453/4f08fc18f3ba7	2.9918919474828622	5.1811875
450/fac7c9f58e0b6	1.4133016980580597	4.861
451/735594b3aa87b	3.2176404033186885	4.1343125
452/608f7d047317a	2.330004871034279	2.4031875
453/ec66c0b302ef4	3.178556797558155	4.21725
450/3b5fb5dbad85d	2.5843100303632855	1.5958125
451/d53b1c6312c8b	2.2129429039087944	2.268375
452/83f4688b25796	3.1636593337344823	4.746
453/e033d50e296d7	2.7218843609479677	12.7300625
450/919e91065f9ab	2.6392717952074385	5.3399375
451/253b070b81163	2.212427483969724	1.5228125
452/3593d8eabf599	1.9505456728261439	3.584625
453/40bf39448ace1	1.4077605368900934	4.44175
450/dbae68afe5298	2.6187118950095774	5.1015
451/b4a6fe356c4fb	1.858830699775714	1.995
452/ea9c0ae3ad687	2.73970042446514	6.0525625
453/de0ad2a4f925a	2.4231275209984764	1.851125
450/e2142c84e1a3f	2.3549007742893124	5.791
451/befe3ea94693a	2.9407051590210194	4.06875
452/66dffa38d42d8	3.0076518640399255	4.265375
453/d521ec1d98467	3.202886763118261	12.456375
450/1a60876347dba	2.943042431320951	6.6285625
451/ca8de45faa571	3.4060124295673933	9.91875
452/5f2b49398b9f5	1.85911778735525	2.5158125
453/2b3bdec1ce9bf	2.7568713432376892	6.1373125
450/c4e13d47fe4dc	1.9977123561328551	10.564875
451/0ff4c767d249b	2.133276585017536	3.2713125
452/0fef7ededc8a3	1.0241947621658622	4.7610625
453/8d7dd418e507f	3.4284602914091806	1.84225
450/53e79189abeee	2.9523965968739465	3.9893125
451/d33212a6acaa6	3.5217753543059906	8.318
452/9bdbc4bf385b8	2.71762344321559	3.902
453/934218e4c5d75	3.1496579629371118	4.9503125
450/ee8191b4ac0ae	3.324922683327808	7.58125
451/8948dc0004bc8	2.348627917353142	3.83375
452/221d61f31be71	3.479670250812852	11.572625
453/007ab3cbc71a7	2.95837004190573	2.302375
450/62d438019e214	2.9679830155149602	7.2659375
451/0bda5d911b6c4	3.1614440738643035	2.5765
452/7095bda77ce36	2.337113379931453	2.1143125
453/bffd3940ef1a9	2.073096161899032	1.8748125
450/fba4ab8c9c7dc	3.225147236400908	10.4729375
451/04823bbe9c5c8	3.403636723437438	7.965125
452/4c8d17acecce4	2.9064090599484023	3.0296875
453/8e76ef297465b	3.1688895872936946	8.041
450/7652e5b74e264	3.2791661737314777	9.0829375
451/fef64db207487	2.053624138439167	5.704375
452/f9a098163f280	3.3710720041778166	9.0780625
453/2caf0b8b90afe	2.7912809241105947	3.3051875
450/81a36266a0ae5	2.1698139470790383	7.517
451/4c15eab15f531	2.6362859129447735	5.6105
452/27a4cdf302c29	2.9043712218523408	6.25925
453/4dd119e9fbc9a	3.024011174084716	3.7239375
450/38d3d963a5f76	2.8966132474097726	1.5218125
451/5ebe750e1457e	2.561481325936198	6.239
452/5bd327163bcb8	2.992907263373703	3.522
453/a2a6ba0b4e291	3.1322340368804715	5.36375
450/6dc4307ae11c3	2.826305923612187	4.5431875
451/02bb120990073	3.271219689412142	6.7221875
452/4d7c936b3b40a	3.231968250631457	9.29975
453/80c2b5527515e	3.248244718636919	20.1765625
450/ad32747471446	2.017644382106334	4.4025625
451/0fb8eba44268e	3.2858088270634984	4.5784375
452/7a65e52b6a283	3.1078913182311245	7.4896875
453/9c2253ec0c61f	2.930549724829694	3.3410625
450/5715fd857401e	2.583924167880866	6.0444375
451/71e153f0e1d53	3.3448394678541957	3.623375
452/06654eb959a49	1.680550308019649	1.766625
453/e803811da06f9	2.462555971075061	1.0575
450/6a10d3b21d962	3.4408817057811945	10.1566875
451/de5aa01c4d790	3.0450003119738263	13.0765625
452/b7ba3f35c1033	3.2949662244788134	9.5205625
453/f7621ae1439ff	3.3726384715171607	3.7453125
450/2fb959b656589	2.966421313870208	4.4599375
451/1fb7098af2ada	2.9518514467171904	5.333375
452/80c159de86fae	3.1185858288701187	4.9023125
453/cbb2789efd7a2	3.2070377301579187	12.0885625
450/44b6a4a4e54a5	3.0576076276279007	5.2601875
451/9f27ed5c8047a	2.442501952509537	3.8164375
452/0f51226d44070	2.9196787287492816	2.959875
453/701116eb54281	2.8856942743968164	5.183875
450/6dbd9c03ed7ac	2.442566640528029	2.9673125
451/e2d5dc5803afa	1.1748050140348079	2.0875625
452/92dc3fa74ee91	3.358289807445626	3.0436875
453/3c20fe06be1bf	3.2437322031575513	11.243625
450/76522ccc63179	1.5613140267967593	0.912875
451/c5222da841ad7	3.218610734111664	6.0229375
452/70d41f370e34e	2.804490253406255	6.1285625
453/82730b659064c	2.8205029073140477	8.4503125
450/882c52a3fb46a	2.2125930913486966	2.3631875
451/b842c3ca412a7	3.3094442939752695	6.362125
452/8b830d3711e27	2.6232289282808883	1.938125
453/45318485d9a0d	2.2096461895679753	3.633
450/2c4f0fc2393d0	2.7236428211530974	3.2629375
451/db4c294a66987	3.2327229030899716	10.4640625
452/897842ee80db8	3.3209457505289355	7.555125
453/4ac72f73a6a27	3.057768623954921	2.1025
450/87539516b254c	2.3824496575582623	6.529375
451/e1e2a18581609	2.9021561072493123	4.6651875
452/81b3a079f6f73	2.445345519947718	2.1313125
453/a4c494b2fda5b	3.239685865411505	10.7145
450/124cc8f113ee7	3.4471502853226	12.0049375
451/ba02158b5e5e6	2.937492741069152	4.78075
452/cc24e6c11fdd3	3.0160586079049314	4.8749375
453/96dee8d1a4b50	2.935848414556068	13.1929375
450/2e3e80336e374	2.262959612489481	9.6916875
451/3615f8ba19c34	2.375243964268471	2.76975
452/8622dfc31b55e	3.117941306581689	21.3471875
453/4a458fdb3bbfd	3.3164869142841504	23.0869375
450/c84f85b64ded2	2.7246186725458337	5.6999375
451/d747bdc19d55c	3.348993222140145	8.91025
452/c496a0e6b7e0b	3.0903991416609413	9.429625
453/a251cec874fe2	2.877473295167449	11.3565625
450/7cfe31cd14f9e	3.138481638893964	2.4023125
451/cd32a23f31d00	2.934324520535724	2.404
452/b80cebb808651	1.8013559477720844	4.8603125
453/2fc035f6ddf19	2.8740159303517725	3.8423125
450/48409d63ad0cb	3.1873522230559996	19.8803125
451/b77a35e39fbb0	2.8642175846601665	2.960125
452/6a92690921a02	2.474300903882059	10.60125
453/538147e6e8c76	2.1437943132593453	4.362625
450/08bbaaf7138c2	2.3044006044745116	3.7203125
451/fada59e3e01f8	3.4069266140005117	3.83875
452/74744fc8a8db7	3.462638420507453	29.465875
453/84ef54f367c11	2.2732327403381007	4.1045625
450/f918a51097cf5	1.104549994225968	0.768375
451/27e1b0a5888e7	2.6698505014964917	8.1404375
452/e7900b6011221	3.376794204819574	7.0043125
453/f1267b7bcd82b	3.225739262038489	3.1964375
450/a258a7ea3ea8c	2.6544391544946047	1.6343125
451/1d97bc79fcbf0	2.8438776951830897	4.205625
452/4f6beb2dffb67	1.416526753300632	2.628125
453/15794d189d7d3	3.295866968182227	5.672625
450/41ecbf6974473	3.3207613854346287	7.608
451/97805bc5261c3	3.292315940337467	6.6993125
452/31d42da39073c	3.0777094002410954	6.4750625
453/2c6829d206a99	3.3761249220634975	5.4864375
450/2e343e488d948	3.1470408590582517	8.820125
451/f5aeb8e5eafde	3.456455030236977	16.948375
452/0643e60edfb79	2.4820030245465374	1.9328125
453/91ca164054194	1.0901293667695706	1.1498125
450/bc647455758ee	2.3283388251107398	1.8825
451/74a63e64e5141	3.2120406652557874	2.6216875
452/1ccca52484358	2.9504672441601696	8.5555625
453/b5aa9df06b4b8	3.40261277709413	5.1123125
450/b06902074fc0c	2.9778885418617542	7.708625
451/48a5219f07d0e	2.5823717640560706	3.8216875
452/955a3ffa13f3c	3.2995825152807603	7.2825625
453/f78a24a9a5e21	2.434986631415614	1.634875
450/83cd72cfb0cb4	1.059127684837183	6.6171875
451/e5a72d0e0d990	2.8207732900380718	7.0169375
452/ff7edfe0d5eff	2.6513609263822477	6.81975
453/1c4c5122ce61f	2.989267037804819	7.1729375
450/12108138693ff	3.4637873931121432	4.7083125
451/f8c9417ec5c95	2.561970051473717	3.1255625
452/12268c67932f5	3.290852825463593	14.78775
453/c60d3b6a393c7	2.129950044045779	7.415375
450/b23c531d72ab9	1.1039253738271995	1.6195
451/da2d2d20f2891	2.219055798593449	1.9453125
452/fd8806b451d0a	2.300663779483378	2.1735
453/399d6465b456d	2.640124919655863	2.2124375
450/10f85cea762a6	2.417581380656719	5.6093125
451/50e561abfccb0	1.3027301444749464	0.816625
452/ba5f629a8fd34	1.3652520195441396	0.6240625
453/3bc25882a0e29	3.463060634169447	13.5265
450/bafde68018604	3.025101333760035	4.83775
451/b3c0896bbf5c6	2.5422540941677285	4.9018125
452/8d1ce7299840b	3.068357622368541	21.9350625
453/8faaaacc0c200	2.746540424541904	6.9731875
450/707211e738e1d	3.15534256166578	8.2066875
451/0f99cc69a68c5	3.2273196735207472	1.7319375
452/a5d02a26b9147	2.857684133295264	5.882625
453/5962faec97b40	2.5787197414255503	5.4614375
450/3c172f7a6d797	3.284834642416598	18.537125
451/911b0e1028114	3.0348248883166056	3.4481875
452/f0b08bdefaafa	3.113960103950116	8.44775
453/774649d5e1eec	2.224605507543979	2.4995625
450/d93b9d2694903	3.2580601604147756	10.7655
451/ff25176580799	2.497925282192438	4.344
452/3e5d27ff027dc	3.362706883494361	5.2693125
453/92c85a24b8a56	2.21835108577925	6.1188125
450/582a0b65f9230	3.0689482637391685	3.7656875
451/a0f38496e8866	1.9897316508061973	7.1194375
452/c840ae145f9f8	2.7676082461915783	13.0118125
453/1ccb28fc422b7	2.556887258481102	11.1289375
450/273138a5e9e91	2.1649666638142646	3.4285625
451/1c65d947c24c7	2.794140521349497	3.18475
452/f6764cf475e0d	1.9771591792431509	2.181
453/f6c87e4f005b8	2.9447671144742666	9.102375
450/ed054900f4b48	2.9938738975259773	2.839625
451/854f3dcb0a032	3.379497869551671	15.4201875
452/cbea56a3c7990	2.6637490351797877	6.6094375
453/14a4d8e5aca18	3.241040683135161	3.041
450/153596b3e4852	3.260431352907727	3.411125
451/88f924c1ed762	3.474726272388337	8.8498125
452/e758fafe4bbcf	3.220274935334138	4.127625
453/8d003a8fe8253	3.437083428871163	9.86575
450/0f86bbe1f7752	1.334577638842461	2.3549375
451/ff40f27e27479	3.324580566640058	12.973625
452/0f71efacf922e	2.4843979845148896	2.2859375
453/26fe2621a5c00	3.048940612892856	2.08475
450/2cbd49b51af4d	3.427101659328223	22.505125
451/b0fcd78be2234	2.9534255192235266	2.45475
452/093cb15459d5d	1.9387210241447381	5.8268125
453/440170b50d20b	3.1504749072143654	6.5039375
450/8b754c32f3510	3.3746486653867707	6.7154375
451/934ce084707f8	2.806387867640956	4.7754375
452/5bc426dfada5e	3.0379024822267735	5.31725
453/2fbc006636040	2.1587576000272457	7.5850625
450/d52aa1c850112	2.9778522648212027	7.23075
451/63ce0a4a745c1	1.9298635457230393	5.7469375
452/5dee3114b629a	2.5547167774178665	2.0531875
453/bed313074203c	2.901101386252422	13.519875
450/ffbffcd914a61	1.6104754905089027	1.9143125
451/91dff32e293c4	2.7907499038903807	5.993125
452/c740e03a870f9	3.38265683599145	5.8551875
453/b94bfb1019ec5	2.918485811746866	7.9326875
450/cbbed3625f1c1	3.285105499401923	8.0251875
451/6726678ef32e3	3.301322068058931	6.858625
452/a1cd7b952247c	3.324997701056766	11.0514375
453/9bdc074d7afc5	2.9276449231148662	4.583875
450/a35aff34cb861	1.7901712492662065	8.475125
451/87f9cc0ce6225	1.137720335106878	1.5384375
452/6c2bf44a69f91	2.064898602735474	1.295375
453/f04d6c24c0ea3	2.749669966061709	5.535
450/eacba7af2dc9a	3.1572718725368554	3.2904375
451/c08d0a5b876d1	3.106039179977681	3.9731875
452/f4fa21e10ddd6	2.9776839994455915	4.868
453/6a7e5329b822f	3.2647648321946825	17.491125
450/486901a67de6e	3.1416246396888874	7.0859375
451/36904cca2ab54	2.8295944715218697	3.60425
452/956334d6b7c5b	2.9485443734877435	7.39675
453/ee6019a99cb08	3.272586973482462	8.2698125
450/5bf3275100b84	3.081910928341787	1.7286875
451/48fb99d366126	3.369925228560012	6.9044375
452/fef198ef63d21	2.8378965280351096	2.7810625
453/75cf9775c3d7e	1.6987981165442005	1.4426875
450/10a830bd28116	3.185059110336892	3.8440625
451/f643304eea1f4	2.31352795814141	9.120375
452/a13936c87dd23	2.8575807625413483	5.3024375
453/78ca9f6f9f47a	1.0934622719634455	1.826
450/cfbe8fda79658	3.0409223111363963	4.170625
451/4d6dda636579e	3.051026029842683	2.8700625
452/64d0ad2e61083	3.13306291035045	2.6754375
453/db2a44f48e2cc	3.080371010538206	5.8674375
450/d40c96598888f	3.276555266478675	9.1981875
451/0218760c8839a	2.7994237668283075	0.816375
452/d97607f570046	3.3430851063596805	7.5385
453/ba1a5882e6612	2.4673045954430255	4.6164375
450/87b661187b620	3.35375128557476	2.8996875
451/a04f63777d0ab	3.3391104155040203	3.56
452/2c26e42094b33	2.841615594121384	2.8065
453/30140ff035599	2.5065453799808357	8.1830625
450/13beb5ce5d98a	2.854814366727057	5.9195
451/812400b94cc26	1.3820004749935668	1.650625
452/9991d31ab7e32	2.6599839406572614	15.3154375
453/7bc06958fdd17	3.2289972874740287	9.8735625
450/88413c17c5f3d	3.2086814928867313	6.46275
451/2e276818745b9	3.3984799154547694	4.66725
452/92471d904ee08	3.1574736881076686	4.6728125
453/ef821033c5bb6	3.3255639544305367	12.827
450/ce598e2431742	2.9419616976343326	4.30575
451/692e36519d335	3.2806496325351935	2.5374375
452/7b4bae5014110	2.9409951126958283	1.51675
453/161411621ec11	2.7714557477634307	5.3490625
450/e1413639ab423	2.9231638795796746	11.9826875
451/dcbd9c9d46a49	2.8096503401963884	0.912875
452/7e6e232ac5c3a	2.911819564924285	3.874
453/80a07e4f690fc	3.240149510857574	6.9035
450/39fef87f227a2	3.0483464452112385	6.5166875
451/ee6c2cf830b87	3.3422825567544	2.8999375
452/435bd08078a5b	2.2267380026811554	1.3845
453/1452407d50706	2.697702626202309	3.7845625
450/ff9e09071a3d3	2.3573412694623457	2.84775
451/1f4e4e7eb55cb	1.104711635788538	3.635125
452/4e6cf8ca16780	3.1705110456607217	3.6645625
453/711d58ee11424	3.2351074181186754	12.40275
450/42b5d9fbe5ae6	2.889120314511902	9.385625
451/0f08cf91d15b7	3.554759866155962	12.83275
452/05c280fdbc142	3.4647462118981727	6.779125
453/6438c79cdd785	2.5107803903681485	2.2771875
450/15aa6e54f9e03	3.2981799275051236	6.9491875
451/0b2b35097f7e9	3.0680276329132687	1.7304375
452/c46974bb39f22	3.0768638256220013	9.764875
453/6d6b7f2d7a230	2.9836179910115534	7.0825625
450/a5fb4e90a6f96	2.7371602177995205	1.200875
451/8bce30f17ac02	3.2976479403871912	2.5275625
452/4e39c5f873635	3.493516523343255	9.1316875
453/88bbe5cb44557	2.174165131532373	0.9760625
450/92948590e6f4f	3.16967524855869	14.9535625
451/81617a66af7d2	3.4049848867834434	23.27175
452/782adfb2587f3	2.7626946109593935	5.2124375
453/c1afe973da74f	3.366084918064154	3.77375
450/1c807cbda3c37	3.1397979991562983	9.86775
451/75b655d4227c6	3.179478522443636	7.1675
452/ce31e8a3c392d	2.5738479865493944	3.16675
453/36b49a2e594a9	2.777030381909133	4.265
450/9cc8db08d4054	2.0993262063893465	1.71725
451/ee71ff5a021af	2.3882833764010867	3.2180625
452/1c73a14b09b4d	2.3691013301693813	9.7163125
453/37556420a13e5	3.1289230411424818	3.4396875
450/2c438e016d717	3.1069772714692854	12.8311875
451/1a6b1b8259510	3.0730709255329507	5.455875
452/77ddb08c7a4e3	2.865914516941578	6.0886875
453/08760adb11451	3.2005104490806557	2.499625
450/e43979c03185d	1.246530491873561	1.3560625
451/178f38616cfcd	3.1399238375227463	7.223
452/cc93455a1aec7	3.2152533365207336	5.9618125
453/854de35ef4d2b	3.326338806509757	16.2089375
450/bc7e8c549ac91	2.477149030684898	3.720125
451/10e0f49e6e8c2	3.351487440193665	6.305875
452/fb625e0d9390b	2.62719860114304	2.02125
453/37be9dfc05bdd	2.202771261346836	4.896
450/6ba5c0f97add4	2.332439114966147	3.868
451/aa9c97862bf27	2.516889186258241	5.7956875
452/6cee88b6ba222	3.2467951289039405	7.231125
453/1b5a9ce1393b4	3.0126888083422023	8.5208125
450/0603e5ba439b6	3.167337484649294	7.1575625
451/5c5c4b329cbe5	3.553158830854322	4.206125
452/08efe48dfa1c3	3.2173174964573232	9.7959375
453/38ad8a2791028	2.0692563073146797	29.26125
450/f3055cf0d1b36	2.478354664630375	6.1448125
451/47f00a6e2f909	3.191469427065528	3.951625
452/7a966459e4927	2.559167826493615	3.3906875
453/1bc3bb1c74799	2.8170728386503954	4.3240625
450/a5c6f5709dfe6	3.3796020701375085	17.3095625
451/138b9563c4d94	2.4085792147729186	2.2965
452/065704d8831fa	2.5063068269883284	1.8645
453/19d60aedc4d9b	2.449398197209863	3.6510625
450/062f42d033b6f	3.2267361193385162	8.3161875
451/0c29b6b684b0c	3.4252907830549497	9.10825
452/154114cae3c6b	3.362188497117239	20.0675625
453/a976cd81f4293	3.287295132611628	9.439125
450/a87ad22dccfcb	2.717156145471575	3.104
451/76467c9313d44	2.7031757016508937	1.8705
452/3c4a39aa4b9a1	3.2109968546549212	18.9878125
453/b64fc394b0bef	3.2288651524153846	2.652375
450/5d8ff57a34da5	3.354822808137735	4.5659375
451/a4c59eec5d183	2.780394927096576	10.063875
452/6b2ecaf756c19	2.8552786925400833	5.755625
453/2d76a5bffca7f	1.9942198355288068	4.50725
450/a78a165f01e7d	2.626644296247228	2.449875
451/94a6b476d6425	3.2759210652856003	13.5734375
452/1eda9bf5a883f	3.025620441499929	7.0038125
453/66785ce6eecc9	2.3605213311956956	3.3330625
450/0b3de00feafc8	2.172058108848861	1.2979375
451/edbc228591656	2.7189073461648094	3.35925
452/7b5bef81a56d3	3.3208413659540925	8.3273125
453/ac9c2e2115182	2.4189367693517174	8.74275
450/f4fa82e1947a0	3.2799254745376554	11.2780625
451/df41c5819caba	2.6418321416691564	5.806875
452/bec25e7faed38	2.762549491308715	2.9451875
453/470fd48287d72	3.0844461556579277	3.0636875
450/5fba5bc2c7d9c	3.189241209085543	12.9681875
451/dcf2fc1194c8e	2.848318182974623	3.5804375
452/9bf39f10bb70e	2.8341969913484775	4.26375
453/3edf722aa2d1a	2.523461663634125	5.35025
450/3be20c7a7b1d9	3.0726175838885643	12.8150625
451/edb2aa88010b4	2.801939565111308	8.94425
452/4089b06e3881b	3.3199553369401777	8.876375
453/4806098681208	2.5729364184526307	1.68225
450/1aa3cbcbab5d1	2.484497378613639	3.4185625
451/1ea12da8f584b	3.3405231607481882	9.251875
452/7ab249a099dfc	2.8755158878120612	7.3184375
453/f3fd1f16fba72	3.0055392274567114	7.1428125
450/73588cc823d62	3.1006019144290113	11.2479375
451/935bd34d017b9	2.6718939572494986	7.4749375
452/a8f72f3b0f52f	3.1861526305509003	3.746625
453/fb06bae90443b	3.2327911371477804	6.1104375
450/e2fd82ce6161b	2.3831403988039925	2.30325
451/31831667fd2ca	3.2327778974595796	7.9908125
452/3594266bcbeda	2.1485827893360816	1.6706875
453/2d634d5e6da9c	2.6565449825851553	6.352125
450/99141f1b0021f	2.686243339792532	5.003625
451/9d01992ed04b1	3.076908572770553	5.217
452/333d0faa15564	3.141576188383127	4.0845625
453/8845ceeca78f3	2.9647137480260866	1.34275
450/03d340723af17	2.305453971021224	5.19675
451/c9bf00d20403f	1.9014954032396867	2.639625
452/d0c1e74472ee7	3.349521525644113	5.2689375
453/05f6f79729312	2.6635032001637766	3.6040625
450/d09b4374e9957	2.317584899698125	13.833625
451/52531790086c1	2.9206472300944206	2.2599375
452/4ed1efcc6fd95	1.4605822120332763	2.077875
453/3c534bfd207de	3.201648447284967	9.267
450/9a7d64b4e846c	2.7206649810112267	6.119
451/93afe846cf433	3.1368763197412197	2.0031875
452/d6f14fd4c5abe	2.404031479657023	1.8489375
453/1f7819ef8cc90	2.7306493853116867	4.1559375
450/0fd57016c5b45	2.33116239315736	1.692
451/b6312be2c37af	2.9752137423376053	3.1518125
452/c49c669b63abe	3.0261712469926696	5.3109375
453/8509990c13547	2.59197773738443	2.3366875
450/d677647f5fdf2	2.8482493675748115	6.5850625
451/bcbac94f4d4a2	2.9807073846422325	7.152625
452/66c7fabe9f7ce	3.2799297433951486	6.8345625
453/e9f23afd61182	2.803698265012134	7.8595
450/6ad29267a9143	2.4809313306833216	1.3455625
451/3dec1e77471b2	3.237129924223413	6.8448125
452/2005680cbf015	2.3241748698175435	2.69725
453/d8103e27e0273	1.9498871336050219	1.946125
450/0f035ac4bc7c8	1.1129091137830225	6.513375
451/7fe5c7aaa6d47	2.701623655515173	1.563625
452/cf00268bab58d	3.419249514324887	9.577
453/5cebb831d5d91	2.939730113108258	3.258625
450/24d04c6187ace	2.4833510066919375	0.7201875
451/52f7ac0f42711	2.68145002564686	4.2146875
452/37ac3668562b2	3.2444676591594135	6.395375
453/0eea8264d2177	3.278138973474605	4.68175
450/b5bfa52df389f	2.8662259124806115	11.2913125
451/31e01eeb770a0	3.2571135987478783	9.389125
452/3012d521ca899	2.854158737129634	2.1646875
453/d1acdc94c3c1f	3.2849449194381544	8.335375
450/46cad2cfbbf1e	3.2847225733147893	4.7318125
451/47a3d778b7ce6	3.0735711366345013	10.595
452/fc7f189b14462	3.363771223230281	12.33425
453/143fed0d42cfc	1.0495040227680859	1.326125
450/3cbc21a844ba1	3.4867276729296237	3.8824375
451/2fc1b70740077	2.4050289321607528	8.2849375
452/db855dd112e85	1.113814082357634	3.685125
453/124c2242e0b3f	2.828305693897746	5.0436875
450/98b3dcf1e4e85	2.5482352147185696	3.2905625
451/e2c3fda1e5608	3.0634681822065573	6.1958125
452/e7771b33bd46a	2.7467159711643796	4.7204375
453/fb6ba29e43569	3.0203731290835143	6.54225
450/5b78be14907ee	3.178854635227403	10.0851875
451/bc51ad94f5810	2.475181168552033	5.6890625
452/6b04cee1dec03	2.603819712959708	3.1409375
453/4eb675a087ed0	2.2785598696115015	3.69725
450/8dcd79a13edad	2.946631424890736	3.89625
451/d08e5d1881b46	3.178417774122715	3.551375
452/67540aa850619	2.5905814586017204	3.647875
453/31b02ebeba092	2.9100538812748136	3.2580625
450/b339de8a602e6	3.3683123919187925	8.692375
451/4c736e0a519bf	3.094168817355368	10.834625
452/dd572140b9bfe	3.402474377097839	8.152375
453/2158fe8824dc4	2.8252173212483966	4.71425
450/98e5f7613a4d1	1.7291200352418918	1.5139375
451/f806000130d9a	3.1042068732897365	8.6784375
452/9c8c3efa61bf7	2.7487384448461207	7.785875
453/6f71da17adaea	2.1246740274972864	1.90425
450/75f75921ca353	3.2767600138354167	3.6805625
451/e8884245b3b20	2.4702734343632713	0.999375
452/bb1305503e15f	2.3131154439812986	1.010625
453/88970c1a4ccde	3.2145520800317717	17.854
450/2dfd7ff2ab07d	3.441403532514041	5.8908125
451/d87ade0ff07a3	3.467022597368854	17.316875
452/57dae073350dd	2.050242275437477	3.6555625
453/0635f77f92511	2.906372883453917	9.376375
450/895d2a73b6061	3.2029905777904	5.619625
451/8701a16767bc7	1.346055069953328	5.2203125
452/6c5b109db7020	3.108138823295517	4.6063125
453/29c719bdb7c5c	2.1233249933592155	1.3114375
450/cdd67eae061d4	2.284552956344884	3.072875
451/7f3e2613ccfd8	2.8966723539290813	2.52275
452/e5a821ab6caa0	3.0540602962150274	6.8745
453/3d4ca6af8d57f	1.1162407958136615	1.8566875
450/023aaa48829da	3.2645218494332053	20.6359375
451/d214caf425211	2.5709688588755584	9.5469375
452/3955689c40a9f	2.6491565780783324	1.1208125
453/69d8fffdf0bb0	3.066424175761437	3.9405
450/735d55ac04e82	3.282033330573191	5.2116875
451/8fc336770b6af	1.9632608654911206	1.50125
452/e7a145fc28bfd	3.377295482870044	10.66
453/9e659d64def35	2.480574041909831	6.191
450/01e897a5881f4	3.1018512509888745	5.1266875
451/f684f6e0596d1	3.2225534766488124	7.428125
452/45fd2aef99c82	2.2351186473952693	4.1741875
453/1baed12b2f48e	3.167122287132299	10.73525
450/7689988237ba5	3.1513143806903834	9.64825
451/2cdd8bfc30f91	1.7742039779472307	1.25
452/b5130fe253234	2.928130683450666	3.7568125
453/87be30dbcfe6c	3.4530596262171294	5.33975
450/9b4dce2fcd9b5	3.429092803115101	9.536375
451/930e50ae63858	3.3541932552513005	5.5701875
452/5ceaec3861cc3	2.522412841939956	3.678
453/06f30d68569d2	2.824046074384375	1.6805625
450/64fa81cfbaa3d	2.846898520364128	1.953625
451/6cd03079dd71b	2.7942311247652336	2.788625
452/8cba097eb9c6f	1.7219344214527508	1.05725
453/b8a4eaaf129b4	2.646303307002503	5.890625
450/71d617909f215	2.395345948939516	1.4421875
451/07ac959ec7ba6	3.094929656620839	9.08675
452/a7182a7413559	2.5894632309141032	2.4524375
453/ebac7c976e387	3.1503732296606852	4.611375
450/7f7ebdd6e4d52	2.089413373066716	4.2015625
451/06d9e01eb7038	2.5463453488907932	4.45075
452/2618912c6cf33	2.024660099555234	4.831375
453/e1c9dd34a2a54	3.330252346110306	3.75475
450/55ea30db2823a	2.695533525090108	16.9160625
451/be8e096206cd4	2.1802734459243966	5.23725
452/a9f2008596b87	2.5150250737883186	5.3025
453/468f89cfc0286	3.044932294641763	6.1471875
450/d3b85566e1d85	2.9844735779421234	3.5628125
451/43bf3a2bd1912	2.743695936679403	5.6886875
452/79ea8662f3586	2.8291628026888573	6.4978125
453/2d3625ac91558	3.2651535358900516	8.75075
450/9c061cf3de006	2.461418746727607	5.4884375
451/22a73047d4e9b	2.469818290668164	2.9358125
452/af9b9d12dee64	3.133861617462933	15.38925
453/de352eac5bec7	2.660364552991459	6.7099375
450/0ec5b193234f3	2.9264937803313704	8.6453125
451/17bc0770006dc	2.3704160884526435	2.4529375
452/bcf69ba3c785e	2.6859750034842143	11.567625
453/582a2ef200bdb	2.852107885422484	8.9556875
450/0f900952a0477	3.4478248903176936	14.5440625
451/5bf87f24beb0b	2.4327586961558914	3.8746875
452/f1405546ed79f	2.009939537563436	3.990125
453/2c77384ad6697	2.948770836670592	1.722125
450/d2733f66745ef	2.8662925307080935	4.9605
451/1aa1e960cde0a	2.831428752221309	6.8949375
452/48c4fab0706df	1.1047496281451668	1.8020625
453/e5cc2394595bf	2.056024781303972	2.6689375
450/c9133c48b80d9	3.0167790316322565	6.6265625
451/57b13dc2e2b52	3.354359834543643	5.074
452/a7411a27b5aea	1.160353212108114	2.2885
453/31dc27788f7f7	1.9229392856632843	1.617625
450/58d0f22971405	1.9461165506324356	5.860875
451/279c56b95e508	2.977414888466654	8.4873125
452/d2a57244e0b9b	3.171820480789761	4.129375
453/515a9edc9f4fb	2.2670711716955556	2.6208125
450/a68e2e17e93ef	2.0269230487140555	6.2168125
451/7029478f32803	3.1448381621045374	1.9460625
452/a97d339de6f3b	3.08689356799677	7.731375
453/8d98ad0524af1	3.2171025631188255	2.06275
450/a5f1d59df8996	3.0217048519730336	3.113
451/89568a0b36bb2	2.4969713204722996	2.4755625
452/fcfa9ca7d87bd	2.222772784642484	2.6150625
453/e2449bda1a2e1	3.370713687931431	2.68375
450/f5b92d6a5a214	2.584700712066894	5.632
451/d5de419c06589	3.230986773423883	10.1836875
452/ffaa32405b816	3.171314745433832	5.355875
453/b8f5da7c67343	3.1710099938024445	2.65975
450/ca30a183c367c	1.2510837582604688	1.6105625
451/827fd9d135b9c	1.5930518086900465	1.344875
452/110f2bcf6202b	2.4928906625855407	3.23975
453/bd38e1096fd1c	2.2319403090618786	2.1193125
450/e2c6e23db5095	2.873286344409799	2.5964375
451/7aca3e14d88d8	2.3502258780257548	1.249375
452/721fc0fc99d2d	2.9510923167550085	7.6411875
453/25d3199ea18fd	3.3264369180941533	3.90325
450/53f2e4fb392cf	2.200733724832233	2.2749375
451/7aceeeef97ee8	2.2949866552454994	4.940125
452/951a9a412b258	3.2143152547336933	3.8470625
453/c5c98be14fed7	3.2230549095304157	6.78625
450/74d61b3c82cb2	1.0943314851249377	0.8316875
451/30f0a30714f48	2.545302389738997	2.886
452/5046bb6228455	1.1737401858395562	2.5598125
453/92461a3c86f44	3.225417159569471	2.245125
450/7c6dc69214361	2.6494689833707468	3.3985
451/535174b5bd1fc	1.938196442900116	2.071375
452/445202cbe88fb	3.4117055486446604	13.1440625
453/ef2ef667b27c3	2.4500043822246735	5.3283125
450/ba10370ba9d72	3.251101435160044	9.7038125
451/5ff0ce3410c0e	2.9054303823082592	4.566375
452/88176dcd59d6d	1.6849730356392956	1.2753125
453/197cf832cc2d5	3.381734648120139	9.0731875
450/6c0e7ecbcc4ff	3.223690011808272	5.5920625
451/0c992d5d608e7	2.4913240423593734	4.3930625
452/f5ac916dc2cf1	3.332473225810268	19.560375
453/6bb8f9e8dcb0c	3.4130838822301275	4.7853125
450/70cd20bbc2b3a	3.342372764146058	3.8295
451/7d75844afd2fe	1.9071870907708375	1.6984375
452/f996159f9d065	3.3299881937654336	7.594375
453/c6f077b4972ff	3.468092341026606	11.4789375
450/6afbd42b28839	3.3255215340975717	5.4071875
451/4603fe2cab9a2	2.7429269166383374	6.4580625
452/4afaf4cb3801c	3.314053345083927	7.4209375
453/f63e0f749ba0d	3.299361439040976	8.3625625
450/4e684b7af2363	3.02098782223246	2.342875
451/74d6b843ed6a1	3.362516869772104	9.65325
452/b371c383e75cb	3.31158038940493	2.898125
453/c8828a9e9a227	3.3662458263842474	3.762625
450/0a28d08365048	3.1027815555886726	9.7023125
451/9621204ea33ab	2.547657961075117	5.1179375
452/d561699c462dc	3.30763452668633	6.0740625
453/3f672013d3a6a	3.129855866989099	4.331375
450/85d60be97d895	3.396306458920152	6.4065625
451/49b009c98a46f	2.976823144066344	4.806625
452/8f8c0114116c7	2.8418050401698096	3.216125
453/444b8f04a3e75	1.7700444177557886	5.6315
450/e73424887524e	2.764123045903587	2.2505
451/3f8ecc6ab2f99	3.161932790434307	8.56725
452/f5c0ca3fdeace	2.8831793089298245	7.0566875
453/782c057cafec4	2.7644622419067093	4.2739375
450/7ac10cc888e69	2.3770927711577667	1.3695625
451/0d2a2f273b98d	3.3192866270690042	9.3133125
452/fd65de5377df1	1.1400020936961202	1.6771875
453/01f9d453a3ff6	2.3312706964969054	6.5815625
450/9490ab2fb8e45	3.055977769659389	8.4556875
451/6660c92145cad	2.134256981373568	3.56875
452/e1a500eee6b5f	2.2242125516674007	7.2053125
453/8bedb926c59b9	3.0834963241836415	8.996875
450/8b44051e0ebd0	2.993147393614995	6.8474375
451/364cb691aa5ca	3.2800154752162913	20.379
452/c2a4dec6ebad9	2.5007702940423444	7.317
453/440f454425469	3.0791377561174578	10.4554375
450/b0b3168453b5e	1.1209433138982998	1.9258125
451/14a564347623d	2.7141825981330325	15.20425
452/637f4134630bd	2.701858318949251	2.11625
453/e8f8b29575233	3.224574984071493	3.9936875
450/2517bdf584a47	2.354455133522569	3.294875
451/8478051fa3a40	2.582383036472463	10.051375
452/2ea0d10272f96	2.4912262007474757	0.72025
453/7c54113f7f0ca	3.1133919842686373	11.19575
450/05ec72113b2b7	2.2022763458778636	2.4295625
451/c90a50b3dae39	2.5762718406558585	4.1911875
452/807d22648b60f	2.150935945481195	10.92975
453/5f16d18169552	2.516975961380815	11.485125
450/f31b86e33601e	2.7665734489859997	5.950875
451/efd1f97246d04	3.266802012667557	11.5298125
452/d705d3e5ef139	3.1775031809016583	10.1414375
453/deaacffd7ae1a	2.4557301824961866	1.414
450/6b1a17b2e5dfd	2.8081149254033084	2.0764375
451/d18f90c15f3cb	1.821064182550735	3.174125
452/e2965d608fe45	2.2223882045669634	3.178
453/3acbd6525571e	3.3912874186234743	7.5206875
450/e91e713befb25	2.761644278351737	3.200875
451/8d24351c58f55	3.3619542869292833	5.1635
452/00adf387c6fc1	2.6796641428591443	7.12675
453/ca675a44eebfd	2.7202956739724713	10.6373125
450/93d36fa3745a1	3.3494065507582764	5.7845625
451/fd8cff83006a0	3.4531047679878033	12.48425
452/7e776555822bf	3.4223397459998175	11.6248125
453/cbad6d4e30fcd	2.751414439217976	3.2470625
450/2f621234e9f10	2.3622466096312182	7.252875
451/808cbe8ad4beb	2.768496092181774	1.827125
452/f8cf56d628dcb	1.0688362120430233	3.445
453/d4e9e988c71d7	2.6825119363653522	1.29825
450/29ed9d0eb9f0c	3.3332117594698003	3.682
451/1ed29ca076f95	1.9098309930566177	1.345875
452/960d37b35a5eb	2.9521845217163762	12.837375
453/6ca1028babdc9	1.895072094780416	2.6565
450/208924fadd786	1.870537194578657	1.2975625
451/846614a72530f	3.2410544082885826	2.5530625
452/8d73f2240bf3f	2.356286029379645	2.17525
453/fbe68a1c73f96	2.6922801360212207	5.74075
450/d14abcd54440e	3.2100694035344466	10.882375
451/6642bd7f53988	2.375476833847857	3.2264375
452/dc4359af0747e	3.215576435785584	6.8599375
453/7db6a331b51fb	3.2464232465802745	5.7051875
450/5ad7f422e33c6	1.372362342486111	4.67375
451/67b98aa0dda98	3.269612165129984	5.6731875
452/3177073c9bea1	3.268413469053066	6.8228125
453/a1577936bfd29	2.984664239577463	2.1098125
450/a39e44676d54e	3.3904643160507444	4.5734375
451/345ac084277d1	3.3628701853558107	3.4188125
452/259151c4d31d5	3.1825530004148357	13.5048125
453/485228220c14a	1.6623870630053539	3.865
450/871eb1dcd88d6	3.2088973218855283	3.7813125
451/a4f11304f7ff7	3.0970668390302305	6.4876875
452/631aedec11a09	3.247130475366872	7.040625
453/f32a404504259	3.2054716083304924	3.5169375
450/3040971dabb40	2.5117386247860973	15.4659375
451/3443735a99ae8	3.078618083558282	9.4658125
452/1dbdfa7c111c2	3.224328657322529	5.3281875
453/0c9a88a153170	2.2971913974598466	3.007875
450/f6fd1bf26ad00	3.455857226298051	5.1765
451/54ac4fe3d5001	3.4071047831939825	8.0946875
452/7f579c8ea9af1	2.013032487331219	1.68225
453/58406b53f0c80	3.264891478522459	15.004125
450/7c3186e037320	1.8565938171934886	0.9126875
451/cb94c4ba1553d	2.684653231963721	5.026625
452/a9cbaa632ceb8	1.0572876745952848	1.4904375
453/72d3e3de49576	3.004909300876775	1.369375
450/4b4dc7a61d265	1.6295308080621462	7.8784375
451/9ad5f70b3feed	2.6490882359943884	6.34975
452/3fd26c3fe55ab	3.1364085392088628	4.3403125
453/0849a5cca26b4	3.391331622339443	12.654625
450/41004b7c1fec6	2.9562287510699172	6.2748125
451/cff2c1d6fed46	3.1374117928024967	5.445625
452/d3eb19f86963d	3.3706031333060915	9.3116875
453/8a187e6d7fe4f	3.3686826861421224	10.3280625
450/36c9547a9f535	3.530675941909897	6.8970625
451/665cb2136fc37	3.1237553980563177	12.2579375
452/e331862be6552	3.0591862708092004	4.4528125
453/ed6a188c7192d	2.0667084725340548	3.1919375
450/891e657bae441	2.5984577263007904	3.617125
451/595ec745113ea	3.3033193380638473	5.04675
452/3ee6bfe9e32fc	2.4548108746167503	8.619625
453/a324fd1f73327	3.0726485008098825	2.78775
450/cb395c54394cf	2.9684753405038053	5.620875
451/abff284986c48	1.9905255547924428	4.7399375
452/d6bc0a35cfd1f	2.9387892899736316	6.6394375
453/dd7e206cfca17	2.759271604889458	6.586625
450/ae0942ff91b85	1.8884508397693525	1.9379375
451/48aa9e42a3d0f	2.9680798778371793	9.1949375
452/a5859e436e8e4	1.735737388575096	1.528625
453/c1e5322e325b8	3.121294916402639	2.728875
450/56b8a4742a32b	3.2962606289362837	7.212375
451/36400f5cd20d8	2.9209993412350146	5.465625
452/dd7a2b3f6509a	2.915645947908057	3.5218125
453/e43d3a4b70f4f	2.5791557464759745	6.75975
450/eddffd84a0d36	3.231228898190285	10.2780625
451/47c78765c0785	2.3991074199931206	7.261375
452/8ae77b74e5965	3.343527336370215	4.3316875
453/8eef7500fcac0	2.492482808593893	6.7466875
450/56a3d866a5cc4	3.270940578124043	2.4578125
451/0e4d06a0b8b68	2.4888395543714674	0.720125
452/fdc293f291f9c	2.4540421910231887	3.56
453/1dcb3b7bd3516	3.3607210788590196	7.4386875
450/36a7d3af5067c	3.4441959724788287	3.8970625
451/069bf51be2e7f	2.913550656640183	6.5735625
452/e3f55afd9207a	2.7913214563518545	3.944375
453/53a35c4854596	2.7947308709515575	8.9153125
450/f980627b1f8cd	2.9950909753171566	8.919875
451/f3333763d8cf2	3.399556436770706	8.6679375
452/4916f9b772bf7	3.110207764693306	4.6580625
453/3bf90e3af4e1a	2.9461994013779065	2.474875
450/e999e486e972d	2.0165533110844662	1.4410625
451/7484b18339336	2.4306073467780163	6.622625
452/385b1aa8ee0d2	1.4970296639831162	0.9606875
453/5d79f7054399c	2.9794279811533966	3.1690625
450/d8e9214881f83	2.388232478909215	5.5970625
451/4bd8ecd386171	3.2377101238635686	15.4979375
452/8ea73f93c2c9b	2.7020527838324746	5.7986875
453/960378281b350	2.331712589175434	1.6255625
450/8906d60fef15c	3.2508625139450795	7.5725625
451/9e15ce161d50d	3.019070590877541	2.4050625
452/299879e23f033	1.808922706616128	6.571125
453/136c99d9d879c	2.5448505935917742	2.9664375
450/1b47620e4fec3	3.37657726938981	21.5753125
451/7951e80b712a5	3.3065848906074566	9.00575
452/de19c085d838e	3.282117129454139	14.0414375
453/4188627333571	3.2460829115260155	12.4581875
450/60d15d85831d9	2.628907731195991	1.104625
451/26e73f37a12c0	2.26933518539267	6.2269375
452/3e394d7609334	2.106025726128316	6.4145
453/0afd0d06277af	2.426723525437044	1.9238125
450/0867151818e8a	2.9480081870418284	3.8408125
451/1272ddb72452d	2.719510105013936	2.048625
452/47a7d0446858f	3.016081431101316	7.8876875
453/6e388e8585504	2.154226969255743	1.5864375
450/8f9c1e99d1e3b	1.8670936455067142	1.7685625
451/f0cffeb7bca64	2.625122862664221	1.646875
452/f2182c57aa278	1.1204772985335945	3.3825
453/6bb834fdc6b58	3.1516173763225805	4.7453125
450/3422a1e38a3de	2.738250230408338	3.762375
451/a3f2655f64c24	3.2091963197997764	4.113625
452/5639fb1330610	2.900854903033552	9.5351875
453/075f2eb9d5a22	1.9569147540190985	4.0861875
450/7354fbd9be49a	2.4526496954753725	5.1506875
451/ae7a7e5c66ecb	3.130272125225019	2.8258125
452/9b3813637fb90	1.956197664186016	2.7869375
453/f1f26b2de7232	2.9687836008222583	4.7648125
450/a63a1a8f54316	2.7141536877390373	9.2894375
451/cb5354077a78b	3.2523656811239454	11.1565
452/085b5b2221e98	3.3019612316118843	17.9874375
453/599751c9318e9	2.577899407550805	2.928875
450/4705db4e8e46d	1.1068836421383879	6.251
451/7fc26b832b600	3.3139263160748778	6.564875
452/e42794772b938	3.218624284898781	4.5219375
453/61fad26176030	3.231330982421252	4.7549375
450/22b38620b96f0	2.9700616132092676	8.13075
451/7d6619a05baf2	2.6818817574136493	1.2905
452/8083bf7412f36	3.256614058047763	5.744625
453/68e5df47aa95f	3.2286449910284665	8.7889375
450/4b64d84959131	1.8291604109443254	1.19275
451/de9208b94dd46	3.1667728251477603	6.31925
452/5bfc6aa5b493b	2.6987036601003216	13.07575
453/0c69e7d22c315	2.8132053039831826	11.361875
450/f4a1df27b1dc3	3.234084113678122	16.967875
451/28d9d944ea306	3.380890426857911	11.2861875
452/a4993e10eac33	3.249750792293415	5.264875
453/226259398dcc6	3.227747285118962	3.002
450/be4a947dd11aa	3.0469664367488396	6.205125
451/ced4e337d4c46	1.4483549483103728	1.5324375
452/bcd1d968d3583	3.067883759167997	2.4450625
453/d031123f69bd5	3.3439254689480884	10.8365
450/0e5ea479471fe	3.3263557351650683	6.49875
451/533f494e2ef29	1.7075025688181678	4.937125
452/efe43eddff4b0	3.250822478104386	8.03975
453/56668f50c23ae	3.1967818787873385	5.220125
450/4edba8c419fc8	2.0085372338006504	1.6791875
451/4e5e1af8e65e4	2.552020376397942	4.1465625
452/106cd66d75db2	3.269582457605798	10.018625
453/0c995e82f9777	2.9219184372609948	4.794125
450/d25f5b5a407ab	2.642738173471045	21.3293125
451/9d6d47af5fca2	3.054531985356061	5.3720625
452/ea80fd10c7337	2.1857310224618027	2.752
453/6f89c70fd8b75	2.6881838468196477	5.2908125
450/e94fa1dd3fd78	3.0270425971756745	4.8886875
451/bcad5c34fadcb	2.5714977475653424	2.2585
452/04e861d04e1fe	2.448599082171434	4.82675
453/a28512e3a6b91	3.117486410173389	8.2784375
450/620c6a5253740	3.13074127596335	6.3945625
451/4644d7e0a4b23	3.199801263194299	7.1973125
452/bf0ef46147257	1.6796579905383877	1.3413125
453/e8fa4eff63db3	3.293253855817547	23.7613125
450/71a040c6fd24d	2.9362541981830685	2.612875
451/cb6249db24cb4	3.2458679475820826	6.8383125
452/078e2c97e09c7	1.288199963118959	2.3075
453/bc0cee749f4aa	3.104080765346667	3.03425
450/6f345d2ade06c	2.8931565139027184	4.825625
451/f047b91afbd33	3.3938833956954144	8.2585
452/01d81bd00c1f9	2.7274716151139677	5.64875
453/795c4beae8ca8	2.8758339040947782	7.681625
450/25a15c70c3a5f	3.2946634128081578	3.6325625
451/0ca04ef53fec8	3.256875896522007	3.69575
452/e36f0645ac69c	2.0626988833195803	4.0505
453/3d6f33929c1e3	3.273764763186676	3.7765625
450/a741ee254a713	2.960695866481344	15.5323125
451/8cdbc2034f002	1.9127867970792851	1.1434375
452/a716ac7581f3c	3.099367825525333	5.3861875
453/e24a4ae7d019f	2.429039680439896	2.3215625
450/87833a57f86ee	2.047636795681948	1.05725
451/304f4a2538df8	3.0244699111826456	8.549125
452/06256908803e5	3.4080285643881774	3.5413125
453/f4005e4447471	2.3817799088548486	1.99975
450/8a97412f32adc	2.5253735762263787	2.991125
451/37f444d3ecdc2	2.251834420995821	2.7540625
452/6ec1ebcd5429d	3.1720750915478666	11.0569375
453/5a2df6aeb966c	2.5038701881148464	2.043
450/23c9bbab15a87	2.7952383254490853	4.617125
451/379174589f03d	2.465442497320675	1.161375
452/c1b49ffa0298a	2.8093385708985457	9.5964375
453/474bb5af06ea9	2.3807639733008377	2.2324375
450/4aaaa0c2894ab	3.203358045612097	7.7751875
451/43117c24ba410	3.289137007645984	5.48575
452/7717c050453a5	3.046632838378279	2.361875
453/c581b4855ee95	2.621819352944264	3.183375
450/f8d5e0fc7ab54	2.962546336991973	11.6349375
451/4c0f6384b8aeb	3.3730077718982963	4.3495625
452/eaea635997690	2.291319892480968	3.3888125
453/d9c4debdb991d	3.2626636130436313	8.2916875
450/5415476232452	3.1855024044370626	3.20525
451/86653a24ee329	3.3313940748560773	4.209875
452/17d3dbae90635	2.482946997277709	3.700375
453/01ce05d861d7c	2.3804796758137425	1.6775625
450/a6f22b4afe003	3.367425623735268	6.100375
451/b5e6319da38a8	2.6986966616435937	4.210875
452/be6511e324e1e	2.7174787355176346	9.4139375
453/e82d7e20ba9a6	3.08090376007809	11.2501875
450/c716884a080bc	2.0907339414713713	1.6339375
451/9a4abad2f67d2	2.773632362983671	4.620875
452/928d79ce40086	3.393976765455109	8.6685625
453/5c203db651609	3.1259234197528087	5.8865
450/69e265a8977c7	3.1327021267829878	7.6284375
451/44a03b3d29f7e	3.104873953936453	5.1275625
452/cd37796c99134	2.381580466316346	1.5385625
453/7738faa690b4a	2.6298323498590945	11.892875
450/a791314d47277	3.3503991664283292	10.0649375
451/c4dbeb8b35935	3.2113040387044767	5.603375
452/26021bef57a00	3.1374677835144817	19.66675
453/2664dec5e02ec	2.3302298739291585	1.4275
450/04020ad3cc1a9	3.287298752181194	11.6313125
451/4c640af9a7f1c	1.7238995291441555	3.3273125
452/39b030924c4d1	3.036000999797673	7.74025
453/2474872c29097	3.3972465640949685	9.449125
450/4d0718d47acef	3.129953703464524	3.418625
451/6c774e9e992c7	3.050235178562474	5.678125
452/d824578cb8f11	3.2633000022246956	5.3899375
453/05ef35a5b4bb6	2.477444736968594	4.6846875
450/93335f47fe24f	2.9196689399359324	3.722125
451/14c6ceb3dcfe8	2.9997215497938368	16.3986875
452/23480ecc1617f	2.3063308916276957	4.0569375
453/6da09066b6d96	3.2731150229988377	9.3514375
450/74a7b01c79392	1.815428188034069	4.128625
451/05d58564fc730	2.4672263342073024	1.992375
452/ab0852752fb10	1.582053319395226	0.7684375
453/735bb4fd7dc5c	2.730720702627292	4.2945625
450/1646d80d85b05	3.3432566770993333	18.3755
451/1c51a188fb99b	3.300293390267071	5.1513125
452/1ca8bff0cb508	2.9123322471435187	3.1319375
453/f0ff986adbcb2	2.094927023592973	7.014
450/522f04056294a	2.43857944043367	2.775625
451/df265b937e2bb	2.7334181734228937	4.1528125
452/e49ab668757a1	3.2962668805469733	4.5030625
453/d475a98141bec	3.390893538018988	3.677
450/258025ecd1485	3.130942158672106	8.0965
451/1def9b397a302	2.7799145180959153	6.693625
452/6e0a88593e868	2.8816029565392824	3.8048125
453/6ec821937b893	1.517489899615813	1.3219375
450/76e11e5c45518	3.4443322799616993	4.373875
451/4f3c48a23f3a2	3.258492103659281	9.3516875
452/c8f7a5f1e3246	2.206463133728004	4.74175
453/bdbde92990a9d	3.4477349502708203	7.7984375
450/c3cbda09827cc	2.953067385362589	5.473125
451/f2e2ae315eecd	2.7032704957139693	7.8751875
452/46bb9f7b5d617	3.0613281661911267	4.2700625
453/225e3b9e33d88	3.302702714936322	6.944125
450/2bf59f2546a51	2.9096002548761493	1.95775
451/58ad721ee50fe	2.6166538056411928	2.1021875
452/d97ccb557e14d	3.5482050996361583	5.8136875
453/97299186d7432	3.416462099905844	6.05725
450/9629a78205c91	1.863282001020744	2.6298125
451/11686f29cfbf1	3.215649671984089	12.5755
452/9a966fa36fc45	3.2069083071978333	9.541875
453/43ef5a2e52cb8	1.5681195337879505	1.70575
450/bdfe96471f6e1	2.607700225893341	3.4796875
451/04a010f5ab151	3.0824763256341803	13.29075
452/eda48eb48d948	3.221818481708378	7.271625
453/97bd808a5e0c7	2.6236442141049703	12.1778125
450/c68fffd2c5167	3.1932477945540167	1.4415625
451/d523cd4ee9900	3.1430983450473446	3.6030625
452/a4718c56905e6	2.7135686812799014	3.5688125
453/21d719f0d1486	2.596345580489047	5.4153125
450/57713ad43c581	2.6809259120773925	16.241375
451/a77c0e5758ef2	3.236300545318962	5.8695
452/b7cf35e393d6f	2.6486860814093602	9.1988125
453/917e72bca2820	3.247118414945481	5.5125625
450/6e58159739d12	1.2844509899743253	1.730375
451/939b782019e8b	2.208573129618987	6.7084375
452/ca7e302bffcff	2.302207707966566	4.297
453/be11714130aa5	3.181740057657587	8.6735625
450/401e1310da309	3.027162979237822	8.97075
451/5cf5ced76aeb6	2.669535390852813	2.739625
452/c36e46ae8d1ec	3.342421548925199	9.948375
453/edb8757e44025	2.0591949731608303	1.105375
450/9ad70a83cec3b	2.8197525393966094	1.40925
451/cb4da94206f43	2.072645222920625	1.367375
452/d1d6745a83447	3.386185848455881	4.587125
453/debbf743821e3	2.3820517237907306	3.828875
450/6cb412c3f4e2e	3.492733952362405	9.8324375
451/267db4c173897	2.4871908181132247	1.0088125
452/1e460a929ba4c	3.23444661574383	11.673125
453/561dadfc1041d	2.685885698457227	9.8480625
450/a4658b2cf756d	3.4698936529437114	14.3005625
451/00e2243784899	2.976874702387843	5.1698125
452/8cd20045a067d	3.2460431060558563	2.4905
453/652cd428c6274	1.0724778907774362	3.8493125
450/2188737d7af6a	2.189648534446208	9.486
451/a5d264c68807d	3.0383035257508997	2.3468125
452/0e8d9933e02f1	2.4536943182233224	4.009125
453/9cdc15f383288	1.6863486786494617	1.3935
450/bae6de9338182	3.0813658124636403	5.625625
451/2b88b6eca4caa	3.1052799924472585	3.29825
452/74d33e8628970	3.212025149869592	1.7788125
453/b70b7cb771d28	3.2755627581235673	4.5974375
450/4480c18baaab7	2.3855778748039866	1.28725
451/914365e022b7b	2.8640059934341524	4.4428125
452/d44baba71a10d	2.957025387681328	2.6885625
453/7de60432a7a29	1.903502858964783	1.2359375
450/05c262907bab6	3.244637133124534	5.3543125
451/6df176c4b6dbe	3.3608160417575523	6.342
452/494de9443d1cf	2.912134729654977	1.6149375
453/fb2d0d7bb17da	2.496511772806019	1.5454375
450/58ddb7f86a84a	2.3188830732056123	3.139875
451/0e294453b9c56	2.9715465488221064	17.0225625
452/3750e6e80b29e	3.0728221586127575	1.9718125
453/9b378f6a2a56a	3.0243698018316123	6.40975
450/b0997d867b254	2.8503210919956476	6.475875
451/7222362c438eb	2.476878171478084	1.6073125
452/8c0d3a7b24935	3.36794257228823	8.6146875
453/29e78c91f7a3f	2.00710340671084	2.992125
450/3ad89ca3c461f	2.0875107921079503	1.760875
451/57864f1fe2c58	3.293334440730736	9.0221875
452/93bfe6fdd0651	3.2947183024894753	2.438
453/ee82c0969b399	2.5498745573818367	2.2594375
450/05fe644eb4c51	2.871542852024116	8.5360625
451/3fe1498d3fe8f	3.1388371869151355	9.558875
452/0125e8e685c21	2.9617479888385705	2.404625
453/c0291ba0f838e	3.3523974893178825	9.5863125
450/ac5cacabfbe8a	3.0461997622901906	5.382125
451/aef6da1e87cc1	3.2262103977897363	6.5573125
452/b6831c8008402	3.054333580586104	1.1535
453/719b9cded5cb6	3.0682368310012818	2.717125
450/4e1aae5d7a1df	2.9622949708758526	5.242375
451/79cfdf0b31d41	3.4851000169985413	23.57
452/4351d5ea122f4	2.897211476675491	6.4429375
453/826d3b59cc359	2.953718931196478	2.0198125
450/a8c717fe0b396	2.6993736675265927	2.502625
451/f97ed79544aa1	2.755069960227987	1.5845625
452/0b494369f6044	3.111839697923264	2.7650625
453/54eec6a0902ed	2.899584207803195	5.5088125
450/68da31193be22	2.0492651201072496	2.734125
451/56f75947a1fcb	3.211941772699911	6.46175
452/0fc112d9d198b	3.445599375200597	4.5065625
453/3ca482ab8b4cf	3.3334309935010755	11.94575
450/e151722fd9682	3.4382187888789413	13.1036875
451/3abaf44a57488	2.8009973738570046	4.507
452/58f57c581040b	2.6616451679714115	1.8371875
453/712b5e3062e9e	3.1972195662884912	3.6098125
450/7b59b55912314	3.2479430700673158	4.3778125
451/fe7ad9597d433	3.3260007313100473	7.49275
452/565a81eaa7d38	3.0552898059384104	9.9073125
453/ca36875e87389	2.690195388500853	3.47675
450/f11d8775d1396	2.5284533450338307	2.2875625
451/9a31e442477bf	2.494252169341052	3.0365
452/ba8e2b81e31f1	3.255987048378856	6.670375
453/2d203491e1859	3.277578440226146	9.6256875
450/4312deec7e34f	2.7604960125463474	7.7846875
451/c28bdf4013a46	2.5801662913979477	12.9074375
452/5caeca19aeacb	2.1719190817658993	2.3765625
453/b4e7f6aaff873	1.6870467482055	4.6096875
450/ec73e9f3516bd	2.5144954410448115	0.9604375
451/83ecf1f919995	2.6026026555855086	3.3673125
452/dbb7593cac173	3.369511715015722	24.03125
453/21d89eeeb0e66	1.0983665841649966	7.6310625
450/9bb2b83e30076	3.183197889037891	9.5059375
451/e4b3fd079ce70	1.871365875770615	0.816375
452/f128175d0bdcf	1.5511218017720618	2.9385
453/582b00d2d8722	2.9558449859924893	25.8869375
450/b936a4aa582d1	2.6289459273123748	6.9125
451/6b132d248ccb8	3.195658041562436	1.2979375
452/8727586f346a1	3.0829695549632974	6.6429375
453/c172c289c971a	2.903079427850472	2.246625
450/cd42509a93adb	2.1042924924921724	1.1053125
451/d4543bd4c8a99	2.5237595289317425	8.4328125
452/41456b2ec9090	2.639306712348181	11.1620625
453/65c52f7519d11	2.533583637213441	1.840875
450/bdd9a6db75f4e	3.404696700783706	8.904625
451/6cd21403636dd	2.796169824922407	3.2994375
452/77e735ad4deac	3.1110763232848484	7.18625
453/0b533e7d44e67	3.2990332735613843	12.9861875
450/9cccee970d7fb	2.197115817679072	2.9675
451/94515dbca81ed	2.3983792353393745	4.27425
452/ef62b500d42f2	3.55790066685169	15.812125
453/182771d7e8a69	3.4388447487483984	2.5953125
450/9510afaea88a2	3.1605331029376087	18.901625
451/bdbc827f02619	2.5933790638170238	6.5401875
452/50aba75216cfd	1.7284943877369277	1.8718125
453/aabddd6159c7b	3.057110364289216	9.03575
450/14307fb5d9f5b	2.680861344086026	8.1539375
451/91e397c79cae5	3.120649647878487	10.3155
452/290645a5c1846	3.2312274311340796	14.877375
453/6fe2b9efb6786	3.4009538621771878	6.7181875
450/eff5e0d909fce	3.095651680988354	7.8193125
451/a5442f3c93fe8	2.2403646462935507	3.373625
452/6c801abbb0705	2.6681245264621256	3.3425
453/6ca20f116b751	1.6252697853011833	1.6544375
450/c368e8f6e5bf8	2.465135839219152	1.3929375
451/f0a6bb72f5803	2.9524586437581175	6.1070625
452/042fffe304d51	2.5024853172640587	5.713875
453/dce489f259782	3.133559058987096	8.094
450/92a6194279e40	2.3898978669170385	0.912625
451/36756cfbb8b9a	2.467593126495085	5.4025
452/0e74d4fbb40d4	3.1732061368230418	8.3855
453/905ac9c556ae9	2.751911143925228	2.1645625
450/94707887d9a31	2.4811972739471977	1.63375
451/d9b1857d6f36e	3.3559369366320344	9.06375
452/ca63ca46126bd	2.80877787137729	3.720125
453/d017edadf2783	3.5425738235779054	5.8059375
450/b21670a406293	2.835343268857263	1.9726875
451/b6a6e8864128a	3.1244967019001844	3.2154375
452/53f3ec7ec1b95	1.920204875077171	2.3763125
453/cc6ca01e6acf8	2.622841014068644	1.1536875
450/521a257c2d4af	2.93707777452464	4.14575
451/24c931f1f21bc	2.5083010733833007	4.744875
452/3e0b23d7e0aac	3.3368336268977385	4.2105
453/3d533e10dbbb2	3.042215891726416	5.9871875
450/f45a9c4a5e0b9	2.961855983985497	4.0239375
451/9e10e8b22a410	3.1665947100272995	4.8276875
452/539b5affed26b	2.2883797269854766	3.766625
453/418315fdd6651	2.012908417076985	5.1566875
450/b388331ffabfb	2.120475497401268	2.0374375
451/52b4662d423ed	2.656450209245559	7.2689375
452/02543120a0583	1.903688453988814	2.2724375
453/7626c5812d759	3.2058790565698834	6.74475
450/e91f6f84c08e0	3.1455540907262187	2.75525
451/a809554f92b6d	3.079161454668391	6.8859375
452/d86640206f0c2	3.4193010789197555	9.9764375
453/6067f9ca0e64b	2.5401112009772078	1.7788125
450/668bbbbc61290	3.292930889155061	5.72875
451/3b60d2e3798ee	1.9808275921396412	3.8505625
452/fb8e5bbf4494d	2.5105920099547925	4.8323125
453/c7eb3936e3783	2.447921960114878	1.970875
450/d6e3df7c4993b	3.4061447228156028	7.79375
451/d928a506db83c	1.9681560302725423	1.04675
452/5e0f8e31692a8	3.2172642803764213	2.2851875
453/4bd261ce89624	2.286786228376006	1.7778125
450/dd786ef8ed4f3	1.8137034462301567	2.2920625
451/abfc69e8b11e8	2.9761478535203176	1.0813125
452/a73753437f243	2.9821707951383525	3.6888125
453/8330d64e29231	3.0581233285536142	5.477875
450/2484f7e5eb0eb	2.8871058720506304	4.9015
451/f187601b17f80	3.0189783034241704	2.2175625
452/2914819a289a3	2.862902081177687	3.539375
453/d16b9d403d43a	2.5995065330085865	4.1344375
450/f65f58bc188bb	3.128372538581987	7.10175
451/6ad35387a32eb	2.3546354087223125	4.703875
452/d40425e71a341	3.0470971974624734	4.9866875
453/c97f995461eec	3.354303746727777	3.419875
450/2a71466555b5d	3.4034368950513794	5.483125
451/2da1076bc34aa	3.008597510948502	6.783
452/6ba3c1916066f	3.1791557762404854	5.0366875
453/09fadf0fd0f18	2.8901078055457927	4.0805625
450/8f936024c398d	1.7116865608894478	1.63225
451/b505225919b78	2.800683478111201	9.7948125
452/87661bbae3f72	2.687981271387024	2.307
453/12c13712ba1ff	2.9272798014122756	8.7930625
450/741eef42dc468	3.3016379476806756	3.5829375
451/4e656ed2e01c7	3.085314661839142	3.508625
452/988540967de94	2.25226585373278	4.8225
453/b52820a0776d4	3.3428636769949405	6.9069375
450/86b01bf6d3655	2.1862275351245417	1.7055
451/00b34f1ce2536	3.122374935719615	1.8466875
452/6a4fb23d41293	2.773421857982761	1.6813125
453/cb3339b6680a4	2.53325536897989	2.5945
450/d12808474e1f9	2.4424973134947225	2.0675
451/3e9439541434f	2.6530630952630974	1.5384375
452/8e12438f8cf39	3.585470306798949	5.284625
453/92257be3728ee	2.7516330087523815	2.381125
450/062e90f9f937d	3.327287629330803	10.6748125
451/d55fc12a11364	3.158823997720596	8.8000625
452/bd0e1ba5659de	3.3905365780100585	6.928875
453/0afb47560f8d0	2.489049543229192	5.02175
450/3726cbcb03062	3.514697172056335	26.43625
451/669df6a71e412	2.876582514530869	0.9688125
452/e8695d3b9a7c6	3.3615527701786774	22.3111875
453/a4394ce55bf2b	3.1489387342568964	4.9930625
450/02acd4b760529	3.3648909325495158	3.0636875
451/25a514d5b9e9e	2.855442115465693	2.434
452/ee094e6bb8532	1.9864118263798227	2.688875
453/8c7debfc73653	1.6768927732090004	2.2999375
450/e7d69a01d592a	2.7872806886663253	8.854
451/c156d94ad54be	3.206667458004458	2.5926875
452/f02c958d3c280	3.2401062927129414	2.553375
453/d6785a648d432	3.0507711533420654	3.6825625
450/d1eb67bedbc0f	1.8683980028599665	1.9179375
451/6a5eb85383c01	2.6446261488488525	5.21925
452/55fa66999d78f	3.101241378486222	3.0476875
453/d09406bfe2495	2.8970033140402762	10.3024375
450/e482442fc81f8	3.1421221312837386	4.4076875
451/117fd1f502bb5	3.118466815907879	9.916625
452/1b7422949aaf2	2.7222042831632387	4.45725
453/bd86c80ccfa99	3.3415597791892293	15.5260625
450/6a1101333dea3	2.5863770813090055	2.718875
451/8eebebf9b5e99	2.5504480785767565	13.8631875
452/fbb5af8ac684a	3.0688692169335523	8.4305
453/17da4648be25e	3.336493876357088	10.98625
450/5202707d1131d	2.2937874737751134	6.0633125
451/505e6c870f7f3	2.6157702392379893	7.5378125
452/851d109f56dc3	3.1582544055148385	3.285125
453/e1a4e465518b1	2.1699859467660314	2.71675
450/6270dd3b1182d	2.915316109600008	6.1269375
451/d03381037016f	2.358382107401905	10.405125
452/d27ddc61338bd	2.221346531233174	3.0910625
453/a34e8c00fea50	3.0429297904394708	7.3938125
450/e2c4fcc50e948	3.265964016736821	8.5544375
451/803222b061540	3.0296411195207753	3.1179375
452/d485b03a9a96a	2.6043075508559634	2.459125
453/1fbe2579a98b7	2.339218398503602	0.9125
450/52d56b8f43480	2.576951575298026	1.322125
451/8e8b1f45f6bbd	2.82038960229007	5.3435
452/35be2e03a0861	3.045821762891327	6.0659375
453/0a739dc34a1fa	2.34750388494233	7.9295625
450/495cb304670b9	2.068033363393978	5.28575
451/8821e23bf8ab2	3.1521891976228713	5.2920625
452/28ef181c311d3	2.669886096416961	1.9703125
453/e2f9ae6c6fe03	2.791299778177408	3.9890625
450/4ddd8d6dd55a7	2.54221989473216	5.524875
451/d17c33e87a9f5	3.3959880748912505	5.551875
452/85634a7fa005b	3.3459294488632385	5.7599375
453/c78ca6a06c4b2	1.9885885282404068	2.41025
450/d815b829d8817	3.316354459977958	9.0963125
451/1fe581a2b2b65	3.479076064410088	14.4323125
452/3c4e5f524577f	3.094486517166649	5.16425
453/ce7381a60b1a3	3.405612459730912	4.9435
450/5803c342a05b3	2.832638410673448	20.7983125
451/ee42df10a82c8	3.273854664710285	3.4089375
452/d613b550700de	1.45833377468692	1.314125
453/c9b07dc956a0b	2.9503423880374755	2.044
450/99690bc981ba0	2.7073564984793435	4.6345625
451/5271ea80122b1	2.3848580288118164	5.7375625
452/c9dde92c3c03d	2.593188041871483	5.7448125
453/d4994c91b35f8	3.0800663748322537	5.18275
450/e946dfcbdbbc4	2.8377368377695564	1.8159375
451/131bad3ab29b3	2.364506004651038	20.3954375
452/25d4474060f00	3.256449532294829	7.2413125
453/961310c18c84c	3.426539812052255	2.15825
450/bd4c1d3f2b664	2.736326138582456	9.4625
451/292e49543dd8b	3.177590661617946	7.505375
452/f3364c7d60cf6	2.988643980661814	3.7464375
453/2298c028ae584	2.5157513148028703	4.365
450/83b5681fb53b7	2.165244111783092	2.3555
451/bd182fef64036	3.3637957946298775	7.49575
452/06e4741578125	2.2564722620580104	1.0540625
453/c1dba4cd083ef	3.3368780528114783	6.15425
450/9e6730cbbaa6f	2.774227785030818	2.6650625
451/edfb7b9e95794	2.678524394955808	2.2044375
452/d94324f262f4b	3.0234928135443067	1.418875
453/9dc2689110b70	1.2513975432456594	1.507
450/be6e9c13fa736	2.8434867100126704	3.7305625
451/fb390637d42f6	2.951446682017218	2.6543125
452/a0cf3df0c115b	3.100110061720579	8.6614375
453/0b1e3906be2ef	3.3071327242537722	12.5638125
450/9d3ba34198107	2.8167280882201853	3.2719375
451/5e2fc519aea15	3.393471863012431	4.788
452/bf81bab002dfb	3.0658517282984	25.3939375
453/62a80c15cfa09	2.7383095024227795	2.0589375
450/0d1a10495a499	2.5114797823785975	3.363
451/a9fa9535d8854	3.368374944676873	20.4975
452/90ffbdba5f2d1	2.8722625555912007	1.3939375
453/cb122186a02cc	3.099039993497646	4.9585625
450/34fe12194090c	2.0391568130278257	1.682375
451/f39364fc12519	2.6381601602157327	4.86325
452/605b0087c9ea6	2.8394048435740245	12.1538125
453/71761026566be	1.977261902288312	1.25075
450/2117af0d81527	2.988394565125278	1.7591875
451/0279bb056edda	2.056376360132779	3.106
452/efeda85033211	3.09192548524114	4.6739375
453/a2c32fb821565	2.6818540466537186	4.393625
450/8347382e7019c	3.4687981147969085	16.565125
451/ebce1622e40a7	2.288572226999762	3.51025
452/dad63a5e83a10	3.1087780079259155	6.096625
453/656e88753449a	3.226738947283224	5.0415
450/641f32dbc27ac	3.2317447408711852	9.9524375
451/3b245b1547480	3.1427975723588264	8.325375
452/2b8ed5db4117b	2.4037750185532967	19.6939375
453/a0d4385342cf5	2.7524844988096286	3.820625
450/bde5813973ba2	3.4360438753667637	9.130375
451/34228334a0e4f	2.7419859020288966	6.652625
452/32fff7c5ac9bf	2.7686926793067848	3.171
453/d150225134dce	3.1159595051527007	14.286625
450/3cd55832095cc	3.4647813431376804	6.7285
451/21546ec80e7a5	2.3667721283341776	3.136125
452/7c105c0e29608	2.9054742038049763	5.3573125
453/fa107d39c027f	3.3835902718867463	2.9829375
450/8b84ab029e97a	3.146551334914907	2.4738125
451/99948fcde203b	2.6063006271971614	0.95325
452/1cc5defeed97b	2.113632181563208	1.29275
453/e667854e428e6	2.2113042679406685	1.4895625
450/e2b12c38cf1dd	2.699510598686396	7.4309375
451/4356584ea22d1	3.232540006032594	5.6735625
452/60cb8cd0ac155	1.6216208863152697	0.816625
453/e6392200e4d3c	3.3614191985381545	2.8955
450/498bfe198f90b	3.021512102994024	5.8175625
451/cea1c6a423dbb	3.3024782504308603	4.1309375
452/8a88fdaf46cd1	2.5740100633878282	8.2999375
453/77c83e4bb479c	2.986103087892394	1.2886875
450/af53bdccb9812	2.9174505073047587	7.157
451/ae6232a88b24e	3.0333402337263102	1.2975625
452/aac7178e276c7	3.2394068073220974	13.461125
453/bf35eb4814a91	3.532693855779352	9.4838125
450/f8df593984230	3.2252847934695468	3.5755
451/cf9c3b74805ef	2.3107878422654435	3.4911875
452/ef92ac43849ce	3.017428268000361	6.8419375
453/321d3b0b2b747	3.3170418992417403	9.1078125
450/9383c26f39d4d	1.8176188996434441	18.3830625
451/202e542977e01	3.0198723986347025	7.4141875
452/16b4d1153e8e6	3.357287360249458	7.9175625
453/d8973553441c3	2.2741645921003855	2.543
450/d2f05bc05bb5c	2.66740761711802	9.0611875
451/6d1c9571d88bd	1.1236528448776832	3.242125
452/1cee646efc9b3	3.403334076399598	11.531625
453/82750852679e1	2.597691504907545	9.0555
450/377efe740c6ef	3.157264666918323	9.215125
451/2eaa87c7ba6f4	2.609330997048074	4.339375
452/6c59ef3c2bfb0	3.000597998971419	4.4305
453/01e9f7efdf3c9	2.868756351439053	4.0939375
450/99cda97c6057a	3.370414608440224	12.5515
451/5f8e5049597a9	3.0241984447556898	8.0663125
452/8c6451b13c704	2.9492219653107368	5.577875
453/a1e6de036f330	3.498657517866866	5.405625
450/9544202204d7f	3.389733390138323	5.016125
451/73081fbb92f76	3.2410108680528014	3.51775
452/e90241dd01fa7	2.458293990460985	4.5663125
453/6f8809adaf7bd	3.268303253911001	5.7043125
450/4730c9ca767fd	3.042519316390073	3.7023125
451/9167e35b7767f	2.0756371823311914	3.462125
452/1488589e15517	3.2848717764075865	10.4783125
453/0e31d1f76b770	3.363139247294623	10.3604375
450/335e61602c476	2.9082691346266483	4.8361875
451/30c48c181392c	2.7539523852754857	2.0508125
452/a711d59d97179	3.4253362834985888	5.4870625
453/831ff7113a73e	2.913712399615803	11.2859375
450/d5b4f67b297f4	3.1568440245581546	6.2618125
451/aee1a109ecaca	3.295195157031991	3.30175
452/93bccd5262630	2.2602256067206774	7.48975
453/bed7b9c7af04c	2.4718255809109113	2.654125
450/ca5175f74fa46	3.2949988309480482	7.297
451/12acb66a2fdd6	3.367221977677537	2.8305
452/122518ff68522	2.5770780753048834	6.374625
453/757fd2751fd53	1.722402384971792	3.9375
450/8006eca3fa4b3	3.10427989878395	2.7411875
451/d1379b77a5ab2	3.0510308017516445	2.3114375
452/d9db3d7e24347	3.3472009280804818	2.28525
453/7a5159c9b2d80	3.5035304780575816	13.7335
450/923a26ec499e3	3.0144273609834293	15.6819375
451/676e140e6fbff	2.1782697741983594	4.694
452/f8314fe8868e5	2.81748955212603	3.1618125
453/5ded620642e56	2.4604708108961892	3.170375
450/001c3b8192040	1.8068504603056954	1.05675
451/260a8749c57a5	2.6941579535248823	8.174125
452/dae7efea8d11f	1.8212164863693374	4.4174375
453/217d694b9940a	3.062270210384099	8.0864375
450/5bb691ffdd058	3.203989132655895	4.644125
451/423f919f45c39	3.158047227406328	12.9176875
452/350d5007d8ed4	2.438986577844173	5.1975625
453/acf28be394352	2.992352479571884	9.6164375
450/3bdab4dd89f07	2.4640719970174727	2.496
451/7101e4b8558d6	2.5793351094249344	7.301875
452/91ec87f474e7b	1.3928207523609917	5.1795
453/cf4304f7b1c5d	2.1054889222552027	2.4046875
450/3f0f1d64daa60	3.3393162021816925	8.3341875
451/3906707ee552a	3.0494090305952963	3.720125
452/b7bdb70a00f7b	3.245508381232154	4.13875
453/723c3b89c891e	2.8746435266202064	10.833
450/eddb102a16624	2.9885129732132487	3.1355
451/09ba118e3ca47	2.742419171411205	5.6435625
452/0044de95c6663	3.37173044881861	5.219125
453/407122e8606b1	3.3968876606447242	4.772375
450/bdeff873a0b94	2.703715209466185	3.413625
451/af7e811c61a49	3.400568336882099	3.4019375
452/154e047b777be	1.9808502644923869	7.4414375
453/4339aa0dcc5c4	1.706315180581437	2.5198125
450/1c5cec32277c7	3.1667125377506706	6.9005625
451/d6bae42573119	2.2545750925829267	1.2489375
452/d670c1c80348c	3.294452640039854	5.6174375
453/82ef5cb71b72f	2.73813116417352	7.826125
450/5510c2f249aa5	3.172921508504651	6.9920625
451/c20a0c6dccbe1	2.873254000471954	4.7785625
452/2619a576a5950	2.7408490862387813	9.6515
453/bafe9ceaad944	2.2725372508508856	9.5831875
450/dda4ccee848ea	3.307997708563177	8.187
451/06c90f1373fe8	2.584185445022123	6.83725
452/cfca55f42e471	3.200908137710049	10.4559375
453/4e22cef5bc285	3.2105435073479205	8.6024375
450/dd75fe9b422ac	2.183485447574311	4.1050625
451/38998691bfbe0	3.24044714586024	4.63675
452/bcc27be424efb	3.3502462820796226	9.6691875
453/47848c4785d93	2.5155857744871413	1.632875
450/8c865f3ec8ed8	3.251094953752639	6.9950625
451/9164308004398	1.6828932701280033	2.9426875
452/a449f8713596d	2.6581384127963728	22.0558125
453/239f2fd3997f4	1.9376171312814954	1.9519375
450/1010f309db322	2.3949871230938338	2.6915625
451/d9a86db0285bf	3.4065348222591725	5.6539375
452/1e468d36d43c0	2.1522469665140704	2.3565
453/275224e96923f	2.3151512931472658	1.008875
450/3c8e9b303e49d	2.7227612303802187	3.41175
451/93d15abd91eb9	1.7179960305791058	1.2489375
452/70d5d284e8ea1	3.085738501948767	9.5094375
453/555075c907001	3.086802584721572	7.23325
450/4afd097d6a79f	1.4427006839223864	2.8350625
451/b0264422e73d9	2.9398491823149726	9.6293125
452/2a027c4704768	3.4506449898593705	10.6660625
453/77c62c6326fb7	1.4279174203308291	0.8415625
450/16abe5f3120e0	2.4161733262240705	1.2008125
451/032036f0d3a7d	2.549493373430547	8.3219375
452/c542cc95d9377	1.7882105702968105	4.3796875
453/4d627fcebe68d	1.6088020131203542	1.2898125
450/33585a739449f	2.910618188623946	3.221875
451/071c8baf5493f	2.4774854434738907	5.024625
452/f5721eeae97c9	2.291603762283824	9.3066875
453/7f646730499ab	2.5608106416587515	7.3726875
450/e9f740428fd74	3.3524885318449895	10.4310625
451/53e72773d89ad	2.5056942581062653	1.6103125
452/7c7ba7cbd924d	3.193620060232225	4.2729375
453/40f6b235f784d	3.113674046697961	12.5885
450/9ee5500b91dec	3.306529550239894	13.44775
451/ad87c5ac36dce	3.345692453709944	3.1890625
452/9e560670a137f	2.662578397095057	8.5420625
453/38bff267b8976	3.2766529154651387	3.527875
450/546fd853b547a	3.0389600093776123	6.3198125
451/272b35fc9d517	3.2483588446929357	2.6545
452/37dd61285db63	2.735960777570935	5.5736875
453/7559d7e1f382b	2.765193569454896	3.0504375
450/264f6452dba9a	2.7323151120391267	8.73875
451/767e592139ccc	3.10977556030696	1.634625
452/7fdffc81bd561	3.5118284462473426	4.6740625
453/ed093627d8cb4	2.3491453677404888	6.7765
450/630f46187d66e	2.098921140320382	22.4258125
451/f335a43943697	2.7197185354497706	6.9128125
452/bf4e220c3908c	3.151267913941051	3.5375
453/43caf911de14b	3.1297480145619874	6.673125
450/1b61e43c729e6	1.1556680783178324	2.943
451/d0f283fb332c6	2.1613949961006287	4.077875
452/5592da8831355	3.337275537038033	4.654375
453/ffc1e49fe3473	2.4868800951942225	3.411625
450/906619b35da6a	3.4925802295123445	11.089875
451/b36509e3935d6	3.415646126934462	7.984375
452/501d069daeabc	3.2410225231249097	2.76625
453/e5bcede65fd56	3.0244275607873274	10.3160625
450/0ed9dbe665acd	1.3130163131591344	3.2605
451/2e2738307171e	2.893468606104288	9.4665625
452/19827a3d319b1	3.08835368899093	2.06725
453/440091eabb4ab	3.412918568929461	6.748125
450/4515dc30ffec2	2.321270355125993	3.50925
451/de620427e3f9f	3.4396729724476796	6.6935625
452/78ab0ab438944	2.9025507590315804	6.2125625
453/72e06b1c00bc0	2.9185582765024103	12.2585625
450/770f26f0169da	2.4769781364309886	2.7105625
451/dbffb9f7d0140	2.9472801804745936	13.0371875
452/5cdfb4143d66d	2.931077728179461	5.1748125
453/625e5fdfe8ab7	3.0274755041737365	2.9993125
450/e9e43b5903a97	3.3664818949201183	14.7264375
451/e61547851e90a	3.497668242028877	9.1819375
452/645ebd00f9aa9	3.2277857119537794	4.342
453/3036659fec451	3.4573793713851795	17.8081875
450/b0130cbe8ab38	2.2277204502901657	1.996875
451/557f019fdd18f	2.5090098196812476	1.51
452/33458d493c9b2	2.9469975153960637	7.5444375
453/560fe3ca188b3	2.0457265563778906	5.0131875
450/00d43f61e15e8	2.4259593343790264	6.7524375
451/761d03b6fb79b	3.260482524511418	13.48975
452/f8b9170a7afc3	2.8473313315389417	4.4415
453/fa6ab3dc8f695	3.094008575107157	4.008625
450/f29d57fd56d89	2.1934111233897995	4.771875
451/8bbfd77997838	2.2588674420246604	3.4135
452/512a5b202ed93	3.3685785966344084	7.6318125
453/3fffa29f16a8e	3.157050056243957	9.5436875
450/57df63a3f2729	2.568372941959415	3.226125
451/0ea89a0063dc9	3.3516448107008197	4.946625
452/bcbcf956b7478	1.4284966688312224	1.2409375
453/f6f361e8c2fc0	3.1477655157434783	3.9923125
450/e17960a659217	1.52298857198572	1.8996875
451/12ec78f548b3f	3.4445936293583337	7.0641875
452/2a724963855f0	2.175975043657891	1.4886875
453/49f2774eef4df	2.8428226944335586	4.8774375
450/d5de7abf78ca0	2.9514228043885393	5.066375
451/783ea004e70ab	3.358504561861487	13.4073125
452/ea63b5457d9dd	2.04880591213844	5.9784375
453/0fc8bdb4d888a	3.243273601890383	15.3859375
450/754f496a1aa35	2.008844564892316	2.9910625
451/4bdfd610d7590	3.0827969336053083	2.433625
452/d32806217b06d	3.034379562188479	9.805
453/19520146353f3	2.582703939004034	5.403875
450/1ac819e6ad6bb	2.8054071098774593	4.4776875
451/90cd1b0f1f657	2.8466957828170716	8.61925
452/7cdb34245f1c5	2.9428802589874383	1.7519375
453/eeb0fdb0dcc69	2.8183663411157602	12.584
450/92f5051c36f78	3.293178929410414	7.8514375
451/8c6881e3bfddb	3.0690522297604823	10.838125
452/d9417a4ad6d1a	3.2410345133704133	10.79625
453/b30384e8f2711	3.197281586518329	4.5931875
450/6b24c5c654cac	1.5381761263031797	1.2825625
451/771df34b54333	2.746236448600025	2.0515
452/c3303c1a0b71b	1.9466100322161608	1.923625
453/64af1c59935dd	2.486191026445201	8.1224375
450/6eadf83d4f0cd	2.0768990681893893	2.5005625
451/85e6920e4deed	2.8171313496737733	8.2121875
452/e23fd1dc80df2	2.5591097024370164	3.107
453/c8ab713f9ae9b	2.5555847486794017	0.912875
450/684dc09b9776e	2.707445626831453	9.0200625
451/6064d5ca8f273	2.4969701879615123	13.5234375
452/50b3872c0d02e	3.0158324978084914	2.2689375
453/772e164513ea5	2.9172026364827417	3.19225
450/05281e6343219	3.2175749258577975	3.2859375
451/dced917b98952	1.634616573356862	0.7685
452/52cc875fd7032	3.2044141819560163	5.5115
453/ddac565a0b1b0	3.0559381282555127	7.68125
450/5b5335dcf198c	3.0000500144265807	4.0635625
451/80576737ed07d	3.1590591837145467	10.1823125
452/afb76d5435242	2.2177240407869854	3.515125
453/3e392222f0d5f	2.959178773808368	5.67075
450/73e09704b9493	3.344605054566229	7.652625
451/f5cd66eb7731c	3.0270211513746705	2.715
452/a8cd2b360234e	1.294631265620457	2.594625
453/69634b1fb0b91	2.5242589954908885	12.8973125
450/17ec3451bee0a	2.8759813875848788	5.833125
451/fc975e35944f4	3.047040220653777	8.47275
452/888c9f876d159	3.2886206337455435	4.112
453/fdb7dcfd9d05d	2.1519105611064213	2.8509375
450/3086b310bc53a	2.20234828874788	0.7684375
451/888a450a55af1	2.9912013560978097	1.820875
452/76f9e5efe3f1a	2.4616704773412303	2.2833125
453/a5acf0af63b2e	3.3607869154618366	6.348125
450/f2f7e2025b001	2.3117213196877615	4.63475
451/bdfe5c17e0e98	3.2924208820729515	2.6924375
452/a718e8eb37c75	2.987092948108951	1.8609375
453/18c41224a62c9	3.455151694114769	6.500375
450/2d77db1b7fe63	3.2712910316494668	5.40275
451/c5fe74afaa871	2.8177011205437155	7.0874375
452/8eb94887fdc7a	2.172626911839033	4.0690625
453/d75dac5fbb02f	2.4696989974011454	1.3935
450/4c0f6a1eb69ec	2.9859306307476645	27.2288125
451/0f39263026556	3.1317532975832174	10.3376875
452/5eea3578e0bc4	2.9098046316246586	4.466875
453/d05acbe6d10a1	3.056526288863169	5.2061875
450/ec4c5b11ac590	3.064035858647972	5.4706875
451/8ac2fb9995e4e	2.545808294907472	1.39325
452/5e51370d038de	2.4194370158836462	2.74675
453/f8479e46ce11a	2.87305566857919	3.7228125
450/76bf863abbc58	2.447785885321863	12.9673125
451/0d560042301c9	2.758613145453425	2.3813125
452/e9373b07176fb	2.8950701059395874	5.11
453/fec321d1cf912	2.6646893128645677	4.2920625
450/43ad2f186d70c	3.353790862579838	8.8311875
451/433a5bd26d114	1.8569457938862053	1.18
452/8cc76792911dc	2.82050586240091	2.041625
453/0cf3941923624	3.3261052697352183	10.143125
450/f5438a2045914	2.517777123732704	6.1720625
451/6d2c5fae998ba	2.4069542645704334	2.270375
452/296baf54eadea	3.1546414076323854	2.5399375
453/31df4325f8fe8	1.158431077943288	4.2495
450/aff4dc5324ac6	2.597508895632449	1.0569375
451/f243dc27b65cf	3.3025179503861843	11.2445
452/4405b80c62c7c	2.8091285531701264	2.2330625
453/59703783d7227	1.9234198228518444	0.720125
450/88b6f5d1704e6	1.4384852400683663	2.019125
451/e37b7a3909d17	2.8886279605378453	2.1715625
452/77783ed89a16f	3.4006369300131083	15.25275
453/a82148d74c593	1.2655880071813757	1.9861875
450/521461e8b7b56	3.3148662458760128	5.3411875
451/845742d28da76	2.4964667153021214	7.8421875
452/af14d77920e10	3.188813042126452	14.171875
453/67e458a5f9b1b	3.1267741434210232	4.5623125
450/929ee468ed7ed	2.956813414808858	5.4564375
451/ee2a8b5fb2549	2.969705402338354	7.6215
452/eb000ae9afdd5	1.1044870911710736	2.9051875
453/60d5441156e26	3.059994109304388	5.35775
450/d658e3156fc8c	2.7854225784758078	14.3393125
451/8c919d3334a9e	3.2517272092035467	9.3325625
452/f1caeb8a850b0	2.7095079979545487	20.545125
453/5f5fcef874ec8	2.2323050348515543	3.817875
450/c9bbe96dc2381	1.0823844503849485	2.5470625
451/efcdc788c939c	2.9335199252207707	5.9769375
452/e9ca5cd9570ce	2.5244619096745233	6.4866875
453/1581a39b9cf52	2.3374669273590127	7.23325
450/6559a14f0d14d	2.535206885325696	8.723625
451/8bc2288189006	3.081358972581983	7.184625
452/13b9d9208b954	3.161947484737136	5.9433125
453/5edef1f197dd8	2.7073395623132677	3.923375
450/d68eca04531ad	2.793099825403626	14.979
451/10154d8fcb367	2.9639431113333123	6.0375
452/549f9f372ab69	2.034316597355333	1.40575
453/0fe596c7c0a50	2.797396419243492	4.2585625
450/e94ac328ca911	2.571274562448669	6.2148125
451/6fba4c9715c08	3.076199075036164	8.7656875
452/71a5ee7f8f57c	3.1539708125784345	6.1441875
453/60c32dd081503	3.1812128640930317	19.0571875
450/e0a82e81b0a1b	2.575892710722255	3.681
451/2dc6da6a46b6b	3.1694874188753466	4.8211875
452/e1fe7240e170e	2.319544196023705	1.345375
453/3e2eac34c41a7	2.059005911672871	3.041375
450/cebd2b3d6f77c	1.5908618636013663	2.1816875
451/54678a3195500	2.838779148055827	2.7776875
452/04018da0754ab	3.3566069999916954	20.6794375
453/f72d9b8246fa1	3.2614689022764085	15.7458125
450/9d481c9f8896f	3.0582360165547238	10.8989375
451/dead7757bee21	3.2573719436582698	9.7148125
452/c2b776a9f8592	1.514828396395579	1.80575
453/96e097b44c9a8	1.097041861974912	2.8724375
450/9f68fad3db749	3.3599330735446546	4.6190625
451/21dedb0354c27	2.6408354365510043	8.3128125
452/d9ca7ad8b9fb2	2.8095378416259833	3.569625
453/9493488f4fd18	1.2868468642596729	1.4444375
450/a12212fc2770f	3.132583176286257	5.11225
451/fb4bf9cd7f3ab	2.8757316950676937	4.4941875
452/37c7388712346	1.7582638862253166	7.5854375
453/32037a071c707	3.2816936676495496	4.2424375
450/23a71ea56b499	3.2499290765144813	9.890625
451/c42a76613b5ea	3.4038991105075533	5.883375
452/1519aaa8db560	2.19475493391221	3.76825
453/08ead37ea940e	2.5959928031989294	2.886125
450/28471a38af09b	2.985820664266612	3.0673125
451/ffecbcff0a5e4	3.1292216681221494	11.172125
452/47c4ed4312f70	3.1108683511923942	2.115875
453/443d4bbf3ca26	2.267200112945006	2.93825
450/b3378efecd7b9	2.8728776583965123	3.2673125
451/222788ab6c3e7	2.241412367787805	3.5585625
452/f8dd2bdf30a02	2.480771417515409	3.0765
453/767d10ff196d8	2.771487188825021	9.1810625
450/793b9f3a092b6	3.2702377119907866	11.73425
451/ad0c5d05f4640	2.8756490478561023	5.8370625
452/a1189ad9fff09	2.5501067104931745	1.3930625
453/b49a4364d009e	2.689295570124523	2.27275
450/edf443df39aff	2.2704997819796247	6.0804375
451/232721d45082e	1.4703597143598746	1.1531875
452/0d264f958a868	3.446603671745312	5.362875
453/1f51af8a51a5b	2.3650137149976995	1.273625
450/e53274380cf5c	3.333073533314146	3.0365625
451/704d945e10175	2.6767097005957647	3.1125625
452/392da962fb172	3.22806946948983	7.01225
453/69c5858a5b2b6	3.347809260584852	9.8196875
450/01f60a841a758	2.655425741889205	2.9381875
451/ed5fd5a1fe701	3.1133877164782797	5.8665625
452/ef78af094c943	2.0842427056681423	1.16125
453/e2a339c70791e	2.688172224154099	1.769875
450/13cdfa5226e9f	3.122250689074901	10.842875
451/4e13feb8afaea	3.1019280943600473	4.6816875
452/fbb1a4b84d311	2.5451773870624614	3.7511875
453/1eebdb830c683	2.460915791643016	1.3699375
450/0b16c968bb9ac	3.1346760537962064	12.3905625
451/42b1c714762b7	3.024874170537676	2.0905625
452/c3ee72a5f4ee4	2.8233395482056163	8.0731875
453/e8833880ac267	2.0278077090879223	3.805125
450/12965976730e6	1.6746855809906367	2.87325
451/01c433c58415b	3.5202336975389543	8.6795
452/b4ed3a297e6f6	3.137553716768978	5.8848125
453/8055297eba38f	3.4408242398663864	10.907875
450/a368c01789307	1.5015619462984762	2.465875
451/51619006f0f34	3.3974925936935545	2.2595
452/9d73fb4ec51f3	2.9102209820828238	1.1526875
453/110ed7c482278	3.370415287436091	11.4795
450/b3d2c11f147f2	3.277681725637231	15.2125625
451/35d2e06175f60	2.4520892537376686	2.181625
452/ade934c86d789	2.627386780887017	3.15075
453/3e58aa0f99275	2.8731307277546065	2.5104375
450/275be012fe9f8	3.076288702135643	7.3830625
451/b331ef20bd939	2.909942411171749	5.88275
452/abe26ba7822ee	2.8894600884366612	1.6346875
453/1c33a8d446935	1.8024031721121299	7.8383125
450/d2a6032216d4e	3.183567513128348	4.7551875
451/808aca82065ac	2.8703711561096252	3.2533125
452/ea1816778d7c4	3.3310156947835026	7.72075
453/8f6925606f765	3.374336520303168	7.4265
450/898a3ae7f6fe7	3.392038155876444	13.7013125
451/f03bf18f3f3fc	2.662208879807342	6.577875
452/ea37633d092d5	2.594972867322497	2.0561875
453/9ef77bce95636	1.0833514396044528	1.4669375
450/f865f05c96f9f	2.329131824513741	1.5845625
451/90675625c98ab	2.3018727564536396	1.370125
452/4fdcf77fd5ca1	3.183670595532564	9.8745625
453/52ccab59a7583	3.0783706390870886	3.818625
450/4eb614c897f92	2.6062373306417848	2.796125
451/4e14daec42c01	2.921973625426065	4.043875
452/c77688b9bda75	3.385474041529451	6.113
453/29d161764299c	2.9380332716543593	7.2031875
450/335b149647e71	3.1483789161573115	3.038625
451/9872a13fb0e41	2.3238929422206644	7.8619375
452/8eb9fba222850	2.4943105299584363	4.8755
453/b2c1a1d3a18b8	3.1530769885705996	3.8614375
450/a4193b906417b	2.8496878376488484	2.6646875
451/112fb0518600c	1.1984819084620553	2.0465
452/e1d7b2588a158	2.075316376040482	1.8565625
453/845d9d6747a7d	1.494874881401617	4.346125
450/966220d3111e4	2.9451383232842683	5.547625
451/139e8671c32ff	2.374909888977166	9.894875
452/7a9231cf1e9e0	1.8670733740345078	5.747875
453/a0a6a81754011	2.3540747995049465	10.32975
450/9f61e63e13043	3.2244989133245814	9.161875
451/d77ba930b9bdd	2.751461897118178	5.16325
452/0e66a9a37ed50	3.2708432811892694	3.61475
453/c232d6c163f7b	2.522621405044521	2.0300625
450/8406c6a91a70a	3.1600732589909346	9.6414375
451/9435df1c6fff8	3.482386321151804	11.354375
452/756f7e53f7d6e	1.7673735682919731	3.6023125
453/9b8bd4bd9a259	3.4631481319913036	6.6450625
450/0e33f4eb6a803	2.7579394141439764	7.87825
451/d36d990abfa23	2.599987269019688	3.5450625
452/6d67adb195ded	2.8995833460938507	3.231875
453/df70f737a7b95	2.9230831278745435	6.390125
450/47a5a9ec511d8	3.211306835110411	7.241625
451/deece1db36f4c	2.7282468314851633	11.632
452/cabbfae96d63a	3.02910303449857	3.7060625
453/0300b6ec49b0a	2.6903845960145523	2.0630625
450/1fa83a13a7915	2.0058698844224376	0.72025
451/f20bae32fa2c2	2.564186958092473	3.5970625
452/0c71d6bccbb0f	1.937620033625899	3.913
453/d61f0bb5f04f6	3.05727086183635	4.562625
450/df58f1030116a	1.2867881437180002	2.8365625
451/8c602e795d08e	2.228429434016971	2.259375
452/f9b5770a97a3a	2.825329117009701	13.2049375
453/7c725f7430692	1.5381136157086717	1.371
450/db8729f41febd	2.138488961917093	6.123375
451/827c508cf3d38	3.4481480478011455	13.32725
452/e1e6b324bcd21	2.6487613258812184	2.6003125
453/a7643d33cd985	3.0972621295596108	3.2651875
450/67f5f097a68c6	3.0582383602239336	24.2429375
451/65f897897bcde	2.6465151064202477	5.7679375
452/8de6ed87b262d	2.3262534051490453	11.5798125
453/9811f77cde93a	3.249687537021544	2.4169375
450/c787d4cc0fe22	2.792680541921321	3.1200625
451/8ebd8535898e2	3.1889622065543075	11.6705
452/6af0303f63e68	2.3817170161555854	1.772125
453/b13fe83d92e59	2.7212988699703824	2.0669375
450/58bf1a3fda6d5	3.3914594476872515	4.2636875
451/462e09a6606d2	1.847321010742846	1.581
452/b40ec4cd74880	1.0957870569022925	1.67675
453/e6279271fb006	2.2435983562265145	1.09725
450/91138c103c6c2	3.110702225955149	11.17825
451/58896f3dec81e	3.26225097219469	7.4746875
452/5d3ae7a46ad9e	3.372632357537114	8.2935
453/eda5fb85d48e9	2.692297508737821	3.778125
450/57e64cc951b7f	2.51916078520575	6.878625
451/da2c40b2038f9	2.8098093979691776	8.4809375
452/ca684ffb7028b	3.169892008508036	4.4478125
453/bbe8c79d7348d	1.1102650410990114	5.2219375
450/29ebd26ad1149	3.1726503666474763	1.537375
451/1569ad6ef9585	3.115864989540383	8.007
452/f66bdb03d9410	2.1469616821501503	10.5275625
453/5f423528200b3	1.6177672949244764	5.8836875
450/a6f5f94c42217	1.2886801116352538	0.7201875
451/b83b080d003f4	2.311157074302438	2.60175
452/9808725d1fe68	2.6377998753564182	14.537625
453/1329e7612cd27	2.8875317250768555	4.0614375
450/9ace6becc4718	3.4634080192604015	17.79375
451/ae9894bdc62bd	3.1101332077825314	2.750125
452/7655f0301fa21	3.028528292072309	13.7658125
453/7290f00181d7b	3.0517466452498963	3.5690625
450/ff608d8f76682	3.2133848213392757	3.4314375
451/000c96a377004	3.291641767413323	9.6713125
452/4d68cd1ca2d42	2.6128615958872743	1.585875
453/c0e837b37918b	1.692397135709778	1.35825
450/fa58708f96888	3.2011321576188476	4.50125
451/5522ab2112afb	3.1963307578730515	9.2194375
452/f7ceb97f03995	3.362526239633484	8.8674375
453/5029a4de2a936	3.2932324693220596	8.000625
450/75699e8581405	1.3010250743139287	2.196875
451/68e2ebe33784a	2.035000723940605	2.163375
452/276eb7f4851d8	2.830814044629875	1.1531875
453/b315e4137bd0b	2.588492201639825	5.0681875
450/661c1b977c129	2.7751035468146052	1.66425
451/f0b2aef09f6b0	3.3169395475388193	12.18475
452/fd8624e756912	3.316448838883411	10.3199375
453/1619f55eec13a	3.0605512425372723	11.0988125
450/9be2e8be46a8f	3.388867361519418	4.678875
451/d4cf4f651093d	2.106902700762868	0.91275
452/29b6d4544b64e	3.017994667177401	5.6275625
453/dd80095a4bc54	3.252884806223186	4.113875
450/a919290e660fe	2.426487989975714	2.11575
451/8155a1e87060d	3.063929394813442	2.5509375
452/1d64da313b986	2.159242841486222	2.54425
453/d03ff7ba52d7f	3.114079661058795	8.3666875
450/8a6ebf5d96f60	3.28873488421881	17.850625
451/6f291befc54fb	3.0161170411833322	8.58675
452/c8665450b44e3	2.750481407597375	1.665875
453/1030908d67b6b	3.2197909604246675	3.9365
450/e9aa0aea6810d	3.307777200977715	7.0069375
451/22cf657c6f08e	3.269201717195855	4.1565
452/a89b5cabae487	3.035158827806341	4.1703125
453/42f1a447892e8	3.265812914801023	3.21975
450/bfce86c54c4c0	2.6598151612348535	2.69675
451/8c117f95f3c84	3.290063013574229	12.2115
452/ca7755c2819e4	2.760919235538527	2.3310625
453/c0a02aed78b6e	3.355129434501986	6.4881875
450/0a8d442a74368	3.4732748942495237	15.3625625
451/73fe03d85fa73	2.1900322778660217	1.1806875
452/2d8ed4dbe98e5	2.7574032767313605	8.9925
453/6c8254bd35490	3.0914436187458505	3.2009375
450/f566acdd0d7ae	3.3980009782763014	6.944125
451/0e700a40e98e8	2.456272044911994	4.1648125
452/80c7a88dc5a8b	3.0535891984625443	4.0945625
453/6a381967609a5	2.7482704320677933	6.5035625
450/f0cf8569219ed	3.015649058952388	7.5859375
451/ff964700eb3a3	2.6788104544655122	4.3323125
452/a7fc18d068799	2.6178160518134095	1.61725
453/7ae70ab549515	2.927022460745912	5.313375
450/59f97e9802ba8	3.37966090018834	13.95775
451/8faf0a03cbf49	3.115437077518212	4.4781875
452/5258406c2be52	2.546094587153823	11.0585
453/ab878b76ca1db	2.7393649663091786	3.2000625
450/65c672e3fd4a6	3.1912976305297107	5.15275
451/b9fc97472680a	2.5121013553490776	5.22225
452/f31e4d3c1d02f	2.358768197644818	3.768375
453/b3468a447d706	2.5113956519845217	2.9315
450/42286dcda7d76	2.6714903234275593	8.8353125
451/b69c5f073c16a	3.116416569327902	4.3986875
452/8241d6918052d	1.7230872491585607	1.537625
453/ae43dfb1676ed	1.0769284802530674	1.9255
450/b8df6d5d8bde7	3.4872407130103147	9.09675
451/779bb64e54d1c	3.2896486931710838	3.724875
452/0cac0eedef5fe	1.0909634833905193	1.779125
453/5fe01f2098ef3	2.928115066504587	2.63325
450/08bd083946b7d	1.0828171038453778	4.1053125
451/8a5a70cd4a9d5	3.2896180548570713	3.4634375
452/5d2283b4edf7e	3.2504074629570696	8.1034375
453/1b494be3af560	3.053854531500682	4.431125
450/dca70edc576c9	1.7617250656303907	4.4904375
451/be1f80549cbdd	3.1231173984880924	4.41475
452/f053d27dd3d37	2.5287450076689075	1.2729375
453/a738958b8446f	1.964303102906419	1.842
450/b852ad9e07eaf	1.0959535168114445	5.40325
451/38695a8b70706	2.704510735056117	5.721
452/49587135c6866	2.865412786280076	2.645375
453/4a5d4b1114601	2.7783865545253086	5.6725
450/8d84628af5452	3.072700617772314	9.834625
451/f82163096d7eb	2.6643910678398055	2.6945625
452/a4d1274670eaf	3.4105191218692874	2.5280625
453/bcc88eb0c04f9	3.3959479164331503	5.4396875
450/fff052112c121	3.2646767507147687	8.6038125
451/c65209995f5b9	3.2927311092321077	6.027875
452/1912ef2183738	3.016046897955478	6.7621875
453/61f8a0e564a28	3.3520862557079383	12.4430625
450/866c60cfc99fa	1.0635179528717176	1.4978125
451/69854775af2c2	3.180531749538577	6.92225
452/d6bdea329f22a	2.67426412568183	4.11725
453/f326de0946318	2.5327232816045724	4.7065625
450/5f5331184598a	2.422211222745784	1.7453125
451/c19b0b3faffd5	2.5520817040497907	3.85075
452/9f453dcbb1228	2.7336184235765897	6.770375
453/5d573b8212c44	2.8923130157369767	10.3506875
450/b6665906f08ff	2.042068596791573	2.8135625
451/2e5f8d12fdb0f	3.202327809072785	4.481
452/a537edade133f	2.885010245174263	6.1589375
453/89fe4c082f507	2.9633121433139578	5.414875
450/d0d07953b512e	3.281819463628681	3.7645625
451/9b72df7a7ca9e	3.0902875960294076	2.644875
452/9a3abeaab4d97	3.1649442305369573	5.4861875
453/a2fa80c24c424	1.5097478793574521	1.683
450/761d2ab92cada	3.267006128122319	8.7386875
451/6eeb2826e15fc	3.3094022655932456	6.1440625
452/2a0faddc60abe	3.0650491897306136	4.640625
453/161123b50229d	2.0984766568847197	2.1476875
450/f1f5f0f130f82	2.413319923765133	1.875625
451/d9f5f6e46fa93	2.9042834305540075	12.979
452/6252959122032	3.207808876387372	2.9449375
453/409a5da74a5f3	3.0015195034987165	3.9915625
450/f9cf434f5bc5b	3.3762128340930992	11.538625
451/b3ccde97291c8	3.0119331468040103	5.5175
452/80456757d3bd4	2.7267080604914073	2.092125
453/902a3438a3d17	3.268766071330078	5.9814375
450/55b695bc2ce63	2.207007835282586	4.345625
451/86ccadbb1a4c1	2.6776509645580906	13.764875
452/cb9c3a77f48fa	3.1094249849955444	1.8274375
453/9696087e52211	2.875477443799712	2.0190625
450/769df31182021	1.9074243717482453	2.4206875
451/7053a584f5d97	3.1850002650719027	5.0453125
452/a82b9449cbdcf	1.7730956396604245	3.104
453/207d9e168053d	3.024903624544634	4.5315625
450/30bd95e6f977c	3.279220178619436	1.3450625
451/ebb74a3e7d96b	2.7281015318515167	1.9711875
452/63390dd46b304	1.1092351611972593	6.3901875
453/a889ce2a86686	2.8882056459540952	8.4831875
450/6de7ee846892f	3.433117105691253	4.6928125
451/d2c54f9926567	3.283433246600962	8.3541875
452/bedbe79d381a4	2.4040302046614155	2.518875
453/12dc5a5d4d43a	2.5263032233904283	2.5970625
450/95c9ddc8a6e71	3.135428455981291	7.1211875
451/1b074ece18c1f	3.4772079429542764	8.7630625
452/be93eaa3c4875	3.1841648491252603	8.1911875
453/18f1c321f5d11	1.1056556843654128	1.625875
450/bda19e02c8166	3.2011025966955344	4.4745625
451/98276da9077a4	3.3475717969107395	7.0715
452/533785bdbbca0	3.067944814728577	5.7723125
453/4c30b462b1bc1	3.014958374116221	3.8535
450/b6f35500f2a0b	2.9703461230488957	2.9790625
451/65e0da07ebd26	2.6509416083664807	3.135375
452/73256abfe6192	2.836717764164334	6.528625
453/922a82967ff17	3.434402435399177	6.6915625
450/e96d56cead6d6	3.4955559448106124	16.6439375
451/253652351c209	2.865019672434561	3.7836875
452/26d627554c235	3.0296391158527456	9.839875
453/23dfabf1f36b6	2.530974051728059	10.64925
450/9104d541942c4	2.9020451385494317	1.345375
451/64e3d909f6f8e	2.271809896339977	1.875125
452/0c2468f5967c1	2.044781905556687	1.2736875
453/9cd29bbdbb1dd	1.7966061436086684	8.433
450/be556fd2a0d4d	3.0403178854510315	2.7146875
451/2cb63f4dcc9e1	3.3435244931176773	4.0214375
452/9b5066627bb6d	2.922829248528028	3.0131875
453/48eedee449f7e	3.112137487287447	5.23825
450/9261a84857403	3.5240255965116143	9.943375
451/11abbfd0bf97c	3.2332340853989967	4.0409375
452/acc713e888431	2.9485712825930936	2.343
453/fb88f3f832cd7	3.227416872715703	8.313
450/f9157720b780e	3.026136230367814	5.1390625
451/7c9dd8ef15f63	3.073451456836985	10.5756875
452/c082de0b49452	3.320874657094752	7.4225625
453/bcf5a4bdacae4	1.8100741528358448	2.5628125
450/d0f2b464ccc9b	2.5808346327594753	4.20175
451/a6106284f5251	3.0731844846567635	8.6268125
452/be4a92bca6c9c	2.838848588216275	6.7961875
453/b76bd6eb87362	2.6926870029131913	4.10375
450/88fb06dd54e82	3.1753507365926255	6.423625
451/5c02299e790d4	2.7942159152362005	1.948
452/2199d0c6c9305	2.113962609884789	5.865375
453/b32b45b9bc845	3.3222740227247844	7.7946875
450/0709e6880ecb5	3.073626468095094	5.8348125
451/59222ab65e9b4	3.4799124484204618	14.846
452/7630fb099aeca	2.9508323023394376	8.482375
453/dc681d8264ff4	2.011880981004107	1.7614375
450/a3a800fe4b03c	2.8558987662103013	9.668
451/78bee3cf7c1ad	3.00268023651552	7.4178125
452/553eb235a61b1	2.4781728172479975	1.566375
453/c495834fc0942	2.7063792177258996	1.5291875
450/7e6ef21c6039f	3.0390467125963183	3.0404375
451/8734cb2ea1c06	2.848375638310083	5.645375
452/7bd4844efaad5	2.408982406026923	5.8595
453/1a062773aa080	2.1388110855233413	5.47925
450/73d01f9054a04	2.4482286209169786	4.826375
451/27504d466a728	2.5427368009824303	4.8735625
452/07f4cd5484d79	3.32857323945111	5.187625
453/22c46bfed0ec6	2.3460907397737136	2.8145625
450/61c9357d05f01	2.810640575536345	5.11475
451/ec54bff2f8d51	3.052299599084225	6.953625
452/d07ee4478eabd	2.7069246769672413	5.0535625
453/58f7b5ef8f7f5	1.0701624299182868	9.201875
450/8be7a3340b2a0	3.2207274617062094	6.3909375
451/133188d68550a	2.65525218922991	4.4210625
452/7a27f814316df	3.249195914368865	3.9265
453/d994175d54696	2.520401470941058	1.637
450/e9278238d2345	2.500043119549452	12.088
451/b6e74d86a03cf	3.0708467481342923	3.0305625
452/9d9e61ffd5f43	3.488691106200792	10.8244375
453/07b3ed9f03c52	1.6412958789744359	2.9033125
450/3f3bfcd5bd041	2.768523885211987	5.3763125
451/a5b675a4a731e	2.946547565365883	5.6578125
452/a5b2502d6423e	2.171932731161747	2.43425
453/bbe383712d2ed	2.5214513096131475	3.0081875
450/b08f3f7873fa5	2.3452609094856647	2.019
451/31eefa86d4296	3.2491739491812317	6.4786875
452/0cf806bf54410	1.2745592247427318	3.212375
453/72f74337dbb05	2.6609835435201727	0.8645625
450/fefd14f53b870	2.6532609360326616	4.2731875
451/2a0b1f36cb346	3.1252467838347116	10.8955625
452/cbf3614dd1386	2.332251678898676	3.101
453/401c4c5ba3b7d	3.0873650981955887	2.5833125
450/37d9d529bbf41	2.601668478156133	1.9990625
451/9d8263c083cbb	2.63913905653879	1.6723125
452/01be3cb867185	3.198382193465222	9.041375
453/ece3c8cf9bc7e	2.8501135963688276	5.950875
450/dcd7cea662581	1.396026179667867	1.297875
451/9056a616f5250	3.0758029359956542	3.8461875
452/b989847e0e02c	3.277546668014328	5.9700625
453/d4d95f31619ab	2.67334127776269	2.366875
450/8af6e2240f2a3	3.2713318816251062	4.11925
451/2f1ac21e063ae	2.930977568551479	1.8338125
452/a0680d7f399eb	2.617625512535089	2.176875
453/a395ed56324c2	2.690278707447237	4.857375
450/5fa5ae13e3b5d	2.2331704315155574	2.2188125
451/27c5747991145	2.769902608840919	1.48975
452/a5256f6329d92	2.286914876806141	3.421875
453/081142eb395b3	1.9078309851962372	1.15175
450/783c1cf81a361	3.327630818663865	6.602
451/21f5976aeea4e	2.7755963364895297	5.1213125
452/8e851299afb8b	2.062845828071992	1.894625
453/a1eb4bdf92c68	2.7441565455365406	4.26475
450/bc88805f94a33	1.7412221923342552	0.9130625
451/7df8432f71dc3	2.7752061668082777	3.44275
452/5e28bfe099b8f	2.8339356985890722	4.971625
453/2e18e625a6f88	2.482324233615054	1.34775
450/f3f8542c506ef	2.6491186579248054	1.57025
451/ff6c4220648da	2.8022397265512495	2.159875
452/732ebb81bbfef	2.917936252366369	6.0618125
453/5799f97c60e4f	2.6667120297954656	6.9358125
450/f8f40f5598fa0	1.706521707812593	1.1068125
451/c86095db734dc	3.408221403977388	7.3044375
452/cc269520bc241	2.5250327184438723	2.7869375
453/cf5d78956b736	2.846191288517478	8.182
450/0e4be61a85636	1.996918391358775	6.1285625
451/e29c677c4624e	1.9055029401979078	0.8805625
452/fbe3728d94007	3.1372709147003675	5.752875
453/77c8b5c191b5f	2.205276046821341	1.5935625
450/700c88e9c7573	2.3775715016890735	4.5679375
451/e7e66b5b7cac3	2.3780500443599473	3.52375
452/6f2f80e43cb88	3.2435736048862807	4.1715
453/3e6de64fcc553	2.749225798341307	2.9690625
450/2f755e2dbdf1c	3.3173333344605496	10.2925
451/331f9d213adea	3.368494700253501	6.57025
452/369c8d6b22ec2	3.0742414450387128	1.441375
453/8a4c480ac9305	2.536079317739637	2.1630625
450/08198ae2daa32	2.031847851241786	2.2583125
451/fdcb40151be74	2.7084283852296793	3.060125
452/e7785baa6f62d	3.223769621263775	8.1488125
453/e89c8df15df56	2.9278265489076873	1.9698125
450/9a38935e5e4fe	3.412311830815679	4.979
451/24e5ae82959ca	2.4937219088000457	5.114625
452/5298155bcb08e	2.647745164307436	7.8829375
453/3e74a9bd7964d	2.121986212102192	1.5646875
450/d3e2fffd94ea4	3.0822272354539373	10.6499375
451/355bddda217a1	2.928352037130282	9.892
452/339957dd411c2	2.0662168314947817	1.92175
453/5457fd9f265b0	2.602656509467786	2.5821875
450/e794d50e7350e	3.0833191455976197	21.156875
451/1520098d6ae3d	2.5346221911825233	4.446375
452/4cbe5348a3232	2.877772976558589	4.424375
453/70a67d2048a7f	1.112196471992317	1.28325
450/41d0cb7d51606	3.0648952936197773	3.2945
451/ff49ff589c539	3.0828375426196217	14.336125
452/b5f119b826c87	3.201941668873828	8.477875
453/70c94ff463a32	2.655369003879789	3.2048125
450/33caacf13e71a	3.3570507772617373	12.7993125
451/c932ee2c9f36a	1.5677088419222136	23.9354375
452/06bd644c231bd	3.0443501602277134	5.7941875
453/00ab72cdb5cb1	3.3306369492873396	7.1080625
450/cff61e09ff2b3	3.420394247351431	12.4491875
451/5a4e7186601c8	2.5945812807746544	4.0073125
452/2c6405774b674	2.68899344170929	12.4120625
453/4ee099ffd6ad9	3.4232684786443186	20.2700625
450/266060d17ebed	2.672279531158285	5.05375
451/54d3965d2fd51	2.643194746651078	6.5954375
452/d5977c6c8afb8	3.5405302490183472	8.33275
453/f69000c054ec5	2.204259977238921	3.5658125
450/186e21c0bb37b	2.4528157135033553	3.2878125
451/a5a9d244538c8	3.0917687332904835	3.5705625
452/acf634081158e	2.1700717758909387	1.13075
453/553ac99e329e0	3.1028052665821186	5.418875
450/bcc5b2ef5be23	3.47021033988947	15.1095
451/6329ab909392f	3.09066165837931	3.68775
452/8c8ec35c45777	2.036191167842784	1.825375
453/7e0ae29f5f1a8	3.1865169998070426	3.3118125
450/f96e4306b9158	3.510119106544374	7.169625
451/350f3714ad570	3.3894621511958816	7.30675
452/288ec3337bb75	3.3843061508480234	10.7855625
453/2247136735d73	2.7552991225332457	8.6519375
450/e879f2ee18019	2.4246077903033982	1.249875
451/2d3873c74e180	3.196926728330808	4.92025
452/a1ac3a8bd27dc	3.204348302609714	3.99425
453/4af9d70bcc72b	3.1441877946875985	17.4621875
450/bae32778c45af	3.0801678051722012	7.2595625
451/215e513747f9e	2.3794685620802754	5.3003125
452/cdecc145a44f9	3.047324971025691	9.940375
453/7051502e1033c	3.237072080338232	4.0043125
450/aff470c555de4	1.5327554765020595	1.3138125
451/43fc22ff79c4b	1.1274268192631867	1.056625
452/f7dc882954acf	3.3366954219261737	5.7738125
453/ac59f36a2653a	3.262366977419208	5.7056875
450/bc98891d64ec3	3.0268135865228114	6.830375
451/bcd9ae1d0a674	3.268627406545828	7.9495
452/9b4d2b1df29d5	2.5290160996275937	6.663
453/ba0bc0313e6b6	2.5174502070619167	2.73375
450/7c428d283c045	2.0258403827251397	2.45825
451/52e27d5bec212	2.6282315946502868	7.199875
452/a81fe46d36c79	3.243026369946299	15.831
453/1d78dee006487	3.2704933085849968	11.320125
450/c6f2b01f0cb1f	2.286654081779843	6.8189375
451/7dd1c19e809ec	2.7210963958099503	2.601375
452/27e5611381eaa	3.224215790515093	3.7795625
453/58abc991a0e68	2.067103068486564	1.9210625
450/3ec96f4db246b	2.9710307953133896	6.6876875
451/1623636e676df	2.6803590441330574	2.4046875
452/df915e54fa745	2.7025137863846664	3.7201875
453/c493835313a79	2.3125093883423533	2.7890625
450/97a39a4633a7f	2.634720964049576	5.781125
451/e8ff212a23c7b	3.2339931585965527	5.263625
452/3c4543702f3c9	2.66631901155818	5.347625
453/00380727777f4	2.1946772249543995	1.9474375
450/9793fb617a713	3.221862786345147	1.255875
451/7a03447fdc112	3.1244551932052143	1.7789375
452/75c1e4c658466	3.080506375845822	4.4191875
453/8ea7a26332683	3.156454125146276	8.9746875
450/fc948bac2e422	2.5792531265326053	2.289125
451/60b769f6f0370	3.434901021109038	12.1535
452/cff4e523fec93	2.9822499585624818	7.9923125
453/6424182891b95	3.016484862313255	3.20775
450/a59105084912f	2.895685821385367	0.768375
451/fb7575619067a	2.6873653669086415	3.1005
452/1a6370391911f	3.3652776311568977	18.4233125
453/36c6fc9d967ee	2.9867697961491744	8.8646875
450/454f6a5a7d786	2.573404058213324	3.76825
451/d8174e00f8a35	2.9008778356249314	7.26
452/9ca9e66a09282	2.9728820186838334	4.679625
453/3ff213bcee276	2.8461088790682605	4.4614375
450/ce59b6ee93cda	3.3358237568971796	2.5425625
451/8f7838886df39	3.4102250261577995	3.2128125
452/d91f9260fcfe8	1.8173501179163858	2.654875
453/9da19d25f0314	2.4185761626292703	12.482
450/623ef3c57753f	2.3957212602196476	5.5734375
451/a1b119bf7682c	2.97288265118109	6.1340625
452/4afc0c77578be	2.3245928639087463	5.1861875
453/de1b3ac33ad19	2.7035640726702765	2.206625
450/4273622cdf8cb	3.2947065947707617	7.7848125
451/432f2cb45b363	3.503157803569041	8.18325
452/92fccf02ec2f2	2.065876030694054	5.3066875
453/822c7535ab3c6	2.8671785775475125	3.2486875
450/68690323455be	2.914733948538502	5.367875
451/daa9bcc26ab63	1.868341002571007	2.050125
452/1b5f3299272c9	3.226509100460344	8.050375
453/66a38e239c7ef	3.3336538967959073	9.5198125
450/78b620deb43af	3.2639214848443197	6.691
451/6b23f171d550e	3.1386254173072516	3.793875
452/7a3c3683bad29	3.026783126240067	7.297625
453/d4bd2c52a6593	3.46936137737669	7.0788125
450/7e3829efb5172	1.1028144198501968	2.8273125
451/c7ee1ffa917a0	2.753914185710073	2.1125
452/295df10f3e1af	2.753657058212799	0.9605
453/ad53c34e56ba3	3.1349370649446167	3.6151875
450/f009ac57cd849	3.007356070134217	4.5604375
451/48ac321d1b29f	2.6498641318253484	1.5144375
452/62627f3770f63	1.8502013735513843	3.6020625
453/4e37f82ea4e50	3.3416747786353582	1.802625
450/fb372095971a1	3.412119962810402	18.5153125
451/7fdff968c169b	2.251367728819959	12.3955625
452/5e1cbf1874f0c	3.0023070542552768	7.0913125
453/928e4168966d5	3.3100950943270164	3.73375
450/7982ab766440f	2.804577684714489	13.1161875
451/b3823bf3d3c9f	3.038402231714548	4.4039375
452/08e4ac9c1dbbf	2.499284589557902	6.742125
453/d0caa9b2d5fe4	2.596581950360487	2.5721875
450/b639cdecf0512	2.7195881179575285	2.6918125
451/745e023fab685	2.8524549205586736	4.1839375
452/0eb4d0a687acc	3.244972244859439	6.605
453/fd4374a7e672a	2.773437547362791	3.7313125
450/78b90f418d986	2.0759553145148195	4.4556875
451/bd52698e56527	1.6172517493164038	2.0304375
452/71a34af9f12bf	1.5005410893693534	2.329625
453/a51f2902fd3d1	2.4247833042680527	3.19675
450/793cbb8ed9f11	3.292032333614222	2.5951875
451/422d20ac5a952	1.8864350364094804	1.58325
452/00fbb3c86dade	2.3602276060432303	1.949
453/e840abb2ed6af	3.159340745383518	7.0205625
450/d76c71c7c30f6	3.1406329625687315	5.3160625
451/02bbb6bb4e076	3.3177159008994863	4.1589375
452/aed0748f5032c	2.168580811198139	1.37675
453/f2e9210aa49e0	3.1677341703754984	3.3050625
450/bc72094abb3f7	2.853454614499038	1.5939375
451/637a47c14f2b1	3.4399939435774156	7.446375
452/9c28a9b1825fe	2.3795416825364906	3.1229375
453/de114c1ff427c	3.1849643375040277	6.4701875
450/9d7651671d565	2.4919275870795343	3.4979375
451/cc8f65c5fd7d0	2.8932484033628025	4.613625
452/483e601d91f2a	2.3300840242431002	3.3308125
453/ab191a037f267	3.501474085155981	17.34625
450/96a0d59f90242	3.1262351638697674	6.023375
451/ef0852004ad0c	3.021039757479817	2.12075
452/b255e034b73be	1.4279243123235241	1.1531875
453/7ea513dfb6ae9	3.008414471644415	10.165625
450/e6362936619d9	3.087629346284087	4.551125
451/a104c7516dc53	2.1712874634980217	1.139625
452/63b80864f864f	2.513730815553594	4.194
453/87348ca810d68	2.2268969486078234	2.83575
450/6c7ac0f03721e	3.477924331527489	16.2813125
451/f39687e07685b	2.4884779836279276	7.1530625
452/992d6bfede9ef	3.3516047757607788	11.2995625
453/1a0e321e0db94	3.3772192878497975	8.8543125
450/012d51559fa18	2.5231198387901608	1.5175625
451/85aaa7c043292	2.7285448720464593	5.716125
452/d6293d17b0073	1.9555967544745736	3.2758125
453/d495a96af1422	1.7266483090980114	0.72025
450/f1075fff2fadd	3.19608878093078	5.70025
451/22b234b510628	3.207732699106345	12.331375
452/1bbf4aa6f8776	3.3942906026395065	7.5411875
453/271921c5cde3a	3.3410363594857664	6.267875
450/8ebc2304bff7f	2.7495741751461096	4.08075
451/2160bbee193dc	1.6797554442405906	5.553875
452/bbf1423ef661e	3.0237207707518543	3.4108125
453/cd3ffebafe98b	1.1693571543171921	1.37875
450/4858456e36334	3.2562040889755024	5.88325
451/47d5e45153356	2.5153865389290897	10.5961875
452/8e75091eae99b	2.5144182312714634	1.56075
453/1f842906e5a97	3.1935346186271176	1.8821875
450/71904e5e8f1f3	3.377617600753589	5.8493125
451/77aa9a4e016b9	2.665985020566308	5.3150625
452/3c5bd99669f6f	2.494352011579696	9.6949375
453/9125de5bd1732	3.2500456931654	11.1355
450/78618786b615d	2.261004318403547	1.202625
451/32f9b5e7db980	2.3842525077145362	7.1403125
452/64dcb79c6ab9b	2.522748127387966	5.7715625
453/3a9305eac0898	3.1390129634938715	1.7399375
450/80c1b75ca4294	2.0428974891584386	1.2975625
451/5e0a2c031dbb6	2.578558707092038	4.002625
452/e8a760b55dc2a	2.0057783647224765	1.3455625
453/52afc9847356d	3.3095573667364695	17.10725
450/85c61838d85c7	3.1124668338471464	4.148875
451/5d3ae08216193	2.3798057618195516	8.076875
452/5f02ecbc4b475	3.167413913389319	4.208375
453/f4ec99d71db44	3.1945651554916727	8.6296875
450/5b26aed21fc72	2.164719651969417	6.1640625
451/39748535ca34e	3.3405282280619053	5.3623125
452/0556fac960e4d	3.3044732720357786	11.7513125
453/7af3856906c77	2.160876375450727	1.6351875
450/93f945c4c21c0	2.1247843400211193	3.8605
451/d96a24d46ef50	2.7172251720482565	15.978125
452/772a07f64975f	2.960923900607468	1.105375
453/da59244101569	2.9969656571666277	3.0184375
450/99041bf57a85e	2.822988287478125	1.5914375
451/7759dfa9180b4	3.4693651548600166	8.1555
452/e0232c36dbf9e	3.221451940365974	7.8334375
453/1370c4018dc11	2.858266155640558	1.1054375
450/967aaeb5ef8bf	1.5826114719274387	0.7681875
451/a534925dfa395	2.584836785808167	2.282125
452/86566d68f82c1	3.1006503006896295	4.3260625
453/e74fa52ab4ba5	3.509616841211069	8.5115625
450/f9f565a06a4d3	3.197649820389467	11.2881875
451/4f127256bf94b	2.772079428604889	4.3536875
452/1dc6b4e7dd012	2.159367374050255	9.8895
453/43a5abd6a74d8	3.3413400818470405	14.9629375
450/f39eee83e1411	3.559043721794769	11.45175
451/a9caba528d093	1.838299849922961	1.6518125
452/3bf3c369eea2b	3.1550393215886405	6.4680625
453/05a191ad46646	3.3332337705803616	2.06025
450/3527a1eb05cf6	1.2147781638457633	1.105
451/3156eb8e804bc	3.3312676629600966	4.71675
452/be64d527f7d07	2.202138946585358	1.21675
453/c0516fd5aa8bd	1.8411287172843007	4.43225
450/c6e02a66f434f	3.380817646611401	12.74675
451/2996e63583a6c	3.2482129967522773	2.0741875
452/c5c6bcf2943ef	1.9918678767726719	1.747625
453/f68c3290d99ba	3.200321572873446	10.251
450/989438e850fd4	3.062647830780153	3.6264375
451/0a8139713156b	3.3705041140636105	7.1731875
452/b7e81e56acf05	3.042112108299168	7.628
453/64495f1e06354	3.3385544234673534	10.0853125
450/e7fe332dd7d15	3.3136098658126047	12.1815625
451/68b7b9db94b8f	1.109124592919508	1.396
452/68d1830bf0f9f	3.4694419063984223	5.87875
453/2f2721b2d7870	2.477182245069104	4.294625
450/0d4ad27a87238	3.075991617050984	8.1026875
451/8f3c09df26fc4	1.8920664721013205	1.9813125
452/797076fbffb15	3.132426162867245	3.4895625
453/1a746837df51a	2.322806017784336	1.9999375
450/b1cc355999805	3.18570904719753	4.3775
451/425825730f23c	3.420175096226436	16.82675
452/db88611845a34	3.0335874708528423	4.927875
453/5c75542958496	3.090761944936789	5.0431875
450/67dea9b2d810f	2.853910988397326	1.600625
451/ce137adddd118	2.4863702907470624	6.213375
452/55f3c0e64185f	1.7377711795136777	2.212375
453/f10240cddc6f5	1.1089562959820438	1.2023125
450/21278942c214b	3.165907971665149	6.130125
451/2480caf67f261	2.9705324989890056	2.62275
452/c9518379a5914	3.2509006410454373	4.4180625
453/813300f1ed7b4	3.5007532631664047	6.85925
450/bddf6fd61f196	1.650357514095057	0.9608125
451/d8b24fc851a84	2.851996372638259	10.661625
452/4e9a83a85fdae	3.3713986829831084	11.726875
453/66f04a5cebb06	2.8846424327185574	7.8049375
450/002417d9730f9	3.2505545363270714	4.99025
451/b655315e83eee	3.4261007100383107	3.3925625
452/0d07739c065f7	3.0273415744576617	6.280875
453/4958743ca8362	2.5045548019239527	1.83525
450/988921213e01f	2.1524555788401596	1.3784375
451/521c6ff868ddd	2.8950977665775306	8.30625
452/75f62f32113e7	2.706765172273874	2.860125
453/421b1040a596f	2.205030879580748	1.298
450/545f2c6e21f6d	1.9890817137685592	3.9515625
451/ebe95588bd4bc	3.338414288628076	8.439625
452/9e62da92ceff8	1.8551203716723108	1.009
453/556012a9a7c06	3.144471211226425	12.257375
450/40d9f762ab658	2.2137630953327796	2.596375
451/3e866feeeb04b	3.022106631909734	5.28625
452/942d904a34f14	2.1326588341439563	4.2498125
453/a12de17a8f522	3.0876790576617594	10.2985
450/a7db697bdceb1	3.2985222575805406	16.932125
451/8d53fdb76d78f	2.9034444224932647	1.791125
452/002d3a24b6ed5	3.451693944991067	11.66425
453/433951aea4e23	2.060829174197142	4.7988125
450/5ca102d6c19dd	2.8814970121993526	3.5510625
451/79cdf7133318b	2.8973378283606768	4.6594375
452/b74cef7b2c442	2.8159005773968513	17.5936875
453/264ec8ac2165f	2.86823059569296	9.322625
450/d84132aae0759	2.886708065913624	3.861625
451/cccc80008eb55	3.3150410811667403	5.06625
452/b978eba70e20c	3.3096992883591576	9.463125
453/12b8359aa2647	2.898041714852931	1.5885
450/8542fd77d3090	2.2739405675344075	2.002125
451/25a1fd5e01986	1.1129892536363057	0.8645
452/7ddfe2394393a	2.394327762950292	5.2055
453/f775a201d469c	1.4605333154313225	1.558375
450/3b3c063eb60a7	2.937407081272184	3.7683125
451/90386bbb3dc8b	3.1901581200399707	9.1949375
452/acdc52eb42caa	2.5877058495098275	1.44175
453/33dd8014cc918	2.873372681825604	3.541375
450/211f708fde146	3.3899670011178293	11.8491875
451/e48bac7a22679	3.276555367813745	14.2994375
452/291000e0896e9	1.7245162649078658	1.778875
453/41c3f9d6b4fc1	2.8636178958780194	1.370875
450/473f34db989eb	3.428420919511897	8.7480625
451/de2a65c2d772e	2.8392287004565264	2.2074375
452/9fa1fd1317812	3.392732478276372	10.074875
453/31de3bc7f9c68	2.8268116826253014	8.29775
450/4e06172b2f21e	2.2679586441738433	2.692375
451/1a711cb889b17	3.3680359136198987	6.3121875
452/696a8795b206b	3.0250522626075	2.308875
453/7e828584e0a6a	3.46718937992606	3.855375
450/bf67efe303b5e	2.936635336174517	5.1989375
451/edabcc1dc55c1	3.156646691517927	8.8216875
452/b2c1c0ead362a	3.0749299772864616	4.1581875
453/8a3b609103bc8	2.8966512963951754	3.971875
450/5ce9178e61278	2.33632333160606	7.7668125
451/01fda22de2af7	1.9058582584544486	5.11475
452/79679cda0f0a5	3.04559007286512	8.7871875
453/d65d31acd591b	3.220610962167693	7.18625
450/a54b1cd25178e	3.3828100760818804	14.3236875
451/3df2f01d49b4a	2.6784877938054565	7.037375
452/4366f3984e00c	2.618863823074226	4.2415
453/5e91170908e25	2.8724346695130443	2.1615
450/659ffbfde50ea	2.281392285715284	2.476125
451/40d3b0f5586c5	2.1238871096007204	1.2258125
452/372e1f9d0c093	2.69585143509659	1.2004375
453/0fbd1d95d343e	3.2606598170699757	3.7396875
450/2d4efc379d768	1.1953024878712175	1.1131875
451/fcc7df0ef8542	2.5723003578452044	4.6184375
452/37914abf50819	3.530291468902834	9.3599375
453/5979bfc08c022	3.172137194829332	9.0714375
450/f6bf594f25c70	2.8140827647196693	1.1230625
451/a50204a5c49e7	2.862610750655898	1.9264375
452/270a10953c54d	3.331876670055569	4.5658125
453/f9024a5515294	2.1306676767640615	2.778375
450/fdbbb20f5f55c	3.2683081811231385	7.807875
451/674c24222f9d2	3.21326406703392	6.455
452/219feec2de649	3.297667756135445	6.28425
453/70d1de8d8beff	3.171841721646785	11.7815
450/2878a74807551	2.683056196478912	5.762625
451/bd685f2291754	2.774699328116852	4.11425
452/b91d1f705f15d	2.7184785052436014	2.7353125
453/24e1650037b9b	2.4439283788605337	1.805375
450/177913c456d53	3.1895035943406636	15.8880625
451/9ff8de7bbdf09	3.0171879737500285	2.5234375
452/c7399bd0c9684	2.9327541008486513	8.151875
453/4ec103748d098	1.1485921153341125	0.8165625
450/f993c8161f28b	2.4139243454705452	7.37375
451/6800c2f00257e	2.6678130264152107	8.5586875
452/be58b6d589bf2	3.1826337029584932	5.5170625
453/33892e753dea9	2.4201257891887296	4.6765
450/a116e50eb13aa	3.1883975360662022	2.8613125
451/217bfe96f01fd	2.4596613579073776	2.2591875
452/dab1b535faa71	2.8217445358733144	4.21275
453/b2fb78fa99792	3.221084992395786	14.5804375
450/7a7df94321d53	2.0449506557832855	4.73125
451/91874ef04c77c	2.0159029811874225	2.8816875
452/7e9b34e33f5b3	1.2291892614256412	4.3899375
453/5334f83cf7720	2.6695693797760995	4.0406875
450/a5cc9bcb56e9a	2.354500302234994	2.7424375
451/023c005c032cc	3.358643306066944	6.74975
452/ea1262192a4bc	3.3311522524912838	7.595875
453/9804b9e4c4811	3.2100578333598775	3.2011875
450/820bb16723b78	3.3672085515227583	10.013
451/b2bac8688a411	2.57484999366573	3.3408125
452/9fc0da785e55b	2.0133175744177194	4.6163125
453/d95193a53d0bf	3.441951223639381	8.1535
450/a72bcf702949e	2.823864391570947	1.224875
451/92385ac5f1e97	2.6016281683715725	2.4545
452/60cb833883168	2.4420194834616176	4.870625
453/9ad5200f18164	2.8710071803043005	4.4391875
450/0492845b4bb87	2.056372066803345	0.960625
451/54f8037a25a9c	3.093295369262147	4.5919375
452/6ea775e00cec9	1.5640523919782738	1.249
453/87d3a21ead2f6	2.3243968484980875	8.4823125
450/4956c398d5a0c	3.2419797990763612	2.1425625
451/7372421250293	2.9312991925323364	7.669375
452/5c1c47eb58063	3.158566941496314	8.259625
453/3007ec1cc24fc	1.9448659633651597	2.1849375
450/0c1bf63b86f7f	2.3156055656189345	2.1628125
451/bb6293c51bde2	3.2941874835282285	3.8171875
452/f7776c66a86fa	3.1948932486001405	5.1596875
453/30d25f1a2670f	3.210189868715845	7.9073125
450/ae62eb1725bf9	3.261144838779251	4.3165625
451/9419a6a4e8001	3.204891130402523	6.3724375
452/cac63daa65766	2.9914443368902064	5.4775625
453/7b864b9f7dd39	2.909509494632264	1.52075
450/595a4fd460fed	2.5120416251806974	3.714625
451/28ecff67ac8eb	3.2220546698455577	8.926625
452/6634fc4352728	2.1138339482672333	2.8609375
453/ff1edff6e6dc7	2.533565617210882	4.9875625
450/f69b3c9b0c1d8	3.1023971669798067	12.551375
451/86cd638ae54e0	2.8758544692511516	2.084375
452/6301e183e748b	2.415444507282564	2.722
453/c734424439222	3.2738488980282763	5.8611875
450/853fc852f8df7	3.3844815126057664	2.829875
451/7c6d1c65fb62c	2.4900454049961644	7.5925625
452/3549ef443f50a	2.0845859612865096	2.5189375
453/335c71da434ec	3.0654621711700196	9.505375
450/fad6ddf45e17a	2.3975692882579525	3.8889375
451/348df7819306c	2.487653721398686	3.9116875
452/695867cd9369e	2.3746335067855457	1.971375
453/a46cf1277c681	2.3610323768342916	8.2313125
450/5484c43599967	2.455386829600813	2.232625
451/e2aeeb1fefd34	3.2598392538294783	10.8379375
452/151dd03bf5e60	3.1595198983516015	7.2381875
453/4b048d42d8641	3.397566096418971	8.7413125
450/065c9de1a5f14	3.0072677918068185	3.75825
451/b59865afba91b	2.285885175091172	2.803875
452/de6037df18ed9	3.3114195471065386	9.0921875
453/0816a81740453	2.7638237118649744	4.937875
450/3a5a8163d88af	2.461474077408969	4.5700625
451/9b2bb79f9aced	2.7964092749693585	1.9715
452/c1a6de1197a88	3.411069895377191	10.235
453/847e8426e1e5d	3.114477524530282	4.0655
450/c1cfd784fc149	3.3674790594653654	5.7891875
451/e7e0162346d60	2.909215631992752	5.0505
452/c1607fcff3d22	2.618487396299755	2.502125
453/d13aa730be184	3.27166650433512	8.2545625
450/eec04a7edb99e	3.2275843124348214	2.13725
451/8b309cbb58fa4	2.2434575903993053	1.1784375
452/e0d89e52fee14	2.918322658319235	3.0979375
453/9af2bdaddaddb	2.8748401240218855	10.937375
450/33766615d007c	2.7166643800892287	3.9245625
451/2094b0b5a7955	2.388475450753157	5.5986875
452/9cf2da0dac990	3.299760113432826	17.2719375
453/be2ca2732b800	1.2477296290575917	2.7038125
450/0d2149f2fb218	2.8390250151923073	4.738
451/d4cdd454c84de	2.572258979159377	2.069125
452/a3b8dfe6f28f7	3.444149729305178	2.1366875
453/d58a3ad39d0e1	3.3101437164968863	3.8704375
450/471f0391469b9	3.2800491246819905	3.7624375
451/bc9cac3ab98de	2.587765314420694	2.194125
452/cf75b7ede226e	2.657079849671556	4.2770625
453/64721942ab537	3.2767579300189253	3.1731875
450/fb280169dbbc4	2.2638536963135727	4.3285
451/1a599e73955f3	3.357251750546434	3.827875
452/5e4188b829f48	3.3306572747186642	4.36475
453/ddd28c470df1e	3.3319534601547938	8.51225
450/a1f61031bc235	3.2756567818111626	7.757875
451/aee6a1e8a4d23	2.80321431645563	11.0151875
452/12f2ebafd30c9	2.7769459451652216	3.072125
453/202cacae5c544	3.4042393610714763	12.22
450/c9b795cf38fb1	3.154347213816937	7.36225
451/3bec3685a9212	2.9785061940353237	9.366
452/16d5e91355ffd	1.785148470800594	2.35475
453/805804eb89f08	2.6810411121864592	6.8446875
450/d5f9e4f4de3f6	2.979009469991543	8.9455
451/849400da4929d	2.171794977450326	1.4956875
452/002ddfeda1058	2.7355648865212805	5.1455
453/9a1ce625e8833	3.4070417835272293	17.848125
450/32ce1b26d1c9d	3.193339132717995	3.9888125
451/a6f756f60efaa	3.3886228523197994	12.196875
452/f908efcb37598	2.815619940416013	4.4898125
453/31edbd8477b92	2.292575528116109	9.031125
450/c48047c8dc375	2.7109917615007544	7.214
451/5949913b228ea	2.784826751944954	7.4746875
452/eb396e317c821	3.0510068393031613	18.01075
453/ecc4932be51ed	2.8484050558993075	3.52175
450/2126e49d4effd	3.061278732029241	1.65325
451/d7b8181eb7ed0	3.400376005658114	6.3526875
452/dde167bde155e	2.0563651363221456	2.4260625
453/a96fe599ab34a	2.3792497240037958	11.926
450/ae8fdf7cbf1ae	2.4732352066827037	1.97225
451/3a0705b4690e6	2.3258354223084146	2.8840625
452/5c9c560684771	2.7598904514725557	3.5203125
453/8047bd0979a6c	3.3224944341597333	16.027
450/51440e53840f9	3.461534315291437	7.019125
451/46c8107feaebe	3.350653464607046	1.9423125
452/21ba78cb9fe7b	3.140358306547773	3.8681875
453/09bbd83e7b36d	2.164631559667203	5.446625
450/9d0e7dcb38533	2.1747300692146	3.0134375
451/0018f1ad75a88	3.048402014300162	9.0819375
452/f7beafcfbab21	3.2134825372632587	6.301875
453/f191d745d3d92	3.3114945223768855	6.72825
450/f2e6ea097e5b1	2.6503717210032027	3.473
451/b291b3ea75ce2	3.008884907641695	2.5231875
452/ab50b01a6419e	2.289905753268912	1.057125
453/d54303b51d72e	2.667738174456248	10.184875
450/8211ab0733187	2.442744126166526	1.164875
451/41e89c30f9fd6	3.0624172574910866	5.799875
452/78984cf37aa52	2.6813034123932513	15.299125
453/bc40ae4861283	3.2550597451657572	11.9184375
450/2c710150cc1d3	3.1216074044560416	7.3179375
451/0e44cc47900f5	2.540948800235632	1.2526875
452/74486399eedb3	2.0920705425339	2.3568125
453/9e621b5817db0	3.2990533245984994	7.8095
450/6a891fa53267c	1.1173795473729071	0.9128125
451/9b8e521647570	2.7358140678420546	3.733625
452/aef5a7cb29296	2.6510944774582055	1.946625
453/73ee104cf3f79	3.234536736701402	3.823625
450/f6c8d6564b472	2.021035906088202	1.201125
451/6f4d4b4f5839f	3.337875732731081	2.779625
452/97d42e327fa0c	2.3844159021796925	3.6421875
453/d112140884d04	2.0177820381984333	2.255625
450/5c882875e0a43	2.6521672477580944	3.48575
451/7b61ffd4bd459	2.9907699371987313	2.3939375
452/cf3c20aef8075	3.238717633072557	2.1639375
453/82edce3d47153	3.27871019868678	19.8725
450/7c74d9fa00eac	2.8497780036394045	6.955
451/6fdbecebd3b82	2.588059769104394	5.125125
452/76de1825659ed	3.233403779955615	5.8853125
453/5f903072e1ebf	1.8065545095276794	4.7305
450/5abe8f3a59f0c	1.952433954528706	1.83
451/520357e2f32e5	3.2395669865118593	7.1385625
452/43aaf310b0699	2.994279294566082	4.7716875
453/c632c7c49df12	3.4301295263870566	12.4173125
450/45b570758cd45	3.1725386849073383	2.9401875
451/1153ce27a400a	3.219279779584589	6.161
452/4d08e0eadd8f3	1.7898874003866136	1.24975
453/0011616e00f80	2.1735186816613847	7.0318125
450/058cf935c93da	2.713524589919035	3.4265625
451/2edd1eda4afdf	3.349626037375883	15.995125
452/9993067083f9b	2.170755624752749	5.44225
453/d3834cd218c0a	3.043434371881814	11.8156875
450/c39ff91f8eab4	3.201650934716304	6.081875
451/4e994fedb1e60	3.0403757390766044	10.1819375
452/2551f99b437ad	2.457160028709254	2.6411875
453/a93dba9b0a0c1	2.569235368683128	3.126375
450/4aae16206f3d9	2.3364720159396106	3.57
451/b3ad2223da574	2.6974189178165644	3.79975
452/acb2f3c7cd6a6	3.124461779793112	6.105625
453/183d9537c8b0f	3.228668064529251	4.59475
450/a7b2433cab8eb	2.907884438801097	4.3405
451/4447b8c49e7cf	3.5212074359559176	8.3960625
452/02e4051982f4b	3.158297147099405	4.24875
453/9ec2ce1cb2773	2.617765748927317	0.9125
450/e0368a78031ec	3.4234790843177128	7.9766875
451/7c38c090a5882	2.3060247048340092	5.5504375
452/eacdc275e3816	3.1509247174220376	4.321125
453/c5f2023b6d2e7	2.9311632257651232	15.5956875
450/aef231ec2df78	1.9255198215359282	5.768875
451/4282eb5f3282b	2.7440254408305305	7.8135625
452/d9fa0a4a7774f	1.5787060954140721	1.4130625
453/32dc2b4638340	3.136242363420206	2.059625
450/81386ce3d173a	3.301445087265287	3.9561875
451/569527848c4bc	2.950449664132648	3.761625
452/0d3313cf246a8	2.8032136103969103	4.8810625
453/9d92c6542a52e	3.0274805018133932	4.411875
450/f7bc3ec6b9cd9	2.19470539368881	1.9226875
451/30824e6e922c5	1.5334806590978458	1.110375
452/6c10b0ada9cb9	2.800613128360767	3.5896875
453/27fe3b0f59257	2.282057140658142	6.707
450/e824357ea2dba	2.538918661002574	1.4654375
451/ef3e17791695c	2.752259489250573	3.3674375
452/0e4147baae299	3.094139490456201	6.7385
453/01d03ca43fc5f	3.0290370616314872	4.0975
450/1a68663cfa930	3.1210990415220023	5.352375
451/408ed4649b800	2.6427297645257504	1.37175
452/a2cf77d9885b9	3.2760654726325478	10.07075
453/0c37b507d8d99	3.5946840576082075	14.1840625
450/15161f2b59064	1.6865878592555947	1.579375
451/d43a730bce513	2.8034226691618196	6.7909375
452/b46c7e9a053bc	3.2239030993566136	2.61875
453/3b0762d26f59c	1.8721153148198755	4.29725
450/cacb34205c6a3	2.9111368579519468	6.4230625
451/481f0678c54b0	2.930389736555436	7.0964375
452/c766a6609b602	2.982867956292635	4.83725
453/960f829b14b98	2.9917803257003146	3.810125
450/d538cd50e00bd	2.3392114695788186	5.7676875
451/8506b4380b58e	2.947641828766823	7.969
452/0dc0639640d90	3.0771022263673573	11.9658125
453/d451f6e08a16c	2.4130477987579106	0.7685625
450/9711516c17668	2.5700708256923424	7.64725
451/caeea44fea2ab	3.418486111060337	8.12
452/eac277c481968	2.588697493084514	2.019
453/2c6aa73b3ca4a	3.3431095668760977	2.0035
450/9e9bf1ba00c25	3.2429938379078664	3.1744375
451/31a63ca232a6b	3.1421296722843235	4.4833125
452/402a1deaff0d1	2.63340806886846	13.8200625
453/f0ba26bb67000	2.275435717369199	3.01075
450/6c33c4a815cc4	3.169894123637676	4.061375
451/6042d1d777bf6	2.708326454247541	4.5501875
452/e88b3ea0d8844	2.856941236920097	1.90375
453/7a7d2146bb37d	3.1216697980179804	2.5271875
450/a1724488fb3f7	3.3689457352456285	4.045125
451/d5cbdd72b1d5d	2.1932664937005533	7.1531875
452/064b9e6261710	2.448051819008225	4.2045
453/dd9ab3cea28ad	3.2715892213219724	11.9686875
450/7386888e8a9ad	2.92497457846549	8.81175
451/0b4ba369feb65	2.957001499431493	6.18275
452/75dcd413d17e7	2.7222318847496862	3.4651875
453/eda26c2d315ee	2.248368166959858	3.780875
450/5296bf522db2a	2.9360534683060835	6.3611875
451/f25ef7bd68466	3.3088639450089667	7.203875
452/b1c039b888a52	3.5287483031872133	14.43525
453/34ecbc20a2d0b	3.2657720678949738	3.2215625
450/210204170006a	1.091254936723477	1.9361875
451/110720097dd67	2.8702904341725994	20.8925
452/a9b4040ca84fa	1.983885674727016	4.12775
453/268ba4c041913	3.240859934099026	2.645
450/23a390e8ee3e2	2.9537298099769607	8.4406875
451/f3019db34b96d	2.8143696614604052	8.854875
452/2c4567a892621	3.043352670730948	7.912125
453/97cdd151c3efd	2.9627958968197654	6.7884375
450/9ddace5824f2d	3.457848516434879	8.6701875
451/addbca2f5d427	3.0191622745923685	1.234
452/91bf6c557ebfe	3.3641244199554374	9.0275
453/cf7d80bbc02ec	2.820165528904257	5.5900625
450/9ca0d015739e4	2.491063614503196	10.997125
451/3ddbec0eaabd0	3.3638572807451927	20.1855
452/a242ef69c123f	3.42043685661272	14.914125
453/a73dc00c98971	2.54811191558736	5.8205625
450/e43ccfd19acd7	2.3212234074979166	3.920625
451/f7a42cd8c3c96	2.3226051524120863	3.9768125
452/42456e933a82c	3.3340438104501113	6.177375
453/0882f957c76d2	3.1213649727863357	5.595875
450/7ea75934b5974	2.345750813030074	1.2011875
451/b1e03b098262a	3.031436559962496	9.8465
452/da3f3859f748d	2.618902986696267	5.697375
453/968324d53a4a7	3.4091397683893834	10.2451875
450/958588fc78be9	2.7205300654663325	1.2886875
451/bc7b21da03a02	3.2300478337625598	5.38675
452/ab7355cb241a8	3.270779985138771	6.8314375
453/05823416a52ea	3.293571016121682	7.0249375
450/7956a53b9981c	3.381563918915925	8.348875
451/63c3a28ae4d54	3.1711605401793346	17.665375
452/7ea1fda43dc9b	3.0216529627955246	10.311125
453/0ded9d7326b64	2.3410538303382458	1.2495625
450/a0cf08cff8309	3.4379908959184897	11.2885
451/7c8858b9e5819	2.382532097282406	3.768375
452/c8955c0446604	2.911434819861885	2.7190625
453/1d46a56f05279	2.9445453597383224	6.1415625
450/089a5ab3e6648	2.489640775213888	10.488375
451/6fab3237c677d	3.4030042879832783	4.867875
452/d780ffe267fff	2.6518102751692703	4.7785
453/2431666432409	3.1751083539945597	6.4210625
450/e6d66ee666d3c	2.9670383384497736	2.8013125
451/13cbe343d7a22	3.157963121143144	3.314625
452/bc1e32f74f6fb	3.2783073582323325	3.2605625
453/bb4ad495e21cf	2.7884519213414176	3.3615
450/5425ad7d08d1e	3.1355413935865215	9.1701875
451/447ff3c9465a5	3.143992529489374	12.7794375
452/b2f0fdfefbfb4	3.478782182303976	2.4088125
453/a78d2e47bfbba	2.526949613436847	3.2855625
450/251e048031d28	3.2666948884462323	15.2135
451/7d5a72bbd079b	3.057690937996125	2.00775
452/ec8137a07c3fa	3.2866666179566373	10.6009375
453/bf02ef8c1532c	3.345935764260127	8.724
450/a4de9b1570ad9	3.2468017980960515	8.301875
451/558441ca4c054	2.3415238474924087	4.308625
452/68b985f1f3857	2.185467104306508	3.0785625
453/d073648dfabee	3.0582487270938294	2.267125
450/ecb624c1cf5f9	1.8658956614276898	1.341625
451/5dc3b4fb3bb97	3.360726579168408	4.5274375
452/09ae407592f0a	2.74878430405107	2.781
453/34658ba5fc4bb	3.51338833123011	8.0319375
450/7ce9210c23e51	2.8828743457623034	6.6389375
451/a5de94287f4e3	3.0141017371417567	5.0815
452/16bdfd71d6ca8	2.472566637038581	1.5645
453/ee342d1db1ed5	1.4454804300777657	2.816625
450/b63058211a551	2.674135305672453	1.77925
451/50e6d3727c10f	3.0858052720691953	2.131
452/5db003bf87b05	2.7294322287897215	4.8883125
453/ceb4fe778d4ca	2.87435064721197	4.3454375
450/2a533db4277b5	2.594852722454598	10.5534375
451/427128a14da6a	2.67856087610584	1.8910625
452/064ff5533a668	3.111025327622983	8.549125
453/9dae004b22adb	2.5339146510868606	4.20925
450/7b1e1bb0bc184	3.084503656439164	2.5848125
451/36bd77e3836aa	3.3531507471581654	11.4871875
452/64ecf82b3a9da	2.5170176218106266	3.5985
453/d4903be4afe5d	3.2616667038892126	5.49025
450/2e4a77afbfbbc	2.8293372716489515	14.0419375
451/0c1796bd3691a	3.5258888324984303	5.767875
452/fbc6d58f66d6e	2.3923711271023116	3.0620625
453/2578c2e43dcf5	2.9763650416447733	4.4600625
450/194b41b212864	3.1404946668650595	3.8239375
451/b6536a4f3dcb3	2.814139243092361	1.297125
452/00b1d7e6849e5	2.1667645356625913	3.4366875
453/2fcbc35dc351d	2.7776374584386696	11.720125
450/8b54b5e191555	3.3185583210671927	3.3313125
451/9cca00036b145	3.2441200502797476	3.97875
452/3a7b5662bf737	2.8420465321321347	5.0274375
453/66193c25caac7	1.0787414328214835	1.321375
450/058591daf9398	3.332663617921948	4.007625
451/0a15bb9252783	2.212638922287862	4.6151875
452/7dcc0dfdced3d	2.6269501865017637	4.25525
453/da3d1206e030f	3.134695783828391	7.54125
450/ddccadedb08a2	2.619885112156721	10.1864375
451/f0fd49a37ab18	1.8626136711841175	1.6244375
452/b414694827011	2.609614061411854	2.8049375
453/29aa1c28c955b	3.1721453515206446	4.27775
450/f32b432939186	3.275872734202179	5.2686875
451/94cef4916681e	3.2696662970008146	5.819375
452/51e22b4267896	2.994732427663211	10.267875
453/cda323659a569	2.426554390835399	6.6954375
450/3477aa3b123fa	2.7811695500592464	12.254
451/e443a1bfa48ca	3.3284626980407466	11.6336875
452/3d0e69794efce	3.318170926933229	5.748875
453/f0de2bb6b693b	2.368073124886147	1.0820625
450/5cba9ac3ae127	3.08392437392697	5.653875
451/f25f821265785	3.479430431707718	11.0709375
452/92c334a2589f4	3.1319151244105927	4.2466875
453/58617d04a229d	3.120943285062038	3.8398125
450/961041efccf5d	3.430590231464391	11.6280625
451/90ce27918de54	3.3506587700610466	3.45925
452/ae180914fe29d	2.340896708379273	4.0809375
453/c2332f8678dc7	2.9147255691059444	7.455375
450/5660b2b16b602	3.4194372390393393	5.3993125
451/0ecf1078bccf1	2.794031495947481	2.5425625
452/00b80e6ca8cd9	2.8128487135583877	6.77425
453/308a5b67f0ce4	2.67685835907279	1.91075
450/c6cb98bb7f1a5	3.3649521415059214	6.9115
451/96ceb56725b03	1.960295330954649	0.846125
452/20db7b956c759	1.3960744585831473	2.4038125
453/d75ae33c6f1b0	3.4361461606480606	8.90075
450/bc14cfbb72503	2.9321153859412092	14.7351875
451/68c659b9fbef0	3.3856080775902604	13.029875
452/0f0cade89a5b4	2.604380941917384	6.9075
453/b105b1b348ba9	3.089157412844799	10.2994375
450/abefca16126b1	3.4574843820051124	13.3953125
451/ec7c8c6f94d3d	2.5420099330676447	5.05275
452/5a3f605576aa9	2.851243838394821	2.5999375
453/c0e49f936ae28	1.7520451431330346	2.3120625
450/73618bd4e2fd7	2.6167134967939907	2.1629375
451/1ccc31037309b	2.97051113441594	7.2586875
452/b38ab0f2ede62	2.816173363376871	1.3250625
453/cd33c088fdeff	2.5806156273691676	1.9053125
450/6277220b67b9f	1.0909506913051903	1.8269375
451/0117b10e452f1	2.430281440473248	1.8721875
452/4fa44f2464452	2.000375861665492	1.3849375
453/f8951e56cbaad	2.2601448258705323	5.6838125
450/8823a8c4a26a1	2.6115322283544926	2.18875
451/6428075cddd7f	2.0136563020382794	1.280625
452/e2b36a5c0b060	3.173932651016801	2.844625
453/72ad4aa5fcd7b	2.727022629866524	8.0774375
450/3ea1abbbe2598	3.2278896416153637	5.533875
451/98084dd0d5521	1.7885805708420757	2.687625
452/8a4d53beb1b74	1.1001804248874494	2.5545625
453/0f3b5e2b35139	2.9797256598610704	5.1664375
450/ee3959ea0e749	2.2473314884655533	5.6095625
451/e5ace5022cf08	3.251303024836219	5.0963125
452/1df2b94d551d1	3.410250282074213	4.8840625
453/e4ceb35751c00	2.739262212691095	5.2596875
450/afeeba01bc372	3.1253625754874603	8.0629375
451/ba9953a3cd24f	1.1645780200873759	1.6645625
452/14130f44eb26b	2.6950369475777496	4.7754375
453/e15996a881416	1.657338499636888	0.72025
450/828c5f9e260e7	1.101217011859849	3.035375
451/6e298824e6c1f	3.377997727303951	5.00225
452/c48f93a3a0a31	3.138926539145682	9.4509375
453/ef37cf29417c1	1.9696968232666	0.8926875
450/92c452cc2b999	2.587913955114835	2.463375
451/df2e506bd5435	1.094052467177536	2.5575625
452/8948a80178fec	1.5527279794802067	1.4420625
453/014e96959bf71	3.100260218572307	8.8515625
450/f58a1b7710aab	3.2908664713685796	3.493375
451/d665826a127a9	3.074279096865363	1.86825
452/c8df80b2415f4	2.812287443472902	2.6425
453/00a7c082e0206	2.988562747912815	5.0210625
450/2a34aab4abf4f	3.308797650662443	5.411375
451/2cc7abb88b635	1.979658532025552	4.4206875
452/d798c55e789c7	3.0278724063344824	3.4805625
453/f2cf2e107a983	2.9576415737036825	1.537875
450/fc312ea82b497	3.069812346864784	9.3423125
451/013ddf2716cc7	2.9194925568992773	6.0289375
452/7abcf5f998564	1.966065713410858	2.6623125
453/c4d1c3b5ff877	3.3590597652624665	4.7446875
450/8908e827aed8a	2.6082224736294557	1.009125
451/858acbdee431c	2.936056591241392	3.4541875
452/49e867e6e9f96	3.3274672360637267	5.0179375
453/4ac8b3cdfba64	2.721311953306825	0.912875
450/cbfb6fc66e52c	3.107071519593531	13.3804375
451/e0e29809895a1	2.812867356476505	6.5030625
452/10e851fbc9d43	1.5624289510198948	0.84125
453/397b6c342a69f	3.081836898495697	2.5605625
450/459197b1dcfb2	1.7475915970338325	2.162
451/a3af73be77301	2.1785143627565864	1.306
452/7392cd15c8730	2.4460479123903167	5.608625
453/c9fb9d1e0f6ff	2.4475918175903955	4.673875
450/e590c89a27530	2.094551170265078	4.0131875
451/38bc24610a059	3.272575835750806	8.458625
452/3e53cd6369cc8	2.4869208083903103	7.4205
453/2d608be4f6b85	2.645993864799453	11.690875
450/998dfec05a74f	3.169290213896834	3.5676875
451/dc4fd5f8e5bbd	3.450144097904052	8.2495625
452/e5e25407ee4eb	3.3291647229609858	9.221125
453/e35188be9e415	2.0692653251472217	1.668375
450/790c007de56cf	1.0727362851673543	2.9556875
451/ff77a7b39ae12	2.8240131068484753	2.07975
452/5aeb766ec82c7	2.5606762563811607	1.8945625
453/0aea2c23edf64	2.6983915784588324	2.85525
450/0592362ed764d	2.786516732564267	5.136625
451/f8115fc0ed20b	3.3913581052368547	2.695
452/d27911a45198e	3.052796530573477	4.3416875
453/e5dedcbea8171	2.444071937623199	0.9125
450/a0fe86782feaa	3.129375124815614	4.4805
451/25c647790ec7b	2.227677267191931	2.54725
452/a4715842b34dd	3.0434401680719314	8.2875625
453/f9a4e45d07e18	3.264320818305106	6.99825
450/39ff49825bb9b	3.478078095053008	9.1938125
451/c44e1de785a1e	3.5784459296835984	6.9245625
452/d316ade52e926	1.1164085753683004	1.5344375
453/91cf2370bb7c9	2.68902980252911	0.8646875
450/b884a6db67ebe	2.60312383735378	14.750875
451/f4457b3bc442f	2.205210282684067	5.9135625
452/d8579251c98d9	3.1416382820687843	6.56975
453/6321ba24e9a51	3.2799738285304345	10.55925
450/d073aa8e0e9df	3.549570515172172	14.57625
451/9bb2ae494b93b	2.769504200857123	2.642
452/58490755ce371	3.4060598837641907	7.29575
453/aae4f1906ac11	2.7952636948015894	3.513875
450/85db5249c5611	3.2112632536133576	7.283875
451/6028b3768bd27	3.155353210495905	2.409
452/aeec02d2e1f64	2.88741841469882	12.00925
453/470dff2130186	2.0787920039270253	1.7774375
450/c2f9e18b3a7a9	2.9669883988059875	8.752875
451/a11554c1cc3c3	3.1168842790596734	6.4704375
452/0da7c52e66f55	3.4953271351152426	8.55125
453/ed658cd6439a4	3.0174085514125757	1.557125
450/45e01be645206	3.534266375549083	7.35075
451/345d7c2e54633	3.2285714333417004	2.70825
452/bbb8e1aaa957d	2.7274501630106043	4.2751875
453/5a9379e30a0b2	3.0318271271651716	4.2286875
450/e7e03a4550297	2.925092670210561	5.59375
451/ec46a8acf8a27	2.83199595725288	7.3775
452/260fdb815bc0b	3.12969982636518	7.0465
453/09ccaf40cfb7f	3.1211009748338494	5.5950625
450/8b64a6c65588e	2.5938964919276803	10.6941875
451/810ae5fea9e54	2.5174100112412967	6.962625
452/4e9a9e74a4706	3.2168065289702916	2.788875
453/5edfe397b6ae1	3.2662767024736494	14.9860625
450/f7d1015a5bd89	2.4667508256504576	3.4815625
451/d6758cd7d9482	2.427630744263472	4.34475
452/a16559cd3d2de	2.1405193318541142	2.4524375
453/95d8b86b39e9f	3.427854622500735	11.035375
450/3a0b0f391b66c	2.1652786489594296	4.19975
451/b4b9c3fe181d7	3.2828021173562414	3.686625
452/d79f88b021f8d	1.7288062156468167	1.41825
453/9ead7f72dc796	2.3734817680536686	2.16425
450/99dfc08e3bef2	2.8277386395371455	3.498875
451/b5bbb1a954516	2.736445296656824	8.6501875
452/c73d050c5b180	1.328851503102176	1.0569375
453/e327d3cc0e9d2	3.225012826283046	8.13875
450/00dfa8fe280a7	3.4556379874553613	6.637
451/40881365cdf2e	2.714886460823603	2.314125
452/b73ef4568ef49	2.160267999176997	3.22225
453/0def12daeaa70	3.266273825031096	7.0685625
450/03d580ac27bd3	3.0335555385790163	11.936875
451/9f24d75e8036a	2.376518051216584	3.4515
452/41329c8337d6f	2.175233412654875	1.346
453/5624efb53de02	1.629705680146238	4.2495
450/fa87e25ec20a2	2.486214979018792	4.9196875
451/d7f26f1ac1821	2.3558973222992905	6.0025
452/fd083affadef1	2.771134152845038	2.5348125
453/06a08688fb7b2	2.9008575079240275	10.3860625
450/9f8fe8a119e12	2.745872790738247	1.6855
451/76c12cfeaf321	2.176509952085922	7.9799375
452/4bdfd1592634b	2.2607638089725	3.4625625
453/6c7e12ba6caa2	3.2303113087905446	6.9328125
450/f2600a3fd14bf	2.5911034324624564	5.4010625
451/250a41642dd9d	3.070416130379274	14.821375
452/b1846f0021f8c	1.3132478208789693	2.977625
453/5d8c7ff1a1020	2.4974630507864464	4.456625
450/640da8f5b4c84	2.903808831175146	1.9845
451/0de3fae39a889	2.449395210794326	2.3429375
452/6e69f2cdccf79	2.2651852637208187	6.2723125
453/2dfe5e7bfe244	1.3137458879576258	1.389375
450/9fb8ca91d4593	2.0922666742017704	4.8754375
451/1526b6d2517ba	2.0376890475680547	4.5193125
452/174ac047e4a81	3.2147920313681526	5.613625
453/684599bd61448	2.7674915041575643	16.8294375
450/68fea9f0d25d5	2.6105705812745565	1.9468125
451/aa07867da299e	2.3182399810279652	3.1636875
452/d46a93a66e853	3.333081949222283	3.94125
453/9f7e2a475c134	3.041192133609337	7.06525
450/9a6673808c06d	2.1376810927821723	8.194625
451/2a4cfeb7a069d	3.2397651772792844	4.2629375
452/d05313e8bb4ce	3.3894638213049344	4.5435625
453/daa52447e52b7	2.614058417497905	2.3539375
450/0d1416fd35c7c	2.862227822635336	6.0614375
451/50d667b1a0eb2	1.060896069692955	2.7541875
452/b22d828317156	1.6875382231157368	1.785625
453/ec5a11c09937f	2.1131226483540524	3.316
450/d639de72a9921	3.405196242104338	4.5453125
451/8183fc40cdcbb	3.206774733527955	9.2286875
452/fa8f1476eebd8	2.620071538358676	12.1631875
453/d52b6d9008d01	2.9835181478981663	4.061
450/9be0eb963eac1	3.258978845070808	10.3724375
451/969446f60d461	1.425660630956126	4.741375
452/dace534ca6abe	2.6398997071570496	3.189375
453/cff5e11ba61fd	2.7991547707109548	1.7419375
450/8afbdabbbe39f	2.3523065516809045	9.4825
451/5ae8615f125b4	2.47310995847779	1.7555625
452/5a0d5a3d6c0ac	2.731005423414048	2.5215
453/4dcf721819793	3.342443586438109	10.38875
450/b3da628f4e874	2.383658390914508	4.644375
451/2b0aa52359da9	3.1510898402549383	4.6700625
452/5214ff7987619	3.443727368676148	5.8826875
453/d643a29984440	2.8543060348361955	5.10075
450/27bd772f75458	3.3428959082983893	7.6014375
451/bb058bfd08bca	2.1318792981734376	1.1748125
452/c4f258503f41f	2.368204814598882	3.5945
453/37a0cf7994004	3.4425303277720167	6.6415
450/ec6ef412dc7fd	3.0604237504347114	4.805625
451/e41a6769e756d	1.835798645564949	4.51175
452/df56ca6f2bd43	2.596941792150289	5.5605625
453/045f765a7f9cb	3.015525672486478	9.913
450/2a144f1b31819	2.8019489401159503	11.636
451/af3074ac0e793	2.0978728093864913	3.0511875
452/823114fa255a3	2.35935392119165	3.22025
453/a9c88ce9372bb	2.8471149277030423	6.76
450/7a2b6a63cb593	3.3140891214512345	7.2565625
451/c3c8939c92155	3.1059549770484787	9.325875
452/c491b151222b5	3.2349405407618224	5.21525
453/0b5e1db43629f	1.2834445545693043	2.801625
450/ef9f55c6ac499	2.9820730065503582	9.108125
451/5a9a5ebe43b05	2.9457231742659955	6.673875
452/5950e31107c9b	1.8151189242350239	0.9125625
453/f1e1cd0176fa6	2.056853684195171	5.12625
450/cf4935f0dc563	2.4049052664476833	5.1996875
451/92d7ba36df56c	1.8899091872910434	1.5830625
452/187554ef9dfa0	2.8020198112249934	5.720875
453/2b5d7300cf7ed	3.464244843202003	20.7623125
450/980dad3148e52	3.0553586167107896	5.2040625
451/92c861c85f11f	2.9845903158278477	1.9249375
452/0289ce19898e8	3.3229247095012058	17.6221875
453/9d879575ff6d9	3.1575651582812014	4.9939375
450/dfa0b4682bda7	2.22217935520751	4.3733125
451/91920135bdd3b	2.968144872934155	5.9733125
452/68a742f19ef56	2.2978844228029174	1.5135
453/396eca871cb13	2.1633970112324445	2.121875
450/ff909e945bc69	2.973059805513618	12.3455625
451/9078f23e9fb93	3.0873773209382116	5.33825
452/cd1d21a3488a8	3.0134220018845976	4.9958125
453/230854da65f38	3.1704883062053377	5.2594375
450/2168f0f33931d	3.0002503621703562	4.6805625
451/9c290255ba0c4	3.408350047344002	8.867125
452/7fe44a33f2287	2.45120539250654	1.3453125
453/3f778c7c03b98	2.3445838810769066	2.33375
450/fc5109a2e8111	2.3207557137563812	11.0845
451/7b27a82520385	2.272804261720218	3.165125
452/b18852b5188cd	2.0840011386678747	3.1218125
453/69036727ef83a	2.580267459875869	5.61825
450/a379e8142fd61	3.042794825584281	6.345875
451/2a10041ec2b90	3.111953227971217	4.476375
452/9655488f4a449	3.135250091356168	5.7095625
453/1dc6815ac86fe	1.1160201842404178	2.164375
450/afcb63dda0669	2.9932590265206263	3.722625
451/05e3672b07d7f	1.7292203024553154	1.37425
452/0dcf106a9c6ef	1.7131855905140554	4.946625
453/055c735f7631e	3.3557234701144996	2.9818125
450/c9522d6c1c515	3.343496598986455	8.96075
451/b871e20ff64dd	3.248332129096718	16.7605625
452/35cee20e168eb	3.4110002482316166	7.7465625
453/6f3bf2af738d8	2.6109771797085926	2.306875
450/96432daa4ee89	3.4659554896622637	4.8240625
451/dd6911a1597bd	2.9630982484406636	2.85275
452/70c736121da99	1.8013384879054701	1.2496875
453/45b2ef6a7d4a7	1.5728965004240156	1.076375
450/61b4ba820994f	2.4172942538910047	1.9230625
451/2916ce8153d70	3.4226328134787307	4.2465
452/db114f5dd060e	2.3964430184907775	3.6554375
453/00f69b6e67b95	2.3034225619766726	1.290125
450/e9c0f16e75d76	2.104486459205798	4.0543125
451/a463affd08ee7	2.695277762786803	4.91025
452/71f3a0afdbff9	2.865473391106499	3.5144375
453/396a715908f65	3.056865991951062	6.852625
450/0bd245607f43c	2.9066621326877278	3.271125
451/bcf3719b0fccd	2.8226392437299954	6.32525
452/4b5ef01383fc5	3.1168718106811193	2.4851875
453/abb11313e3eb0	2.812217948531793	3.4461875
450/db0646aa7fe0a	3.113372657614434	4.1529375
451/edc1b126d598d	2.329096799195507	5.0746875
452/c0230461e6b0f	1.4777758410596655	1.9951875
453/271e533cbaf2d	2.8050301694551303	6.6084375
450/807acab54f59c	2.4666562866155806	1.3965625
451/279aa5d5e8df0	2.7013425679778127	2.3750625
452/78a158c70721d	2.2685718678364384	1.902625
453/bf4481ebffaa7	2.870032399658551	6.7738125
450/005ff6535f4f6	2.3559468659574883	18.2040625
451/b936b48b4c32b	3.30066718252275	7.1795
452/fd083de867c87	2.9007736166933276	3.3155625
453/992ec6de04346	3.3541268788638443	9.038
450/ce2558fc39586	3.1830674226478677	7.577
451/49b3f0300428c	2.0548967594495013	2.2024375
452/76b8fee341485	3.3817354044170425	8.4890625
453/d16fe417d7150	1.8914089287820095	1.2978125
450/f2f1bf04c33f4	3.328758928320106	2.9393125
451/a936f8419ed40	3.1227918438395186	5.643875
452/e15111f511c0a	3.238992128834518	6.968125
453/2e519b22b9376	3.0473563345848187	2.8620625
450/24c4ab9e38a9a	1.1388683147173266	1.7736875
451/bbe1b3e7af0f7	2.703383450442547	8.4135
452/c29f024eff72f	2.965652011566871	7.430875
453/0552479f677c1	3.130563330147911	5.5744375
450/a94deb5678be8	2.403119169621007	6.40725
451/1914ba98005c2	2.725597755524752	2.694125
452/4bb6a750c9424	2.7366732346778337	16.513125
453/345d18460d925	2.2358738599644155	1.781375
450/0ca5f63d686b4	1.529406811058223	1.15325
451/4631ccd26b034	3.4243066328646123	7.7043125
452/754e3cde136f7	2.939033042585345	6.288
453/6e01945f7dee6	3.3072342189514226	5.371625
450/57acf8f5929c6	3.0343425989607655	5.1400625
451/aa2de8b534d93	1.5533430684373108	14.246375
452/c2e9bae7a01a2	3.13639470623528	2.6055625
453/fac236fcfa7fe	3.244081707917175	1.9599375
450/24b6c0e1e3374	2.5227938763189868	5.7200625
451/ec265b08b963e	2.186530321132512	1.8649375
452/6d4b4b24f6d5a	3.216045819573087	8.696875
453/5cae93ac53ee8	2.9716178997214415	2.5891875
450/55fe9f18ef369	3.403080058862219	9.2265625
451/1351384f112d4	2.813908574315399	5.3819375
452/55559657019b1	2.7276980571532827	1.04125
453/b897c07d01f17	2.101253685694679	2.5465
450/3590e15ac5c04	2.675135044021397	2.93725
451/7e400e07b2788	1.9292076595176775	7.5716875
452/881c69844a982	3.2592483385488293	5.9535625
453/d320d0e7596f7	2.2965648923411974	4.13725
450/be0e8331abb16	2.59698226478983	7.655375
451/855c469cf5ade	2.5177994465038203	3.0441875
452/89ba1e4ff7f3d	2.2606675122859867	4.2949375
453/257d0782597ea	2.2537076973457033	1.8106875
450/ea050e1342b10	2.8699369260795637	7.805625
451/1a2f254f848de	2.2125998596580443	2.52175
452/f888dfa7936fb	2.652951249706521	7.0584375
453/7909cf8557cfd	2.8452034016206396	2.738875
450/a714a6945bcd2	2.329438502653041	2.4050625
451/845eff2827f46	3.1907495114161355	5.947125
452/35f834872c433	2.5531305449031287	2.309625
453/0095b9260093e	3.3283195190774544	5.900875
450/612db640eda81	2.739813681650136	2.2391875
451/0de6166da4ab7	1.9723342198958385	0.7448125
452/e1894338da146	2.8954412498376545	1.91425
453/8887e729a96a5	2.749061616680308	7.5156875
450/33134658b1b8d	3.3751776872382	9.450125
451/a78eb370cc0fc	2.3532460934192185	1.4473125
452/5a1dce406292e	3.0458413275072083	6.399625
453/4ff3dabf880a8	2.7181256896377666	4.228125
450/dfbfb4567eb90	3.242340477251518	1.2395
451/69375058c9746	2.4711405308150973	3.3721875
452/76f04ea30f496	2.605041213911465	5.935625
453/2940da368ef16	3.258994775301845	2.21425
450/d1604e35ca3a1	2.6639975965170226	6.6064375
451/e6725cdcdd258	3.138097995663534	2.8369375
452/3fc5bb58b3c92	2.4687227814384185	3.931125
453/0c83389a44b50	2.880418871196396	2.404375
450/4c672164512f0	3.287230760248456	4.441875
451/a2c9f30a55e2e	2.969403083114219	8.8006875
452/122613d4d654e	1.7000078736999908	1.8983125
453/f0d6fa7c552cd	3.203574434271193	12.53825
450/4edb530f3b828	3.112664841688768	5.84525
451/c162da6c4d5df	2.87670828263774	3.2590625
452/f0b024f86c1f9	3.394660273994783	7.1046875
453/0b903422fb01d	2.837852586748252	2.0271875
450/cc04835a85591	3.428378687178293	10.775375
451/4405ab5f8777c	2.1515456552111876	12.210625
452/f8927c5456165	2.749650102048415	5.69975
453/b346c7a616ce1	2.7215751232308953	4.7435
450/1ea3ae27622fb	3.0091869791122554	4.200875
451/a1f39a8f697a4	3.213473162013492	8.893
452/9aed8cd410f51	1.2250401432083042	1.681625
453/0516dd62ac289	2.952843713857086	2.399375
450/8e50fa264a841	2.758461445316338	2.958125
451/832aba502e364	2.9191417989753123	2.7560625
452/fdca391f26d1b	3.2942747782046937	8.8699375
453/f265eb688d035	1.0771846756802226	2.9818125
450/19ec7059db8bf	2.9858782153681074	9.9709375
451/3354687e54289	3.1341004728481727	5.1486875
452/4fb3cb48ad548	3.293323152249808	8.5489375
453/f6b4f179efd23	2.183110018896496	2.7059375
450/e55271a48210d	3.0491000170194917	2.0590625
451/dcde0c387b289	1.6666393199816223	1.75925
452/381a7a630af9a	3.024734548199675	4.34625
453/a035dbad2bb28	1.2423942910656707	2.3119375
450/03354b84a5170	2.0332607709724098	4.636875
451/87d435c6bb112	2.4755042542241363	5.420375
452/73309b4053f15	2.965263032238303	6.3636875
453/56ec8a4826d71	2.9328193045768116	8.322125
450/ceea4970965ee	2.9788710929677995	4.5435
451/846f27f0d08d5	3.1993661856047306	1.8255625
452/c6c0810817a9a	1.9347341443542068	1.643625
453/834fd5252624a	3.1488017376714565	7.4015
450/173712a0b157f	2.916881315827331	4.683625
451/d41ccc761ded2	2.838483761937144	8.042125
452/0fa133498c4be	3.1555174045056043	9.1020625
453/5e486bee773d6	1.184517572452513	1.298
450/abec682092e4a	2.575063883890961	7.871375
451/60115b5f60929	3.105119635531511	2.45425
452/0a87b53b87dc6	2.2916951896134994	11.616125
453/b00ef04e26bde	3.363717416267467	11.48675
450/a831d771e8756	2.5498989591848935	6.2221875
451/e4f56dbd26ffd	2.962793370312685	7.0440625
452/fd0a9b20977ad	2.7434190423186995	4.4015625
453/3c71c72a2f18e	2.6418656163664984	2.127125
450/4ebd57c233f78	2.8404017109880946	1.4415625
451/11e487bf0047e	3.061031090559998	3.0901875
452/8b1ea21363438	2.279316163742428	9.185
453/bc5581b576904	3.0445523456562342	2.5603125
450/d1060fa75c7bd	2.8414244996377445	3.89225
451/dd728221697b4	2.666377086485928	2.648625
452/13a190c109724	2.9188493241743756	4.1843125
453/baac272ffcf37	2.9328331377622114	8.97525
450/00eb18319830c	3.160710587854084	10.5056875
451/a250bd6c30518	2.317864757107353	3.699375
452/bbd55779d177c	2.9495896521625418	7.6083125
453/7b9004e46cd51	2.4729031055910866	4.79625
450/d830981e7af41	2.5497311688677424	3.204375
451/b298b8e368a96	1.9757744154692014	3.2048125
452/a0df6ac06d90f	2.5036017723472583	7.3816875
453/4534c62ae87f8	1.2956871896438604	0.7685
450/cabd85468dc2b	2.4879834995444456	5.4505625
451/76fbeb855b01d	2.7426193771813847	1.883
452/5826fca1febae	3.29181869769533	10.144625
453/8ab464f33839b	2.0779194379526476	3.6591875
450/8a30ff3c7241d	1.952883457162341	3.5511875
451/c62a74b282a77	3.2223668365118976	3.7984375
452/8e1f5cf450362	2.1508095256282616	6.67975
453/6af5483091e51	2.928945470631431	9.8303125
450/d57ccfd8aced2	2.406421293106652	1.9366875
451/6e895ee45943c	1.1822775978960558	1.731125
452/60835d917ab21	2.4607799751407526	2.9735625
453/a512785e081ff	1.6746830789494385	5.8856875
450/6113df4157730	2.783534098629234	4.733
451/fc6c0aa8af7d8	3.362795885116404	8.9614375
452/f4fd22e1db4d0	2.400644088469929	3.6178125
453/04bd60a802806	3.0693987127715223	4.140875
450/4bbdf37d50fb2	3.023131777119726	5.596375
451/06b487069e01c	1.7287350451921317	3.412125
452/d9a17520fc7c5	2.603358879850025	2.850375
453/413b343c3abbe	1.7755906565009851	1.152875
450/49ef34933f4ce	3.0144621558224403	5.759625
451/ddd91591474c2	2.514746117454997	6.1545625
452/ee9f35f6e1ee0	2.62651657132428	1.3885625
453/4d3679a18db39	1.5098966710838009	1.442
450/762af5f566cd9	3.242538726646424	3.724125
451/62d5c1876f700	2.4076527576691893	2.3555
452/95d5fd1383af1	2.949864849169428	3.9180625
453/efa00c1f2e11a	2.6459311403818746	2.8379375
450/351abe1e8dfa8	2.653922297878933	7.458125
451/7619ed72c3329	2.8125436021666337	9.6044375
452/d607d34cbc8e8	2.159846857106268	7.8643125
453/5a96a3f14146d	2.9718966113732503	5.25
450/b0c761b03102a	3.027578853623408	4.5986875
451/c0c1fa8e94d61	3.2340952163789103	10.9728125
452/ad53243a3b0a1	3.196020323683658	8.3366875
453/8a57930dcda45	3.337221424249861	14.674375
450/2b75ccdd799f0	3.3711669997222105	5.041
451/a425f4517b138	2.995941988697158	1.5378125
452/11568dd2f35d6	2.467851100059417	5.55925
453/752c7a02e37f5	2.5277639426715757	11.0494375
450/bbe709fa9383f	2.7781061928253306	11.115125
451/f1e02793f065b	2.6698834580791933	6.845375
452/fde8578ce22c3	3.366245082505362	6.9045625
453/4886294728235	2.900599000848281	3.078875
450/4fd22ea0a91ae	3.359963143563235	2.4914375
451/a31779a84d66f	2.7665280947292468	7.0464375
452/0c1d97fb4fd9b	3.0161623223246607	7.7780625
453/39a7fbcd646cb	2.3373122151166745	26.449875
450/88d1e405fdf11	2.8605281746420994	3.5571875
451/077c426a398c8	2.9863280606508034	2.4765
452/da0abede6a67e	2.993220409340097	3.021125
453/5d40cd1f89f3c	2.062845830669401	6.6308125
450/d3c7d71a5b0a5	3.0232764317420027	6.016125
451/725d5931beb5e	2.557273840572082	1.7828125
452/5c4922915d627	2.638344995042435	1.8409375
453/7f0c2f68f4c46	2.6614916282826364	4.7569375
450/1b2738b427327	1.951944247942231	1.8754375
451/b60af7ef99871	3.3389866799150747	5.8475625
452/01caa0efcd50b	2.9822581504463543	5.141625
453/be67a40b10487	3.1482288432359034	3.2606875
450/5beec23959813	3.1505178160361393	7.4893125
451/cab01b809c2e0	3.0711997969823903	1.251875
452/b6c86d9bab8bb	1.4896970623831407	8.2060625
453/f08aab1b37b7f	3.1858452018438275	1.9275
450/548be492ba13b	3.2483440869664	6.0335
451/293c7727f1fd1	3.3943124704224377	6.4145625
452/b3f36a13406eb	1.9093134732317445	2.675625
453/6f91afc3efddd	2.4925132121729923	3.7775625
450/197b19d9d8a7c	3.295003855251505	10.86075
451/0eacac6b93033	2.3030444163829142	2.0760625
452/1d5346d9d1877	3.1375110320757322	2.4235625
453/432678e982ef7	1.8864948981006846	1.554875
450/ab9d4fa32f1d3	3.2310930158090563	3.8466875
451/4f6e544bd0dea	2.9439497197225832	4.863375
452/b633aaed148ae	2.952351138370863	1.7606875
453/b5b9ef92526e2	1.1554107613680067	2.028125
450/2584de2b1629b	2.825306629015721	1.297875
451/e903afd8790eb	2.2338827232578256	12.56975
452/eb5fc5754614e	3.1389467678557077	8.884125
453/433a2e6d52331	3.2459608768624064	7.4155625
450/a02ed4ab7de77	2.9860003154644525	6.6355625
451/0e65a32887b26	2.184847106155684	3.7203125
452/e3dbe6151e1e5	3.0453227661034172	2.819625
453/95aab903563e3	3.4721182548863982	6.1106875
450/dba53c6d86fe0	3.0648050141421863	3.4633125
451/802bb86916069	2.0378098892335226	3.318375
452/e5c0219a8eded	2.375514282012857	3.74725
453/85c927457cea6	2.2570640926722736	2.2770625
450/439096c1e044d	3.052632925774708	7.2335625
451/c4e698d0a18c9	3.102554945471685	13.832
452/32a7f671ff07a	2.8891263125355393	2.8083125
453/bc78f64abb2a0	3.43833024811056	19.18525
450/99101976238cf	2.346672904612276	1.2924375
451/565ce945472d8	2.312807097469943	2.039
452/b30dffbda42a5	3.408122632689661	5.20875
453/c7977e51de85e	2.35645365937021	0.7834375
450/316ba4f7687f9	3.051920610120934	10.715
451/6197e12ac9a8e	3.4466989010349303	8.376375
452/80ddf49fc1129	2.5303851225410963	1.2973125
453/0c219b503db69	2.1186565159161472	1.2016875
450/9887e702adeac	2.2992091948822204	1.683
451/90dae1a8fcb3d	3.243486541432938	13.546875
452/85f09f4716d8f	1.7358452108402338	0.76825
453/0f73a833e55d9	2.5418279661232197	4.290875
450/0614bcd7693e7	2.3431350641222544	5.97925
451/9680fb6d95b13	3.351085339078768	11.2979375
452/fc4918b04582e	2.135907054273535	3.80425
453/676da7c5f9f2f	3.184004303499929	7.5913125
450/17f633f5777b1	3.2805411677127814	14.659125
451/d64ccbbf89c24	2.684904741699112	15.2159375
452/4f78506795b65	1.1075440420663418	2.7871875
453/c065b275c94c1	2.4819391672762694	9.7118125
450/e025eb31b4242	2.9524998864224328	11.2375625
451/fa556153556c3	3.0803076482766216	9.203625
452/fc73d5a0c6cf2	3.413142998045637	7.004375
453/8059af59f2d98	3.458821361843511	5.1969375
450/fe95a985ec38b	2.378445755409248	3.5665625
451/b2686f0230a1f	1.9617102580093089	2.279125
452/8dc19e83d6533	3.1369883891909347	10.2325
453/45ae7ba598a86	2.783174713354908	4.4305625
450/516eb995f5f9f	2.3223504788676497	3.4181875
451/de8f8cd51f78b	2.4230709219291007	1.3244375
452/1c27d4328845b	3.3321971459181836	9.3088125
453/434c117bc0eaa	3.2911363414976478	6.0485625
450/0d0ba8affbe9f	1.2554581983353013	2.1686875
451/dff130305346f	3.4009015461844645	7.6386875
452/b83d241d8887b	2.741637586842834	2.3453125
453/9b8e06aa0498b	2.794907324473512	7.188
450/a1b3fed0d321a	2.76208578644432	2.4989375
451/8d93817557cbf	3.2988012993969527	10.3905
452/f70d3740bcd0d	3.0038874893554115	3.09125
453/36ccce35c11f1	2.4273048829243593	3.318375
450/556b999490f5e	3.120723018252581	2.387875
451/db3a474964f74	2.6654904932691537	2.09375
452/ff3977f913f22	3.387402697255874	4.827875
453/5049fd83ff2f6	1.5033684769401652	4.05975
450/0a1173c637e82	2.85516710396869	7.529
451/2248eb7e76cac	2.9838110711024606	9.202625
452/fa213e1541b29	3.074975953275924	3.0900625
453/d5bd690852795	2.5263610317538676	11.9599375
450/6a2f9c4d3a4bf	3.2372782610008954	2.412875
451/3ba580899fce3	2.5240044451941412	3.22375
452/838150f3408e2	3.299313122516136	10.2636875
453/a3e748ef67033	2.6177928187328017	4.6423125
450/315fc564b57c0	1.858355123808293	2.90825
451/c8f1343ab58dc	2.9979023802462494	3.51475
452/5b78bc54709b3	2.926545356823157	9.3570625
453/1ccb4b9227016	2.6717628339887183	9.5676875
450/7d5dac4e081c1	3.113013414050322	3.887625
451/c9c12ae2db061	3.0373589233051197	5.85925
452/15f120eee15c0	3.2525544030495164	2.7895
453/ca644c0fa0c2f	1.569098455044777	0.72025
450/c0d0a1461be14	2.9253202861908663	4.16775
451/0c23dd125bf2b	2.8542584757021863	9.2951875
452/470ec512f2a96	2.524231094841571	2.7226875
453/4d53e5fcec617	2.896426784788313	2.385
450/29e90724b6b69	3.013353593001595	4.6848125
451/dc310ef5658a3	2.6525343705573463	6.9445625
452/88b142f9c7ce3	2.1133970211483626	1.3714375
453/d1e02cc9c1e70	3.1628886557890077	11.2391875
450/5886359efd049	1.1279072257450988	1.5793125
451/4091bc7b98120	2.646394272188313	8.578
452/750e5880be2a1	2.239235011764131	1.634375
453/2a2c63ec6cc0b	3.248878855910945	5.406
450/6aedfb1aafd27	2.284805329813486	3.8185
451/85dd3bb28cdf3	2.917331259071568	2.5003125
452/01711682670be	1.20323423479676	1.9006875
453/e55a0078bfd8b	2.0239356161800073	2.8935
450/01be681b7a1e9	2.7845986799952156	5.984125
451/9eb9d207898c4	2.668740149545525	1.393
452/4973a686ad109	1.3537423301004547	4.91575
453/f7a8186580c12	1.9033885985991337	2.0709375
450/2e3e734d77b1d	1.7716954044228097	4.52325
451/ea682caeb7bac	1.485406706257218	1.0835
452/b275a00f5ab44	1.9426723253464793	1.361
453/06197481d31a5	3.1315730009513674	2.2605625
450/b670557b41c6f	2.877913328292236	3.9126875
451/52f859c32dd8f	3.2485074690215594	3.7525625
452/e182f694c3cd0	2.1868867975301796	3.672125
453/75aa87ae82595	2.662017100836318	2.155875
450/2a7caa2d3a24a	2.431077320632959	4.2415625
451/8a436a74fc222	2.773678557680188	1.05725
452/d609e68ed784d	2.5439067528073367	1.2390625
453/7010dab318464	3.395450247334587	14.8385
450/dfb75249e6577	3.3849811946228625	9.0480625
451/18098365730e7	2.130033215087917	5.074375
452/f2094124804d9	2.2306586577308396	1.4108125
453/350f1685eda99	3.2064403941545807	4.403125
450/60f2992dfe1b1	3.010928308522168	3.3314375
451/576637614d884	2.6558133079350696	3.8816875
452/99b9b9dea5618	3.4937439664509435	8.8550625
453/25fa46e10cd3a	2.6858780922323118	10.0961875
450/81b8b800fe3d7	2.2105441817150773	3.1755625
451/fe569e3d923eb	2.35916625558477	6.142375
452/d00991c001a5a	3.007545555395023	1.537625
453/7846e195542c0	2.733527043123004	4.050125
450/d8c58f16b574d	2.9607115187063604	5.217375
451/d0a24687fbadf	2.884813883037289	10.7854375
452/391e0103a2e52	3.017087836192894	3.771125
453/030c18cff4fa9	2.8910318271873976	2.76775
450/36dd57e342c63	2.771119059486215	6.4410625
451/956b6b5dd5af2	2.200806612480651	1.2979375
452/11233583c4f21	3.3644906045651086	11.2683125
453/5c605c564db9b	3.1674226674035615	3.4468125
450/b4185ee6e5c9e	3.1275230699264482	17.850375
451/6cce86f2ea45c	1.4584074903539703	3.5281875
452/d2ba32fca2bae	2.8842459419911393	8.3879375
453/89670c8ff4fa9	2.920079022969166	2.4045625
450/e95e2ec3f4f28	2.8402334178385535	9.891375
451/beb97493e874c	3.1878958799791803	3.49975
452/abe60106b7d28	3.045367301348231	2.49975
453/e54aedca28fd6	2.08867178358397	1.079375
450/907ea07484793	2.878003013559735	9.2364375
451/f61bdd00ed8e9	3.48143977460737	7.5178125
452/e338af3b5be73	2.448695219875133	8.01
453/a74f1114eac27	2.462260356818361	2.29225
450/404bb77adb967	2.509357508294993	20.1544375
451/b097b3a98ed12	3.1682209792256084	4.376
452/22201dc1d9a66	2.346972708992515	2.3405
453/0cc01faf6ea06	2.028372447330002	1.299125
450/9708cea836ccb	3.4614517824001694	12.6618125
451/00d4e45ab09eb	2.9294988608220396	6.775875
452/4eec3ec40afa2	2.1462445482763512	1.4380625
453/7aba5ee0dfb1e	3.348605871246129	5.3595
450/72caad98bd678	3.259287136698653	12.1835
451/4e8223d6812eb	2.360541928526474	1.1051875
452/da62eb6e8efe2	2.6236842131054936	3.919375
453/59d8951c6a71e	2.8676600310704043	3.7765625
450/cb88722c16492	3.2112300399050873	16.2345
451/6140740c0d39b	3.1289637818442975	8.9285625
452/b92516011bbf4	2.3661909637842045	7.580875
453/65e96edfcb01d	3.144820559114229	5.789125
450/c8762cbebc6cc	2.7978435710646883	5.0985
451/6098f5a0de3ae	3.035109513136682	6.19825
452/224d330ea175b	3.01285980298131	4.9614375
453/5f6a2d8a3f7c3	2.5920328082711324	2.4950625
450/64f3519bd273e	1.2665589776695938	8.0748125
451/6a18205abbbfa	3.094362500222846	8.534875
452/b434e304dacd4	3.379384203306338	3.4648125
453/d5b3485a66d55	2.298052508545722	4.50975
450/c84052b4ed38d	2.830063358346654	2.5945625
451/51292c19e5184	2.8298424442278733	5.7669375
452/926c2aa9202dd	2.2320976035772073	1.241375
453/52ab6c2023eed	3.3513839436189166	3.2221875
450/189db2c0bd554	2.2925885685955842	6.1758125
451/9d10dd7d1db49	3.5320120396958967	12.2353125
452/aadee8378f0b2	1.71774465054851	1.570375
453/5355b409945f1	3.0733428517415495	3.47775
450/e090171102eac	2.998585625081898	5.1175
451/048790fd10889	2.3334425412262094	5.6175625
452/26a4eba31f31e	3.066710532622208	5.7884375
453/c951b1014696c	2.477317265470609	3.9640625
450/a4ce9fe0bc0fa	2.8578544050361856	4.6500625
451/d330ea18602e2	1.4512743623812654	4.62625
452/bbde572d63e80	3.4468871031571005	7.7368125
453/991b5dd2fc3d7	3.3254868456417888	4.3779375
450/fe952f57056d6	2.794620578487972	8.1626875
451/dd7a2b5d14e61	3.3212976592682053	7.8370625
452/994d7d7668ced	3.1859662788338285	7.4531875
453/00771de0749dd	3.283655719280562	7.5923125
450/39c086799f8e1	3.230425690553673	10.647125
451/1ada10c9de54f	2.7482053870166836	2.0744375
452/a22034362b782	3.408631867284923	3.992
453/99863111c1d34	2.5796184175730743	1.4919375
450/de53daa14b750	1.4926346028727224	1.7786875
451/1603bcc7d1654	3.489806110805387	12.0009375
452/39ea30414abf0	3.2441289546314347	8.5091875
453/0849fc2db2e47	2.613079434007661	5.0614375
450/a8b68ad319d85	3.0307661725956367	5.3429375
451/e2874d0dc2832	2.3453171566359083	3.6800625
452/012e736060015	2.469605928306989	4.3551875
453/a1f8efb068727	2.376587907966529	3.7540625
450/fcf9df68d1306	1.1674742710018282	4.5254375
451/81c0d24e67ffe	3.188208850062675	14.7958125
452/62165fef3bd39	1.312796673290912	2.135125
453/1444ca37c684d	3.584515475391478	13.5048125
450/2723717c81b75	1.8880972476141458	4.47575
451/8d5952de2f6c4	2.6781773237843365	3.77925
452/6e48d1b9748e0	2.279054560143533	4.1821875
453/b897eb76184a7	3.266929992318303	2.5563125
450/c00a265f4084f	2.757537917806047	8.2640625
451/9199572ed1e41	3.1713250557574284	5.8826875
452/c61831bb38c02	3.3022299132995676	18.289625
453/a55e10be5766e	3.0254694494858483	3.0806875
450/6af585944b1ce	2.961457959519064	4.36975
451/eb9e8b0c8d5bd	1.8582187665504455	2.505375
452/dbbb69b1f9570	3.3311003091908398	12.8216875
453/26d5cb5f6fb7e	2.941024067894093	7.3240625
450/4951af7fd90bb	3.185811112923356	3.748625
451/a586c1f2e9961	3.3340892551678047	5.814125
452/a919498329f83	2.769338314083517	1.2335
453/850156859495c	2.6304844696605163	2.4703125
450/12d40f4b30f87	1.5502118819683404	2.0209375
451/f1011d1919136	2.7094030664441084	6.431625
452/95c065b2e4197	3.0983321507356267	1.657875
453/1faf7262a8208	3.0150713199475168	3.4139375
450/3fb3df2192db7	3.352493450765542	1.6474375
451/5cb0e3ce63221	3.05097589462772	8.438
452/2b9ebea8f74d2	2.858931368229151	1.1526875
453/d754eff4aa0d9	2.4440207102320293	3.667625
450/dd0c674f86ab6	2.9350262297174226	2.403375
451/2ac31f595785c	1.722378669301994	1.3068125
452/975336937f104	2.3924005435054596	2.77025
453/9791707d8a3e7	3.339907755703578	11.3550625
450/7826f3a150f27	3.087472742951575	4.343125
451/db4f23300ebaf	3.0841474563307956	4.8005
452/8d2670128aee7	2.578772334633395	9.3280625
453/2661e7d1920e3	1.9327958063362995	6.098375
450/3f23d71ae44bf	2.542873352620613	6.564125
451/b69c7a8b23f16	3.0795602386146848	1.543625
452/4af1fcd8f0bb8	2.5136546751047106	10.644375
453/f72420b65ad94	3.177209856482429	8.58825
450/cb56899efa9a2	2.742710651888025	12.0605
451/8a87de82a500e	3.3741000943721327	27.129625
452/2e8e59fb5ccbe	2.841843501610379	3.8581875
453/9e19b2beeb880	3.163572335277806	8.6088125
450/5113c9c8cf4e1	2.9885829340873995	2.9601875
451/9bff02e15ed16	3.0106731042664534	4.0683125
452/89ad0ba22f88a	3.039125276632028	13.555125
453/cbbfaccf82124	3.0288892405842187	5.4965
450/23672e3e8ba79	3.297655291321744	4.4411875
451/efea2cde8b48e	2.2502166522535423	4.8245
452/62831d427f7cd	3.16004119071721	5.490875
453/177a35b64f1f7	3.246388296713856	11.2454375
450/cd090b248d604	1.1060265368655122	1.8894375
451/140c90217866e	1.9820010550736313	5.59625
452/b82f7c48ec47f	2.0874054636404193	1.586
453/1ae71fab5c0c1	3.3669300365893107	11.1400625
450/c9e09c0afbc8e	2.5387834991878035	5.7244375
451/e878a2e0484d5	2.6061148624317454	3.1785625
452/92c48c09348ea	2.772678801462058	2.8709375
453/1f3e3dfb00d37	1.980796416438197	1.297125
450/debc6b18c0cd7	2.296918812253918	3.702375
451/74b8ccb334edd	3.418700167116009	8.7715625
452/93a365795f19c	2.408219090750183	1.874
453/8f81eb31bc4bf	3.178052021087282	5.66375
450/d314529d8c7de	3.3265248816718898	5.0158125
451/879d557014586	3.1159526666193247	7.6311875
452/edf013cf379b7	3.443221047384193	3.6046875
453/0cf079f29c4b5	2.548948726410822	2.0274375
450/5e35a469f2f5b	3.242831631133869	7.13325
451/9bcb9d9c871dd	3.094213986185765	6.9451875
452/f4182fe1a07c0	3.4335833100167257	5.5371875
453/f62ba47be589e	1.7689308258496754	2.0515625
450/eb21ece961662	2.0424738364108923	1.3415
451/e3a32a7573f8f	2.599971700571447	3.4918125
452/23aff92ddc923	1.995017615988574	7.74175
453/a90aceebec84a	3.1242520235337485	11.2645625
450/4c6b00baacdc1	3.0069917298283886	11.9120625
451/b6701b4c7498d	1.8771617796444355	4.1533125
452/3c4e4abd7e8b2	1.625360230352305	1.4809375
453/f8ba78b628ec5	3.2190250841528814	3.413875
450/02677159356ec	3.181472379266977	10.1243125
451/c003fb68407bd	3.2599348081869794	8.558375
452/83f9899fb5318	3.1371328460941115	8.3675625
453/1ca17da36aba2	3.45712814381357	7.0754375
450/5a9c0787fd6c6	3.269137816545874	8.5608125
451/c22dba499bd14	1.9396560339887134	4.1059375
452/380a57e374edb	2.0010610048341047	1.9216875
453/3b7e956122477	3.1713797998526436	13.6306875
450/e88249b48211f	2.9026234221999694	7.47425
451/09fd7fe26fcb8	3.1329953955998087	3.6713125
452/500f101ff76a8	1.8121472540125279	1.1054375
453/1ee653ad848cc	3.0527845018201356	3.536125
450/139aa5082e60d	2.6439085519295755	1.4898125
451/d509520e4da2c	3.3805565971377516	11.2588125
452/9a2495105d65b	3.1929221615436014	1.9053125
453/4a277b10fdc56	2.618086267358638	1.9065625
450/a0a627ee2ce73	2.8886636264534093	5.3635
451/25e7b8a1592b4	3.214825883876359	6.9090625
452/5fe66a70095fe	3.3498924082363195	5.2429375
453/befa20d72281b	2.513158287474033	7.786375
450/bd29a2b7dbbf0	3.345986768704975	3.972
451/168da41635540	2.235722376572283	5.3031875
452/fd2c460970c9e	3.1027636499490394	3.2238125
453/aca1dc547a5c9	2.5245708930255017	4.5439375
450/a21111a79fbab	3.395086177746368	7.5775
451/89217e468154e	2.264176433717129	3.7395
452/6fa3cbf3d4661	1.0366689539691392	1.0981875
453/6ec74538ee2cd	2.492736318991983	3.4124375
450/989d314989b40	1.949038713468164	0.6240625
451/b7896bf1c9fea	3.2840108282992526	5.571625
452/3e23957cec4e8	3.184907661913027	9.536875
453/73b7c94b67cb1	1.0766617880660114	8.074875
450/cdd9fc9cc7ea1	2.08286817094654	0.8165625
451/d1ae05bc86c85	2.0557247215885117	3.5985625
452/0e97c4cb57b0c	2.3851859920261687	7.558875
453/71e52e23baa48	2.4702733366272853	2.356625
450/7c179e77c5530	2.8632925433068253	7.575375
451/f833a91b73d14	2.665700010702094	1.8255625
452/fb1fc9314ac89	2.6149331502285227	2.1475625
453/3d9764e147269	2.6020992207946163	4.54975
450/0240cdbfe5867	3.152510883716498	3.969125
451/f654a467b0bea	2.4504997503564727	3.159625
452/a0dd1261f282d	3.1586816386367556	7.2211875
453/b29b18aabbbc5	2.5223840090667276	6.533625
450/1b8b61ccc77f1	2.5851449977947967	4.5468125
451/874eb719fcd5e	2.2226551107657277	3.9205
452/6fa86b968886b	3.410559170914404	10.3635625
453/0ced0ca5ea583	3.1519254656908537	4.3268125
450/83917b4707f39	2.284245263874147	4.3560625
451/b86846c20284f	2.692486704534006	3.4900625
452/ba8a5d1530371	3.1425371732412493	6.225125
453/cd2353ab6744f	2.417137601618683	3.936875
450/d669e77114d94	3.2076464235743187	2.381125
451/ce8d28016491d	2.694115066067126	5.6239375
452/7133365bf9a87	3.3733288414240845	7.108
453/cbf1dcf96d769	2.227428073750707	2.1069375
450/0a60db119a195	2.6608269583831414	4.10075
451/032d19b6ef0e5	2.961523175242745	6.1868125
452/4f895436ff9df	3.0604101483010506	3.1610625
453/f5ca98d26ac3f	3.0824972032025673	7.393875
450/3f4cbac4ea397	3.080830926603604	7.5364375
451/e49675973c9fe	2.105434611445063	3.005625
452/dd8b63fc5a997	2.6066737835098768	1.966125
453/28be0eb169bc6	2.4162235312897407	7.274375
450/44290188ef2e1	3.211846123662331	3.017
451/25dcd688354a3	2.9095819319151306	9.8076875
452/28d1dbf4f7135	1.0872367241470156	3.74875
453/e5f46875daac9	3.3262748547672003	6.901125
450/cecb30f766ffd	3.2699236098750974	6.9644375
451/aa8eb9dc23640	2.353669185905253	5.8449375
452/31a1764288929	2.8484442458601893	4.6730625
453/13064be95e75d	3.090075555449483	9.1781875
450/05e99edf66090	3.2222753932497143	11.7714375
451/f58997f7a7c30	2.5118648649634254	4.90475
452/0520967e45e96	2.3216761068736997	9.63425
453/49f4e9782216c	1.4822708380877818	1.185125
450/0c7c5b2fbfea6	2.109919074588309	1.5378125
451/c36e7986384ab	2.0438698059042237	0.888375
452/c232433984881	2.638215267522237	9.3540625
453/6f18c40c72f53	2.803933638892669	0.84075
450/7b3904b260c0f	2.9932614808823645	6.5790625
451/0d815bb31e171	2.820096860108187	2.214
452/03ad78de44a97	2.6965394143591856	14.9680625
453/9cc0227ca1465	3.2931502836281217	10.001
450/0d726f6893369	2.616405072151172	4.6919375
451/d793d5ea5f250	2.483728878587495	3.6470625
452/6733292ca9e81	3.3153631973097584	6.663625
453/a420071b6f9a7	3.27346512485114	2.9260625
450/9d53adbc985c7	3.1939220832819593	4.3704375
451/159329f470811	2.976472874461227	11.11475
452/63a4d7f2cf850	1.13582766547924	4.051
453/a7d0279fcab97	3.134360555111456	13.76475
450/fcb2502c0abbf	3.4938469916424246	21.3325625
451/5ed7e158090c2	2.1602297778678468	2.33975
452/d55b71676a3d1	3.206913042950983	6.605625
453/239ddf5ebb37d	1.8685952511996342	2.1984375
450/dce5240a757ad	2.9306846777987943	3.895625
451/b0da1f6c1cff1	3.254716792128762	13.7556875
452/4b647e98ec42f	3.1424829317257825	7.57325
453/ef9e15cfb0e57	2.5329917098866073	3.033875
450/31b3f47aec148	2.618375142277542	2.2659375
451/feaf90e9b8e9f	2.8675776905444263	2.2731875
452/9347916a8b5c8	2.911477462266685	10.8316875
453/8d2fdee2f1aca	2.707740809002767	3.008625
450/6ff07c84b69a2	3.4414123959134173	8.85
451/cb62d7f9c8024	2.7664776357222216	7.402625
452/c494c8cae52bd	3.2388373968581647	7.5235625
453/3da098230f342	3.2957538923959766	6.7595
450/443091ae50e97	3.152027252450199	6.9701875
451/d568127600fcb	1.7095718865437222	1.0501875
452/2b5bd5f65f3ba	2.8841144485518315	15.1299375
453/5d8812cc6e07c	3.286810371123638	2.1870625
450/dfa9472c1d3b2	1.9550922507642134	1.4424375
451/7abba7bbacaf0	3.146220571458656	5.67675
452/1629174becbe5	1.8959950604683553	2.40225
453/1f8e90389df17	2.9216221683737444	5.59725
450/cacc674d7df6c	2.300778636655549	1.586375
451/687a9d9421e02	2.645606261275561	4.9840625
452/2d5ac1b6354f9	3.3053851722984713	10.799125
453/7b782ac1db0af	3.2519181900268275	9.721875
450/8000ba209034b	3.0487190127033896	8.64
451/8856e2838a73b	3.3923575966681634	10.42725
452/0a45d63f5216d	3.3353329837851367	5.2484375
453/5d33de7db6ed2	3.323411523674075	6.048875
450/eae238ea59a07	3.4423457192668043	4.424125
451/47e6dbe5eef73	2.3509060736015566	3.74875
452/b6cf8c83d0b4e	3.12032613095787	5.132625
453/560ac61992302	1.8305614376678951	2.7924375
450/336844fae6702	3.349412570452059	5.9226875
451/9c25c8bff1af1	2.981660939088837	3.944875
452/add2f843c98ee	2.795471186309715	7.297625
453/7db724e4522f6	3.15169301829745	6.3724375
450/8ac5a1fcce70a	2.880663689267297	4.0843125
451/06a64b1b07cae	2.933656898133841	12.606875
452/4e1636fa62c28	2.5758414495753406	1.5134375
453/d0daaed6d78d3	3.213564466555268	3.6195625
450/b25daa4506702	3.4136972502975444	4.521625
451/792ce439aeac6	3.356522833449142	7.4566875
452/677812bca2111	2.5184458369800837	4.757875
453/21cb54a1b9ec5	3.279681278494389	7.9260625
450/7c6f5b8b19acf	2.9015126784003735	11.189375
451/b24689468c5ad	2.9692344163332676	7.2370625
452/56908596055f8	1.2286191097634234	2.3779375
453/fe4b421e6b04f	3.0517921543763653	5.438
450/a62ae1f0e31b8	3.3635280011600233	9.979
451/b908ff581f990	2.972239931053828	14.024
452/49caace9894a1	3.310475751528996	4.08175
453/f6ebd45d3e77c	2.752583106709934	3.37025
450/51eb94a950438	1.7170474521608796	0.9126875
451/0ac0305b7600e	2.308850559099424	3.5755625
452/37acf367a0be8	1.162138695320794	1.85675
453/f37c9a94e0721	1.9669649417752368	4.037625
450/17e355582cf29	1.3778477583851871	5.4024375
451/21e8a7dbb483e	2.6166255627748622	2.7523125
452/0f8bf7d79a170	2.3831317022375735	1.415375
453/ca714963141c9	2.3922732258926844	1.8504375
450/bee115aff115e	2.8403382700709012	6.6348125
451/0914c351f6349	2.9546748744496765	1.979875
452/eb05ea30fa7b3	2.49725810489158	7.6606875
453/0519ace10be6d	3.618339736830876	14.986125
450/3862a0cafb64e	3.1524368649697583	5.95275
451/61f3fe3eb16d1	3.259897100182543	3.309
452/25cc532b04be0	2.768724097504472	7.0966875
453/fee6d9b276d38	3.0230485462683556	5.26525
450/1f1d0aefb2835	1.3850213078811096	1.289875
451/510b2cbba3824	2.5112367931518236	6.098875
452/2f044405fcadd	2.1006467248766634	2.3315625
453/b94788c614983	2.8376353971679023	5.4506875
450/1ecda8a451d8c	3.084908900722725	1.2980625
451/5bedaf6afa59d	3.028574874370525	6.61525
452/4653f044b1d5a	3.06954863297063	6.534625
453/337ed0bea45a7	2.539714628786842	8.5269375
450/c58625298b190	2.8699709821983217	15.54425
451/13b51b9f1d2cc	3.3665185528317414	5.94875
452/589e22b5d4f9c	2.3019708798392977	4.8550625
453/c61e6c3030eb1	1.7089802782987937	5.1035625
450/6d197974c83e8	3.111210673521002	1.6015
451/2b27c780699da	3.101408791678693	4.423125
452/5bd808cf2128b	3.3229752997415254	11.957
453/8bb3d4078a7be	2.558836512557469	2.239875
450/c62b5b9bb1723	2.2401795038564507	9.877875
451/e82812404a00d	2.7123799335234104	11.4189375
452/fd5f369fb61d1	3.116588755572001	8.38325
453/b47ccf7471b08	3.1334780068169272	2.1553125
450/0866ace358e87	3.289074295723932	6.391625
451/2a49094e7b7c0	2.920702503859209	6.5108125
452/74d16e121f0e3	2.1082766157261204	2.635
453/12ebe8c720f54	2.793084780000194	4.537125
450/a254fd5812ed3	3.096839983594286	2.567
451/fdedcdeb211cd	2.8992985884281945	4.14275
452/a815a10fbfdda	3.437642540412109	8.02425
453/d7a18e49253e1	2.8783213396535854	2.1975625
450/be892b7234a26	3.0006198360014507	4.765375
451/020319702b372	2.353330568664794	5.8308125
452/23b4b10d0287a	1.4862050955580575	1.024
453/5f48a2aba6883	3.0709001361485293	6.4265625
450/efb7f9bb2a19c	3.3168118011861942	5.29425
451/5da2bff08f893	3.3154302075317696	7.090625
452/1b776d1de8699	2.0136269451445745	7.327625
453/af479ff4f439f	3.440293754907344	9.9241875
450/2e2a6eb6c6801	1.6763947104459576	0.7681875
451/722289a6bb95a	2.717728050473982	3.5125625
452/49898e47521ff	3.0675183306871276	11.453125
453/c530e10c96334	1.7606665868058056	12.50625
450/2346f1d709560	2.6964670519775606	22.09725
451/67036103e94db	2.4951755251175665	1.5014375
452/e6a56870c65b5	1.8152671298123886	2.587125
453/36def7efc2a1d	3.291146910132927	10.2985
450/a7ca89d421c15	3.4226923151906226	8.7575
451/f63929068f04d	1.5490191943387175	1.401375
452/2c221c0ca8332	1.4502213974264764	4.3628125
453/606ceae75e83e	2.5274746762709026	5.281875
450/c11802f64bfe0	2.802027326087566	12.0408125
451/a88ea6e54f2ad	3.014923943751508	1.8425
452/7253e9b7d20f8	3.0962935656368473	4.425375
453/80eb691694350	2.881890532039465	4.9935625
450/f4e39b864c06c	1.6412039301858627	2.5535
451/ec42ba947762a	3.2031023568746293	6.3336875
452/cd350ef80fede	2.3518086956106474	3.1783125
453/9124c14633fec	2.9227484628765286	3.8345625
450/027a597a3b056	3.4359503004602003	10.1703125
451/6534aa1df83ec	3.069810633849513	10.58975
452/903c2e8c88a93	2.8136032086454423	6.4143125
453/f73ad1d437c7b	3.467571356945551	7.169
450/5f9f7137c66a7	1.9688069686069554	5.306375
451/3f267e363d6e8	3.3139096027612904	5.848625
452/bbdf5005e3a6f	3.0827094851930994	11.1536875
453/5f0c9924cdb6f	3.4159901478128134	4.3255625
450/c6d1a34150c19	2.8649776591462772	13.8194375
451/6bb1c5df6acbf	2.0865395003909755	1.3563125
452/fc16a3cbdd22a	2.6235586325405627	12.186125
453/cc172487ff735	2.6838034339161014	2.149125
450/aacf718b376c7	3.0488515511956247	3.911875
451/e7721b42560cc	1.8309278085301766	1.8254375
452/8b698b8e175b3	2.8607466716158747	6.790125
453/0b08db0791fdc	2.57659452919791	4.039625
450/887ab1204de5e	3.0206903078349163	6.6431875
451/8d91d46ad682c	3.1622741036799478	4.7308125
452/399856673b4f0	1.946915812915144	1.570375
453/60247d6ff0a80	3.0365894686520205	4.5411875
450/cc625345f619a	2.40729812221941	9.884125
451/bf22d8a245914	2.852178313289282	2.8563125
452/2e6eb1f21ce05	3.049363616405808	1.5860625
453/11a4fc3706ab6	2.729659220503997	1.5136875
450/cc7432a9d4c36	3.081065984186641	9.1563125
451/62eb87c6a1db5	3.1638538086416124	2.577625
452/f16482ecbcdb3	3.4050813387963763	9.4515
453/f2e396215a837	2.4164374751347566	8.2763125
450/4ba2fad716563	3.4924713945773616	8.0631875
451/c0658be8b32f1	2.379374768854536	4.4935
452/9d806617c0367	2.277226737305919	3.554625
453/e7e4c41c248af	3.5606231391120615	4.0990625
450/f088a7db5f73f	3.1895916200067496	2.3051875
451/67d505b4f1ad9	3.0232267922971046	2.5365
452/42e4a96c34b57	2.4338164240186013	0.961
453/2951104db09cf	3.2409275688513315	3.977625
450/2dc3ba98a7253	3.2319045821153805	5.909
451/70e529aaefb85	2.140875642427901	1.7775
452/05fd437ceaf9d	2.725082369905202	3.8891875
453/81dcace1444a8	2.022853459767907	3.3425625
450/c5b12926233fb	1.2757935990987197	5.796625
451/5b5f4a3ef226f	1.1043351055768675	2.994375
452/6593af4c9e9a3	3.3065944423925693	8.2234375
453/762efccdc9377	2.5930738813468968	1.7613125
450/f8427b3e7d053	3.060517159671956	2.884125
451/52d46031cb7af	2.7755268088489466	3.435625
452/d056ca0b87da4	2.7843291443063274	3.578625
453/a11e9cc7a4a42	2.299218697881429	5.707125
450/a4d0a1ba72dee	2.4329560789990206	4.0085
451/93483a7137729	3.535857524711501	5.715625
452/c4e5647820164	2.262580415708538	2.3235
453/60b8c1bc2ac57	3.0143810897279333	10.1286875
450/20e9d2cfdfc87	2.734039227718664	10.4828125
451/6d7f52d8585ac	3.296663718972396	5.7809375
452/14e1fb04865de	2.3243699351032334	3.3113125
453/2f543197af42f	1.612001551893941	7.107
450/9b630629aa333	2.5346293954159687	3.821
451/8be8d080a8aa2	3.182342456840017	2.402625
452/8e55304b9a74b	3.0996584576803574	3.4619375
453/78198f5f86b8f	3.3747867011955384	7.0964375
450/a92a2857cd6f9	3.205397951590531	4.188
451/e82aee7036aa0	3.2438648147893487	1.40875
452/54105119fc928	3.2774584727667353	2.6195
453/f32fb2b25f273	2.4480246819507734	3.2238125
450/85478ced599b4	3.302334248154326	4.4465625
451/5abf6a3589010	1.9700754883802463	7.8074375
452/2a2f07c16a495	3.439453692888876	12.954625
453/3dd693b9e72fd	3.256739682314084	6.711625
450/c210d9cd3c2de	1.8611287570766972	1.8404375
451/19b61ffc29afd	3.00302773063577	5.7345625
452/3ed1fa57f7ef0	2.405589586846882	3.2794375
453/813d7f2740ac1	2.2086395974255937	1.4986875
450/3a2d766258bc7	3.137294665781291	3.25275
451/8f447410db4a5	2.2010068540655605	4.6398125
452/3cb22671c9122	2.9799302732281103	6.157625
453/70f6f94e6fb6e	1.2427608379305082	5.2584375
450/3fa732ea98304	2.408627757612611	5.7874375
451/0e9ed402b3982	2.9180907250832666	14.854375
452/952b9199c56be	1.9131900887630404	8.71175
453/8c84b6da3a1f4	1.7740046592108438	1.014
450/497cabedc07e1	3.231423647001234	3.60475
451/86ed91759e221	2.951934892950258	1.575125
452/8081e5c6568fc	3.283971019189987	11.4793125
453/545e47961088a	3.138207522712951	12.3334375
450/4400cc4593453	3.0053157146397984	4.6205
451/af7c296c983b8	1.8401174352311003	2.3436875
452/a6276078b1b1d	3.0935546486440644	2.06075
453/5e390a194e3bc	3.0138907002481536	5.722875
450/30737ff9be259	2.192712476408922	5.6734375
451/2445b64b98b23	3.4779669454409405	4.466875
452/d71a30ae9cb87	1.9244399185224228	1.2566875
453/313871d863c30	3.331134258527946	5.678875
450/73af521f49a7d	3.052242892825073	4.104875
451/7e42c3ec2488b	3.2583075765618275	3.8071875
452/56b23173c6309	1.859776214960854	4.2251875
453/38e13de9264d3	2.140736352592451	2.0358125
450/ab58eb0146ca9	2.55187572704777	10.0035
451/462ec2302cf6c	3.4124002079520195	9.75025
452/cc8edb5a59e12	3.1098924683092433	3.5991875
453/3f118fd729c1e	2.5874716262633295	3.20325
450/23648f14156a8	2.93056257298335	3.502375
451/a126b60700cea	2.673555252820565	3.0734375
452/8b1ecd5dd3d4b	3.055716996465927	2.4138125
453/94bd66d167bba	2.7741119772498535	4.129375
450/9aedaffcb91cd	1.0973183882926678	5.343375
451/95ede1b3a8279	3.197507726180403	2.8011875
452/e6a3df5265196	2.941911458957249	10.17975
453/a94bd242e2ca0	3.2909750642835345	6.075625
450/70be7bd9fcc75	3.408497598382777	8.4815
451/0042c313c4488	2.377690989722688	2.47525
452/01c73210e771d	2.1991564966254207	1.922
453/c8a9253902484	3.119431452560147	2.5400625
450/fa5dacb3fa163	3.469105575943613	6.896
451/20545a0331187	3.3205530651818473	6.65125
452/d663d00d3a2e2	1.4214678554863693	4.0598125
453/3f34c2d5ef676	1.1176026240080725	4.645
450/9ec60fabffebd	2.1912262169672068	1.9625625
451/d69b3db72aa7c	2.823066080990671	4.604
452/9e52cf97161e2	3.265809746076139	8.2883125
453/ac458b6594685	2.428296753915944	3.440125
450/e4ac029cdc565	2.870899826121414	17.328125
451/1584fcc68edc7	2.7717234196343283	1.6425625
452/bfb2a4ffab905	2.7435507690486114	2.2620625
453/ec34d78a89c5a	3.10971114542062	10.360875
450/b83931c2f2c40	2.7112056704357625	10.0139375
451/5b71dc1e48bb8	3.2704467862863282	3.0084375
452/7a7e7279e06e4	3.4714050616492904	3.061375
453/1d4ebeb38e544	3.2409165782016065	3.0624375
450/08d2d1a025407	2.6536686288217575	2.906875
451/a9a1f1a771496	3.0679504324566444	1.8628125
452/8504956b35ff1	2.927060971874121	5.337875
453/2b77382766a47	3.395953329667743	8.128
450/2bfa70b356e27	2.3311736573070974	5.5143125
451/0702d835edaf1	3.2238054212085068	9.135625
452/b32be9b6f1983	3.0353554665692806	10.1390625
453/75c03aa8370d3	2.2424761587439686	2.196
450/063298dbe5bfd	2.634572729847339	5.2893125
451/6786e857f913d	2.4688815797146924	3.9584375
452/773c47021fdee	2.9794777258477287	4.09375
453/d5702c171664d	3.291518519129115	7.7556875
450/4ed236d4b168a	3.4130420014622107	17.13975
451/d749fbb414991	2.6842820239694336	4.2276875
452/dbd57c743c1fc	3.0139215475339256	2.24325
453/b846e71e1967c	2.64492108452469	4.6674375
450/e8a40c791b4f4	1.9872349487724685	28.636875
451/db8113b0007ae	2.3282515759368376	7.421375
452/43efc1d2a4c71	2.8051581675343376	1.75225
453/272ad44e8aaf3	1.9757156001270224	1.2025
450/818e5be668815	2.6866152697945465	5.7435
451/9a5bf47ed87e3	3.2782176480912733	5.9474375
452/2b21495e7a0bc	2.8645773892696123	4.2815625
453/2e9318f1f561b	3.2670018765498328	7.771375
450/d4f56de861017	2.7572838628359766	8.2263125
451/f04e566ffdfff	3.227553556607495	3.975875
452/17bd38e1893e5	2.0808144377119753	2.8130625
453/e01a876fe8c53	1.3522342314915445	1.54075
450/b05963adffb3e	2.684379307396567	2.24025
451/4c550832ef157	3.2968429313647754	2.452375
452/499303f3d672c	3.4132158822873193	6.2569375
453/de6d6ba2f2e53	2.323883420150956	11.124375
450/983ff4ed3ba81	2.762971744524905	8.0666875
451/0406049a4d40f	3.2854486390232434	3.479625
452/9cec270e1a84b	3.3509782975385463	16.1485625
453/9b1664dcd453f	2.724117453018272	3.98525
450/4a24416ceda51	3.3110100559681137	12.7120625
451/b9e8996bd09c7	2.835531705890543	5.42975
452/ab19958a2bccf	3.231106355555728	5.1071875
453/4b0fbc3ab327b	3.088621754350667	1.9098125
450/0c7cc14e0757b	3.386711201213161	4.5811875
451/b87536f84212f	3.3416894422031254	6.9750625
452/7664f477482d6	3.1132957501270884	4.9929375
453/e7b7b62406120	3.057998676802177	1.009125
450/202d769f9772d	2.6656248367894837	2.33275
451/a29cd16c0b02c	2.393950129331775	1.487375
452/01ddf44f2fc7a	2.8401466177060324	2.309
453/d299e3c97592f	2.694284074154886	2.2314375
450/d67fcec7feabf	2.51815510513831	2.233125
451/bfdf491637b00	2.678888872137734	2.7891875
452/688f74ecd2a9d	2.8450151187488504	4.6570625
453/50f83529d1949	3.07106334503669	3.0313125
450/0d6443ad7cd04	1.9031778885749135	3.861875
451/5a2a05eb23b63	3.259506778873066	4.7136875
452/1e521512235ea	3.0383960565064965	7.233125
453/7f0a82c90dd32	2.7858197548407806	3.91275
450/d24166bae5525	3.07478687462403	3.3465
451/dbe860c030e1b	1.7089266991397538	2.115625
452/a52afc4f4b6a0	3.4186849648722792	7.4854375
453/f13bbbd5dc424	2.979789976619439	10.7123125
450/864fc4d877231	3.2850245602023644	3.251125
451/36ed83f14d44a	2.876709774297904	12.826125
452/725506a1cd5c5	2.3851607828157593	6.0995625
453/98a944936eb78	3.01991253812981	6.2889375
450/7ec055c01bbc8	3.3649318314277115	6.1475
451/74656ff2a0718	3.074470712168499	5.506125
452/8a1cb4a6afeb3	2.0453665695747496	0.933125
453/98468310fa657	3.0565847560969392	2.0686875
450/c30e8b851a3c3	2.9132694327659894	8.326625
451/a084302eac91f	3.0476674063440545	2.4688125
452/961a1a82e2884	2.0610703822323804	2.242
453/0ad9ae034f345	2.4218837887800215	5.6236875
450/9f3cc3e637340	2.7082027901031633	1.89775
451/2a39df6deb6ab	3.138669834317101	3.23475
452/efaa44cfe56cc	2.342111821511554	1.009125
453/215995a31574a	3.398884285039799	8.038125
450/c0ec7af5d4a50	3.357666969293232	12.4465625
451/5d04803ae8df7	3.2711731576430374	11.7444375
452/8273b24ee4232	3.4135240230049066	12.148625
453/d3a341244898e	2.844791463508171	2.04725
450/665dfd709bade	3.368320151388188	5.3085625
451/a34df44abc397	1.8712952176396083	4.0371875
452/ca55bdc553897	2.987278717234788	5.1678125
453/b83f43d39e86b	3.2849392753271323	8.27725
450/c5fd52295f27f	1.9666465412436094	1.0091875
451/39603c633e8e2	3.1495243757368483	5.5541875
452/b0c172f638325	3.1272492770423637	7.55425
453/5c80d5e1f6e8e	3.0839756125502134	10.0565
450/50b6334ed5db4	2.447915822782433	3.65175
451/14bafa38a212a	2.4143085534805726	1.9664375
452/b2bcf40f58be6	3.310586950875554	1.4969375
453/8e19fe21447a7	3.020242944426248	4.1784375
450/cadd1b4297a7f	1.9768939848709863	1.5815
451/aa5fd5600ee91	2.2942483223604926	0.9128125
452/e76a59f7ee905	2.2665109015341334	4.3061875
453/2d516eb5cf7ed	1.1884128265102856	0.837875
450/85eccf638b39b	2.546448819440293	3.6571875
451/35581c737a010	2.895950099448907	2.863625
452/32980848c3bdd	2.4420484426934053	4.5006875
453/7e11e03273f52	3.1160069565839175	4.36825
450/fe620ff3a5337	3.23130522806227	7.0365625
451/d3e846c97da5d	2.9286616089774546	5.6940625
452/7f3b9a4c55f01	3.1560230288116524	4.1976875
453/ff2dc520ed243	3.076125488421396	2.8485
450/029d13d9e99be	2.0823127044354477	2.6550625
451/47c20d4018e4d	2.3091048836911874	7.7001875
452/74e9467b8859b	1.093126123677697	2.9145625
453/fba75d838791b	2.152745362227194	1.2015625
450/3ccc07c7852aa	2.552710214505656	4.379375
451/f8b069fcc3fb8	2.9652544214259686	3.6089375
452/7d8bd27412ad9	2.2220446787780714	6.632
453/b03f40c0a55fc	3.3061979488584043	3.1843125
450/fd72d743f0e84	2.2928694350037104	2.2349375
451/48c8b9f870194	1.9524245927617163	4.2299375
452/bb6580020907d	1.2830962974557925	0.912625
453/dfc5d944162b9	3.167446350698124	4.537375
450/1f18d9b063886	2.972004019327428	9.6168125
451/7e9014e18f34e	3.2415619386476	7.5646875
452/2b774ae11eed7	3.215881102052291	5.4780625
453/16cfa25032c81	2.0217126805564702	4.0578125
450/50583684d0db2	2.770846468334959	6.8245
451/24951d2b4f834	2.6157391243423826	2.06675
452/2cd5dc8b09fb6	2.934702854476589	14.3910625
453/fcff60ede7104	2.1345157572223825	3.034625
450/84ffa3ca542af	2.866741521971655	6.5644375
451/a7fdac7a343f6	2.2993950767283495	4.5370625
452/fb14010b75353	2.400394002648771	1.7045625
453/cd3828025027e	2.2881561567216155	9.746
450/02ee56854e865	2.539095569462717	1.9325
451/0de02dbc43c70	2.80067176019384	4.827125
452/b5fd96ac3b66c	2.421485663020037	4.3935625
453/0431c8c8dccc8	2.072393249642087	1.5579375
450/872ed6fffb68b	3.253643496355886	5.4378125
451/92be3a9aa1e7d	2.727205147623584	5.1806875
452/f235554293445	2.0665594032362997	2.2605625
453/6a5e2fdaad15e	2.8530265193306783	10.2816875
450/ac1d02951f877	3.4501264655129904	5.8691875
451/b035deb113daf	2.9228839001008367	6.886125
452/517e5249e6c0a	2.9502253355768064	1.9621875
453/05875222ee810	3.182765010943935	3.0751875
450/0166c2c7b1627	2.4480209598828857	3.0249375
451/2a50c8fc145d4	2.3662384712626885	3.9835
452/84dc891e81e17	2.0897350461115787	2.86925
453/57c0982436de3	3.0964600972583973	4.3223125
450/15292accacbb5	2.634673459197806	2.6275
451/d69d0c8302171	3.440648316219709	10.8191875
452/6e107f7b69ea0	3.4883367857266174	8.293375
453/488caccf99fe8	3.0527618998050134	6.9495
450/793cdd468fad6	3.00225065213984	2.4383125
451/abd163c2bb293	1.295757736858517	0.7693125
452/066d3dfb3ddcb	2.6929025714469925	2.845875
453/92edb313d4521	3.2165265501808045	1.3435
450/53d086ef3c2fc	3.232452913292314	3.488625
451/f1fdd96fe9551	2.442387156095751	1.337125
452/f28cb664079ec	3.196367374403324	3.295375
453/5f24ed33a3b39	1.663842949966098	3.4145
450/02bedeb14de55	2.6056040920660957	3.5321875
451/12028fd112316	1.5626545117566506	3.2533125
452/bc658ac0d9f43	2.3249609621644156	2.5536875
453/1194b60da7060	3.4861678217583347	5.278
450/bea5a8cb32bff	3.275292569990649	10.686375
451/906247ec2f9e7	1.0950333430282904	0.9606875
452/fc4cd0533c8fb	2.5584762930576295	1.4045625
453/d232fa00b7aed	3.447353890499195	6.8270625
450/e235611007a9b	3.4514080293738463	2.8388125
451/15092c1ee5f90	3.3321688386075112	9.5555625
452/057ffdd729333	3.1330717773821184	12.164
453/740bd4a9477d8	2.4356180021525256	2.094375
450/581ee04b2914a	2.89573581952089	6.6519375
451/c8243b3d43ffe	2.611623370254805	4.1506875
452/582d8ec0c285f	3.0688524325915587	5.09625
453/b14f6d224116e	1.113227884406308	1.387375
450/a93509370c72a	2.158891950558977	4.3454375
451/21835cf919bfd	2.8440659066191314	4.15325
452/8c46cd89d5c89	1.881124189369918	4.071875
453/75a23aa18ff18	1.622034327679256	2.0606875
450/4191893ef1fbd	3.354740221176584	1.0565
451/49a9d50362549	2.7393731181434178	4.9666875
452/cea7dd89f321e	3.121589420684527	3.938875
453/e20eafd90f11c	2.3905769656016074	5.0656875
450/bede4c87e6a4a	1.6240013580341053	0.792875
451/f018795a62430	3.1496555149547323	7.080125
452/8a09a3756e73e	3.130979851703359	2.67675
453/027cad32acc47	3.3232891113614293	4.9780625
450/7e91cab423b15	3.324721461239963	7.36525
451/e2687359c1c9e	3.3028354444066346	8.8946875
452/0caf321a436c8	3.024432327250679	4.185375
453/4d354c995883c	3.3008014729285704	5.164
450/6f72783155979	2.074560367253352	2.0281875
451/3ae9687631f5d	3.191794553604221	4.225
452/098b934609f73	3.2748675419087263	4.1614375
453/a8c2a1efb33c8	2.1356709356997547	1.7778125
450/dbaa2a9da2592	2.8293239894870608	1.477375
451/a3ec9e3d2bc00	2.7387440718901814	2.146375
452/7e45e5fc84341	1.0838615327247456	4.0635625
453/f2ec3e78ee8ad	3.30967617966243	5.631375
450/1fe132e4aa5bd	1.9389986787462785	5.9175625
451/0f652140d5963	3.2875334792851545	1.7535625
452/c8aa50d6a6d67	3.456670697539172	5.9104375
453/7d3da646b0976	2.1077018978494237	2.7215
450/6589da165b780	2.4525149671308126	2.2316875
451/068908a74a16f	2.72812026730701	5.5725
452/04eff9b14f172	3.1591653583726247	6.5639375
453/6b0d335c395fe	2.760227914179705	2.5465
450/d8eb7fad4eb28	2.4532675299483344	4.2329375
451/f1ab9e86aa09b	2.5080447976000575	5.1985625
452/b790b2823cb98	2.67703152264607	6.4729375
453/9c4b0d9fcbef6	2.0351562883944894	4.692
450/8f969cbdff758	2.965471206819133	5.1089375
451/6099b36481331	2.908731691472885	1.466375
452/f81b4657a6c35	2.904490308743193	4.4829375
453/61cb05805b91d	1.6060338754483159	1.8409375
450/16b229008701e	1.8093592626837263	1.4795625
451/b5dd1e2ab6332	3.1734583763811286	6.1473125
452/a0a7643602b3e	3.172071596948459	4.7616875
453/a25b932972c2b	2.6315913515069176	1.791
450/72971039c0e3d	2.744817633863909	5.5808125
451/4c5bbf0b50285	1.0937998273159868	1.71325
452/96399e270cb33	2.2944878207935457	2.2125625
453/c9dfe0a2fd7d5	2.652520076201788	4.11725
450/99f69b0045d04	2.4206293621665282	1.730875
451/6cd2b05627aba	3.093938512322064	5.74125
452/bc108b6797e2f	3.2158447124553886	4.4874375
453/26bfe907b797a	2.5755265449971763	5.49675
450/1f1140f901594	3.089668159484782	4.757375
451/072dc8afce0bb	2.9351228067400346	5.7371875
452/9cb758fec7075	2.5982821552207294	6.1755625
453/8d0c906966fdb	3.4298629985159463	5.963
450/f03ea03f4821d	3.449530824201028	13.2605625
451/f71627f09e3ac	3.2818603935507733	14.3291875
452/4fe0f2162bee4	2.2898620986116716	2.0485625
453/0657be1f0ddc4	2.9185736581755357	7.978375
450/fef71fac972a6	2.6368604034340275	4.8821875
451/994cb722056e5	2.960874381856449	3.7144375
452/aae4734d3600a	2.5252217624652022	2.8915625
453/d7ef91c10ef76	2.894203634547042	7.631125
450/d4d7687a37667	3.265098994165096	12.1395625
451/b344433a3acf5	3.1707525879759864	10.7665
452/0340288cc7ff1	1.1297913419161645	2.64875
453/2310a8a96a397	3.0298528872961836	4.0136875
450/26b90b28fe19a	3.006337065767453	9.507875
451/f10e52ffe4756	2.642697671306916	5.6540625
452/7d723347a0647	2.1536923943711463	7.2829375
453/78cc25f33f674	2.724971610266945	2.0895
450/c960c42046b2c	2.6320982815270506	4.33475
451/980da6aa83866	1.7979268260485919	2.3551875
452/a746c1e52b75f	2.6617248305329135	1.5620625
453/f9b33202c26df	2.715335833591417	12.8025
450/df5542f42f681	2.5876314907668627	2.2273125
451/005322ccb668e	3.254039450167467	7.7655625
452/ca131b2741d62	2.77925033608467	1.0568125
453/d8e213975ad52	3.4961663818931887	5.1140625
450/15dd7bebe367e	3.0675255418626106	6.988375
451/7ed95c285977e	2.285555965472103	5.2561875
452/24071813469f3	2.542850952586129	5.39525
453/dfdf596d62e63	1.6852867414657098	1.1856875
450/2cee36a200d7e	3.32548619942553	6.7354375
451/262bb3411bab6	2.228901453406022	1.769875
452/f0c1ba5cc2683	3.1595873762494193	8.5170625
453/c3ffb637a734c	3.1796250198285603	7.4090625
450/71794581ce417	3.2000591322139265	5.3570625
451/8a9f46d458446	1.1495351230960977	1.779875
452/7c20a04247eb2	2.9428634634567166	5.9070625
453/2c5423c12dfa3	1.8247693171872992	3.76825
450/45585bbbe8ee2	2.973286966856448	3.4366875
451/adf3bc995745d	2.779843871572111	2.9433125
452/d46d137f44d33	2.4930111262433496	3.853875
453/41484ee16d614	2.1130703270205498	1.394875
450/eca55c981bf97	2.664810334237145	5.066375
451/b06a2188c7858	2.943118748264445	11.011875
452/87bdd29a9a769	2.468089823468545	5.48875
453/149ef6c8f3567	3.280092410191169	20.126
450/0f74c9f3410cd	3.0827457434848555	10.2335
451/0afa68b79dd7c	3.4140560804060947	8.0523125
452/03e7c4110c635	2.6456994962464013	3.219625
453/081ecfc3216c4	3.3021899567843462	1.7725625
450/71aab81cce371	3.0989713781999932	7.0696875
451/aaa33fd1273be	2.811736022437386	1.7239375
452/a5edff8810bdc	3.414278360547293	19.3220625
453/0390005126018	3.2354310062663507	6.3206875
450/c15a436e8ab2b	3.353172206326154	3.6825625
451/96b5cbf74241d	1.6067552957850653	2.035
452/535b41ede0dd0	2.5747987715883003	1.2980625
453/4668069aa8ff2	3.0380555744679913	5.9420625
450/94ad5dc42e766	3.4496824201871945	11.2865625
451/574228818606e	2.258772691975242	1.682875
452/00cf44c5ccb08	2.6736031976601304	6.075
453/64100504f1c00	3.097824338061416	3.134
450/021e3f94a7918	2.6208922889530997	6.1341875
451/d6b8aaa63de60	3.335091804620981	16.0738125
452/20fe98d251ebc	1.787997013873002	0.8174375
453/36c75a045adf9	2.843306177432039	3.8525625
450/2328cd75927f5	3.023728398779217	15.18475
451/27453785bcc94	1.1336772093648535	1.5385625
452/29cb6249b4877	3.074517413206015	7.883625
453/c19b900adf693	2.904470163194379	2.9996875
450/11f2191a4f0a2	3.019933104383199	5.5440625
451/a70580cc75e6f	2.04267134765506	2.065875
452/bc36a4781c231	2.464372093988177	2.3638125
453/6058262871f6e	2.21564155050507	5.4194375
450/8e6593ac2f149	3.3638488123927055	12.1540625
451/5ec9388bc250e	1.9337795502921487	1.3049375
452/2f8004e1d9557	1.9764744709988658	4.208125
453/a869474ef6a40	2.7996565445035615	3.565125
450/0aff060d63252	3.2078440578281397	8.163125
451/51ab92877026e	1.8709620247496774	3.8648125
452/398ff1aea1282	1.5965466648820001	1.3936875
453/1d6ac96a4d1ca	1.8605996595062801	2.478875
450/181f17b0f95b8	1.7089929981434284	3.1636875
451/30af5d6e26d9d	2.1517148687848957	3.29625
452/236f69cd790aa	2.133364557119975	3.789125
453/63dbe42cb7339	3.0380781806579056	2.365
450/6d6f549f7f338	3.164231266303212	3.4629375
451/93e3692c4ad30	2.7329632759262354	5.6823125
452/f972e9f5fb494	2.9218629196541204	4.1135
453/eb67a660f4e42	3.1995250481691135	1.6710625
450/f1293397e202e	2.8544161621750574	3.2055625
451/329153577bcbe	3.079677824761386	4.473125
452/110387d6ee56e	3.0371063845075743	3.3181875
453/e3592e934e600	2.3063406929895187	5.47075
450/0c5bb1e8f3c7a	2.294739872835931	6.9928125
451/fe85b9a95685f	3.0032586796312803	4.845
452/e88a224670be3	3.4488563764582767	5.1924375
453/bf4c1decfed0f	3.469467703290199	14.9715625
450/d6b2f1a1e25d6	2.4674789321536497	3.3679375
451/d8726d3bda041	2.8343438104521317	1.7275
452/fac1fe67b51a6	3.1644420006396916	1.537875
453/544c41838da07	3.246695304747508	7.100625
450/72771e9346b86	2.884221648058907	7.3154375
451/9b82ea000171f	2.609512551283969	13.7445625
452/f281eb65d0bca	2.9313955027808283	4.7049375
453/4d323c76ab766	3.466281296080948	7.3823125
450/dbaeab57258f5	2.695804753722588	11.51925
451/dc91ebc37f535	2.9096291738524984	2.466625
452/096e809f8a2ec	2.8486267774372984	3.9608125
453/01f0ff2bd82ee	3.314808010745266	9.8970625
450/bac1fdbfee472	2.6887994759658356	1.62475
451/88e61de65870a	2.3237001934124972	5.7694375
452/04658f06a5ed1	2.821055150173889	3.9076875
453/1fc15415d59bc	2.7200030436414364	4.7350625
450/d95a0a227bfa6	3.1295996294770347	10.33675
451/b81f16bf9583b	2.718143734778625	3.9485
452/feabec0337dbd	3.2400956540663515	7.378625
453/beafa26b60e14	3.267977499565382	7.188625
450/8534dc83f3b53	3.435025657131065	10.2905
451/5500eb2cfa0a7	2.6002241249865885	6.32775
452/415abe8525f90	2.56904315052059	4.0565
453/5670ebbf2fd42	2.0924886443357127	4.2495
450/90f1a8a45081c	3.2257797618970008	5.981125
451/6d92a8841f2c8	2.666544777529423	8.2915625
452/d0746c3277642	3.398154113410886	3.971625
453/7db6813188c84	2.797477713761478	5.939
450/a911b846b9b4e	3.2382332765954476	11.222125
451/4fe28e5d77d14	2.06559645552386	4.4026875
452/9b2d90af7e984	3.2171073972183515	6.3600625
453/0993ab4966c23	3.028356038872342	2.6925625
450/b10a5719a70fe	2.9831580229118067	7.695125
451/b6053d5411e4b	2.7391354049525476	2.7945
452/6323ba73b8187	2.588147432830396	1.372
453/0fe77afe0eb3f	3.2290292495197415	8.0245
450/bbd39c43b9552	2.8101669302688412	11.533375
451/ff07ef5907b6a	3.1177421154327747	5.3905
452/2e2ecad65e3da	3.27517609533896	3.535
453/3a7fde8b9b077	2.7425306359304087	2.141875
450/91d29d7c34316	2.6337753347208377	1.8428125
451/3e096e6f7492a	3.3670651129692875	22.46575
452/188a5918c55ae	3.132223382087868	10.5565625
453/36f9ddb74a8d7	2.3462625944878757	2.164125
450/3ca73be248eae	2.321609605243448	2.3770625
451/9ea9a196338b3	2.563426510072412	1.8035625
452/92503ddcbe7d5	2.9864669196065163	5.6838125
453/b99c6417cef97	3.395043466132147	5.7175625
450/fcb26d11c9f88	1.1971403686770836	1.467125
451/a12f326f12156	2.2232667254335534	1.562375
452/8726b86275e2e	3.570550716345101	7.31975
453/ee9c07aa838fa	2.3366598746338423	3.209625
450/1b6a696548469	3.127812983181896	9.9308125
451/e848379b4c9ab	2.6426036299075935	2.0526875
452/ba5926fa94546	3.2837249766549816	4.7135625
453/4d770e45be3f7	3.1971611616918234	7.5210625
450/8a59b5105acf6	1.8372127433666867	2.4049375
451/3acce126f20a0	2.8495936004328932	10.3148125
452/388eb8b812f90	3.503872322924315	8.1196875
453/19aec96556f36	2.4483334519821143	6.9904375
450/855294454a12d	3.1270899314970313	8.5301875
451/a297a2137cf4a	2.973817305974621	10.8325625
452/b24fedc5d371c	3.124918860986477	2.8763125
453/051a714a6c7f8	2.623277347976192	3.5600625
450/4de46e502c069	3.035909233501342	11.7824375
451/42bc01e02c44b	2.264107358192161	1.882375
452/89b3da7ad320f	2.5439614446567327	4.326375
453/d335927290399	3.2109989032414306	16.2979375
450/4d737a93b86ff	2.537420167252969	8.2790625
451/3168ba8f7aeac	2.8596576062295385	4.088625
452/ca42c4294212c	3.1525968293340414	14.1815625
453/010b3fc13a590	3.005090735158497	2.8038125
450/7c0fac0b5a94f	3.2530057012914395	4.404875
451/42602fa7cd601	3.3277912848711244	6.6874375
452/c1ee441824b1a	3.091277063573323	9.839
453/c8cf09df6eea0	2.7928178608478027	2.5001875
450/a5addf57beb59	2.7345251887279907	4.46975
451/dc263e877a0dc	3.288341701912092	4.3751875
452/d8a1223c34073	2.98546145644148	2.546875
453/f0b8d65c2c0ae	3.3017414185522767	8.4244375
450/e3477ae02670e	3.0579551179265536	3.3209375
451/b28f52fd0dc01	2.599247264354607	5.096375
452/628d81f968fd1	2.855221362256993	10.627
453/e860e49d5c3eb	2.3503258030948277	7.1438125
450/a49236fed844b	3.353168367682032	8.1984375
451/010f69511ff3c	3.1823081987982365	5.5605
452/d053c0a0790f2	3.3927690507631345	18.176375
453/d74204e301e5d	3.2858051677255995	12.6218125
450/0d570281af294	1.4665742512482889	4.00875
451/87d7b16517bab	2.197989658398109	3.1155625
452/6a64f372f6471	2.67628516236181	14.7589375
453/2350f958a5a27	3.2093329180072097	1.65775
450/8005ad1a99f8b	3.1930256685220106	12.1546875
451/44c7449f1dd66	2.63106610456332	9.171125
452/cf47584a339fd	2.565356200942137	3.11525
453/847133d181c56	3.155250645438178	2.96225
450/a9965b01eae22	3.211593744724577	18.42725
451/e8848415bef36	2.8018450459175948	10.1083125
452/5d8eaca1193c5	2.2988415272661	1.585625
453/7879c0e1dfbd4	3.0856909067417613	3.6255
450/3771e1f49fec3	3.136960645812613	3.2135
451/a9f694dc2d825	2.728559123499255	2.0021875
452/187885a710d3f	3.2733250832591096	6.9330625
453/8ccd1db363e52	2.2717525251317223	1.301125
450/3282aca5cc6b5	3.0576029467063828	8.025125
451/26c5b7c0e11cb	2.8839252712296437	3.510375
452/9700a9cf66ecd	2.576749597905397	4.297875
453/da52a2612e22a	2.704669831175993	7.9473125
450/a763c5e1a52a1	3.2727972633658107	2.9893125
451/f43b6c1415b3e	3.457908168537012	6.18725
452/ae5ecdfff3b65	1.7144371173398048	3.8616875
453/0a258fb74f4af	3.1347937096520795	4.7078125
450/29d927dbe41c9	2.6721534356439682	2.820625
451/6b6c59e9207dc	3.2639837303181323	8.13525
452/23bd5640fb380	2.8888652941971045	3.1859375
453/7128f9735429b	2.9252679110387727	3.242375
450/828245d7b82c3	2.7361738768707564	4.8133125
451/d8de19cf2577b	2.2761288120101564	1.5375
452/191c80921e988	3.3289340145134236	5.5781875
453/b4ad6fa624f4d	2.515232710960565	1.764
450/478cde0999052	3.2704424795394416	2.0956875
451/0511e2403fc05	3.398789280570631	5.7185
452/b13eea48e97d1	3.1209455074926686	11.1865
453/412e006ff1952	2.4678060819755396	2.2838125
450/e54fec71c475c	2.099266999020173	2.4265625
451/f51f1d6f75e42	2.7588129405665045	3.4874375
452/ae383a461799d	3.221234593387551	3.5615625
453/8f022388181bb	3.3954059309649187	2.7113125
450/86ea5fb970521	3.3186494976081176	9.028125
451/f9cc84814b802	3.1410721418076264	3.462375
452/d52f413178066	2.799968018836443	2.9514375
453/ea8e4151f5582	2.322360986948668	2.1343125
450/f91c7bd4b1edf	3.1293925819545136	11.3340625
451/8c40b5272a057	3.074826877545646	16.3293125
452/50a34a0913492	3.150663683556936	17.24125
453/b9cb72f2915f2	1.5347657154067378	8.0664375
450/ba2f1cbc43ff0	2.1506224057936745	1.3790625
451/9f1b2b16fae5c	2.6482718183458176	6.3015
452/bb8c7222eef1b	2.4874081347780326	3.3245625
453/8ade0784b4e81	3.190683085666344	10.689625
450/ade310bcda03d	2.4784719792361725	5.6765
451/0b0f7255f27ed	2.268426604809733	2.9211875
452/d14e1fd0461f3	2.8646329931755856	8.4981875
453/ea2b4a304fbea	3.0365012099456306	1.6114375
450/73cc62d051436	3.3768832327573355	12.949625
451/398f67ba6b7fb	3.313744179434136	9.095875
452/dacd6b60a4f41	3.433563798691597	15.1148125
453/f7a810f71c1d4	2.2753961934805873	1.5179375
450/f74df085a772e	3.185403350372895	22.5526875
451/f9ae0b1da96c9	3.385383423794803	2.5960625
452/7c78a8dfc257b	2.8707267949440003	4.633625
453/94fd303ef386a	2.7519818614404463	2.37075
450/b0b349133cece	3.1589376464836265	1.0085625
451/7f2685f5f851c	2.362761895964997	3.713625
452/c3f935698b94b	3.1182382151489993	1.0091875
453/8c452372341d4	2.75903558879964	4.7180625
450/339fb09fc54a4	3.2908323866317506	6.2601875
451/57307e91c8505	2.2119792560106846	3.1908125
452/11b7030e13f63	2.752152810572835	3.4498125
453/8afcd00536ceb	3.2666359250732095	3.243625
450/47606faceb4c4	2.5199534846513427	4.68175
451/616e2e2141054	2.499867207090121	6.7396875
452/f78503c4674fc	2.2524268074579656	3.184125
453/042eadac24d04	2.885007670670297	2.5571875
450/b0bd989a1b218	2.3120405671616804	6.1570625
451/e45795e6bae77	3.402882615027345	22.032375
452/d1edb4bf6e7bc	2.5325958888564726	11.9838125
453/9c062615e36e7	3.3877168209264203	12.644375
450/f746872c04e0c	3.4275328625026495	7.4239375
451/2f29dfb47b96a	2.350462378912876	3.7266875
452/aec93bedb7ad2	2.5627940341828688	2.1160625
453/bd4f5987225da	3.126198661356102	4.2705625
450/2da1da629e1cf	3.230116822701998	11.0933125
451/4f72cba540030	2.934136908899164	5.1258125
452/5131a81965f02	3.502814563890098	6.2105625
453/dbf6d85a85a7d	2.128937101264279	8.658625
450/7fba79b6ef92f	3.2889934790494384	6.457375
451/f753231e0663b	1.1211640996567032	2.2033125
452/d4e0e76c2780b	2.967663242015374	4.9708125
453/07e2f563aa959	3.1298740781987657	4.5376875
450/a7257c863204e	1.0193127836976403	5.1468125
451/e55093885e011	3.0409921654677277	12.9659375
452/33237d07e1140	2.188941510160777	6.4903125
453/59c6482ae7b4f	2.53839380853913	8.0051875
450/936510ad13a9f	2.821951864888173	1.834125
451/d074cd97b915d	2.970698835247208	8.923875
452/64c434465683e	3.1739694543651513	5.5571875
453/daea18acfeb60	2.501363203967227	3.022625
450/2731bdaac8593	2.714225694690239	4.15375
451/085173a3bf162	2.921321432370187	13.0150625
452/3052e4d6c94f3	3.4417245491350674	10.04225
453/227f56e8bd127	3.4622753527624144	4.4990625
450/384cc32963b9e	2.8744489533753637	1.711125
451/c2ebb545dada1	3.433143283994685	5.772625
452/b1ba5f2c48776	2.999023699452	4.2975625
453/6ca20db7bd189	2.0336444047643827	3.4130625
450/e0ecc45210e85	3.075392263463716	7.5389375
451/35450af7a0971	2.7076657509302584	4.210625
452/26113f3e88e0d	2.3952914741372413	8.279125
453/d0d7d0d18197e	1.1075189779178214	2.068375
450/0f20cdeea1d9e	1.8070205905675594	1.63375
451/8efee397d4975	2.297267713027711	1.7319375
452/fd96a22997feb	2.261849664487557	0.6805
453/ed2eb21b24273	2.910822230029427	5.8835625
450/c7b15db929ea3	2.98888415180784	9.8076875
451/20db0774dd35a	2.6981245674750767	4.4601875
452/c336f72f74579	2.91369626274768	2.8600625
453/171403ea332ec	2.9931191808689666	9.11525
450/052c8f4f737bf	3.3469324963259206	9.0553125
451/4964f1b8b8269	3.373351521248705	8.425875
452/de8a798e1a724	1.1081490595764745	1.5136875
453/a39b55e7bb527	2.8110166839946977	5.1915
450/07d7d04397fc0	1.2952293234909098	4.523875
451/81b519a398e53	2.4026284504300794	5.27925
452/e966989ad6bc3	3.1828598235238883	6.2995625
453/b76d2efb677b0	3.469234833034664	6.2695625
450/41458f829ebac	2.9666034217423345	3.058375
451/430a31bbb5929	3.1095425433592796	4.5478125
452/7b50b221f0b15	2.465233819515752	1.2016875
453/5ef1d97247458	3.2480633398683922	8.5793125
450/4789232069f3f	3.3566339052925063	3.473375
451/3270cc9496379	3.5161843569773157	20.9411875
452/a01f27a4abb21	2.599112058760888	1.549125
453/250f3bd1d961b	2.7397859825202615	2.0833125
450/f6bcbd9f3bb19	1.6987872807533344	5.145625
451/7faa2e6ad69bb	2.5423772488375214	8.7205625
452/97861f1150099	2.4319681940725637	7.0979375
453/02b718e5e3bd9	2.6570425683524848	1.6518125
450/033c7c6d2129e	2.294427458281481	0.8164375
451/5f4fdb022469f	3.3257622151262813	7.2896875
452/fce61bffc2f30	2.708065740329034	2.063125
453/23718a2ec24ff	2.652223696391087	1.29775
450/ce31872859f49	3.1376459294685204	3.3868125
451/0cc581327a7ad	3.290529523416414	10.989
452/e0e1198430da4	2.8484543404935354	5.7513125
453/652d23c6e7849	3.0291218484496314	4.7044375
450/9a1f2eb89d364	3.175961013227404	1.5916875
451/4e899844be5df	2.5620663676373523	2.789
452/74f98462b3fb1	2.8592432582058	12.4718125
453/6803ce38ec3e1	1.8086441976290974	0.912875
450/62bc922ffcc5a	2.36059953579353	2.1016875
451/945c3f338f9c5	1.8791844328122416	2.4025625
452/86b02dca4773e	2.8643065129709444	5.3375625
453/eff83c6dbb15a	2.44572819194228	3.9609375
450/b6b29b77dd0d9	2.820304186209614	9.0296875
451/1625b9e16203d	2.9578256914258207	3.033375
452/0461c118af951	2.4188476182081886	14.40775
453/59deadfb7166b	2.6044940528707134	5.6765
450/048dd519807dc	2.6180182985022538	8.9596875
451/3d344fc1e1536	3.35000878302711	4.6310625
452/9a9e304a8e8ae	3.2802563539915055	4.7878125
453/e49e5a1e01a4e	2.8803271340941663	1.473
450/91fef5abb3a4e	3.4279743246955716	9.89825
451/0623d1f9c7ac6	1.3546536798471487	1.7300625
452/1a54a9f9caccd	2.454564524015175	7.036875
453/fcfe2a8400cee	1.7646264936427054	3.76825
450/95c3beeff2be8	3.4572405434041675	9.59225
451/1ab39188db021	2.970412982333912	2.4988125
452/08f0fa5744a60	2.896759889088855	4.9226875
453/7cb0430054576	2.4956341510158686	2.1485
450/2884629b00aff	2.1286097334174703	8.554125
451/4e16d8440d3aa	1.6187204580754064	1.7035
452/c3a9e4e4681ca	1.9111186072767732	3.8088125
453/1985bfa41b0e6	2.47394712589533	1.92625
450/45caade14c4fc	3.4741432825637353	7.8648125
451/16e4100863ab5	2.9541806847878007	4.569125
452/2125dace82e20	2.607138451599172	2.2820625
453/6faa2ec627118	1.683605518732714	4.2036875
450/5e78a17eedbd3	2.318211829188225	3.9995625
451/09588be1073c8	3.181158513734496	22.577375
452/75202a51d781b	3.196001820963731	3.53575
453/130784e74c003	2.7808921588392725	4.1098125
450/b42b723c589fa	1.9371056858729208	2.5465
451/d034a927d8e35	1.2209557592897033	1.70125
452/698b9a9fc11bd	2.5195839821631285	6.7868125
453/ab711c8830a42	3.217559562447427	14.780125
450/a461e4bd29f92	1.6644383693232818	1.256125
451/8c98f7c42c65f	3.108677458399755	4.43525
452/5a74dd35ec3c3	2.957536902598841	5.14925
453/f8a12a9266639	3.4393874509286735	7.64575
450/90fad9d4dd27b	1.977772756641151	1.823
451/a437821fa9c5a	2.180167007858459	6.0779375
452/2ffe3888d166c	2.798768260320698	5.6680625
453/e0e50777f024a	2.4602724411848347	4.087625
450/e281cb3849655	2.960798882150814	4.8794375
451/2679236ce6b43	3.296424871261041	2.7778125
452/a3349d38ade05	3.4332913552355806	3.3898125
453/01a0f167338d0	3.0439600920244687	1.6343125
450/7b9b2e94a3770	3.0142643269146965	4.6819375
451/c4eb1bdcd5b77	3.3976448975086266	3.392125
452/ee7f830181a7a	3.3986834541740305	7.965625
453/c0cb3e656b5b9	3.085980248795594	10.2466875
450/f034cd67458b8	1.1179858495559802	0.624
451/293a442deacc0	3.459850654865744	4.34975
452/31110c26439ad	2.3059403617944967	4.0551875
453/7c1c5094aaf29	2.4605917453994994	3.033
450/9a53551625d30	3.0364563685560286	5.9815625
451/ee5c913a0c28f	3.3169384707266354	12.2076875
452/4edb2f154931a	3.423662809603838	11.9825
453/2b07300528c1e	1.8761924482485293	2.44975
450/db58b0826b4c2	3.0966394493513585	5.8939375
451/ca18b7073a23f	3.216508773616847	6.7830625
452/0ac0d9c68c39f	3.438312812908166	6.21675
453/05cda9c640d8e	1.8521034873715507	3.72025
450/3fc40baa6eab7	3.123037905610563	9.6933125
451/20ac8ea2f6240	3.3460390524166232	5.5236875
452/91f863343178a	2.0955472298875755	1.4973125
453/8576aecd36f50	2.5519944701878297	6.012875
450/d23a7e314a379	3.255061334377154	2.2059375
451/5a8f1c88d30ec	3.0104569341921397	5.0424375
452/0e537177b2a79	2.5917380734895876	15.974125
453/b503f1ce471fe	2.800092501294812	1.823625
450/26f828d36929b	2.609766391845782	4.3453125
451/520dd3c45a31d	3.1824957845630704	14.4575625
452/9cf74740d59e8	2.1926150968414486	1.4939375
453/a80c1b3f84a10	2.167553924838639	7.348125
450/cf6ea87b05b36	3.4407773567098294	3.625625
451/9e6a7cf8f37a5	2.3742626102449753	10.381
452/96ff13fb7f19e	3.4262544786545748	17.1519375
453/14db1b44184b5	3.396056068678569	8.3148125
450/c4521e1c09bbd	2.1802092694779542	2.1634375
451/e9d6eb0b10b08	3.236696295256007	6.8491875
452/5e85bcd13fbce	2.4638441049425115	2.903375
453/76a957edd93b1	3.383993557256634	11.220375
450/c3f448626409a	3.3450001156815103	18.4600625
451/34c93cdd79766	3.2391581909156337	7.7885
452/94ca03e9dcac5	2.7219317766728364	4.38425
453/58fb119a53bb4	3.209879791521177	10.7109375
450/763b2779d7729	2.17594362933462	5.029875
451/a7b67422fad88	2.4682915961337906	5.13375
452/cca98dff0f4ee	3.027364681183504	6.29
453/6003d094cf120	3.352021880486739	8.8935
450/6e6b4804818da	3.130529229996822	3.0004375
451/ae60eb0611233	1.967182017382199	22.4326875
452/f461930453fe9	2.8887481904061425	3.62975
453/17ca40ebcc29b	2.488053402661702	1.3940625
450/e9b186d02fd24	3.3582152661633335	5.1083125
451/0b30ed8b40378	2.654902201290112	3.2453125
452/1381e30dfd34d	3.4360263456617965	12.9208125
453/08cd8015d7e4d	3.2016598036704114	4.92775
450/9e192f8d5910a	2.036230753142477	5.80825
451/4d55c20fa1c94	2.784850219652183	1.4245625
452/5b1cdda8ba783	3.249634550372428	12.9755
453/6d3522661096d	3.226576143983287	3.6624375
450/c6fe163cc5698	3.0488283494176756	5.027875
451/a36a8797634f6	1.7588796111202236	1.4415
452/8e3764b1b3174	1.3461005839457987	3.694125
453/13b6e1bda3394	3.4960585459350453	12.7189375
450/bc37c89e9e7c8	3.3126462400100705	8.2938125
451/233d3df197dcd	2.909014660860701	7.042
452/3906d9bce4930	2.851931857309577	4.524375
453/ddcff94e3d64e	2.5511271183932798	3.0036875
450/2967402f15f10	3.027392322658551	13.0703125
451/4570d8eca15be	3.0585755520307325	5.3976875
452/4ea416a12ae64	2.3181645459068974	7.7550625
453/c314cd21524ca	3.2327311965216947	8.6525625
450/c77ede3289300	2.8146209419615453	3.7684375
451/bcfebc430c4e9	2.818929630823621	1.58325
452/abfd7cafaa8d0	2.650738121745652	3.66
453/b490a211daf88	2.8813224559109663	3.088875
450/0d6940d34e696	3.475511257154306	4.5879375
451/d5c8221d73a53	2.8801858320711116	5.233875
452/0f9cf46143236	1.8764968589647357	1.8264375
453/284e4644377ea	3.2860586307528705	10.3490625
450/34bfce6653b93	2.444226568039949	6.4225625
451/72a6aa015be26	3.4562873081244803	8.851375
452/ff74642bee33b	3.262104200727866	2.30675
453/cf244fa627df3	3.162859150101357	3.603625
450/6d67b423402b9	3.2937676156699656	19.3656875
451/9485595c14bc3	2.4124131861956024	7.45075
452/0ca96b11b9888	2.0559434080717107	5.5280625
453/8ffe91511c651	2.347910971086074	1.0086875
450/f87c20a8b1a82	2.301466798547978	7.64775
451/a0f926e38d8e9	3.033741374638087	5.366875
452/62c968d48a9b0	2.0206315678471913	1.240875
453/b61296a515fcc	2.6184284456760465	4.53875
450/fa5589364eb5c	2.1006413550499765	9.3165625
451/664c8e785cc2c	3.2164629708787404	10.113625
452/fa769a4a9035a	2.2229428913145126	4.087625
453/452207dd4fc73	3.1603757742006335	4.7813125
450/2cd404bfe2a1b	2.2808771915003505	2.5226875
451/d5f6c5404725a	2.1290663918954817	2.113875
452/3c8137335a694	2.745559999797893	12.338375
453/72ee1c3e56f96	3.447602280116559	6.949625
450/0f384f8c56e5d	2.7781876771317795	6.044375
451/c59ef3aa1945b	1.0545665371653772	2.0185625
452/4466cf162dd05	2.8875869944848436	6.4595625
453/ac13de99ca2e9	2.9048478397773816	3.6913125
450/e9d3d14751e72	3.0597043298868485	5.622
451/ceb1874d3e32b	2.4670608676114067	3.2879375
452/2a24667f8bedd	2.586197536249062	1.64175
453/9ad13ff86ed1d	2.6578131042503537	2.1429375
450/0b3c75802da65	2.7026423459231586	4.5114375
451/daaab33e21900	3.2090904594882272	6.633
452/40c22bd07b3c5	2.8502554102208046	1.3699375
453/6bcc8036bf29b	2.1858472835213076	2.823625
450/f117aa02281d9	2.85304411017623	4.0891875
451/5200561d9be8d	2.3531148604533922	5.6420625
452/ff77b39780d77	3.4085690547788476	6.2749375
453/17fcc8251bf4a	2.4169519605388525	3.83975
450/d61c7056ad334	2.9896607494604024	3.8303125
451/1abb6cd4a930d	2.113683402104336	0.8163125
452/232b1b33a7bdf	2.95105754357933	9.14
453/cdd0c49d77c90	3.386031588850566	7.9304375
450/92bee59c59d8f	3.200670757047457	3.3894375
451/b93eb527f1be0	2.2606684211579693	1.55025
452/8590f1350d848	3.3856886783830324	5.7464375
453/cbec302193f50	2.893987369438381	4.6769375
450/ae0854bd35396	2.5026745157945847	2.682125
451/be3a0608bc162	2.32640283009235	3.6421875
452/f9dca7fb88efd	2.9224598143331284	1.874875
453/6ffd14c8965c9	1.8936869902607256	1.4331875
450/2cf836498f398	1.7467173988242157	2.8095
451/36404f515fb8e	2.55364032377173	5.673875
452/a147a8a7fefcd	3.031488249674493	1.793
453/6f11dedfd9903	2.6006716520356097	0.937125
450/896b7d8f4d6a1	3.250216621399796	12.3266875
451/e1728771c7bb5	3.3167572689054814	6.922
452/95c07b88bedaa	3.3818405508900824	14.0399375
453/91678b5fde583	3.2661653384438027	5.2794375
450/7256f2b737e74	2.6210284430402164	6.77225
451/7f787344ba112	2.4105184986155135	6.0295
452/f3d60db4a593d	1.9580946515474367	5.9305625
453/247d4140701e7	3.12617417015554	4.065375
450/66ad055b4e18a	3.3414763166248713	16.148
451/ffa8a9b1306b1	2.430193460370015	2.73
452/7d55c024effa7	2.977443945235181	1.4419375
453/ec29ea4fb896b	2.900277182516292	2.5953125
450/4972b72be2820	2.9240805840368482	8.1985
451/f954a086c0738	3.193294969395416	7.668
452/f820b1fe4fbe6	3.228926266235002	8.505875
453/4c6139656bbcc	3.007490916990083	1.34725
450/cbfe2f2448197	2.6306137368174705	4.4663125
451/b9b78e8e5d160	3.204447472016828	3.851875
452/a058340f6efaf	2.949587756580156	2.4289375
453/64c6c9b06d3f1	2.4501697127247946	1.873625
450/f0f6fb0eb558d	2.373454579203739	1.6345
451/29e918138069f	1.8299337706924503	1.168625
452/849feef2b8cb6	3.3463396175911964	3.2709375
453/1462fd03fddd5	3.1580456566204815	4.297875
450/f7c1357459915	1.3864470866986847	4.3796875
451/44b291c22ee56	3.2136420946015316	7.63875
452/34da168c6d704	3.250436709093121	3.976375
453/0744a9255d5b4	2.8202968631311025	7.422375
450/f85a57cbfa2b7	2.666104144349675	2.2556875
451/2c10a1ff45e60	3.34636988094226	5.503625
452/db19da85a2441	2.858375941710833	1.2810625
453/ee5416ef6f096	2.2521818658882866	1.7075
450/cd97f0d8c1f06	3.2383661084783553	6.7771875
451/cb6c50505eb8a	3.4413944075963396	4.8365625
452/f92bc2aedc84a	3.1496978169098124	2.8809375
453/3b9d2a88d29bb	2.574723914310835	15.3475
450/c707d0bd8305e	1.931130816271969	2.306375
451/b5583a446da19	1.8419977536641616	0.814375
452/d1076851074ab	2.487251044840649	4.580625
453/6ac7a96edc5d0	3.1714844692868334	3.785625
450/fb4f63b9fdaa7	2.8917291764493407	3.585875
451/67e068d2fe7e6	2.9791997802638726	3.791
452/040cf60867d6e	2.871947065474595	5.8279375
453/1e78637cc70ed	2.0944716049359755	1.63
450/33fc96409bcb1	2.6185346973772914	2.717625
451/2db1667213a0a	2.741497028512454	10.8730625
452/e62b31dc16b3c	3.324450398707925	5.5836875
453/d2120eed83a1a	2.3651416357909203	1.7310625
450/665830f1dc9a0	2.3985676195125065	4.0345625
451/1467d70c80046	2.807716085020888	3.346375
452/13789e704fd6a	3.3795253825829463	11.4776875
453/936a4101f7a2e	3.202701092668357	8.0703125
450/d0ecbd49036ac	1.9665241434983376	0.990375
451/e7f4926cc9456	2.7330844684547078	5.8043125
452/992da266a3968	3.321293271994681	6.6615625
453/bb515687027c4	3.187221792296036	22.123125
450/d53ebcb5510e9	3.039234281622515	5.38375
451/34495ba35d3b7	3.3025787898238845	2.7355625
452/5c79af9d512ec	2.581607518466961	3.371375
453/dbb912e6d0d01	2.8482347490084505	2.8245625
450/76e3fa4d8186d	3.3050933703610994	9.2475625
451/bf08a0e42ef6a	1.2029984197184567	7.1854375
452/a4f7a13d6f6e3	2.6812860800070357	6.0041875
453/853be4825ee55	3.2378284709064244	7.085375
450/d126f8059a4c7	3.031088882197846	8.507375
451/8e4475611082f	3.0828894906010675	3.8130625
452/c4b0c764611a9	3.29786957327946	3.2976875
453/c7606b33799d8	2.900591428245423	11.4364375
450/672f182704a8c	3.253792768351404	4.3261875
451/0a22b5cfe7887	2.507426402107901	12.379
452/91750c4971e38	2.8957154411275234	7.2699375
453/16db849b1cb9d	3.1008290941459595	3.14975
450/745956c39d40c	2.8292943041027185	10.9446875
451/76591ec276a6a	3.3506537622281978	9.956625
452/a6d7ff4c76fda	2.8750094141499383	7.47025
453/6cb1e3198ccdc	2.738679691780893	2.0540625
450/e1561096a5e91	3.2180506259359096	3.8368125
451/1f755c75a7584	2.2673856211172585	1.7081875
452/7cf4825037851	2.5498643279749116	2.592375
453/219960c2dd4bc	2.7024568097612867	2.974875
450/ea3c22eee65ca	2.5692615788692286	5.8424375
451/a811d9ad98d02	2.6626046723062293	9.4525
452/9f00bc9b0155a	2.4512174229759287	3.092625
453/eaf5076ee7a9b	2.7589548717022083	3.4578125
450/8ad1bf43f210e	2.953117097454558	3.7496875
451/355ed523cb7ea	1.831511169197405	1.504875
452/e6b7c3b6e1fa9	1.5929856341730588	3.5831875
453/bce617fa83701	2.0116555072581046	1.9654375
450/c0fb80b097365	3.122992072726096	4.7215
451/3515bdd4465c8	2.3001223784936995	4.1009375
452/e7829b8460e6b	2.8983412752589763	10.157
453/2b2bf09002b3a	2.5281401120804503	4.105375
450/e52c27a5dfc41	1.825840332019006	2.3515625
451/d8786e50baec0	3.0668423816233608	1.678625
452/d356101522797	2.9088723670405545	2.7943125
453/62140e2e21a53	1.7574707504785239	1.031375
450/ad95868ce011e	3.244472467445191	7.38175
451/a26504f0983bc	3.5505644497530926	11.44025
452/b26009830514d	2.7463756873466663	1.2826875
453/4dcf0283dd140	3.3648290844683473	10.39375
450/8382550d38b1b	3.0638472466304636	7.2071875
451/040ad8d88f6d1	2.657746884537888	6.9063125
452/20cd74d911d59	2.3547813943052605	2.2526875
453/b6dfa771383ba	2.152541346176918	3.0279375
450/3a797295b00e9	2.9579629984086617	4.94725
451/01cf888bf07be	3.34055767903755	20.8369375
452/f3de8937a3829	3.0666237957978058	3.4715
453/ef24162fd92d7	1.392844611788336	6.607125
450/b8ff949bd5f65	1.0969536570991552	1.7466875
451/4f2445d7c9c4b	2.505916390715718	8.7543125
452/d03641668440c	2.9385113988431346	2.409375
453/c1468fb448a32	2.890292060884175	1.1046875
450/e6f22de3b0f29	1.9825868708103667	2.355625
451/018f2159c7bac	3.384807765308161	10.4965625
452/8ed8a23bc4aa0	3.1209753329319163	3.9459375
453/2d4974f2ba64c	2.64060570140249	5.0054375
450/308f54ef8537b	2.443575670646067	6.3526875
451/2acfaca629e43	2.3890494507660276	3.77575
452/22f914bf9546b	2.728064547528683	6.253625
453/c65a36783dcfb	2.9409733046725206	6.595125
450/69bbd33dcb877	2.5132051112074825	13.664125
451/6adedb590819c	3.3724794293554523	21.064375
452/d2ef34f1bca50	3.060764522871364	6.8959375
453/783fd0851b155	3.232469439687644	11.72325
450/0566d651a6d70	2.623840120836403	1.8753125
451/76f0445bf41c6	2.8348828061824434	7.0003125
452/feeaa604e191a	3.374922875078449	8.488625
453/9ebe867681a32	3.3505707773435733	8.4855625
450/547c57823fdc7	3.1329234606911975	12.077375
451/d444d9e36c57a	1.488904042832649	2.1371875
452/25ecc4bb9cabc	2.680831651196315	8.32075
453/7a7eeeff15065	2.9891400675041027	7.7569375
450/7921ffa840883	2.913229097092606	7.2174375
451/96c8bab4ff905	3.196003384762133	13.162125
452/81c639119d82b	2.7671725948946673	5.9575
453/09796f97687c9	2.9809675817118007	9.1801875
450/309b3df09ac79	3.19491810229842	9.5191875
451/a254d21977e18	3.5063076750742694	12.414375
452/4bd628867e509	2.859653804929045	10.74625
453/fa61f2d45f526	2.173217750418732	1.1935
450/0a3fd13734ed5	3.0968628190662124	14.7143125
451/1afa72c01a0c2	2.938859639165113	20.011875
452/a2dfc96c8501b	2.272333631683406	1.960625
453/01d888a4b1019	2.5338877323508497	4.933375
450/94430cae927fa	2.661136726354677	21.535625
451/3a8a65c76d2b0	2.9380901486869995	10.5254375
452/c0a64d517ff9f	3.346739480505127	3.6714375
453/9e16f651c89d3	3.1591080729527325	7.4694375
450/b4e288f247049	2.961849421670405	1.7666875
451/607c87ff72b93	3.0519040905550634	2.9238125
452/297edf6a65322	2.2820787405988385	4.04625
453/8968fbecc180d	3.313861153190644	11.62975
450/92e45e3b3eb01	3.3325651080201024	6.337
451/59bb87e78f6ea	3.1194743937587432	5.51975
452/89f3b88ca3ac2	2.7658667619128	4.853875
453/0f72c538cf39c	2.2521689936098634	4.345625
450/f59c496ca0381	3.4026148301339276	6.4490625
451/f7d7fb236e1fe	2.6149248235418505	7.1803125
452/37edcbb1089b0	2.894408297630648	3.590875
453/22f590cd2f555	1.4201159660715417	1.29775
450/6142943eaa4ea	3.456811180864589	7.59375
451/b86acf7e3d95f	2.4396496692388108	2.3149375
452/70acbbfa39ad7	1.626431498904209	6.293875
453/c8dd973830a09	3.1218494188036425	4.7879375
450/676a58a422a9a	3.4891848981588973	6.666875
451/528d9b7b6db60	2.8762551165531	4.9024375
452/87498acdda1e7	1.2463627302357854	3.976125
453/23f2eadc5964b	2.80507421074473	3.1766875
450/901000ed79168	3.3695113135943555	9.463125
451/112f2c7a81997	3.454891581801815	20.31825
452/03a64d5d62dde	2.2525523402867464	1.009
453/3d45b53b3e516	2.2745219723873684	2.350125
450/e3be7a260a93f	3.180230864470391	9.4143125
451/ee779de2715ba	3.42412962753991	13.3958125
452/f24809343dc7c	2.68984851970966	9.7134375
453/b2e138c7c63fc	3.1922403200999923	2.1468125
450/140b0a7a55902	2.78774877801857	3.4461875
451/4ff6395e50d20	2.65623071095013	2.6306875
452/a7c39601afd14	3.3025601191037293	5.1625
453/8c88795adcb8d	3.24524695463318	4.1821875
450/80a2a5a6afe76	3.369738522869897	7.5881875
451/d87c1f8b248fa	2.9571829086097026	2.924875
452/c909ca4dbc099	2.7511568385201683	3.690875
453/07dab85495aca	2.939341455194053	5.4320625
450/70c1489b67e54	1.1075817695140504	5.6295625
451/32db6cb20eafc	3.507688878750501	7.091125
452/f43e9b8a488e9	2.155243831844832	1.3453125
453/fd4d2c7e3a5c1	2.8525221346837695	7.0733125
450/a3972ae735cf4	3.3253203378553455	6.1179375
451/bc302a2fad2b9	3.4001804687191526	8.6311875
452/b5aa3f2ffbc00	2.7626220544206044	1.8016875
453/5a70c6d35c1f1	2.458691100904009	4.768
450/3fc3a8ebb4fad	2.893607410782401	4.363
451/e2297c50dddd3	3.2604174990869295	13.9108125
452/d0cc700e45845	2.352066559345107	2.883625
453/21657926aef79	3.17279790905322	4.2434375
450/3afb53a19b429	3.461672337287422	15.9906875
451/e8aed55d26a3c	2.8007959649950407	3.3190625
452/a5226c5e48f32	1.1291608383407952	2.066
453/ce727a00efc00	2.884761120567618	9.1213125
450/cec393ac9388f	3.3399645770894963	10.77575
451/15ed5536f91ba	2.071178528894905	1.8274375
452/d8a0183438a5f	3.287479322961867	3.01175
453/678401745188a	2.4677321738035225	3.7486875
450/4d013661fb6b3	3.326144657250819	8.3100625
451/487d0144ec457	1.2812587325936702	3.7773125
452/6726b2cfdee21	2.464428970091717	4.4725
453/153c06245307d	3.228439238360013	3.9983125
450/e9bd92a908e3d	3.3461193146628747	4.66375
451/56cc85422eb71	1.8200956488309332	1.474
452/b3514bf877b8c	3.365170863306845	15.0880625
453/2c7a19fb40364	2.618810830020579	12.6005625
450/639e74c4598a1	2.8372827000469876	4.9436875
451/139799a68f3b6	2.515679883843422	2.3725625
452/9d73813ede60f	2.3025111512374825	2.7893125
453/74c61e1c456f4	3.3991392889313947	13.8726875
450/157469565338b	2.6043727083138197	1.613375
451/4c646f452d9f4	2.884780766330332	1.64175
452/166d7178aa985	2.804931419885148	2.4569375
453/cb211a4b0c143	3.0743042321187404	6.3558125
450/b1a7446b5bf62	3.304149323023166	6.729375
451/51483ea026a0c	2.282040384013429	11.626125
452/c1dba64a646c9	3.354172619593206	11.7390625
453/758b6d6437e28	2.728614730830727	11.5700625
450/ace8eb9fdc496	1.848567236750448	5.1245625
451/aa37fa7a05193	2.8522295444680847	3.76825
452/d8a8811b29df0	2.6590439272047024	1.7790625
453/a418fcae0a475	3.1576446618298393	5.6136875
450/120b97da520f6	2.31336347420787	2.5055
451/c3c34e4186bc3	2.956792716714941	10.437
452/338834ae3397e	3.163021964872793	7.0475625
453/1ec1b13131ac1	2.799277954164334	7.174
450/e5584bb57f10b	2.092028541641084	1.2013125
451/61611aac40409	2.2471202839535023	2.7890625
452/425b62776626f	3.3716760660608585	14.377875
453/74800f4dab915	3.323200912970586	2.9031875
450/933d12500aa56	3.11356425905822	2.066875
451/5c196c5887247	2.88156608603191	2.250125
452/b1d302707b7ca	2.687988035633321	2.3886875
453/51d3640312e81	1.0841234890364797	1.00875
450/b4dd413b32985	3.0192377742495977	8.3001875
451/9c3d2a9c0e976	2.6924712644986117	10.5913125
452/973f0edb74f12	3.3809530496317306	8.33325
453/a90b9a1184bc5	2.302721446223315	1.3215625
450/08a85de8538de	2.9846912952166536	28.79
451/5dd2aec06c832	1.5335445122000049	2.0924375
452/c9ac088432b20	3.3234020334438252	5.508375
453/3c2ffa2ed4c7b	3.1423247118204776	1.8171875
450/60e6684d996a2	3.127848973830768	14.920125
451/da511103a72ae	3.094172328943205	5.892625
452/04ad9f07b8374	3.4222285007433775	21.061125
453/162cc739428e6	2.02178657516131	6.6961875
450/a0d338b7ee30f	3.4137172203784445	7.627875
451/468084727002c	2.3869248881840632	4.2015625
452/f98476206f69e	2.939123177866075	2.163125
453/e07aca46e10e2	2.17001798955734	1.3939375
450/1631e1edc6198	2.7436477636330117	2.027875
451/37b4802ef3c08	1.9357875326660186	2.043
452/1a1fe289b0c08	2.889793999262034	2.733
453/37444b1c779f1	3.085594590369098	6.95525
450/445ba1aa668e5	2.6233956401548455	2.396625
451/d7d5a96016967	1.0743575350394043	2.738
452/47b2d87cdeb51	3.2703571645755516	13.4529375
453/8f040495c0933	3.1258652105207987	6.4993125
450/393147602b182	2.606371298090288	4.9019375
451/2475ef74c3097	2.471577178667627	2.252875
452/cd34744661cf6	2.9603192401502394	2.5291875
453/78551ab15c1cf	3.149263266516305	6.3711875
450/ff2b984712ad5	2.5557622175907957	9.411
451/2b4aa0bf71c41	3.2629791544549036	6.5914375
452/8717eed51577b	3.4499975114661265	11.03825
453/cd46686c1e919	2.8702496774055937	2.260875
450/638bb2857e270	2.9017462583588034	5.355
451/cfca5dea291b5	1.496705646706643	3.7645625
452/f2729c09a0057	2.2673361423192135	1.970625
453/9c69c5af0df05	1.6081831643329458	2.60375
450/3e26fc7e4b891	3.2043118909831008	6.331625
451/6c2be4d17df2c	2.5368741143194837	4.3455
452/36ba61fc4582a	3.071010687830483	10.3151875
453/92ef480b9eddf	2.522435417679378	2.4963125
450/223098efc3f82	2.18597665076453	2.3391875
451/54f7319775d86	3.4067333434422133	6.88675
452/bbf687ac344d6	2.447335232343471	4.6815
453/9d307a5bbac52	2.6845417418067212	8.5003125
450/c8e9c72da3656	2.1786665840339197	3.093
451/8817c2bd168dd	2.935837761967201	7.06325
452/1e484e1f90a35	2.7979582073181066	1.4904375
453/6931781aae39a	3.2586138168129235	4.537875
450/8885cf18b2110	2.217124036196794	3.722125
451/60eaf198e7582	2.7855723217372486	5.4668125
452/2166f1fd83e81	3.4575292591007076	7.1976875
453/6064ecafbf014	3.1242431269544357	14.150125
450/6d674e006352c	2.372255234041848	1.731125
451/75c12254f6a69	2.293105299768034	2.6078125
452/35958c3558ac3	1.0768071425038588	0.7683125
453/31d01c971e252	3.111387129690491	10.3349375
450/1336deb00b082	2.8035575894071663	6.3988125
451/a3181209200b2	3.060764318906049	9.8463125
452/05852ca622329	3.0232714516164947	3.827
453/0c87771a3847d	3.0271455665768143	4.937625
450/7d0b8c2b4c548	3.3784851719274713	5.3421875
451/7ea9249842935	2.048682024732407	14.0099375
452/813d7e35295c4	3.085725576388008	12.8235
453/5c11f46fe6aff	2.906964786609024	4.524125
450/66405a097d014	2.9287282462896953	8.27975
451/c11261c2b91df	3.009549013255579	7.837125
452/f9ae4b522fc02	3.0039114621025953	12.5248125
453/7532616294e0b	2.6985938434651278	5.7569375
450/4137577cf4ab2	1.4741867129036654	3.378625
451/ee0cba4264f54	2.5869106558565704	3.20925
452/daaa52214571e	2.8945890897472775	7.3995625
453/3b275d66d461b	2.6581637089698464	6.915875
450/b9a93fd8e97b4	3.4404922948720773	10.356875
451/e7458d4cc94c5	3.4961919857713446	6.9665
452/798347d16bbee	2.9735900305919314	4.6453125
453/c559318fadd04	2.0390161168307412	1.1605
450/288ea9edb39dc	3.3912894262339193	8.474875
451/b11639b514bbd	3.396823812253283	1.970875
452/9cac2c2ba42b8	2.737598281214812	11.3235
453/9c6ee38f5ab54	2.669871677093648	3.1885625
450/566e8981cfefe	3.2049906358233105	18.965625
451/fd1b03858c81e	2.713424590240225	2.13825
452/3b3b4f5dcd60b	1.834536040718837	1.7314375
453/8aaacc8ad3787	1.9743199418497128	5.595125
450/07b611d0a1a8a	2.8626025962352606	4.881625
451/acf1d2c84d22c	2.63593468766259	1.7295
452/a350d61fab1d8	3.390549155557158	7.295375
453/1af66d5f81853	3.179039262900247	8.11625
450/6f32557e37373	2.992288682008387	8.1369375
451/2aca645a4cdc5	3.318427009583682	12.173
452/eebc11fe6d36d	3.044575871341671	3.401
453/8ac05b9213540	3.045048656290433	11.288375
450/afcf6a7a2e399	2.991552168491758	9.7713125
451/ecfe2ee871c9f	3.0027109357349993	4.915375
452/d41ba07ee012e	2.894723063144344	5.2146875
453/d980519031088	2.758140178634097	1.6155
450/7262d1e283c61	3.354245379794421	6.3218125
451/f84e586d89201	3.1838610725717347	5.4300625
452/b36d5ea053623	1.405060263344688	3.084625
453/6dbb34356fe94	2.9711841504068137	10.7883125
450/0b5642b6c6a12	2.897677795455692	3.137375
451/9b27b5e252be7	2.2880632223539488	4.6655
452/2cc8e4eb6eefe	2.929554013035288	4.81725
453/3785bc87f54aa	1.827631216959043	2.8529375
450/a2a0cc4d07a32	2.1512292182754047	0.7201875
451/1800efa6629da	3.437048085031019	3.423125
452/e1bbac3b7077e	2.891800073103914	7.1668125
453/8065e519b1629	2.419450052902561	1.8343125
450/08147693c4a0e	2.9117024857264275	6.4499375
451/e4beb1a36ae56	3.243485371910681	4.942125
452/e5d6f7820b878	3.2732594977157237	11.33875
453/8165d3dd7ffc6	3.2073850419443497	9.60025
450/468a2e1dda478	3.1104245063650997	10.109375
451/9defc4c148213	2.6967598940722795	4.7398125
452/51b6daa9fbc97	2.86252667798002	6.248375
453/dfdadf5614681	3.31529308548014	10.433
450/2f30b0e105cf5	1.3232561006274937	1.1793125
451/ac292c91e3c1e	1.0618775622384677	5.8858125
452/2878fcbef834a	2.2565603411495374	2.6180625
453/59cc0c7220b3a	2.8531540258180637	11.183625
450/7a19e7597cfba	2.9237170367109724	7.087375
451/c798be1e23aeb	2.8960713969144822	6.93975
452/ca495cc56765d	1.9474041281417402	2.11825
453/ac08cecfaa0c8	2.7467732996859886	9.3174375
450/557ddc52e8bd7	2.5755027825578303	1.7351875
451/6bfc776940d72	3.1459181778764096	2.3063125
452/d1fab39a393b8	2.698392154082717	7.3449375
453/c71f74f9360ff	2.5309309813699783	3.832875
450/e2d09127618e4	2.0809715817661827	2.156375
451/cbc472230aa83	2.821999261497372	3.655375
452/de93b445e037f	3.0132601618838755	2.7414375
453/9c39ffe208876	1.8083628223968946	1.538375
450/8039e0b2df254	2.773352705198885	6.5236875
451/0f4408dd3da31	2.607498075979423	1.681875
452/2e4f45de7816e	3.1279935801110224	1.2973125
453/1169e272afa5c	3.2194182189958096	7.6884375
450/c948fa19f91bf	3.490016742710971	21.198625
451/b6d743b5e97af	3.2619885190992255	15.19975
452/8863cfad725a4	2.604612353548064	4.862875
453/b67d2f3520b4c	2.1360317818694274	4.5111875
450/db662008883db	3.320223771216683	19.99725
451/53f635e11f7fa	2.8614452041264524	5.7485625
452/289b6c76b0683	2.7450850947523553	5.7418125
453/ad3d721c6857d	2.1752920358743375	2.9803125
450/5090101958604	2.9542119830560463	1.636625
451/163674bb36913	2.809926927129831	2.019875
452/f2aed63c87861	2.7627697928455306	2.671125
453/02719c3ee4a86	3.311061553662096	9.186
450/61763a2864b70	2.5463878648384672	4.3268125
451/63e9ff044a95b	3.1657758970989636	11.491625
452/2ae40121f8923	3.064019529805242	5.5675
453/958e9108b2994	2.338469930610839	2.180875
450/9899ef23bf01c	3.315079879363477	6.5979375
451/3bf1012165ab8	2.6511093563986936	2.6270625
452/6b9f7f1e8bf3b	3.4729999644498126	10.5169375
453/98543bd6a28b9	3.3484390458809283	5.03775
450/37cf43003c871	3.174625161732633	7.0314375
451/06230ce8e6cd5	2.9011699062827683	5.9228125
452/9e6db32d50eb4	2.1175135101840907	1.2744375
453/fce33410c175f	2.9814381222500486	9.194
450/ac735e23adcf1	3.2884237368405254	4.6954375
451/def2663bf21cf	3.1504832554908364	5.3470625
452/25ffa202e53ae	2.619634745551353	7.5664375
453/a7f1feb33fd04	3.303364422041604	5.140625
450/a1aed903d5e85	1.9234891160909935	4.7141875
451/78d379fe55a73	2.250499472007321	1.236125
452/df7b67ea595b5	3.234132749812922	13.9004375
453/75c43bb47d916	3.097592997820747	5.551125
450/90b808699798f	3.221285846258146	4.63075
451/7d18b69783ad2	3.3631014397263876	10.2075
452/179eb96230937	2.6395915981219447	7.2375
453/e51efae781234	3.0428249944110015	4.7220625
450/aed36c25a8aa2	3.058114853793466	8.2985625
451/35e08a58357d5	1.8537098844387976	4.8745
452/bae4212b68269	2.706055102821729	3.3389375
453/ba51efaff05a1	2.8887505517485965	10.468125
450/50f81abef3e8d	2.312498926289236	7.1830625
451/ad8d9f36c6ff2	3.192028324885648	8.716
452/46c64f454d899	1.8310619944959252	2.6773125
453/81d266a21da77	2.685394911391226	1.1310625
450/6ab750478a2e7	3.4835364125959463	14.4538125
451/bb2a210467a64	2.4268625656967715	1.536875
452/a8a7ec9d92cf3	2.0844992257161428	1.070625
453/918fca93fc3a3	3.225530843317614	5.8629375
450/202d2544f660d	3.3952965546239473	22.0180625
451/7834d58f407e0	3.001962319076145	3.7295625
452/0a34cc71c5cff	2.7466528349918775	4.0881875
453/675993a897edc	2.393062025713401	2.21825
450/f8db7a9818f12	2.142561232467958	0.9604375
451/416cfdfbab86b	2.944255089099031	8.607
452/a18e302fe8d0f	3.018423360533072	7.685375
453/6421879c41b5b	3.3973972634001086	11.8390625
450/b52b8fa5a10c3	2.867375899689108	10.4514375
451/17208b704456f	2.4104068315184706	16.6109375
452/b865391888be2	3.298870952999561	3.4131875
453/dea7e86ec7579	2.8842143085507304	16.472375
450/029b0b5a07800	3.0608657597037436	8.007625
451/c6700b48e0a40	2.4080163650057065	8.73725
452/f99151cb22d37	3.391148384779224	11.8064375
453/cff71c9d5b209	1.555190848767265	2.587375
450/03fa559682992	3.421054557615705	8.6055625
451/f79b3247e37d7	3.311478020901177	8.2128125
452/15096136bd274	2.6933851186189397	2.572625
453/ff9193ad6b077	2.5369607671069385	1.635625
450/984ef91ecdb4b	2.6657953630613074	3.46775
451/6007f9ac36cf7	2.791314830820455	12.060625
452/d8ae87307399e	3.283228076936457	1.9470625
453/3bdcf02d80c39	3.3461727447083605	7.0309375
450/a024b7273bf56	2.680041394075282	2.1155625
451/2ee731e6575ed	2.0679227549057586	3.4564375
452/67ca7cf965882	3.163001568339148	8.1303125
453/1b0b6f7cf6fb0	2.1721910876168176	1.1766875
450/daecf27fc7328	1.8176975272736848	1.0573125
451/ae3609e411577	3.1228489482705535	3.925875
452/baae0dacd93c1	3.453150134025907	5.711875
453/fcb7b32840d32	2.540885345222433	5.789625
450/35fd236966554	1.5980945435466307	0.6240625
451/bc57109c58f3c	1.856896517020877	4.68125
452/d0f24aad117c9	3.073225329521831	6.390875
453/f09c77a13346c	2.948086466639026	9.0553125
450/62ec5aff2d78a	3.179238250650065	14.98775
451/cf08f28c3c014	2.4706360823897935	2.2845
452/658fee25ef0fb	3.219761653796237	2.98775
453/cecc9e0a92ebf	3.163389401299394	2.7470625
450/88562c54d52c5	2.1921454580703643	7.9576875
451/71593a1d26848	2.0212018912016276	0.744875
452/e909fe8248e26	3.4105635874185274	9.4110625
453/718d19082a933	2.745439236834397	1.2681875
450/fcadd5409aeec	1.3554269349001873	1.1203125
451/e34adfa33c701	2.7050427596344875	5.7919375
452/f7f0d6675c51d	3.459619575132373	4.639
453/989743994bcfe	3.061612439329347	3.10075
450/738a1d76ba62e	3.1526660269774998	4.2283125
451/94e0ccdcc3f75	2.716685622222741	3.39525
452/b08ebbc0247a1	2.8564828966883717	2.1229375
453/8cec5525120ec	3.2546985295822544	13.08375
450/bc2d520b724d1	2.693655307904694	6.0809375
451/052a1b4ef536d	2.8300251101015808	4.6909375
452/4a533d2c60a18	2.761936904375156	6.1916875
453/6347e25d330cc	3.277783048863379	3.148125
450/8bca73ae93505	3.2704300738407897	2.4255
451/ea0cc79630434	3.3814519093378053	7.315375
452/8b27a2f8323b1	2.6090333980132216	3.0298125
453/b6f1d187f5147	3.155086891838301	10.769
450/293ab465916e8	3.514153863969274	12.8719375
451/b01e899772ccc	3.2038249348975674	9.8514375
452/3a11ee3b7eb7b	3.208987878401402	15.345125
453/4cbb89137a1ea	1.0503785701764934	4.4904375
450/9b042e986d952	2.7492864161975783	2.4673125
451/4092d96dcbbe9	2.81562104788718	4.9706875
452/65fa593137bdd	3.05522185714202	3.6416875
453/6f3de27262577	2.9077532547924974	18.411375
450/bbc6be4c17f0d	2.501309788341941	5.167
451/f22918298e3be	3.381946514670067	8.917
452/aeba02441c290	1.9088967235731857	0.721125
453/62e71d5e8df47	1.0809578302996303	4.453625
450/520c21e942504	3.269140387510511	5.886625
451/fccb1df83ec02	2.4441452297824298	4.9795
452/a71c55bae484e	3.116369127296763	2.3329375
453/777114d58b7d6	2.7271811641143175	9.0433125
450/d96ae24df8dca	2.6964358983010035	9.7146875
451/35a458551ed3b	3.410327479864243	11.46175
452/b517d7e333ff8	2.5726419912791507	1.32225
453/f76129ec11033	3.25067845661323	9.543875
450/82ab9b50a5034	3.511207962460978	9.125
451/b08f516529d39	3.2890348891483256	3.9608125
452/318376241eae5	2.5138680990400153	2.3396875
453/96841bde24aa5	3.2634888988214255	12.4401875
450/949969ce055c8	3.3998679093281923	6.7856875
451/36d2e0ba0737e	3.1535708981474473	16.1461875
452/37a9a7508db22	3.189836721591557	5.367125
453/c9ab8c24331ae	3.3184937325185304	16.6916875
450/78640b80850bd	3.0600758267665777	11.3905625
451/8df226df58577	2.096416086165951	1.9486875
452/0eb05c230b487	3.0898429329358947	11.814375
453/86e13fa0edd14	2.5775112585822715	1.513
450/c347b10c3333d	3.2003740366014366	2.8185
451/9ad8bca450abb	2.8672753108323303	16.2705
452/6029b0128ad13	1.3963141659580627	0.808625
453/8bc8f05776768	2.5053782463737573	3.8125
450/16c316ab949d0	2.7670864252396377	6.3119375
451/21863df7cf4ab	2.7633366113107685	3.364375
452/26e87a97cabbc	3.448802715717139	10.925625
453/af0a8e20edb2c	2.8850826973768804	11.356125
450/d03b9dc78a28f	3.0950658313272434	6.60025
451/2e3cc5301deb8	3.184075835154307	9.02075
452/e0174d45bcab9	2.7984613883112157	1.97325
453/b8aaaef768b32	2.492026524018531	5.702125
450/37165c1e55c8b	2.8719479496950933	2.4455625
451/b2fb312e22898	3.1347561226590512	3.4259375
452/9b5cd20c385bf	2.6301647544103077	3.204625
453/d6ad5f30a49f2	1.904920838436165	1.25925
450/5a5812464571c	3.3236344797379327	9.2105625
451/8d4aaec82fdc6	2.231410347181301	4.8634375
452/32f9707f9d473	2.8629489996429998	3.6956875
453/f24dd6b932ca8	2.5496057130868763	5.27975
450/3c42ebc9e102a	1.1204968528890697	1.223375
451/a0d2cbe8a7d0d	2.689612207630059	3.17175
452/301e9c2d09b6d	3.2730759756839656	5.51025
453/2089500f67a6c	3.232251558092009	8.5725625
450/7d28cf73a0858	2.429866291326901	5.3568125
451/9748e3db63ff6	1.3050717774237979	4.732375
452/649df6a73b035	3.4480329915296575	4.2776875
453/5586cf08e3ae8	2.206711934330662	4.6035625
450/8e057f40c624e	3.10848864182647	8.1719375
451/c35d71f942d19	3.2468848381957987	7.994875
452/958a74d0e42d3	2.0758696741184774	2.4636875
453/822d36df4c8da	3.318531674143807	11.151
450/3be6e16dd175e	3.574517877791175	6.399125
451/be01d3a4c46e5	2.83435111526523	4.897875
452/479849d40f70a	2.4072960886453343	9.813875
453/1e911666fdde3	3.29773362925907	4.0468125
450/99e17d92374ff	2.817681622776702	3.1186875
451/bba5c92993c70	1.1199879254306804	1.211125
452/3db4d4d2de4d1	2.348643032131445	1.6393125
453/201baead164a5	2.941001027886844	3.39
450/ba34146f7d592	3.43790800581683	12.8930625
451/4abc67e1aa007	2.705698635926187	5.8164375
452/b199425ab0688	2.833637373934344	6.3510625
453/d6dfa3c755e4d	3.364109611890578	6.1575625
450/72f88d653ee29	3.3351063180526945	10.79425
451/179a21d88574f	2.838287944333216	3.325375
452/b535bbd1f8ed0	3.2187981999464266	12.362625
453/f74ca28e38569	1.9121241226020846	1.307625
450/766b71be8e17e	3.3835511730271515	5.4851875
451/c8d7292648931	3.021738792560987	2.645625
452/bfb1c55f4ff5c	2.227551601214317	8.4315625
453/434fa618b0e4f	3.293507117981352	11.3744375
450/99b7161f1e069	3.2677974619304764	9.169
451/42a269719ba2f	3.0052087015465005	3.757
452/17735969471c2	2.9811858035749723	2.4881875
453/a57f8759e9063	2.4546623331566844	1.79225
450/f0cdf57c848c0	1.6019536762743458	1.2471875
451/1fc07ef366adc	3.481763328332998	10.8723125
452/a3c60a25b1a36	2.6602405015097204	1.1415625
453/3d975764d3b88	1.9790507543752383	7.00075
450/077200e1abb5e	3.054989240512172	14.5546875
451/5b33ccfca4ee1	3.2259897822518537	12.678875
452/eeda25a00b74f	2.492916568719638	9.487125
453/131dca8becd82	2.7487675191125662	6.9318125
450/1e10a98c0a631	3.035318228295931	2.633
451/09c5e0d784eef	3.062830305442955	6.73125
452/d43983eca8b9a	3.350773728873983	7.725375
453/3571d5b225d3f	3.3860554439339032	13.010125
450/f08e1e6cbf767	1.6438108018414794	4.429625
451/01e08a8c97b7d	2.953874534265961	2.7735625
452/640c13b1580b5	1.0895752502106704	1.7455
453/da4380c33adc5	2.898769198464771	4.4820625
450/8bc019d5ef256	2.8318383413454526	3.3306875
451/7c5a2c8884236	3.282510539314181	10.0753125
452/83fd5f0170608	3.4326111317846184	12.894375
453/db63f8c858d1a	2.8868126540798102	3.827625
450/357a21664ecd7	2.5264178947399687	4.4119375
451/e31ff43da2048	3.422895679906741	7.5364375
452/e6996021f4958	3.156909243450582	10.8383125
453/f2b2508d93129	2.9447973052115426	7.8200625
450/de9cb08a4b7be	2.7811828880241207	3.004625
451/c4eb17d7614f9	3.2406579371809316	13.0580625
452/24d5903901f95	2.1717977954787306	2.45325
453/99be610ae6afd	1.5526703222931324	0.9605625
450/d67390cc1ae79	3.007706487907315	5.8608125
451/3e9fe9bbe6484	3.0095039975780296	9.080875
452/7bf5859d2940a	3.0982431003267634	6.232125
453/7509c445943b1	1.1015570880456644	4.537625
450/360987cc21f6b	3.029667689814041	4.033125
451/38154c6e22eb1	3.3310474366535576	5.184125
452/623db24aa1d52	3.0547284499198355	18.5101875
453/c4f1c4aafa02d	2.9169929515475825	2.7435
450/33762288d45d7	2.375072038118293	6.9914375
451/f5997e031b7c9	1.8915805952214586	8.93525
452/1ace9f8acbefc	3.148070850880215	4.616375
453/4d25e48b86ca9	1.613736485170754	19.9534375
450/94154f7a4a7cb	2.3054898148415544	1.297875
451/230830e303e32	2.571136945060162	2.995625
452/d97efc3017e28	3.380492805932624	6.1643125
453/e08082f8dab93	3.0474287649702947	3.3915625
450/c398f238b978e	3.2483406791685834	5.338375
451/37ae42eac8e98	2.8020179470928626	1.8505625
452/3861216a8feca	2.8113376836032433	3.246875
453/b1db11983cfa2	2.1459750634863086	1.70325
450/d4face8056895	2.4247691484951135	2.8381875
451/d0011a713ab33	2.46190290632748	4.183625
452/86ae93a729f8d	1.8778936623948705	7.4444375
453/daa9f8565e76f	3.0866042540231775	1.273875
450/9ecc1e15ff560	3.207225803576215	2.6168125
451/71b73836016a7	2.9335195549376016	1.7808125
452/3b27032280ec0	3.2367425578482902	4.794375
453/27c9cc3be3ffb	2.569170863557688	2.9330625
450/cf0bbe92b4253	2.9192609352056498	8.1511875
451/a4c21cfbbcba0	2.8408439243583277	2.6639375
452/5d6121660b812	2.7944195490837562	5.7889375
453/8f7b2985d86e1	3.2995660563862654	4.164875
450/78f044730858a	3.3283823744030725	9.878625
451/1654352b5b92f	2.984723850907488	7.54075
452/917e361e91a98	1.9974524626957166	1.8255625
453/e2d6a866b7a66	2.271442727546799	1.8263125
450/e2bac929f9405	2.1812506807493883	3.7021875
451/2f7fea8b2c3c3	2.685424763115312	10.083875
452/4f03090b05b56	3.3792237589501206	11.680625
453/9485854bd767a	2.4748355957479893	1.696125
450/83890fc43e5dc	3.347565943577024	7.238625
451/98d71044cd5ca	3.283925149483015	8.55375
452/af602419907d3	2.625244864697577	6.2585625
453/07d78e4985f23	2.6050077255605277	7.3483125
450/fe98fe37a31b7	3.0330889117773765	6.229
451/51208cc2619f1	2.618374262606868	11.4301875
452/ba596151b32f8	3.0278375682957237	2.733125
453/18e07f645848e	2.213271105872569	6.379875
450/b41a7f1a228bd	3.1285318466988534	9.0018125
451/a616c3a720260	2.6371496858719046	8.246125
452/7a17c879d2f80	3.3105225544061967	5.3176875
453/68a133a9ce5da	1.4911728277767546	1.3598125
450/d7a412e0fb4fd	3.3469810826090756	11.7730625
451/06cb3a7f30b43	2.1651473396060434	3.0843125
452/d94af4a320b6f	3.283861986850217	6.7874375
453/4a793a029bbc5	3.161165785205014	2.269375
450/03856abfb4cdc	2.970549828749778	12.1593125
451/d916386d5c1ec	2.2947615425789722	5.533
452/f84bff772b2f4	2.6571762774421934	10.9418125
453/8d74134766eab	2.130996644448981	4.9755
450/d9cff66b4409c	2.531614607387901	2.8936875
451/355a43706fbe4	3.0021254004331417	6.5440625
452/7fcb6cc35c032	3.120072570585802	4.322875
453/bddc1a4efc5a3	1.9978766176927343	3.0794375
450/c2a45986fb74c	3.052853576824688	13.3923125
451/d3207a5a351ca	3.089352287423085	4.934625
452/4ec606b34395c	2.918866389423029	3.0616875
453/32077b3f1769e	2.6401204281770667	5.869875
450/a4b22c3fccf85	2.8388988901464853	5.389125
451/c3a2ef6908829	3.4863676738244687	8.049875
452/8f5abe87906ae	1.959919905802422	1.1938125
453/7a107f3553705	3.408307484756057	4.54775
450/3a802c3157db3	3.332201033913521	7.7935625
451/f41071d9e30dc	2.874420441453747	8.88925
452/4682dcc204954	1.3541790848464772	2.3334375
453/6fc2038190ea7	3.245808183057848	15.6675625
450/924992b16fdd7	3.4920306075470955	4.145375
451/5b225bdc38965	2.688034892367959	1.877
452/85e36b237c0e1	1.385643677981832	1.682625
453/6a52d2a6d9325	2.7423925093406902	4.807625
450/37f352bdafa72	3.2362567912899007	6.0581875
451/7669b76a62246	2.532124682101757	3.31875
452/89a302a52addd	3.5331816066158632	6.918125
453/7c18b96744707	3.0369745867059956	13.5295
450/38d09829683fd	1.1112606581241646	3.8706875
451/36959e32a9e4e	3.2729547244674326	10.8359375
452/92bf5c96ce886	3.132768943147668	3.65725
453/9e0268d3766dd	3.1755024206646483	10.8525
450/369cb8bb7cf10	3.0856103171167875	3.0941875
451/bee46a6f58030	2.8741915247380683	5.3293125
452/7ba7269247df7	2.3345794049121635	9.07975
453/949ee5cf1ef14	3.1792699728701033	12.0440625
450/a935cea7f66f1	3.2589498890876776	4.244625
451/52f7eb716d5ed	1.3737659644402538	4.1043125
452/87ae78246c2f1	3.3309596938491532	11.840375
453/bb41b54919b4e	3.363635442754397	5.8468125
450/8bf21c979ebfc	2.170000962654886	7.754875
451/662884fe266fd	3.2933560999198135	11.7558125
452/5cbd6b7c006ea	2.5014609705985222	4.345625
453/0455f8959f6d9	3.224437997318891	6.72875
450/45492c1d924f8	2.5774546805499208	1.490125
451/95afcf02e51c0	1.267638416514877	1.7393125
452/3ad478dbb6b91	3.2101961713714293	2.260375
453/415c02231c61a	2.106550488694736	5.1841875
450/04a4ec6d61b51	2.7919324145146227	2.9295
451/18dc88903dbd0	2.9121522118885124	6.471375
452/612a6a1e76df0	2.7424459920247313	1.4235
453/8d36485534dc1	2.975867897985066	1.4149375
450/774b6bd8604e0	3.3375696993343658	7.207125
451/30bdb5f1af602	2.4604024656597514	2.0264375
452/2244317730519	2.8847331837768087	2.766375
453/1d11167363e42	3.1263348467571146	4.089
450/3f43decb9931b	1.724723182976458	2.9650625
451/a1bf193381488	2.8594749207979007	2.97
452/acdfe3258a815	3.4206603779250164	18.10275
453/c4da0b6bdef0a	2.672159054773229	4.37925
450/9015ab4fbd46d	2.4375384009434935	2.923375
451/c900666f35e52	2.4200671625323427	5.10125
452/24717c9debc6e	1.3025079142704385	1.754875
453/727a82abb8193	3.516276381841351	16.1819375
450/006d5d9d48d13	2.1134378593536147	2.619125
451/f02352d202f66	3.2202269246343294	6.9539375
452/77263d7de383e	2.9681189140729245	4.3230625
453/2feeada3dbf7e	2.2767231228794995	1.36925
450/d29919973f728	2.2970713113920955	4.7945625
451/e5fbc4f4738c9	3.13096877624041	17.0059375
452/eccfcce0cd3ce	3.441949690509059	15.2713125
453/c450e58cdf9ed	2.289458166610815	3.1653125
450/0e09d544e262c	3.0784844785390564	11.62175
451/a6f20096e979d	2.862050403928777	3.6545
452/c781b3b2f3b3e	2.844847739285616	6.362375
453/ebb1ae9efc6e4	2.8836263415194106	3.406625
450/4f923ec654af9	2.814266063113672	3.7545625
451/6a21ea23689ee	1.4970298176238857	1.2880625
452/458b1276aeb06	2.502493278646064	3.6475
453/c207fe9b72ad0	3.433836634557689	4.9283125
450/1e4f6bb101756	2.6175987638079863	2.024125
451/94449597db1d7	2.064875743901849	5.56275
452/e6ce333dad907	2.247240854733702	1.5805625
453/bc507e4271b20	3.5108898319231625	11.4355625
450/93db1d3abc675	2.6417108337891815	2.9309375
451/d6a2fc9dbabc8	3.394330639679051	6.13475
452/a9194b8b22564	2.4889135399708144	3.5681875
453/2919b5328e13d	1.2232235963666729	2.354625
450/25db9fb029658	2.8297619442696442	3.47575
451/5ef86b42a8306	3.209083550602544	12.22575
452/977bb03e7c1be	3.1052094815518916	3.036625
453/9d0a4463dfe25	1.724142568461407	2.06725
450/4ba59e33b02df	2.827791648816618	4.9969375
451/06c62015b31ff	3.333383281904285	14.0480625
452/acd82bf8c38c5	2.155166175727027	2.12825
453/6efde1a836228	3.196646572853495	3.9931875
450/fde4067d9c56f	3.2724570628278666	5.5770625
451/955b19d43417b	2.2309107870178964	7.4929375
452/f32d3d6fc2ccf	3.051323777850097	1.88325
453/270f98d4a98ee	3.226433539601499	7.5395
450/2e0c940f11e89	2.9163431874475263	3.323875
451/d8b12c14f389a	3.1739180777509746	3.613375
452/41ef3b17194ae	3.104374767356637	28.0836875
453/349a664b9063d	2.9800937551985407	4.605375
450/cfec5ab44679d	2.7969381415728463	3.1325625
451/2e048cd53d72c	2.2590852179761365	7.3034375
452/50429e82579b7	3.2415037178595747	8.33725
453/743ee319f48ef	3.0349281018728975	5.9688125
450/6173b429fc156	2.815377727606708	4.7061875
451/578512b80923c	1.5470186074205257	2.17725
452/b68105308b80d	2.0312860015962575	1.10475
453/8263044cc107a	3.242218621167424	5.192375
450/b88250617a601	3.034024562270713	3.54125
451/2f63e7b66fcf2	2.8799169430080998	3.94625
452/b7dbc8925a1fd	2.926353609489372	15.525
453/db61eb39c1280	3.3532755057472032	5.9164375
450/ed42ff64f29d5	2.5256891786692313	7.2623125
451/18bdabd482566	2.750446583656196	2.90225
452/46255f5c08d9a	3.4079989331346248	6.2824375
453/7e5653ed40b5c	3.3609045850822916	4.0261875
450/3d5cb7a0c3223	2.663470026335669	4.644875
451/04fcc6039a520	2.8683370949759146	2.45375
452/43d92de9170ac	3.411230870531953	16.7965
453/845d26644b088	2.860604797622679	7.007625
450/522f67c4f82a5	2.8281077707830566	1.661625
451/902308ac33769	3.2303984762504427	3.1019375
452/1d12cd83d68f5	2.423051876250522	4.07225
453/e84e04632453f	3.2994394630286514	2.7671875
450/0867935e08744	2.3175894928031036	1.9180625
451/d5a8b38864f33	2.901026999428302	7.85625
452/31010b5b52bce	1.664070252936165	15.2181875
453/330953332d212	2.1365525959131704	3.6660625
450/412d25113f5b9	3.0561631439529537	10.778625
451/27ef68eefbba6	2.4971212339816677	2.692625
452/f9c8b321b02b9	2.5536480403264146	4.5150625
453/f45754694d870	2.3749455377658264	2.0029375
450/d024079613af0	1.2033263280838324	1.767875
451/a415ec2487a97	3.3551630757066726	8.8494375
452/39e1c7239cab8	2.268475144895673	2.2785
453/c90550679c9c4	2.285493876427447	5.1385625
450/9eb74febead08	2.8138965512182676	6.9900625
451/80d490b808eac	3.265185961524872	3.5439375
452/f0ac7572e3a69	2.9408658290886045	4.836375
453/75d25174d5079	1.972511988304702	1.200875
450/6646129cdd3b5	2.767350211776936	4.3055625
451/d5c9ca0584c49	2.5248749188880772	5.42325
452/ac9541ea627c5	2.9739967546082915	6.177
453/3148722c5205c	1.5361740540471174	2.3615625
450/346aad51d873e	2.4802807237890776	1.89875
451/3e5364569d5fb	1.1058473171703143	5.6369375
452/5e7ffbcbf7888	2.5186473788402814	8.9339375
453/0385c73d56c5a	3.417351984158397	6.5720625
450/217adb5a4249d	3.1429610922117184	1.9428125
451/be6fd36f11e45	2.922372976359952	9.8974375
452/01cdaaefb8cc5	2.5111544095085927	2.4846875
453/32e3271a1b438	2.833985561827052	16.0408125
450/7500ebbbcd4f4	2.2741075080300988	2.3881875
451/ed4c72f064f16	3.053319817205861	4.3819375
452/af5aa4460f377	2.565504683381771	8.9896875
453/2585250d50e74	2.5701986249513284	1.3940625
450/a9132b1c1bb2d	3.2331218009652467	15.069
451/ad9a524c9ece7	2.8791881187909816	4.7141875
452/007198a1a36a9	2.2020168992843505	3.9855
453/e1ee20718de95	2.705674794430467	2.8345625
450/77c143904b23d	2.801105376188767	5.9345
451/87e112084720f	2.6924620953256557	10.609375
452/029306edae06e	1.606812894216901	4.778125
453/4df6ff242e38c	2.4290055136126916	7.726375
450/56e56dac45421	2.0431547043486624	5.08675
451/347913abb605b	2.952197165897728	11.0723125
452/b3615570f273f	3.434816881169458	8.895875
453/dac7cb690b9d0	2.6368139856163717	13.6358125
450/5ef9885eadbe4	2.6499110979645915	3.3409375
451/e37597120ca77	3.24271904942293	7.2845625
452/579426f66b2c3	2.809427912512099	3.032
453/862789b8967c0	2.19606949716996	3.3683125
450/2a4bb3738b22e	3.209732096047529	5.960125
451/33069c965e333	2.8189575631365553	3.1436875
452/1c70a97aca691	1.7151900050312516	1.6225
453/7db22d6b9e7d9	2.5843046565393344	5.254375
450/bee465d59ef4b	2.238957472968038	1.2011875
451/f27d7c42210d2	3.077622118632856	2.40775
452/3ceb935291ed6	3.332802303614096	15.4861875
453/cef44b997bc7a	3.199344241368821	4.8245
450/aa858dc811c00	1.073226439760766	0.916
451/81c3e7346ebd7	2.5266461839914975	3.152625
452/95a8dffcb34e0	1.2812018028926029	2.766875
453/92f846092263e	3.2571751194069525	8.121125
450/655210cc333c2	2.8945107051486167	7.5745
451/2c008496d4780	3.24114951791517	17.535875
452/1cf11ab2903bd	2.904225552421834	2.78875
453/dbe9bc6178263	2.41278207999871	1.4908125
450/b7eacd5a6d116	1.941374471265199	1.5656875
451/8451db39e8d8d	3.205380910759535	4.460875
452/8daf49e8f394b	3.425398512724574	9.8161875
453/39b1bb9b34f1e	2.4022103082392765	4.6193125
450/fe8b482d600c9	3.068401344320778	6.5721875
451/57a0ae9ca257b	2.896056732981291	2.182625
452/ae1f27c55bad0	3.3500609736569347	5.098125
453/93277ddb1eb04	3.0669845550176538	2.3618125
450/4c653aa99ec2f	3.1607787024008362	9.799375
451/847fd8f70073c	2.337002524650674	2.9364375
452/c50f0eb8c5808	3.300359382561929	5.5405625
453/6775466b574f6	2.962447582447021	4.5176875
450/a35f3a361ed10	2.9716425352664606	17.075625
451/d0eec95909924	2.2102738434129545	1.5866875
452/708df008e2e19	2.6666100451811823	6.7996875
453/1334bf6231841	2.4483367199062425	3.341875
450/d98a19815ef51	2.4265577614949025	2.8816875
451/6e7b46cd00ea0	2.929188649278999	4.73
452/b93430fac81f9	2.980448091712018	4.2744375
453/19d34be455f61	3.381634499974964	3.9910625
450/aec0a5b733c87	1.565219956670111	3.79025
451/018ee2cbd7bee	2.657210872358079	1.671125
452/bff8b44090f25	3.4023435308915233	11.7296875
453/1019a7c3b8791	2.4041314545949204	1.743875
450/bd80b3769a600	3.0610081411099803	6.179625
451/4197a526437fa	1.886761414185534	2.301375
452/9de864394ec30	3.5773183017308696	7.9784375
453/3295ef7000712	3.3772782141896602	5.578375
450/f0f0148529788	2.293371049241129	5.9141875
451/31de6254720f2	2.395024133674913	2.5183125
452/0f7dabd72180c	3.4355860960523783	11.7260625
453/ae4561bf321c2	3.051658621859957	10.600125
450/50bb261aac8c7	3.482212148088432	9.6945625
451/9f2a71c57fff2	1.9772225109751906	5.4408125
452/af30aab3af3ae	3.0705330599601046	14.1338125
453/e31df9c5dc48b	2.7002320288348454	2.3864375
450/354c8c408b9e0	2.1567220323476097	3.705875
451/0aa9e8efd1271	3.0526975109707997	12.8151875
452/4e85b1f2a764b	3.1173564065130384	12.691125
453/5ebfb7b60890f	3.1599067424811307	5.314
450/8d51a4668f889	3.0144370733416275	1.056625
451/f7d9735e038c9	3.321074320825333	4.1134375
452/5fa03fd7e8dad	3.0500715670633163	6.8768125
453/5e8a5e031d7f1	2.6977612205608565	2.319625
450/2a357415d75b7	2.708880626497367	6.3766875
451/fa9d239ceffdf	2.8021399474882576	10.361375
452/47eb7a50fe15d	2.524932256488234	15.7000625
453/4d5efcb095bd2	2.531508948110825	4.2951875
450/e8ff22e7f41c1	2.3662547325717376	2.9879375
451/df73dd8e9b678	3.245974696395905	7.161875
452/e4bc3d449247b	3.1284311751596134	7.595375
453/aabc571a133b0	2.6511418335220935	1.585625
450/524d5d218a788	3.2215661244633216	4.40125
451/677fac29e6e13	3.313077377441588	17.9211875
452/59cd9c9763c94	3.2821222318241245	8.62775
453/51a1d1774abf6	2.3165180915811843	3.910125
450/b7f07652d63b7	2.896848921663363	4.0523125
451/fbd77a54d5365	2.817490434657557	1.1535
452/32f4773b17312	2.7700450786087427	10.4966875
453/0d6bd5b87aa84	3.4518863449819905	14.079375
450/8c443647f4066	2.7630222181644846	6.1174375
451/318e5eeac1da9	3.010509776629699	9.0984375
452/2ca113fed5e26	3.3125691605159964	4.7576875
453/6b6c38f037232	3.4774011273082595	16.1195625
450/dd6cfee5dbe8e	1.8944137522215088	1.2851875
451/0da1e88c06c86	2.750857911848122	5.3104375
452/97579970d1ff8	3.1449013294513626	4.0819375
453/f0522f9acc92a	2.798881392994606	15.8784375
450/534762379ca80	3.2422819146734954	3.356375
451/2d49b480d9fc2	1.9201226475324333	3.1006875
452/e1aef22fb8619	2.9364010191318366	4.627125
453/fb1330c58cf56	2.821600019989569	2.68875
450/cf4c61c759846	2.3023994772309466	8.3664375
451/3a2cc0eea3b7c	1.3644860816656597	2.05075
452/811ea84ec8cbb	3.1421662767397316	4.368625
453/d24767177fd55	2.9859475829000655	2.8141875
450/ff3fea0958e29	2.6399304182298864	4.075875
451/d80ecd9241c38	2.60913536372208	3.2021875
452/460f53ae84119	3.3672469119116912	4.332875
453/8f0d019cc5e1b	2.8055224917426833	3.1999375
450/46feb9f87ab4f	1.8407471581404613	1.0089375
451/01cf8c1e0b915	2.507353827565387	5.2150625
452/6e8d9354d699a	2.198048848601494	5.7714375
453/fe5eff48943a3	2.2887514944602443	1.2359375
450/ebde0d1fac96f	3.031498177136543	6.00475
451/e7c14e8ee5fe4	3.2301855395172514	6.0386875
452/f375953e2a857	2.9450190585921114	11.0593125
453/4c22f624469a6	2.062239293707093	0.9605625
450/9ec8d0c8a9bea	2.083924037562461	2.0015625
451/9c3fc17033769	2.5723883122935343	1.751
452/44478be6a1787	3.37411928698209	3.4143125
453/debb86bbecc70	3.0538869706468232	8.4371875
450/cea016d0c768f	2.702066484501035	3.7685625
451/2cd3311136eef	2.856599678738435	9.172375
452/02820bb430b80	3.1139814682669082	3.183
453/4a9be553c1d0d	3.4420515936128075	5.646
450/34e9b6ae966bf	2.777878509549487	3.0360625
451/df5d485d448d3	3.0333214121189456	8.231875
452/9fa0c23e66406	3.0912475253777516	7.7949375
453/dc6bb41c68ff3	2.8717518545800167	7.0084375
450/7848ee417759c	3.1675929630302098	5.21775
451/26ce086314194	3.3126955022716302	5.514875
452/02963c7961778	2.6641943078761843	1.713375
453/30b21c7c13323	1.7237529644537886	1.0006875
450/2034f03faf691	2.889799336613135	2.107
451/81ad337ed2c75	1.9164233103458654	1.249
452/67309551788be	3.1144620964420637	4.3591875
453/dbf42a0e40161	3.3975582781544356	9.278125
450/87015a840f0a4	3.4119119184210946	11.931
451/31936d6971149	3.290440009317731	6.9394375
452/2c19720aaa5f1	3.0325851774464194	3.795875
453/84bbeea8480e0	1.933827345622473	2.0129375
450/ec78571678be3	2.978710365794594	10.8860625
451/5d587abc638a7	2.0279425983122716	1.369375
452/3436dee19a518	3.0404122652589955	2.6575625
453/dee572a6acf72	2.719920347764078	3.74475
450/c547af516609c	1.7228116189554434	2.2255625
451/d7cc00b3dcc99	3.0199529848080418	6.8611875
452/02d61395caf5e	3.165906913716687	10.31875
453/8675f62515794	3.1895447705276814	4.46225
450/635780b556602	1.7952525491456408	2.995625
451/4b83f6c561cf5	2.8402927452291764	12.8026875
452/95b5f386191b6	2.268268787860841	2.0923125
453/9292f9ce7e7f3	3.188093792715437	9.2849375
450/f192f455c2171	3.3865642588200275	9.8744375
451/1f4438feea189	3.0099541461719244	4.4625
452/8814ae1e7e905	2.432800993727048	4.2009375
453/2c9072ebce88c	2.218252181058366	6.2418125
450/eaf2549756b7e	2.2107287403063056	2.4339375
451/53dd7bba1523c	3.4335793617182357	17.278875
452/ffdbc02336b20	3.538095302812451	7.159
453/482bb1d8c70e0	2.9487123397634787	4.504125
450/5069e12a7f621	2.5872406709787796	15.9363125
451/26c55cfc4616b	2.2181330279056666	3.3283125
452/31cf25e6b8c3a	2.812131427361146	6.019625
453/b3726fc4a89f9	2.875270805485875	5.3114375
450/23c7e1a7943c9	3.041813145378171	1.9995625
451/a03cbef128187	2.6233424878224505	11.22775
452/c57557eea144d	3.211308745416778	5.5743125
453/5b0fca32046c5	3.0766776971562138	5.971875
450/e622031be7d59	2.2542297858226275	2.0208125
451/79afaebe8c46f	2.0954108071408433	1.7779375
452/b570719bd3b36	3.149706424216149	11.9103125
453/4818289bbf644	2.2637187644386083	2.1125
450/54c78dcddbc93	3.2081206516308605	6.905
451/bfdb189ee437e	2.3354034820043035	1.0864375
452/5cd1616c155fd	1.0791979849941533	4.057
453/b8701960c33cf	2.7877831534771764	12.2688125
450/aab60c0eb133b	2.539967989772979	4.868
451/bd16c20939bbe	2.795678507438657	3.0678125
452/639827d055086	2.580924693914763	6.2985
453/b3a724d29e58b	2.9752975241355513	7.144
450/1a716aa172c7a	2.8926112861088824	18.1526875
451/927a3a0d101bd	2.9782589531840187	2.5085625
452/ede414e7702e0	3.2692588495005497	10.7571875
453/33d4f9d6ae2fc	2.69437305631151	6.838875
450/c46db48a5291b	2.969396146614965	10.7141875
451/ba04ce7e3bbae	3.1386191864559323	3.6430625
452/ac3afb0fe3b81	3.244821306641638	15.4971875
453/ae220d72f634b	2.8158315561489298	11.866625
450/cab3ba9af8fc9	2.519930349737143	4.5446875
451/c7beaa077428d	2.3424942857859308	7.7143125
452/f6d80164ad3b1	2.8795841411303607	2.2991875
453/8c3b2ce0b6eca	3.0607356836116963	5.06225
450/64df1a9becb95	3.4669740329533445	17.9928125
451/7bd3a38975cc3	2.650982078448147	5.1638125
452/3e040b67fc02c	3.1899572880932063	11.7804375
453/47157e84c1747	2.636472218770576	1.5530625
450/2f49ce6eadbe7	2.641223307208294	7.21725
451/a06d9a2a25a4c	3.0752415385733904	2.9565
452/9dec2402c8fd0	2.711078008964893	10.64375
453/c32e734e2e2ab	2.681557456301519	8.0960625
450/30839d9609730	2.73216656504019	5.5469375
451/b3d2104115726	2.3214952809436324	1.4115625
452/21fde82b22277	2.9173694505185246	4.424125
453/86acda5050a1a	3.1224522313584204	3.32675
450/a29340634c731	2.259950156003245	1.4190625
451/297347a7cfe1d	3.1918627207390116	9.9935625
452/3bcd0d2eb6250	2.8055702631679766	5.2740625
453/a5a8d99ba979b	2.1474280313877436	3.2045625
450/2396179683f04	3.0515649413687633	5.21025
451/4000cd7268516	2.5255268240052855	1.576
452/77fa43165c449	3.3037164851293164	8.79475
453/a7c87cade974f	1.1358499356124365	1.56525
450/09d6672052201	3.208431459015075	7.1616875
451/e7049935f5415	2.0740988463822765	1.467375
452/901798092f43d	1.2588014508761025	1.0490625
453/eebad4fd69c92	3.2624205915526945	3.5015625
450/d25bd8876a9fa	2.7862675950516866	4.6663125
451/68bbfa7b0b757	3.2102461960487796	6.9395
452/1cb95903eee96	3.366823733846311	4.146
453/2df9b62839641	3.3517118748130055	9.51925
450/2382642cb1c65	2.5650683375957577	3.8783125
451/28ab51b4f49a7	3.0574338071678073	6.319625
452/047a3769fbe67	3.2828662213584026	10.9568125
453/6bc52263e46e9	3.2795002794644397	6.4868125
450/ab670344fbdb9	2.1269335116811536	3.7758125
451/7ef2700e4f565	2.51604717850838	1.73975
452/451deb9a790bb	3.4723041435421202	10.2975625
453/b2a636d5adf30	3.195946204467583	2.5556875
450/6a55aef0560c7	3.5411433443716445	12.890875
451/5740c46441cc8	2.4384967561658963	3.2359375
452/d2b1a964d1270	3.168719404617721	9.063125
453/aad4e8031abd0	2.694625895279603	9.2648125
450/c226597776601	2.950055852001284	2.4736875
451/d08be7bf0b451	1.904190201066039	1.8411875
452/d37c9abebd17f	2.7114824079393873	3.4031875
453/2d0831cdd702c	3.295240841933754	3.3659375
450/603f688885693	2.929576421873314	6.0625625
451/e3b0a890a5ec8	3.274255807703304	14.844
452/e9e3c4ad317cd	3.3135051133000886	6.6814375
453/fd872e9bb495f	2.681119788564621	3.0305
450/336c36d317680	2.3968753897641033	2.31475
451/44407299d23da	2.59775042677961	2.183625
452/0aff91d17a63e	3.415831745188817	10.7553125
453/efe678b1ef24c	1.7890222211258198	1.3304375
450/a9eefe6717c5b	2.4971599869776213	2.9731875
451/aff1dcb0b66a6	2.7794317317137502	4.2705
452/331851c709032	2.8542101959224797	7.6471875
453/4e5b98c4de78d	3.3347518426179863	9.3295625
450/d6f308895c604	3.08463667899922	4.5505
451/3178e78f2bfd3	3.220624017971965	2.66125
452/8c3fdc5017610	2.7446781282075636	3.7518125
453/1d449882b895f	2.9776723136663117	2.4546875
450/0931f9c562ca3	2.065291123797386	1.1018125
451/b18f6dae06312	3.0171838661616386	9.3165625
452/a606638f072a5	2.152296118852381	0.872875
453/1b580000dbf39	3.436765890334754	8.2880625
450/f9b52988216f9	2.2961383576141077	0.98425
451/44e41d2c05b20	2.266236463730671	1.4423125
452/10cdaf3c851c0	2.6964620641214827	2.9989375
453/4b5b371f31ead	2.6514484526317927	5.1486875
450/28c3acd1f446e	2.9037385811475036	2.2826875
451/55ab17384d53c	3.493372290794252	4.3990625
452/7e60805b022e6	3.4076290671258422	4.2285625
453/533ece1a4ffb7	2.951610961472	3.975125
450/5e0789c30a6d0	2.4449782109431593	3.2775625
451/a4a6e1f4070ad	2.6459733457128767	1.671125
452/c4fc5c7ee4859	3.280150733584341	11.6891875
453/e4d0a551cf111	3.519065921835313	11.691625
450/33db6337bd8c7	3.279218495166696	11.92
451/c27026d7b493b	3.0803293006713837	3.1603125
452/6b32c1f1b22bf	2.7815665798521825	4.081
453/1ebaf052f5578	2.137141644028067	7.6886875
450/ee563264c0fcd	2.2893135937247453	4.3605625
451/0db065a6ce4d4	3.3188998677123718	9.8179375
452/eb236232cc699	2.732695335079763	13.7028125
453/5d2d70479b52d	3.4374372172374343	16.7429375
450/6fbfcd49aa93d	3.306340896521421	6.6644375
451/9800e217a6f58	2.6799356212776075	4.420625
452/9d9014f7af270	2.600853147262508	9.0245625
453/e93ffaf13da20	2.9926668290991136	4.1163125
450/5b974fffc8f74	2.83647785378946	8.4513125
451/ac632d1ed4481	3.043729338558623	2.500375
452/ad591238acdc1	2.7043525989015893	5.2134375
453/87b7488d73221	1.8037504439129783	7.98825
450/40ccc96423557	2.947173023107155	1.0831875
451/3d83c8ac3e551	2.200183349211021	1.297125
452/7e0b8460cf1c4	2.914446098548349	4.2969375
453/e997cb372f2a4	3.203415125804	1.335
450/04bcb3acb0050	3.122832269714334	2.811375
451/4677ae8d8967d	3.1754047415579465	11.97575
452/32c57d157607c	2.6077079638363263	4.3461875
453/9cb73f34ba1e7	3.239610839676108	8.3701875
450/8ba15eebcc97d	2.994796593568954	2.4574375
451/c90035f430df1	3.3656917145118763	7.4070625
452/bfe66f4ea631e	2.76191596122908	8.690875
453/1fc368a205bc5	1.7293765259587262	7.03225
450/78c4337392042	3.3397507467136487	9.41075
451/5e7c765cd3163	3.3686071080016973	4.8749375
452/f4541f5b197e5	2.770095254035887	11.08725
453/eba733c53823d	2.5327753581354844	1.2495625
450/12729089f9a04	2.06039716623204	3.834625
451/f968292b30b4e	2.848260750670418	5.5508125
452/31550a16af985	1.7657966484185545	0.7684375
453/a541cb21d6e9f	2.9372150435133713	3.2425625
450/851bdd99c8031	2.676387736315805	3.2336875
451/2d0221d69be94	3.1200975856157305	8.2705625
452/217f982c78fc2	3.0713043950770604	5.9499375
453/ec038d38f16a3	2.9486220375734367	3.4185625
450/1a7b39ab15109	2.9112746861958763	4.844875
451/3455a55497201	2.712625809164936	10.8405
452/fa82b4868015a	3.5778007045771294	21.81825
453/2392455f5d4b5	2.365292850267662	5.4946875
450/a13bf8a561159	2.8260108225763254	2.932375
451/990f6f17af8e3	2.9098291642019887	6.111625
452/0eaf176abbd6e	1.6519852274321687	2.6916875
453/d6fe9126e958e	3.009433333273122	1.62325
450/8593f74d5e270	2.900663441439918	5.8934375
451/abf6d2b3374ed	3.1894017037958324	6.8313125
452/2a44be8fd12f3	2.920364433323374	4.0449375
453/006698fee3b08	2.5231036800626807	6.4508125
450/0235c7d246f0d	2.5990212613884225	7.477
451/76c79274b69dd	1.9954921296145471	3.624125
452/a1e4469fb3f5a	3.1320001366555905	2.66475
453/8c2fb963495d9	2.6912811798723983	5.3364375
450/3455df22d3ed2	3.1143475729564045	3.2611875
451/c923076d5d0d4	3.0942812557668327	4.27675
452/679accf17fb6b	2.4650682426725523	2.007
453/ccaf134967ea6	3.0379720759487934	10.166125
450/02ce6c779878f	3.5287888645032766	16.0470625
451/9059dc0f78d43	2.6518620864466937	2.259625
452/42cb329ccb231	2.882139425306523	4.8139375
453/f25c01996ff8e	2.445093125144453	1.92325
450/d6a7262431e4a	2.0378522668475263	8.953375
451/ddd406e47280b	2.8979986878083266	1.8915625
452/8c32b2017e4db	2.2367504406397347	3.200375
453/9ee597a5c6c04	2.0019452596528122	1.9505
450/1e2d053dc7420	2.1760742086056712	7.98375
451/0bdc971961d2c	2.4940788734184944	5.3426875
452/8f3ae49ce0df5	2.744468916889706	5.72725
453/0b1acbae5c3c6	2.294413164992691	1.3129375
450/eefb777851200	3.3088118583973563	16.383125
451/8c21c353686c4	3.4509498983128286	14.754125
452/8a00eaff90d89	2.578826790968719	3.840375
453/98206b5e1020a	1.357191690859315	1.0949375
450/f106933c9280c	2.5954942164521073	5.24225
451/8fee2f9fdb35c	2.467931947668079	2.342625
452/dde4dfdeb575c	2.733021073150009	0.9979375
453/654888d77a976	2.4510316621720216	1.3691875
450/11a2704c40c8c	2.8067373057225504	5.574
451/7dd03947dd729	3.50762344978084	8.7464375
452/f35911f7b7b04	2.954781439977942	5.082
453/c0362f0a29b0a	2.0864735261900558	2.8286875
450/bcdffc99dd105	2.9645018892157604	4.0816875
451/a8a0be23b5c1c	2.9629356554177533	4.2983125
452/c5d0ca2a4aa14	3.1710671541990707	7.3838125
453/db2ec4c28886f	2.84749856315237	9.1250625
450/afb7680d12a0b	3.3842392387785956	7.53275
451/11aff607522b3	3.203461102363198	7.7130625
452/434e22e6117d4	3.15683843031091	3.6078125
453/bb8f35a235d42	3.472107163018223	12.7533125
450/5ae85478c5505	3.1579743876365725	7.418625
451/10e5c0382e77b	2.334659782323636	5.0684375
452/de3f0d06400e8	3.0821073076567425	4.140125
453/d998ba6ec06c2	3.3202656331462657	9.7570625
450/2407c76384ce4	2.5850630093843994	10.230375
451/2ab8b73eac1e6	3.3572045110654885	5.162
452/374fd19ea5d9c	2.0692261452094747	0.72025
453/d23088b53ce48	2.4918669847127854	3.1690625
450/36daaf3000901	1.9374771366985262	1.3576875
451/fab26e3a98abb	2.3540318421189856	1.0568125
452/f8d9cc8a5202e	1.9481120576853483	1.0085625
453/e79f39d434b8b	3.0019255459298395	1.441375
450/5ae85915baa99	2.9681391356372306	7.7863125
451/2b381b0df4464	2.8229305298433385	4.7415625
452/efbba9f05077c	3.366766651483048	11.084125
453/aaf10ee4affb9	2.294849691663844	4.3879375
450/da249f1603c14	2.647692641588319	1.5818125
451/f91194cb89469	3.0294078575053476	4.783125
452/4fdeed1218841	3.2587822563479074	3.665625
453/7efe8938580c2	3.446078025919626	16.718
450/11b0195e80ff4	3.4929112298274925	11.7221875
451/c40f67a4a541c	1.8744852783881183	0.721125
452/224804721c1f3	2.511074130308376	0.8645
453/436d1dc066209	3.1331752181964387	7.542625
450/22cfd7424cb6d	3.311436550196073	4.8045
451/7501d8bfe637e	3.4183013638259467	3.1159375
452/1391d07a56bef	3.3163231423483	5.5341875
453/982cc3b30fdbd	2.762516515744283	4.6824375
450/2390e0ae45798	2.9655720501053544	3.1765625
451/1f254e343c586	2.5225949986323815	3.965125
452/dd0d714e31aa6	3.043041148283191	6.634375
453/84c4ed0c9d951	1.9706543386759026	1.0534375
450/da261fb5de3ed	3.052378615107024	3.2185
451/61718801af16f	2.6614650869786605	2.5200625
452/e3e023ac332f7	2.4033500098598632	7.90775
453/000df8369bdbd	2.6157609842799108	1.754625
450/9ea766f55d66e	3.4022782723581644	4.2594375
451/a3cdfbeb174fa	2.514259622595503	5.582
452/14c0d0fcd1d30	2.8196998404048834	1.9701875
453/2cccda54055c3	2.7346572267549285	3.988125
450/4d68838199f45	3.1614462796507463	4.4520625
451/7a7f7c3fe0a74	3.264893036610854	14.9223125
452/b43c55dc990a9	2.9289410564931906	3.413625
453/57a6abb8b8926	3.17649080241649	5.6694375
450/2fb7b71b78ffc	3.225444951085964	7.0711875
451/8dc5544b901ad	3.4759730158794353	5.6776875
452/befc2500310e9	3.239722624468681	10.6975
453/ea87e9efa0af9	2.4085064922114774	7.599
450/de240b48a99cc	2.824657003154716	8.886375
451/66dad225abbc7	3.263405180601573	7.9366875
452/9d51e161ff2c8	3.1847159580457154	5.0650625
453/702b6355939b2	2.8227298362739344	7.0971875
450/afc912a200d77	3.4706107554191994	7.881
451/2489a15d02a65	2.2305399020444914	1.82675
452/5cc1dc38dae44	3.2031640915962116	3.4456875
453/3b8a7cee242f9	2.8564107086016404	2.25725
450/3c9af084b288a	3.1925331590289554	4.0355625
451/02210664543bc	2.50020151689757	3.788875
452/c2f6c8fa43355	2.4980317410534023	4.4800625
453/3296e405396e3	3.377848055996811	14.4469375
450/ab856ae496d62	3.35470043255823	8.8405625
451/b662defaf8eb2	3.3245142463536728	9.251125
452/2531773e68daa	2.09570106060856	2.06725
453/de1e17b8314a1	2.748348275781794	3.024125
450/dd379fdee52f4	2.757883761617524	5.414125
451/3fff9b0177738	3.1487971378057216	7.1085
452/b922bbf758190	3.0577121177218594	2.6955625
453/10f490bd71ac0	2.212739478108728	2.402875
450/ce611e6914ae0	2.6951429011784427	4.8274375
451/7cdc62d08176e	2.6897041138364037	8.2715625
452/a76f068c924be	3.2916473455205013	4.4635
453/3db72eb7e6345	1.6552694075386853	11.098375
450/148bd80b7ca06	3.192171178198347	7.4690625
451/87eb30bb28f42	3.422802642108158	7.8081875
452/670c442511e21	1.440226838051124	3.501
453/214a3400e44f8	2.279105768001179	1.607625
450/a45a167476ab6	3.072754637430806	3.831375
451/b67339b86b7ee	3.233186565453892	4.8145625
452/f1ced74bbb3df	2.745761322605606	4.76625
453/96803c58f941a	2.6526545749482633	1.130625
450/3a024fdb19155	3.5257960966225483	9.5478125
451/08e2e6a7c79fc	2.990457344431657	4.0356875
452/eca6532c3c355	3.339645402597339	8.7575
453/b9e35b197264d	3.3463671056134032	9.8855
450/8766c7991d389	2.6097024281122794	2.3759375
451/66ea3c9b9552e	2.1504820607224495	5.81875
452/7f0be7e14eb72	2.9098460512889854	4.7150625
453/7d4d774c9f132	2.4973564026918593	11.9775
450/4d71d19e3095c	3.3373238197009596	8.7321875
451/6722866821174	2.454078981580602	7.563125
452/899f0a0c738e6	3.454023268693472	7.971875
453/c9ff4867e1787	2.7141134345886826	8.9634375
450/2f9f0ca1ae5d7	2.5968681157627955	6.618
451/abb74bac2895e	3.075622395817361	2.8854375
452/10e6cadad47bd	2.0252904142951724	1.4698125
453/e899a03e22898	3.3684979409701907	6.5394375
450/43c454570a513	3.1773890374061793	4.8209375
451/8c9f334ecfb91	2.4799320595398675	2.4491875
452/02e71efdbf912	2.9930922900267434	5.422
453/c6b81cf0294a3	3.290844009418721	16.2675625
450/f2c0a897ab83f	1.7774008761302547	3.84675
451/b15a79f226fad	3.0220770553115472	13.9669375
452/8dbf88e4bfdeb	3.0559174196716614	2.861625
453/529ab5a40a1da	2.5754748998290964	13.2864375
450/6c8ec177564c6	2.77523347908226	1.5378125
451/376780c30fcfb	3.109449326089886	3.83125
452/c0d159af64637	3.3296350551708187	5.78175
453/21cdb556c4167	3.1793160641900617	1.6828125
450/51262229da3c0	3.459510783684082	9.6476875
451/c16ec33bc57f5	1.845762149803939	1.2955625
452/f783a6e69b39c	2.8346078562431747	3.66725
453/cdbf1e73535a9	1.739752623731791	3.197
450/ed36ef13f9a8d	3.4286434992817263	2.9435
451/b2cdd18da668a	3.0803667523407574	4.5209375
452/29236a07207fc	3.447729046155015	24.4596875
453/13efb35b5a673	3.041978724385107	7.5765
450/2b145d06e77e9	3.2797588477530923	7.614
451/b69e5c10514ee	2.6577804027957512	9.8111875
452/fd8c1b972c642	2.564419204698837	6.07225
453/669ede5a8f4eb	2.4056614482484804	4.053125
450/aaf3135c9a87c	3.104860269338064	6.1640625
451/ddfece148ce7e	3.250818853627511	4.0775625
452/9522fab286ecd	3.320703657443491	10.3804375
453/ac7768da630b0	1.6654799098924338	1.392375
450/ef73977c9f7d8	2.616750817336933	2.50525
451/93be4dfa9f18e	2.8651854901869007	1.80775
452/1b03c5a5d3dea	2.8795093266263883	6.649
453/c4b3ce52a98c1	3.1597434717418857	6.718125
450/b75ba57d927ac	2.9728916056992647	9.374875
451/841f31821dab3	2.545692088320225	4.045
452/069dffe0c0a26	3.4142419354634463	8.3356875
453/7a54f3dcf1e9b	2.252125521171355	6.639375
450/1bf11095d0eb5	2.6418338786333972	1.1745
451/81dc200345def	3.154108111465893	5.9178125
452/116256b9d57e4	2.1143070233655745	2.2655625
453/3b3e3463f1288	3.0317387002115717	1.7298125
450/1d39e84a62a84	3.2802695937778807	7.0063125
451/a123e0683dd49	2.3498492292659523	1.10525
452/3e1717d277717	3.353065633485664	5.6436875
453/c004a374af094	2.8046931483316033	19.1803125
450/25f2b97f2920d	2.0252554923146198	4.0568125
451/13ab8bebcf7dd	2.8928235584939075	2.6000625
452/c28aecb0042f4	1.789083139511532	4.043625
453/a17721d194f60	3.4260648299077823	6.338125
450/cd6c1d2c3de7a	2.5956079955610463	8.66925
451/f260001406dc0	2.127176643499472	2.312125
452/bcfa915a04206	1.8053871129516	4.7214375
453/25465bbdf82e6	2.4404687410685493	0.961
450/3037c6e1ef10d	3.0726893724140525	3.1705625
451/bc820283d4761	3.0395922561244992	2.915
452/e182e771f1112	2.7101709848186903	3.9405
453/b53a0644757ed	2.285813835761342	1.1871875
450/ecbbe800cf3bd	2.9242948722348485	4.6106875
451/610a9762fe05b	2.927200290796795	4.125875
452/eebca66990b30	2.981016057764516	6.8754375
453/dd504c71f3278	3.2809369260580086	2.7689375
450/2095281176ba6	3.040763844327262	3.0434375
451/1d392072b1fd6	3.0179655986515943	2.501625
452/58d893018b89e	2.7912776313837573	10.3593125
453/853873e5691ae	2.4764331879385133	1.6121875
450/1971667f142cf	3.3686759055271587	6.2924375
451/8215dc0dd8aa7	1.6063613332197118	1.0808125
452/b6c7d4f0a78c0	2.6588615720266833	3.7163125
453/71942cee5081b	1.10121526818679	2.9646875
450/c4945d4935f57	1.1094058082548688	2.163375
451/996c0ce3d52c9	1.6456086297291999	2.3339375
452/40caf4d24f41c	3.415577370337619	4.2830625
453/3527fbfdf140a	3.0464832002393623	1.8746875
450/c8598c1143b44	1.9553678453392445	1.1088125
451/4692cead77215	2.8832732831331396	8.3745
452/c6a57f929e24e	3.399850415760973	5.39775
453/832a35f115bed	2.8931525757290926	2.38
450/4244c3277da93	2.988152656639919	1.4565625
451/5b4a083088f24	3.248933634546806	4.5661875
452/56b88050fea52	2.860110232060748	7.3583125
453/29d29759932c9	2.8921339168206543	5.496
450/027128fd24839	2.8653036578388287	11.8369375
451/02266bbb4789b	3.5089742137238247	6.4153125
452/0d6298b80888b	3.1427867864811607	15.197125
453/469da53818baf	2.1748095746848	2.7550625
450/2a7c433fd4bb9	2.7327838807462106	5.2123125
451/623096644cb95	2.6275164557480255	2.429
452/c011adf7fecad	3.3575654301349385	4.86075
453/edcea854504d7	2.3713316458322287	2.2124375
450/db0eb1528d833	1.859721100073145	1.731125
451/63abcf7445f59	2.88535296410659	13.6003125
452/39ccc72597288	1.077187131714285	1.2490625
453/f9bc1e3076cb9	2.3584866385910797	2.9470625
450/9a4baa92ab648	3.1917641982361737	13.9335625
451/3a879a3d11bf8	3.098838599442521	6.6384375
452/cfdea2af98dc2	3.2924140924117338	9.6713125
453/ab50dd251db17	2.1822680189334442	5.6509375
450/4702faf092ff1	2.417482786582007	2.0130625
451/c5e1e0c83144a	2.6214263529346646	8.6594375
452/8a6d91b0459fe	3.3317550788151316	5.004875
453/e239260553eef	2.8102016215961076	2.39125
450/ae8bf56bd159f	2.9079876683642127	3.9310625
451/14a29a1bfa99b	2.532965639235447	2.4384375
452/b7448d8f77360	2.1414251041589267	3.6661875
453/dd7ba7d955fe8	1.83236302391462	2.00025
450/aef8f947c78d1	2.720144292627808	8.3799375
451/0a2451887fc6a	3.4014181324788004	10.419375
452/43dd7cea49979	2.0848371117131017	2.857
453/46541292f2cfa	3.048095280468691	8.9899375
450/8f9090ffa30d7	2.5845136587016824	0.90725
451/204372d493afd	1.2758958259073894	5.8319375
452/9037c45f7d5b4	2.8823004064264444	4.8674375
453/c93e9f6d87a57	2.2942302060247313	7.262375
450/221e6a187fe82	3.5427143258626446	2.7185
451/02dd85f41c08c	1.8235481786262362	2.1585
452/cf316f66bef57	3.478915081453432	5.7085625
453/25a4e0b85983d	3.3791310258751044	6.808625
450/ec9f8150b9d6a	2.7788710582075153	5.0749375
451/2347c0825c4b0	2.766006120744332	2.741125
452/9afbf02ba4a89	2.7573893465934356	4.429875
453/d3183624ff4ef	2.683329843001388	4.101375
450/4f3104aaebb66	3.296788395596745	6.9831875
451/3ab89671ffe59	3.090992668556445	16.0641875
452/78b300eab1f94	2.7060612913000734	3.8165
453/92d95d0d1b64c	1.443965034425178	1.9246875
450/a95eab5721c15	2.996858575744274	10.4215
451/ae28358a38372	2.4626801686775117	5.9709375
452/4fd41f41e8441	1.4280403156461485	3.2566875
453/a8c437b741c38	2.860933326928207	3.174
450/759c9f2850d61	2.9479615349435706	1.469125
451/dae159922185b	3.353901331609692	4.03625
452/f286e1689bdcf	3.333757065003053	4.599625
453/8733c49db23d2	3.2382173355010653	9.763625
450/568a59f408758	2.9653291500507564	1.6014375
451/9ee7cbec6f5c4	2.830473670291233	1.63825
452/b4771e3550cff	1.8826857970956454	4.393625
453/d50c2278fba41	3.320396344967017	11.0501875
450/abf6660dc6bf8	2.483914681446212	6.9765
451/7837454e62a3e	3.40957956982745	5.2418125
452/09ccfef1caeca	2.559660162980512	4.98275
453/e5b985ddb1966	3.3091757802399147	3.8585625
450/62e189bd45ec2	3.129180663506149	3.977125
451/aec17c38ed59a	2.3485361438015415	2.1841875
452/ab255601b0c12	3.0239660303138134	3.9485
453/c92dea59d0b4c	1.6739352483981156	1.711
450/2f57a6306ecb6	3.134058519561206	5.966
451/59b5401118a90	2.7339771146660867	4.7713125
452/ab1523b6d151a	3.218143529918397	5.355
453/f9add1527c346	3.2895934643768365	7.361
450/e8f9f7e52733b	3.530194187555466	3.1634375
451/834e1a8610512	2.082282146347923	0.9608125
452/2bea751878364	2.9676828342810904	6.015125
453/b524d20a05b5d	2.6791337249442377	1.5865625
450/d1b10399e5be5	3.2215146545005537	5.0920625
451/19432fd470dc6	2.8740077336294343	8.6876875
452/871647a9af9c0	1.5561921115058235	2.4043125
453/5bf373694934d	1.178659777023517	1.20175
450/3774493fb668e	2.159617970965674	3.4705
451/079b1c6be7181	2.591518666134409	2.5325
452/49b7ed871b4c8	2.608917619666942	1.8029375
453/57c94983173e8	2.7691092524529126	11.286125
450/836448e1e136a	3.0513859984709235	4.0523125
451/68dd2719c5522	2.7491433654260957	5.0185
452/692d906093316	2.823509173644846	13.952625
453/307376fb4456d	3.2921652320475157	14.6608125
450/fe857f0f9c928	2.6746141788495073	6.839875
451/83fbd80fab232	1.3976494774337849	8.213375
452/5647a62e14b9d	2.447601060858042	7.039875
453/a6b2c06103560	3.4232257282778287	16.9659375
450/7e8d0c041222e	1.0941915718159012	1.4776875
451/0f5c9b360ec23	2.7712203062142264	1.9179375
452/0461063e20bb8	3.2152649659726893	15.43325
453/844513bd1e074	3.2500547119783545	8.7866875
450/82fcf27f30519	3.024797427777917	5.306125
451/6f40c9eb78c93	3.139880507578276	6.1493125
452/25bd1b769f8e8	3.2249521415392164	6.1455625
453/30c1670b4b595	3.4789868543263403	6.7756875
450/f285280d4ce80	2.7657775297561358	2.1161875
451/16510b4302445	2.938222146690778	3.294375
452/16f4aab03b242	2.809366557249912	4.83975
453/65150d5de406a	2.284012309949404	4.449
450/626e1e9403daa	3.0343981369173436	5.1586875
451/ee02feecd9af5	3.4490003098003505	9.4198125
452/2f44afa7e91fd	3.194903298692646	7.8301875
453/729b55b86f75b	2.7729840913983645	5.291625
450/fbf2e870c0dc1	3.3588857250864925	9.5083125
451/3f3ada51eabc7	2.2153255872969573	1.5773125
452/48ac4bc994c6e	2.584886119068007	3.6686875
453/a6b0aa39bb534	2.864940412618265	5.463625
450/c9626d814782b	2.48347839366032	3.3078125
451/e6dd60a7fe7a3	3.3564870234930613	4.6316875
452/0a1849b05bba2	3.4486205365120797	13.428125
453/9263a90eb2669	1.8924855788248447	3.504875
450/dd0e331ca48f8	3.1815480630126953	4.348625
451/6ae9ecf165d1a	2.57038398695313	8.0020625
452/2d9a15911c44d	2.9691998821344163	3.4299375
453/c29c7565ab178	3.2467533136614093	4.2315625
450/ec47d909d62e0	3.013714917960851	3.1156875
451/e8513f4a906c0	2.969676507389116	7.572
452/1188fa2cc0062	1.8003940172686657	6.960625
453/81eecf81f1d78	1.8560541603075233	7.1600625
450/37287ad842aa4	2.5442680744144734	5.747125
451/3950090f84e11	2.2953406452097824	3.989875
452/71fffbcbe3718	1.9162084467471125	2.5865
453/c04bdd10bce4e	2.642854411477823	3.624
450/c2bc4a0080856	3.0585952747299947	8.4359375
451/4cc2348e3f04b	2.4543612738211324	4.93875
452/f495588c6b06d	2.8386668975070686	4.449125
453/1dc901247b6e3	2.656651889914207	4.881
450/6f50aed19d62c	2.789809284530959	4.47125
451/0997c83f67fb1	2.4951239081727685	0.9605625
452/7f8a9866ce79d	3.1997994933164713	1.825875
453/4be98b14f6c45	2.5095959613612515	4.50175
450/135f95a73c1aa	3.100341345069673	13.8289375
451/3bb7573990c41	2.3860184740343042	3.58375
452/14d3897ecafa1	2.2821359683120424	5.7711875
453/e4583521bf76d	3.416902945349952	8.90175
450/e42e50733dab5	2.7437153640979024	14.6635625
451/5fed1e03021a5	2.5887564040607587	2.4073125
452/2300b96a92181	3.4077872199235517	10.2516875
453/b34d2ac002fbb	3.3024584363042107	10.362375
450/34f478a7f573f	2.2475801160276716	1.9620625
451/3abd9d3b42003	2.739067638164166	3.823375
452/53dc6e592d52e	3.2211483286684275	15.7429375
453/7b0939b155a81	2.734651734693899	10.9255625
450/693a6f239cde7	3.36413494671212	7.2376875
451/db62dd723d04c	2.88541772843179	1.817375
452/4def2c7133070	1.9669658699963772	5.5673125
453/2123db9261e0c	3.196658952373682	2.622375
450/e57b906e9ea7b	2.4612869733155986	1.851875
451/98dae09b8e26e	3.000295629659819	2.7750625
452/2c42d5acdcf57	3.048863781161484	11.9250625
453/b7a8797bbff7e	2.640357317407659	2.39225
450/c17198705e24e	2.219349064180396	3.785875
451/aaf9cb6550130	1.4722316946305043	2.7021875
452/78b76b220363e	1.6705980988030462	1.68225
453/a42dc34e7c98f	3.0912654765839473	1.7786875
450/d05576ac4f474	3.367592596764793	8.5166875
451/7fd26ba4fb25d	2.0874348875515416	0.672875
452/3ee4b5bfde81f	3.2441416469021056	9.9881875
453/3d236c2a16faa	3.4332755771530863	6.1028125
450/33f57c4aab8d6	1.9106045666683642	2.6118125
451/d0b2afe7f578c	2.9906536969645323	5.1205
452/647d37446e640	3.398627294978896	5.2198125
453/64d1d7c045b85	3.1758799486144746	7.353
450/990bf818f5df9	1.1536681321129394	2.6378125
451/7e9d5514f5ccc	3.299915497751067	3.6665
452/9fe95a4fd1148	3.0581430893048918	5.994125
453/021d7ec51859a	3.3015845779630695	12.0298125
450/54bce0246e962	3.400409405245367	7.099625
451/455bb6983642e	3.0962052654951515	5.5879375
452/9bc4edd6cc3cf	3.4103093669114903	11.0991875
453/d4ef1c16eb5c2	2.877132401051089	6.0521875
450/41821ebbbab24	2.8898005186642584	7.4591875
451/bc4ef74c9c74f	1.963814477927286	3.6584375
452/14d42a4a1935c	3.1163336191729067	10.2646875
453/a631f03d4bcf7	3.083651245918277	11.33625
450/0677e27bfdfa7	2.641894242307028	4.9718125
451/4be980f1d2082	2.3300311836652883	4.202375
452/fa267654b5864	2.3009328771510003	6.5890625
453/c23c00a668b4a	2.9424134667076514	9.5891875
450/a0f55432ee16d	3.4554087605114816	6.4160625
451/2b4e2e3870b97	3.0891911694849523	2.3914375
452/ea11f3e1bf2ad	3.019529608495478	7.8325
453/73fc41c4f73f4	3.1713162503018903	2.308125
450/d2438109bea9e	3.207060693828098	18.5945625
451/f795b301c108a	3.307029794765963	8.788375
452/5dba0bdf1b255	3.3624865042359455	6.944625
453/a1831e77c843d	2.6676965351770074	1.297375
450/e3f3d9c3f275a	2.7245027991243838	7.3449375
451/058ad73db5956	3.3654795635375074	9.2074375
452/b375f91334014	2.161517977692884	1.0806875
453/c5b0594d24409	2.3793341603056293	3.5815625
450/5bf024d69ccb3	2.9216275069671007	7.482375
451/47c186f7ff98c	3.3590545725921643	3.191875
452/5e339cd3b55e9	3.146174072953364	7.829125
453/4d81acc1396c7	1.9238314535527608	3.00075
450/2d565d85c4ce6	1.4520062913886354	3.3053125
451/8dc34621f5923	2.666353542699109	1.25625
452/53ef153c23731	2.0218809898939254	1.40125
453/7d9d72c10da57	3.011388412625469	10.223
450/01dac9d4d90d5	3.158359175407683	10.0016875
451/6875a1505bb2c	3.1728514485081347	8.6948125
452/f187df7d8abdf	3.128387027128469	4.1105
453/bf92275a836e0	3.078408429508223	2.3516875
450/098fa6b107d32	1.4089777362080746	4.27875
451/d21fa8088ccb3	3.3241841379491226	8.283
452/e2944fd9446df	3.3142724633871836	5.288125
453/2bdcf8be1f11d	2.67052989956096	9.446875
450/cc611abb643b0	2.344489099506329	2.482125
451/d5ba99f9e7814	3.3870493630314393	12.216875
452/c6234d9a9b8ff	3.162543262527677	5.8398125
453/0ccf1a44c7938	3.0887094748978474	8.5889375
450/fdfa3d8ea56d2	2.4969240229542278	3.29025
451/5389a2345ab8e	3.2318004897067345	5.8723125
452/feceac199cf2e	3.4251907813334355	29.7898125
453/664b080957b93	3.327041814157024	6.7399375
450/02810a17e20dc	2.6538027732427887	0.9125625
451/5e323bd7a4c2c	2.8275160921985547	2.9584375
452/d7b6d4539b239	3.173206846032695	7.7620625
453/d5b29862027f4	2.675904956393655	3.5060625
450/e24a2e2dade08	2.9366880825657162	3.7098125
451/3536594e2f41c	3.3971623616434137	14.895625
452/3a5e9262a96e7	3.0781492961742827	5.1111875
453/2fca231142cff	3.1593153398086535	3.774375
450/f1a6e43ec2a75	2.6959140942440065	1.1526875
451/a3f4fdfd4ccab	3.2725400526857973	2.215625
452/b9b8e810ccf70	2.609909952406429	2.9668125
453/c241cd0a49101	2.525848187919078	0.816625
450/f0a45fd619500	1.9519741525337129	4.8848125
451/3ccac00f1d672	2.3964581229953814	4.2218125
452/58f76ad141f73	2.7979682585184245	1.3459375
453/3328ab6772d69	1.5091824554044968	1.2984375
450/d716ac5e214c4	2.4476146334627225	4.23
451/f946c502e784b	2.2460595393985248	2.74575
452/2a3da3340aa75	3.0425594791477746	5.28225
453/0bdc4df24d121	1.8786049310889263	6.08625
450/74197568a00f1	3.3158578267921572	9.0939375
451/248bbb32d7054	1.1601917970294782	2.8214375
452/c6c754cda1e96	2.733933621375812	3.174375
453/c578d64dd6c0d	2.2839473487357322	4.344375
450/5aee9a2a4b0b4	3.367574396172658	5.748375
451/64aefcb628e57	3.1623289902770706	1.4896875
452/ffbb6254f4c39	2.5611049695042816	1.17475
453/6c60735b2a2ea	2.669136236267968	2.08975
450/65898cb0f2ada	2.6815826459267567	1.9220625
451/41a5bbc16bbcd	2.7225091841610882	6.235625
452/082ae1052469d	2.350895131366354	5.9383125
453/eb47ba1317390	1.620935373652778	2.0663125
450/cb30d7914e5ec	2.674735954382131	8.9015625
451/aea4a2346843b	3.3009644791976216	6.516625
452/bf658f9baf2e2	2.8037881994478453	3.893875
453/c0ed3c77c085d	2.4066085643900834	1.6734375
450/37a571c93f9b8	2.7149473887117774	6.9819375
451/6436681cb94bb	3.3109145582768074	6.6539375
452/410f58d61baeb	2.497768150895753	2.202375
453/46b473bf55b12	2.437333464241948	7.212875
450/1a16fef63d3f7	2.9704291280653323	1.50275
451/7b76bd5442bcf	2.6509441981045625	6.09175
452/9c17c9b66b8f0	3.2900080776648437	5.7030625
453/62a5521fe0c96	3.0588650125729746	6.6805
450/937cea5dfbdf2	2.857450137228086	8.204125
451/fbcb85952234e	2.699587929770333	5.3240625
452/ac66ab3415ed4	2.2773474197336054	4.933125
453/81c6f4f86c731	2.060512236233888	1.2974375
450/098ef9f8015b3	3.2898394197891005	6.717375
451/36931dc6125e0	3.169921090093585	4.2378125
452/539b7bcbaf4a0	2.8941649096462365	2.0568125
453/00f07c07e09db	3.2655001392984824	6.9775
450/818c68f6a424e	3.3929624882591845	5.040125
451/5e4c00af73a3e	3.4076250954691525	3.7744375
452/082be5a3f2507	1.2677935332408463	1.418375
453/04a04360d8662	3.3917567894251834	8.084875
450/db7ce738c958e	3.0710388906372414	6.313375
451/619c3920368bb	3.162978321740172	6.932125
452/364186f466903	2.503093960848816	7.24175
453/42ba44a255fa9	3.323370624023077	2.33725
450/edc5a86718cba	3.156638855202678	2.9009375
451/f7e3cfa0e4c88	2.415491024513215	1.742375
452/f084224fac2b0	3.053265182952154	6.0350625
453/aae2e1c70346d	3.1483470166002823	7.4915
450/54bace4933a22	3.3285009914778825	16.1943125
451/39e46b33af184	3.4121259412404537	8.695875
452/d4271613f99ae	2.1838567113586715	1.0569375
453/04fe64011a99e	2.89827762191639	1.6905625
450/f574fb8713f9d	2.941703369604068	1.9533125
451/0782ee211c86a	3.048451507600337	3.171125
452/636263091c257	2.753565813026399	11.493375
453/bf30255b6ccdd	2.2735507590995687	4.6525
450/66f03fc77b492	3.039374121076183	3.141125
451/4467924f35b03	3.156373103933384	4.660875
452/68ccee61cb483	2.7300512902927525	5.0783125
453/04e50a052f21d	2.3077677485293258	7.168875
450/bf3af3b144cc8	3.109776550043372	7.1365625
451/74da05d194dc7	3.2031943631354878	11.8603125
452/14e81c0c349c7	3.279380825580578	5.9665
453/0a04ad04f91b0	3.3076142692510375	8.913125
450/ad3a1b94b85b9	3.206491672774344	10.961875
451/612e3d9ec7cd5	2.33846557274986	24.0015
452/8e0ebf6361611	2.824166368679921	2.6451875
453/9964d9d70fed7	3.0004989806870803	2.84025
450/42e34a35887eb	1.530184678846719	0.688375
451/c104f45e9059d	2.120216425388466	4.1958125
452/ca17dd479c82f	2.2618592257260324	3.3984375
453/2cfdb5f22c6cd	3.291100220951115	13.4678125
450/adde84f077a17	2.763521528318728	5.88875
451/e392619ad1d50	3.2506917681714462	3.3935
452/8475180093f99	2.5834847048171756	6.6619375
453/d382a3c9f9a16	3.2410953401161064	3.278625
450/9e23a42804a7c	1.0999750393791285	2.883625
451/7f76f52e133d5	2.7199419252008723	9.2464375
452/ff35d75b5d463	2.9374072046772346	5.3576875
453/a7fd8dd7ab01f	3.1354296917627895	3.8593125
450/1de391f6096fe	3.2109836005733783	4.1125
451/839fca5ccd6db	3.388439008427925	5.8306875
452/a84c24af65e96	2.3297192234274453	5.8976875
453/18103adef3356	2.352903469669301	2.7745
450/520ca59f21286	2.1017668934591	1.7309375
451/6832635ab25be	2.9948460741619636	8.3395625
452/35aaf0b29ccd8	3.002596296840722	4.010125
453/c2b61df7e4bbb	2.5831691582425043	2.6446875
450/c8d0e3b3b885a	2.0051001634226395	4.012625
451/bec26580d2554	1.8228102867343872	3.1305
452/21c510b4cee4c	2.8479463560812732	5.4296875
453/68d11b5203768	2.9422729530793332	8.9895
450/2a3730a6669ca	2.969024451737544	4.4491875
451/9e9f97700fd9c	1.1663451190799043	2.3179375
452/a4e60b2cb10dc	2.7259996667299977	4.684875
453/b1a93dabe0379	3.2889712050088002	6.891625
450/2f56ec5c1b099	2.4976955301441075	13.2073125
451/a28a0e64272cf	3.085697834169795	15.6400625
452/681a74de25cae	3.2090113047968103	2.274875
453/893d8f537871a	3.453582461547398	8.57375
450/ac3e1f3ab7ba0	2.8606552204008704	1.779625
451/386df8e0cdf50	3.287156713000588	6.55025
452/480959a43f818	2.913506095852138	5.3175
453/a9aedf35c21be	2.754884485923212	12.185375
450/5ccd929b712e5	3.2843706415589438	5.9949375
451/611dd22e5e153	3.2112605011014774	4.1374375
452/5c231cb07507e	3.4435710096096153	17.2851875
453/ff096d2730cae	2.643328881443508	2.165625
450/ab15759785cfc	2.4441572632962947	6.3671875
451/2885815ae5457	1.092174129557127	1.922125
452/19d87119bbf43	3.1169550213181143	2.4834375
453/c6ae7c97e64f8	2.6104554617027307	3.241125
450/dc7edc55bc152	2.7812129080249255	6.846375
451/ce95ea4ee3991	2.871770927968237	3.1168125
452/6c02e1017af5a	2.2897641238464783	7.6379375
453/efd6c468fc095	3.3188713449157654	6.2573125
450/8dcbce3dfeedb	3.3146570823760513	8.1008125
451/9df1eefd4fa4b	2.9919649379162974	14.016625
452/0769f3583e1da	2.7790087831558297	1.9085625
453/2852bb2134611	3.1895715756657617	10.587
450/ba2f9be376503	1.158495377898762	0.9610625
451/ae83fab2b6ec9	2.1880993019794333	1.104875
452/a7e03712c033d	1.5967294740014528	1.8096875
453/a7ff44ae47d61	3.3308415384717933	6.6593125
450/118091e9302cb	3.2144041425282577	4.6090625
451/5bfab433e782a	2.875556117348378	2.73425
452/d7e00be865fd9	2.6667780769204734	8.5796875
453/4dfb38ecf1398	2.6166607467863776	2.868125
450/5468d8c7bd350	2.9893680500815125	2.198125
451/0e7689e430e0a	3.143416425766227	5.73075
452/90176f8038b5b	3.141284427122459	5.61725
453/07a2835305425	2.673545069437417	1.56175
450/f76aaacc75d7b	3.346984932500586	6.0890625
451/7e1179fabbce9	3.3244045492094583	15.862125
452/b19d1415706d8	2.550217726048592	3.405125
453/80355cd635c89	2.5675152603500844	0.9125
450/1004974f2cc0f	2.90091479133083	2.3850625
451/432bd5e7c6e8f	3.4218346132054513	11.1650625
452/9d917d6bdd291	3.4066945979020815	5.8163125
453/8d8520c24b8bf	2.5592562343615306	7.393625
450/79f1e823df0ec	1.8253047750248328	2.01
451/7bc46af9a3e85	2.5740526709519793	2.746125
452/97351dda16221	3.0280595338491594	9.6623125
453/7e42f64a08e6b	3.030581974719674	5.77225
450/1e7c5adde9709	2.72056971210377	5.6640625
451/05ccc45dc3ea8	2.4404008802058788	1.0291875
452/6217b33f14fda	2.9196235033272124	10.8261875
453/75b3998208dd5	3.394052511329052	4.1406875
450/3d3bba62622e1	2.8455505406686568	1.4310625
451/460aa2af69c6f	2.515195354949637	4.05675
452/18d2ce45062ad	2.308559983981843	1.178875
453/01d4067f938b7	1.9679073758041639	3.11825
450/a2574795f5890	2.5139099992931015	6.5013125
451/cc3370308324a	3.2258375740568606	6.231125
452/afdb4f849542b	2.9982519435820056	3.1448125
453/50cc0f27dc882	2.0745446713917315	1.34125
450/7757f2424144d	2.1877069280393084	3.65325
451/21dec36e22606	3.02597310792805	6.584
452/61cb8622ede68	2.6967593561705603	4.2489375
453/aa2aaff8e2e61	2.737270499484034	4.55825
450/5628263dd21ed	2.766339867016708	1.7295625
451/cb47b8938d0c3	3.3634417743668554	15.8935625
452/4b12d6a2ef032	2.908137915091719	9.18675
453/fd01b7516e1ef	2.5580567334224975	8.2041875
450/c3e27f76a0d21	3.4406858001325475	8.1045
451/486bf9feb3ded	2.691696015354246	6.84225
452/994da072de325	3.4118880389488004	2.03275
453/f40326da2578e	2.172879119628819	6.0869375
450/9774d42e8844b	1.9384635357222029	2.5085
451/dc0c4c6d86a29	3.0070452817030855	1.74425
452/5e80ee2fff7bb	3.25072126509227	4.312125
453/cdae13653ee04	2.953847942622472	4.585625
450/271570a1d4558	2.4396203929400375	2.605
451/4b89441f6046f	2.825852931370626	14.506
452/223edf5aa7ce4	2.663919056475615	2.5785625
453/9e630f8bc6543	3.2931891049600686	4.119125
450/9caa9d81a8946	2.6712331750613982	2.696875
451/452bf75a5f584	3.0154734011345883	23.467125
452/6e58ec5768d8a	2.2303371883792127	3.0808125
453/3eb73174d4d57	2.3477427124311547	2.3679375
450/16d32bd29788f	3.031330029442315	4.48025
451/b67fdd287be38	3.355342005600774	4.6143125
452/81356bed3600b	2.0371402239631893	1.2641875
453/c7b9eb0159cca	1.1047459523495249	3.7168125
450/2819cc9116ba9	2.0485822554424122	1.3449375
451/2cc4ee52174d8	2.528171042625129	5.2875
452/2d5c5b88c85f6	2.734667109087185	2.1150625
453/dbd75e1d99f2e	2.8269800271928416	2.8673125
450/b785e683da140	1.6509079174220036	1.0400625
451/c8644277055e7	3.4180698840303845	5.149
452/35d1b77028d46	2.4271428198812672	1.153125
453/956d443b131e4	3.205940203561925	10.391625
450/c0d5d78c492f3	2.9962913873928336	1.0105
451/d1182d58d73b2	2.904551016897049	3.8633125
452/9f40f3442b133	3.2237236300668135	9.938875
453/7a0011e0297a5	2.629074058294194	2.001125
450/f364ff8a6f297	2.8179665273665435	5.933375
451/65dd4b6ac6fc2	2.584275524813306	0.912625
452/4f6ac70648328	2.9371818577001347	2.2116875
453/5ede658abf09d	2.727891797817982	7.0264375
450/eabfbd563f01a	3.3593095331829486	6.6828125
451/e7f1ffaa20bf4	2.3420538222292198	2.347875
452/62b555c77b527	3.0001615029863142	7.8349375
453/1ff651d3412be	3.332624278158702	11.2379375
450/f11e0d3a99375	2.4703079224075823	3.55725
451/1d0c25fad7855	3.204791939371652	4.0995
452/414b09bcb4d56	2.4227891699926296	3.48425
453/6c84677bb2a1d	2.7218792836347787	4.8075625
450/be16181927d80	2.3185258162857445	5.56575
451/b56c4e323b5f3	2.948824423128477	6.3463125
452/acf63d4725702	3.0112854472266313	1.2288125
453/cf9d4627726b1	3.40270563636616	11.974875
450/a5b746a86c76d	3.406402307036095	3.622
451/93b0299bfc288	2.5353771492145905	7.1164375
452/5fb8ae1b7f5be	3.137109122498159	6.8755
453/4ab07e2a5679b	1.369713811102158	3.072125
450/971170ed27cd4	2.819218483661038	1.826
451/69a95ac7a49fe	2.5896127216728684	1.98325
452/dce85ac039d0c	3.2610948358450025	4.87475
453/1d63e346a7c3f	2.1184353854817894	4.681875
450/40986fb81805a	2.8478133895986857	8.28825
451/0c66b8c745497	3.273728787829883	10.53275
452/d795d15d16e7c	2.774940866412338	7.65675
453/fe9dd6b7b05f6	2.750752801739833	4.7500625
450/92b61a1ac42ee	2.650357925749001	3.8249375
451/827bd157435dc	3.074608939806303	4.439625
452/00896114a6580	3.3605353788914014	10.4155625
453/fdde705ddcd04	2.754599711126992	3.9468125
450/5fc21ddc79ed7	3.4421039762970156	13.5525625
451/eeb65e34250e4	2.791110728300913	1.874375
452/36b3bbcb7a320	3.4200130997217113	4.3263125
453/8a80fb62f0970	2.1662082907952427	2.145875
450/e00c265522ce5	3.2460933368056266	14.9915
451/be7c48f2c71e7	1.8010085561143385	1.0570625
452/a7ecd97587015	2.9068016677843485	2.63525
453/395e5502ddf09	2.958045091512363	3.7198125
450/4d758e2efc50a	3.2886200516857107	5.930125
451/47869c7b9f194	1.436350908301073	1.8561875
452/bd2460ac7e5d6	3.1456835827397938	6.009625
453/8511c0d18238f	3.433463321747935	5.7929375
450/92a61c949f720	2.9071816434068736	8.8971875
451/f8cfb73f50a8d	1.6492331752289864	0.91575
452/a224e8a2bc5ea	2.753048309734537	1.4448125
453/4fc2f898fb6a3	2.742514516474368	4.132625
450/4684d1cad985f	3.48035198809545	5.4605625
451/7942672292a99	3.3097966505965917	8.475625
452/390b86eb30f6d	3.3367152958374433	13.3545625
453/7a22a5e584291	2.1492976574515366	3.414625
450/0e2dc64ff60f2	3.0525384272771543	3.24875
451/9687319b9cc73	2.612022908285363	3.672375
452/8c0b10efd19e5	2.8488395033677345	3.2214375
453/ede5683b8748d	2.9655472159717666	4.400625
450/37a4314e0443d	2.9763411791193866	4.2015625
451/fdfdd57f22d3a	2.300843627748878	8.5330625
452/696a2f92f066d	3.083792005378811	1.6979375
453/0ff63182ab6d8	1.214764715382637	1.1050625
450/7086e5de9cb7e	2.2202550010751687	8.0584375
451/4c4c22b56631f	3.183217590899104	20.2096875
452/852277cee6a4f	2.8335610823973894	9.610125
453/f92569f1ea76c	2.8540858824627233	3.75475
450/6e76cc2ac082e	3.1167105349657094	7.4014375
451/1810d9eb3ec49	2.8150631265643646	2.0633125
452/456d294f46fde	2.206015785278902	2.7904375
453/a67b582701243	2.50438366834899	5.30825
450/c6e89ac2e32d6	2.665568484843309	3.840625
451/382b0105a6a33	2.2866755229992446	2.4984375
452/b59042a2ea64c	3.14937805687031	3.2205625
453/c3cae021da19d	3.240410711810535	5.483375
450/68643fc372e53	2.9123116318162037	5.538
451/27bd521a033eb	2.5616315616927587	3.0835625
452/2423230596c00	3.3402983445999976	3.8308125
453/b251acf038f7b	2.11472371196282	4.0656875
450/44aa4ac0e7520	2.8134972029685756	3.9211875
451/8ca2aae8bfb4e	3.115485207490658	3.588125
452/adf317efd1f28	3.196356590510741	6.9155625
453/70a2ba982e29b	3.117564594554067	11.0119375
450/596be8ed4d721	3.0376147968077594	4.4656875
451/c3a58c6a09902	3.350138693426817	2.4398125
452/255efdf2acc9d	1.1981314692177043	3.604375
453/33986b65e3929	2.5036262861283123	2.158875
450/22a72d9e3bceb	2.275424755773931	3.8018125
451/2b23a6f27fa1c	2.8097522019067673	2.462
452/c51b51ab9bcbf	3.5379985657517135	9.9266875
453/5c64a407fc2b5	1.089769212931898	3.867875
450/3f7fc84f0064f	3.4225970600275573	5.984
451/3511a78c34e47	3.497972389524564	7.9190625
452/f9231b0867354	2.304928040415398	1.2009375
453/e6fdedd608293	2.2932825169558724	1.2011875
450/15ff7305a4c29	3.176459600880241	4.51275
451/98bf073d62a71	3.4858245260602105	7.4835
452/1c4008fbc6708	2.4196832405230007	23.509125
453/ec02a6f392da5	2.754478757018004	8.904625
450/8c7bfab0dfdd1	2.0108844911552026	1.1535
451/d126516fae515	2.5177630077981075	1.60575
452/e7156a8236c1e	2.9892620435541466	1.4170625
453/fbeb9e87e47c3	3.3765055131557844	5.3091875
450/e357e3ae30026	3.0129331318848513	4.6165
451/7a4e5b849c4e1	2.3344517153264657	2.31025
452/0255c303e512c	3.018733235761257	4.664125
453/9f46f695d6957	2.3171938535968897	2.021125
450/43ccea7443040	3.1240400398843446	2.1349375
451/22beb1d3fcbec	3.420347289210858	9.5595
452/3c4ea722ffff9	3.137893498026381	2.859
453/8e11d8e94bb34	3.3275796699070077	4.12975
450/80afbe5e81128	3.2832096228334935	5.2615625
451/ccd9fdb892830	2.072672337698343	3.2918125
452/04d820fbda0dc	2.9809548868728215	3.6221875
453/384d0449bc6e6	2.2807275426260105	2.932125
450/b3251d6bc2aa3	3.051927958750205	3.9451875
451/00793618507c3	2.6891348397936805	4.70475
452/c049ddf07744c	2.929531749180072	7.68775
453/d6f6862582fc4	2.5039457917177566	7.68525
450/bc6bbcfe8ce1e	2.878406562511059	12.919875
451/5514811cf44c9	2.916410535315951	3.2070625
452/0ff1f43ab795c	2.7550026539285883	2.5469375
453/df930fe472c4d	2.1775859385658944	3.187375
450/c9df46b5ea1f1	2.7036939816446104	2.674
451/c8ef0a7b84cc8	2.956424609783784	9.6135
452/1992fff47d5b6	2.757608491522195	6.0515625
453/0cd04ba1cd376	3.0517849118283804	7.239625
450/0f28f8cb05459	2.6125087486363476	4.2929375
451/d4de33565b9e2	2.8748283430732786	4.0440625
452/9e0317c761253	3.3719998531503976	3.9961875
453/5402670116600	2.5735082644484293	1.1971875
450/0dd22541798a5	2.4295468491523335	4.785875
451/2c9889c5ed6af	3.123768575223827	8.1380625
452/360efb65e0f00	2.625296234567616	5.4074375
453/2428bb5511448	2.841213271720544	12.8755
450/2613616b98cbf	1.4993223521106753	1.29725
451/9a0c1b2c71598	2.8572324872407044	3.8073125
452/f2904eb7aa0d6	3.0595707236576315	3.5765
453/321cf06a2b363	3.1474879897953385	9.92375
450/ec44258d2558b	2.934248679455431	9.84825
451/a4c907047408d	2.956713054486137	2.9655625
452/9b12504a5000e	3.049099382788475	9.6678125
453/78ab85f37fdc8	2.9423979282600734	7.6013125
450/40b8c6a274cdd	3.365446327980657	5.9725625
451/6b2e1f8d1736f	3.3519000286641156	7.7979375
452/a4cfadbdade6e	3.076950685495268	6.1875
453/64c4e3a4b594e	2.352653949179949	7.624125
450/566698d51dc2d	2.620325456303699	4.182875
451/be0fa55473980	2.4097788630360966	1.105875
452/642e4dc5c4237	2.373609954426486	2.1486875
453/050918dcb381b	2.5516704722515224	6.163375
450/9426f3d39f80c	2.3730798291314588	4.5808125
451/2013df74ccfce	3.342363380846957	7.7075625
452/b5d7031f7bd09	3.2834496777896556	11.4270625
453/25d3f233814d4	2.50168437579877	1.1131875
450/065631ec84381	3.1977656459512693	3.6274375
451/9d7b4c4466ddd	2.9437630147468234	5.9060625
452/e310b7be1200d	3.2309279973547835	4.538
453/4ed76889177f9	2.736705700297776	2.2605625
450/82da74e435d7a	3.406226449471714	4.2333125
451/e4a1a35dc4481	2.1278261264832823	3.56
452/1a2452f2b1ac1	2.6891174486367357	14.3691875
453/87b2df87889b1	2.9556737518080425	1.2640625
450/aa72455997b54	3.439430035665091	26.99875
451/e829ed2d6878c	3.300980241970321	3.3639375
452/25e646c70a139	2.591636251017383	7.4264375
453/fdf41446afc2f	3.109113895295369	4.4325
450/b2cbda473070e	3.428618581357205	11.128
451/a68ccfc00555f	3.4501768957418624	14.022125
452/4fbc1de68dd31	3.348226175379452	8.41175
453/85990582a13b9	1.9850834303440466	4.0396875
450/e10c8fe01a131	3.4827725213958476	21.464625
451/ca0222ea9010c	2.9482221912164404	1.4983125
452/329c717c7590c	3.219174825162498	5.002875
453/90f3e8da8ee93	3.524951755360089	5.4563125
450/603889ebc6763	3.357331507243066	7.732625
451/8f92e13eae611	2.536412817384166	4.7255625
452/300d358bb527d	3.1755962889339386	4.5386875
453/2f6e4d05ef1ab	3.1199760926859463	5.6284375
450/0fdfcc8defa3c	1.8036965478830438	2.2983125
451/62c92b95bf183	3.42596345547826	11.9216875
452/59053f59fd312	2.314806811287562	12.3908125
453/fc7986d244371	2.7563814461861287	7.7318125
450/951b155945ba9	2.314822975885603	1.2979375
451/dc2c3608daeeb	2.970500919351888	5.7040625
452/7c83802ca9c13	3.4564856516949263	14.6973125
453/c603a766df6a3	2.1745659640731114	10.4098125
450/f23c27b013e80	2.7689580489969776	2.1645
451/2fdae616b98f7	2.4854455099406105	3.9610625
452/f953a44bd6b88	3.196991122950652	10.325
453/d470e120797b4	2.715511249103408	2.769875
450/f22201a9c2872	2.8512586375220472	6.23
451/cd0dfe98be957	3.1239381912337407	6.7113125
452/94f1d329268a4	3.215948676465031	5.0768125
453/a98f1690aeb04	2.9205039264322035	7.906
450/9a9d753ac3400	2.992905361270244	8.985125
451/6170c31bcaefa	3.5062617544717476	3.575375
452/a7153a12d7eb9	2.9122299384969312	3.133625
453/94d5dace37f16	3.2928210529860493	4.0184375
450/60e5dbbe6b3d8	2.7327767881387417	6.2696875
451/2a72c34accd97	3.2576921676201454	6.2443125
452/ee024e2c917e4	2.117386953551932	4.7850625
453/b8201bce227a9	1.8099509494734913	1.4093125
450/4210729cbb366	2.6620702873081297	1.5859375
451/1a509f62b4197	2.7664802930189403	8.2483125
452/18f9679fb6149	2.416982897218381	3.3473125
453/f091b77cdf2e1	2.8966746103509373	4.3661875
450/3d718ce2c650d	2.6072593638270387	1.426875
451/6c31ef20c1973	2.744768151265727	2.30475
452/1c21f8c19c96c	3.4071662740822726	10.6330625
453/bfa68a251c900	3.0837704593764745	2.3375
450/4dcf9ac3290d7	1.8442298720748258	1.758875
451/8162b8313bf53	2.9781996781226447	12.0930625
452/dfbcc4ce1d8db	1.1725711218309727	1.0569375
453/028544aeae9dc	2.2534671116346163	1.2009375
450/9c16164af3c4c	3.051298279109684	4.452875
451/843a6c86b3fbb	2.8884007152068585	1.866
452/a4fb098aac2d1	3.4905919482409185	16.4590625
453/cc84a73726b49	3.0493315056082415	4.145
450/9f7a54a7b92c3	3.303307851578856	5.0060625
451/32eb6ed1e2750	1.1254692146391234	1.1054375
452/7fe09bc9d0830	1.2555041595061562	3.0103125
453/e09eeb9ea5a38	3.293245947698905	4.910625
450/b65174477d426	2.6861984874095546	2.06075
451/5b63d243c8344	2.9985552824787236	11.5474375
452/9331c4243b5e6	2.2921156509380918	4.995
453/1686a37121648	3.3334778011736756	13.20675
450/be7c0cf9e7878	3.1699815419959796	14.3834375
451/d863dfd833e2e	2.5083771821527585	1.5833125
452/d3c3879e6566a	2.94297068834611	6.7969375
453/ebcf2b844a4b8	2.9941464628401424	3.365375
450/848939806199e	2.1181618909139726	2.049625
451/5b493075cf4f4	3.3349307711432767	10.2860625
452/be2dd8a958302	2.947417854815544	4.9756875
453/d70451ffabc00	2.4351322291279685	1.0409375
450/f8cf2c2b3eadf	2.2833941761830374	1.2979375
451/8fc22346e3ceb	2.5478339798070215	3.9470625
452/6d800c37e3b69	2.688105950830492	1.6635625
453/b7a5828fd9649	3.2348947616297257	4.92625
450/a8f9c109b9cfc	1.1261931577017215	0.902125
451/7642a3769dc13	2.8782700458298334	5.3156875
452/ee4f196d70eb6	2.710134374092443	1.4655625
453/dd6a99759b9e5	3.289785559422785	9.0551875
450/35c9c436dd20c	3.4798759302729314	3.7203125
451/fb5f0f785f8a6	1.7861916105825297	8.60275
452/c7dffd214cfad	3.1157681543525904	8.0764375
453/6222653caf0ff	2.263289676292133	1.96975
450/2eb5fdb4ac45f	2.3891453820173805	1.606625
451/230347e2917cf	2.9889338526563343	1.321625
452/58bdc78eb47bc	1.5656580397590667	1.1534375
453/c5a41fc8b84b6	2.8130644542732277	2.329
450/91b41c7c4a5bc	3.362768694041281	8.67075
451/85413628da3a7	2.2242077273190755	5.1676875
452/24d2df4914264	2.770117134778772	3.6955625
453/2fefc5d7ab91d	3.339456901263187	7.0466875
450/943b26110a82e	1.688747509676052	4.15475
451/f923d9bb4311d	2.063147623942991	1.6209375
452/20037da0c889f	3.0413711119144518	23.505125
453/16d9cde096e6a	1.8369742924766481	3.669375
450/4eacddf98cf10	3.0264877365559606	3.5691875
451/e5019c63408a8	3.4996046142334767	11.1046875
452/9737f8b78d59e	2.4071117262262054	3.198375
453/79f0f584f7790	2.946848099622284	6.6836875
450/584be234074e5	3.1233245395602816	2.7238125
451/d6b1f83bbf28f	2.905082736073608	3.82075
452/579547236bcf3	2.9164527931429993	7.2104375
453/d36bfb5797d10	2.457714543475158	3.9975
450/77a09afdd37f0	2.983786906655255	8.3569375
451/b3fc956e5aa26	3.4218699310190206	7.735
452/b26b35df41d00	3.199090071756401	7.3859375
453/4a55d3dd9dc46	3.403403457866526	2.899125
450/591aabee0f45b	3.3463535277452574	3.06725
451/04021cdb4793e	3.3173275073442263	3.7773125
452/0b6b4d20abb62	2.389336605637375	3.15625
453/4c8ad675994ee	2.937638624980327	3.1808125
450/912ab1a2f1f13	1.3505502048120284	2.2594375
451/b320f4c7369d3	1.095121770843673	6.3963125
452/c696519784f83	3.356196277905843	6.3210625
453/14eefb0820e8b	2.55548296486684	2.3725
450/6db3e111a9982	1.6983479392215368	1.5180625
451/f2f4c3470f3cb	2.9457565942256227	3.571125
452/2417f9d72298a	3.1556517885421513	3.7550625
453/12160f8f277f1	3.4984495318581232	9.5623125
450/85beb62684761	3.283518613318037	5.785125
451/63876a15579d3	3.3455853989459254	14.1255
452/f92c504db95d8	2.623415736428509	4.8058125
453/f0fe2d62e50c3	2.664463226280355	10.8938125
450/0a84ed6b603fc	3.1834942411847633	1.706375
451/52f0fa5089dc9	3.129397069040015	8.5205
452/25a7d5c47d3ef	3.2986335086460596	7.9800625
453/7906f62cc2c4d	3.086792940133563	14.5699375
450/21eb3ad664247	2.7518718355816207	2.4051875
451/e4932536bd690	2.900091473323296	5.5306875
452/5918d47c89800	2.929834098875623	4.717125
453/a65bc1d659806	2.63154927929655	14.6201875
450/490ad6b2a44f6	2.03176625695536	1.0159375
451/86bb7469d2795	1.09164691898	1.4875625
452/5cdc2b372edf1	1.083535814099289	4.778875
453/4a5d96b79bea3	1.7574428890347704	3.59675
450/7f2dfe2aa3809	3.3395531279298525	7.2204375
451/75caf21a02e1f	2.1551447364476086	6.110625
452/692769a3bd72f	3.1057513640336802	4.99975
453/3ebd0876b1fc5	2.7776648999146762	2.211875
450/027abd01870dd	3.0346080082448776	4.902625
451/1e0e9a3173b41	2.6873067235445833	1.9584375
452/c2760bf80920e	3.0534686480782463	6.124625
453/d50ec438af575	3.2028271942753586	15.098125
450/e97eb2951e1f6	3.141339926086864	3.113875
451/6ab9e8986ebb2	3.204315861586521	6.013625
452/0073dbf4c01d5	3.2969040997774433	5.345125
453/5fd9fc7d230b4	2.8546205509954485	9.5110625
450/9825496b244fa	3.32081356891929	8.8030625
451/49a92086d213f	2.8692522495267836	17.8976875
452/4eeb02bf9b1e1	3.0718917900868776	5.8540625
453/a14da1c877267	2.950410780892842	2.2053125
450/98bc3043b1815	2.6455396422852058	4.9598125
451/3539ea58e924b	2.3615347117780336	1.6815
452/3c4f85077dccb	3.045491478776791	5.3985625
453/c1b87ee31b955	2.9707460933462584	8.09075
450/e13dd24ca5748	2.3304924077631095	4.041
451/24c0d2141249d	2.6189130266393104	2.78925
452/b341ef8c87e3a	2.421899719252022	2.8380625
453/c706daa0b43e6	3.162842011459847	9.0113125
450/37c7f815698b5	2.690218904538059	5.02175
451/7ee436457c022	2.448860778779481	8.3343125
452/07d45971f8cd2	2.3011922891818934	2.450375
453/56ad56e7d84b5	2.6231649084455584	1.72975
450/8c5b52e2bb654	3.3262024560808476	6.10175
451/8775e0c0bea31	1.9380643054946267	1.31275
452/c70d421dba165	2.985194631000367	4.2725
453/b17ddf802ca99	3.1238769130415975	6.758
450/82618640cfb60	2.8057009717382426	5.5245
451/3accf479d05cc	2.8434340695519937	7.196125
452/9db4df50173a3	3.362321675003735	7.545125
453/321aa35aea5ff	3.12905303149098	8.0664375
450/17a839711c254	2.8331441524115633	3.1668125
451/c3a29d3eff842	2.827306789916645	3.603875
452/023a8b521ae6d	3.577759211077786	5.78675
453/f1f50d1656f54	3.0060166598953275	4.612125
450/8030e9765405d	1.100478901873859	1.395125
451/f29636a962844	2.741329691421892	2.3500625
452/6600dbf1fc15b	3.115147016454803	5.065875
453/d762ea529710b	2.6514631210400226	10.9264375
450/a013306b42032	3.4759999425328174	9.37325
451/aeb43493815f2	2.2588818695786155	4.8995
452/b164bc7257b1a	3.04988064700599	3.962125
453/b6300521a150a	2.662019345219151	4.26425
450/d9301cdf954c1	2.4090875418924607	13.1103125
451/c936f3c78a198	2.3216904492685346	6.6860625
452/bafbcd7b31bdc	2.8495355444196626	6.50175
453/7dd09e570cbcd	2.7530795489629494	3.2506875
450/90091876bc786	2.9812556613280092	2.761875
451/b5944be5972e9	3.1434149267995517	7.3709375
452/cbf3f5394fc9b	3.3400763819304524	3.7396875
453/69331ab3113fe	3.2924268153899456	12.2808125
450/14b84529cd0d8	3.2322903343220433	7.605625
451/7297ac45d8ebd	2.700763870720634	6.3236875
452/ab81863b1b1f1	3.2598767797256514	4.9139375
453/fd35aa9433f20	3.351162646209963	15.3623125
450/8814a5c3aec04	3.2312572601454597	3.556375
451/85b7000010d69	2.6078202086261655	10.4009375
452/3c775b7c31551	2.2997030781880468	1.337
453/f660f4340b1ac	2.9241260932513544	17.6459375
450/fd7196ddab776	3.054875849311395	3.991625
451/29c793be9046f	2.9281293614933146	5.0178125
452/eeab15af4908b	3.175661658000073	5.9205
453/fb095d316484b	2.347499835804099	6.0959375
450/be6c38045684e	1.147160210657321	1.2735625
451/4c53319c86a39	2.31408589950585	4.8443125
452/88bd1e3068f87	1.8339514144307127	0.9769375
453/04e8a6592d76a	3.160526260772448	18.44975
450/505c995c70e6f	3.1488816964042914	9.55725
451/92ccf1d56c722	2.8885300472292155	5.3175625
452/5b425518d49d2	1.830626934977884	1.982375
453/6fb618c6bab7b	3.198745204015331	7.9703125
450/a95f7a2412b38	3.4718118131133524	7.486
451/2ade70eae6fe6	3.1233201048693626	1.2538125
452/4c5bb4b84379f	3.2677418027286587	8.0940625
453/04b512a4fa5a7	2.590883515790953	7.71625
450/acae534b8a512	3.1011327983675914	2.7530625
451/efc276480a444	2.2603562330320606	2.4104375
452/a58568b7ec493	2.227588715458912	1.4411875
453/2d4af5fdeca22	3.527326001332886	7.7083125
450/6fd73efb7ea64	2.6190094721220034	3.6963125
451/152869180ae77	2.908050634194307	2.0950625
452/725ac17d8cb5d	2.7644049054607827	9.0065
453/5f19b0090eb8c	3.0554766223610375	4.9045
450/6dac9b8ed295f	2.3198940227132	6.6473125
451/b6434c517d747	3.3245739915473274	15.8196875
452/6bd02ed4f26e1	2.2983370613834464	3.89525
453/e78f6fbf5733e	1.9173075748318347	3.0138125
450/306200960a951	2.7968046374150113	2.1109375
451/ae36bcb6a711e	2.551376196691555	1.85125
452/4c5d4b8f89516	3.3153409085706014	11.86775
453/76bfd5434670f	2.649985429867505	3.7015
450/58a788bc2d405	3.395352526109181	6.592625
451/267c543f32da5	2.34451536961629	5.626875
452/dcb7887ff1b58	2.125420032115765	3.295625
453/fc93e5c87138a	3.483505619104887	10.05075
450/735f9473fd7a8	3.1486794375221887	7.1501875
451/1979b18987447	3.0737729048786364	7.1405625
452/66fe54a26e7d1	2.2435503783407524	6.0315
453/1194d1f65ec46	3.2996362616611745	2.5273125
450/4f3f436593ad7	3.0046962345476524	2.1625
451/ac31696f4b5cb	3.2380285859045337	6.3561875
452/f8005784cae7e	2.72348060870081	5.6823125
453/ac6006cef6609	2.7062385202442556	2.2119375
450/453458c42fc1e	3.2523367152989935	8.6061875
451/6e5c0b5e005f0	3.11206303550354	7.76975
452/54b968d34fe3a	2.7848733673941743	2.61675
453/7341fea0154fb	3.1703709548501435	5.7886875
450/70c9a864f5060	3.0012241954325503	2.4199375
451/7e129f192a183	1.3819367771623736	3.388125
452/281600c801a38	3.140468842605902	12.1531875
453/a358b6802295f	3.037677474356709	6.9869375
450/50a372a31eabc	2.2125677477624213	4.2975625
451/c2c8b52a8eff2	1.113959835642582	2.6449375
452/26c155df4571f	3.602533611136935	16.9939375
453/5d5faf8846572	2.9320025293452	3.028875
450/4f57d3560fb1f	3.4199969067209492	10.5703125
451/9e926041eb8df	3.381292496106332	2.505875
452/7fb4d46895079	3.3143341784021074	10.3638125
453/1b74381e586cd	3.124055719945924	6.247125
450/bab1ca0c328d7	2.966174285476047	3.8831875
451/c47cfedaf7c69	2.311805128337438	1.762375
452/3c41296268de2	3.53336842529889	9.9894375
453/4318fd5b4ee09	1.5897632359224743	1.02025
450/c0ec2156d01c9	2.265333178538649	5.804625
451/a860bc77a67a5	2.497222308486772	3.4121875
452/a47f743b7ca51	2.8016763483625837	15.4705625
453/0460ae29095a0	2.5857435606837504	4.9216875
450/e908995d6bdb9	2.1398575832509144	2.8141875
451/2e8973caaaf7e	2.690751378221562	5.4465625
452/51c700fe5eb92	2.992858716989772	3.19875
453/f03a25f037301	2.951053817288285	5.645875
450/b4c474920cd5e	3.190403175673302	9.8574375
451/6b3f309362bec	1.8471736321288799	4.538375
452/3f71a917008a1	2.758320806591597	6.5991875
453/492500bd36ba7	2.612868696402997	1.7785625
450/a31ec72f59135	1.5406170230354606	1.7160625
451/27cf8d22a072e	3.4254617779649243	9.1806875
452/36136bd14e580	2.958374478943732	6.4766875
453/be70ca9aba8e2	1.8776975032995828	0.72025
450/a230fac03fcd0	3.3836140413489426	14.06975
451/cb35b7393312c	3.2547589144461226	6.0065625
452/6241bbe4eac66	3.307497543781386	6.70275
453/a3c540c549605	2.538995677293936	4.1225
450/80caeba11374c	3.167539030973696	11.2873125
451/d57dca42deff5	3.4415089487794823	12.651125
452/bc0fb7c09ad88	3.366151854048669	3.847
453/46e83961796d4	3.329751190822825	5.863
450/8bd9e96afd425	3.213684921805162	3.9119375
451/c31769160d187	3.035443739253806	4.512625
452/477c27735869b	2.510527523978758	5.417375
453/5d1d4525343fc	3.421837999859511	7.051875
450/19abc09025121	2.8008737955560115	5.8906875
451/96e166bcc91da	2.5549461006080922	1.4003125
452/cd2d3aef13116	3.0986244526375337	3.5179375
453/d2caa977bcfe8	3.3629846468011473	4.934375
450/6048f64f7a483	2.3267636360072363	2.35175
451/6cc977b765f3f	2.44429283532448	14.960375
452/2658b7c2b7dad	3.044587685645096	1.906625
453/f7a54a9f32a4c	2.5474344899792754	4.425125
450/342b0b4f12d65	2.902068052729957	5.4448125
451/d4feb114b29d4	2.5172693046217596	10.842625
452/a31e43a08052c	2.19369106805705	1.359875
453/6f41c01fe3e60	2.230104034264923	7.0568125
450/c25fcb1660ed5	2.6296741211535886	1.7063125
451/b016b96d29a74	2.602258975212991	9.33025
452/e3507b64dbd15	2.4586956841472007	2.44975
453/8a2ee340c60df	3.2561744365251735	8.3635625
450/2dbeb4f3e724e	1.3265713291485466	2.25875
451/80018a2196ffb	2.8536932405222855	2.237375
452/d9aa3f1d8dd28	3.2760203847634144	5.272625
453/5e679df082aea	2.7167360930443802	1.581875
450/8ed8f6ab02d96	3.076875351752934	2.519375
451/441e4801d1b4a	3.35733368346153	11.08425
452/51a765ae8ad5e	3.0340769768668254	2.07875
453/e43913ae2fe83	1.766533603515673	3.3891875
450/ffc649e8eedba	2.7883523713150993	2.980375
451/a52dad1c28536	1.8657864944337845	1.606375
452/a2479e4538529	3.2259048889665376	17.6178125
453/e933444279ee2	2.6018499455085804	2.934375
450/2ecfc8d2f8408	3.2707398152260407	10.985125
451/7a9b67cd63058	2.9666714786079105	4.7776875
452/b0be02ce5f525	2.0823339433686607	2.5876875
453/f517fcd0c271b	3.2405535660787868	8.5040625
450/818bc882936bf	2.733652830539418	2.5815625
451/a294e35a64ddb	2.2601799136072462	3.302875
452/2ce5177f664ea	3.236912887751841	7.186625
453/d491adbfd2c77	2.3787840802782534	3.902375
450/c4c03729698ff	3.0513811965347633	3.6550625
451/17b78e9f33971	2.775372797721608	10.545
452/ca0277a2b3199	3.418576736179866	6.6919375
453/ce2a7543a3a1e	2.624946732275581	1.85075
450/28b7bcb76cc7e	2.2101610311812454	1.9110625
451/d5f658f4cbd23	1.507144490029323	1.040375
452/37611420a1808	3.0984017245296944	3.3755625
453/e83077366b1ea	1.922578613774632	2.0334375
450/8a368acb36645	2.706702881692089	5.713625
451/f3b82cfb88f48	2.2688491468577276	10.8024375
452/6514354f41495	3.227647255593027	19.9205625
453/26dd6b2ca7c1c	1.3601488575047613	1.731375
450/0071604336d91	3.292994347154313	17.692375
451/a49d3c66ba240	2.4422415231303614	7.040875
452/395a58d6836fc	1.234668885734389	1.2055625
453/ec20d309b0514	2.3959263511761533	1.7609375
450/d1cafdb133484	2.7390832947115076	3.180125
451/49dd35bf47a5a	2.4996822927624165	4.345375
452/04b48a9009dce	2.8970257474809777	4.2008125
453/77b658cdf903f	2.882734861271622	3.702125
450/b2aecfda0bc67	3.2198605533173428	8.5510625
451/23caceba4a8ed	3.3149946606874425	11.267875
452/2878cf00f7086	2.748436240511076	1.7775625
453/1bf3348a3e583	3.1246274467310466	4.989375
450/0e6bf8bb1f202	2.192772903187347	6.847375
451/ba39f099adf96	1.6303483143030697	1.055625
452/ce24e9392938e	2.0278884622284417	6.6635
453/343fb2d1d8dbb	3.248505629509928	2.555125
450/0d6038c89c791	2.1148224148220383	1.2601875
451/8876d656bf602	2.398354035253936	3.44525
452/acf7c64662aa5	2.530744979043214	5.4685
453/ce9e494762393	2.775782456026923	5.411125
450/1bf3c959ebe33	2.289495659385445	1.00875
451/277999253a12c	2.0671590716197303	5.399875
452/ad34c64f3ec4a	1.11373006282629	0.9836875
453/6eae6fb17a17d	2.665775061437448	2.9343125
450/b27103138d030	2.1068497741010663	3.915375
451/bb5cc5687138b	2.1592247448013	4.4416875
452/efd4db6d8e5a7	2.4884916799304704	1.933125
453/7f824fdac129b	2.3995287067043454	1.4895625
450/16113820a48b5	2.789018524983758	3.201
451/1ca1cae0b1248	2.5953117455929533	5.1591875
452/fe1091d827867	3.5062082430753567	4.1165625
453/a80363335aa71	3.2803574581804034	9.149875
450/a4371563a9e3d	2.6749088244246453	2.3760625
451/27dc084d4bc9a	2.8827117256669847	0.9871875
452/915aacc188f6a	3.198119693523768	9.64875
453/466000efa341e	2.3858846332711128	4.7016875
450/5c0dcbc750d3a	2.5684874225919034	10.724
451/caeaf94c5bf76	2.383024346728191	6.3688125
452/6540c6ca5d9c6	2.9862944278883305	9.0561875
453/8727f72e7f08b	3.3394615385489996	4.895
450/9d6f01a93a122	2.7444952057862686	1.345375
451/c22b061422dfe	2.519137902845894	2.6649375
452/c25e37b69fa14	1.5827621008447406	0.802875
453/29293b03bd133	3.059956065268139	12.0649375
450/6b4800e7d8741	3.3955455460143424	10.19775
451/9cc3e85321a2d	2.316138999355147	1.749875
452/7f855692e69f3	2.6897714803942785	4.842625
453/6fe7c41a11436	2.3807074556941306	3.1345625
450/543f1e4202466	2.8713274974423	2.019625
451/14d21b2e3f0a5	3.2199220259850954	5.9845
452/a465df2b5ed3d	3.1611792245958106	4.8440625
453/fec9e88f8239e	3.2109765960822507	1.872
450/f78ffb6b859bb	2.334923238282894	3.8646875
451/8d8a31e7dc0ed	3.0714337473315267	4.380125
452/503e01430a1d1	3.337579289345775	5.2163125
453/4ba3edbc8b297	2.810546405813662	6.9553125
450/52737aef020cf	3.0404535899182044	7.69525
451/7acc8216b1b75	2.3296757442060905	1.6115
452/761ca5b2d03bf	2.8377576508212483	6.8483125
453/d7f4a7cc6c399	2.9915046985681912	1.586375
450/02e6dbbbb4554	2.855344038146311	7.71125
451/2ec313ca018b2	2.2578891196851645	7.0910625
452/43a868e8bdda8	3.172211471416787	14.289625
453/630c1d5ee4968	2.9992573929438917	6.859625
450/7ef3354656d34	2.761370315652967	1.8259375
451/c77a6dd9f498f	3.298218668799596	5.3680625
452/c72c1f40a99e0	1.6605168737733946	4.419375
453/1939ac3b21be6	3.325739660879593	4.959
450/60179a20d1a47	2.984271131344324	2.840125
451/d9882e82152ee	3.127586998007812	11.0579375
452/a1bbedfa74626	1.489284978924089	2.9819375
453/57915e16725f1	2.1518767480639047	7.356375
450/e1b890f5e2aae	3.1738312797931183	6.584375
451/97c3f8a6b9999	2.842641465534195	3.9479375
452/ff59436daf7f9	3.2960634504802213	8.0125625
453/fb2797d826ac7	2.7124609288397	1.5355
450/43abc2fdd22f6	2.2307530006461245	8.9905625
451/36b9ec9c8f651	2.318169903818704	5.725625
452/e42697e9ff64c	2.7656148263018197	7.6151875
453/e7115b4a28234	2.5857126782431124	0.8644375
450/d9ce910ad6e6b	3.3540490349433862	8.5718125
451/45e9bdcb0c275	2.974805367246729	3.2509375
452/af1f91f63c027	3.338839405220358	2.06725
453/89bc62522ae38	2.8487502398253914	2.8623125
450/f4b2eb8159306	3.3588215003866084	5.002
451/d49de4b6398e5	2.2091956821370733	8.192125
452/a85fa57128946	3.3457417943052024	7.0591875
453/d51bf57ebc12e	3.2328577694116136	5.675625
450/aed64fc54365b	2.643218504498208	2.3300625
451/25f23b8adbd24	3.0487241625530688	3.736375
452/a94e7cd8ae02b	3.1331348562680605	5.014125
453/02862bd83ad0f	2.516484914222654	2.6440625
450/f027c75db9dc0	1.9618892085340782	1.3931875
451/908d67bb157a5	3.051101102977423	6.3553125
452/a343bde0322a4	2.5624049190577574	3.9536875
453/d3c1efdee3877	3.044528689891486	3.445375
450/00fa170c546c8	3.001665638530223	12.1255
451/fa06e9c144499	2.084089223574291	1.441375
452/eb866b84b0156	3.12492031540784	8.083875
453/749ac4c4832dd	2.7719041651440173	11.087125
450/f08dfcb095f01	2.884082916306824	3.4445625
451/2c5a8faf14c07	2.6676706539954465	3.4113125
452/06c21d8de8e25	2.7292610039911978	2.0139375
453/ad4c168232320	3.152223143285344	2.785625
450/ae78aff99db9c	2.8020956538337205	9.76425
451/31fbd0b081bf7	1.9567134219288456	1.993
452/a14277b11e2fb	2.497692395187823	9.1845625
453/b562c69d90b33	2.442489910070939	6.796
450/c94928311e5e7	3.1355257694351844	7.37125
451/a4de586b99e70	2.6731724625372455	4.4855
452/c55f9719876d9	3.060824349381819	8.1325625
453/deaa34f05b884	3.133221585403244	5.1916875
450/f9b55d5b04262	2.8910336641492114	4.2208125
451/d26441c91f224	2.264650827716269	2.208625
452/fafdede6f5a6a	1.6579825403949442	0.8288125
453/6d5dc84c43fba	3.3783049856018725	15.363125
450/0d8922690da98	3.327358546218572	7.44825
451/53f514b8058d9	2.548434298152113	5.15025
452/8f5f125a20d68	2.430460639709672	1.3358125
453/170f0e0a5a5fd	2.9406536984849843	7.7775
450/ae3f276a550bb	3.4704009392629027	13.6699375
451/7a538e3851907	2.3738827537492075	3.025625
452/536161140bcd1	1.929961055179276	1.91925
453/87d459b919822	3.088504546085038	4.18
450/2e636760bd701	3.2460376812129184	5.160625
451/8a9e6eccb3f5c	2.365363801443374	2.680875
452/e8d4b8b2e43af	1.9576906186209555	6.1701875
453/93d9ff1d36974	1.7584458907426663	0.8165625
450/b7e5eded20a6c	3.3358303645306444	7.017375
451/8b15199002c95	3.142752375578729	3.1231875
452/90e3b69ec3a6b	2.278090962579869	1.963625
453/a3415e35fad1e	3.0160252527632556	6.7408125
450/40207235ae724	3.2510937369871913	7.1814375
451/f2caa42e62c8c	1.0684691954993746	2.1000625
452/aa622d4c78428	2.7867642476839096	3.382625
453/00795a3a52248	2.698232549853533	9.4115625
450/d29e001631f9d	2.936753700879904	14.2769375
451/7b40d1996ab54	1.2020705990840082	3.17025
452/d374f87d9c8f0	1.117554788519542	7.5056875
453/08f77cf5c6cf8	2.765825972983638	2.4365625
450/e000a902191d7	1.4506678013058754	2.3576875
451/37f4c50ee4b39	3.3908355413919664	22.686625
452/2bfecde962555	2.507956957164796	4.4920625
453/66d5186e21d82	1.4245745276404955	1.76225
450/cfde79539aaf4	3.2993453684852887	10.5833125
451/7d7e27d68cec8	2.7967590524065256	1.831625
452/a895c26b12faf	2.843676066396252	3.1311875
453/02ae0d321a206	2.6284345701781153	1.5595625
450/4a6f726deabc6	3.4067608255167343	9.4236875
451/fd5a35431a485	2.485584633967026	12.280125
452/83390f40ebe96	3.3566419052050627	3.814625
453/b729796127705	3.337790679614826	2.0750625
450/24a9de2baebec	3.5087943217466755	6.827375
451/fdc813a054ac5	2.813804218786332	7.6751875
452/f22fdc7fb6617	3.211886491691109	26.588
453/84040bcdbe8fe	3.0296325421848636	6.4735625
450/ca18e755af74c	2.1942207697210248	12.251125
451/096f8692aa87e	3.41565495054073	13.78825
452/d289fa1b1842f	3.397332967558506	16.658
453/43abf9121fa0d	1.97934335451961	1.3006875
450/366584844ce2b	3.4806441811973405	6.7025
451/9bfeac0b89bff	3.2268247962627066	2.1249375
452/0337b3d2433b0	2.8720580574876386	4.7005625
453/947c926883cd9	3.0164599493199313	12.15575
450/abf83db183284	1.871268708015929	2.59325
451/971ea4df8ce35	2.4389678295671935	5.8169375
452/2ab675ad780b2	3.4459859513536264	4.4451875
453/3b5e4713695d6	3.2041460462025952	17.3520625
450/4c98a579bc7e4	3.1434560113750503	6.0776875
451/ae18536b48e65	3.2159888350622063	5.0890625
452/389727bc944eb	2.9535603134947523	5.308
453/7d64956cbbfe8	2.081639364754244	4.7095
450/a04bb8a64a885	2.6834060585580586	6.9719375
451/ef785ca9010f9	2.8900265390823128	8.2278125
452/0003053b7a106	3.5458891360536913	10.427125
453/e9350325176c9	1.3411005690555253	2.66775
450/7380acf806232	3.518584319984005	16.5220625
451/9880b0eeb1d3a	2.573915263946815	2.9346875
452/36ab9e5b13327	2.7773953536692746	8.9493125
453/54b50b0080a0d	2.8910424914722883	2.162625
450/17e88fefda860	2.1250973785939262	5.81675
451/45827635fda44	2.864985399342504	5.65775
452/acc7990cdc1b3	2.5260569696671653	9.759375
453/dcfbb6a6a0fc4	3.3237678418642487	8.019875
450/dfb5a12614c8b	2.9851351021243566	2.9490625
451/b7239b89e8f5f	3.173039120340534	4.5449375
452/b902458f9ddf1	2.280191807633959	3.768375
453/4b340405bd0b8	2.9494254860097486	3.507375
450/e38329a4a68f4	3.1735359264882184	7.6419375
451/3148c629343b9	2.6150036886681365	2.88575
452/b8e90d009d1c1	2.0880700226618276	1.0571875
453/62880f4959a58	3.418227667638785	2.9334375
450/0f2c177debb88	2.070513934901803	2.2218125
451/0211d02a4fa3f	3.33588385986834	10.5151875
452/2f0c9f5062d7c	3.451765337139352	5.2243125
453/2037daee31d64	3.0312798235066736	3.3503125
450/d0aeeca7cc5ff	3.1762806979884988	8.483375
451/c5bfaf246a06f	2.751114961871959	1.97175
452/4df88ab5d5efe	3.006642458984738	2.933875
453/36ac4fb139f5b	3.2002873416322024	8.5903125
450/561933baef6c7	2.9072681643736713	3.6523125
451/a1d1d56db6735	2.107068052681417	2.4530625
452/8ea55e5cb20b4	2.895146114893465	5.9150625
453/e39a9db5571e4	2.4894652355612936	2.7986875
450/47982a3dde697	3.4920895896911204	15.0118125
451/990006454a134	2.3266910546258512	4.1533125
452/39ccec14c2e1b	2.748461037964497	9.4610625
453/61680972ee52f	3.1964018942446413	13.7270625
450/67ef32de49e2e	2.7360198825877484	2.4026875
451/5c1b121116890	2.5237624659758535	9.9963125
452/660b3a6ab939e	2.58874232439133	3.2066875
453/5a3e47b0a9324	3.2973879763937055	11.38075
450/6e0b0b1f65b70	2.3888145607755247	2.6356875
451/d89b68cba75eb	2.876518275680876	8.271625
452/cadd2c7a0d322	3.027665782994744	6.302125
453/78a6701bf5b3d	3.4055063050685854	12.6733125
450/50c195a574e9f	2.9617627749061737	2.8975
451/b1f477ecaa3dc	2.6957923061695297	5.8319375
452/b2d4c9b455df7	2.6967159656398443	6.135
453/90bd376ff1c3c	2.567989043600929	1.826625
450/f6b6b5150d5f7	3.102892948794472	1.804625
451/8b0bcdce734a5	3.230802238872456	3.886875
452/b7fb6830fe81c	3.2654644525842835	9.0570625
453/b0fa7cf7b587a	2.898750678491014	2.91
450/b0bf61ea60532	2.5727297694980082	7.0705625
451/cf67568fb0530	2.8733723181197477	4.08025
452/eb00a49b03823	2.479850157332633	7.95625
453/4387e9d429698	3.439327683724126	7.4429375
450/f72906eacd6c8	3.106536064757197	6.540625
451/bc5c25184c08d	3.351173914944057	7.737875
452/35b1320249daa	2.242544220561366	5.2416875
453/274e74217bec1	3.0485904848877152	6.807625
450/40d8bd20923ba	2.5882989797211033	4.226625
451/4ee5f19b8c076	3.1972401530808847	10.1810625
452/ae2814164d105	3.1427178241867564	8.110875
453/f6374bec47a73	2.435534059461922	1.89325
450/4e5574cef548a	2.6449374800921115	0.9605
451/ea5ebf58fa132	3.4295753255661308	5.5095625
452/9a4fc06dd6300	3.4710926103295336	9.4219375
453/fc583b0092073	3.421586113644185	3.062875
450/e2b55fc756c63	3.3612877873278175	9.8945
451/914a9a97d4ec7	2.9635312629854567	5.204875
452/809bc08619534	3.2913115438433618	6.584
453/0c4877640b1ec	2.6918937329790915	5.0465
450/90ed76bfcc2c7	1.4510376524503785	3.1606875
451/00edd4ffeb797	3.3315203807081346	4.136875
452/b4e8c64d3aebe	2.9269678015534275	3.0556875
453/cf49afaf4868f	2.7084935998838406	1.6515625
450/9aa09b316b9dd	3.3467423779485714	4.5689375
451/121de6a333df3	2.7379278657690205	10.980875
452/0f50887b2e7e7	2.1056548992695103	1.305
453/170cd96e51f85	1.8914447309643483	1.2008125
450/8b74bd14f5c8a	2.850266329109086	7.9140625
451/66e0a47ba9ece	2.799513343316059	2.873625
452/2181424654bb2	3.3312685246862292	11.0935625
453/9901ea9f217ce	2.212917049640504	5.5373125
450/046286e2c5815	3.611053006163853	11.5386875
451/345e960056324	2.880773948322288	3.3456875
452/b38b451c11770	2.407171866751671	8.0121875
453/a94423f189c4f	2.1841679276717954	9.653375
450/5e4a783a854cd	3.506192610693583	9.7965
451/220b8daf1e60f	3.1939280636815526	3.3358125
452/cbc912f6bcffb	3.467228724458738	16.727125
453/13e7413200f89	3.3672401835325587	13.940125
450/8a92ce540de52	2.6350914209292555	2.019625
451/917acace0d446	2.46584706261683	4.39075
452/b2a39818ce0a6	2.8948898033391277	3.745125
453/e37fb69042609	2.4779489493800133	1.6815
450/04c3011181513	2.599527216849364	3.1185
451/488b497f4c36c	2.691954930780997	1.393375
452/5c0a50824c307	1.772793637831307	4.64375
453/a8e21bcb9ec45	1.854717893107036	0.9618125
450/c646f6b36ba60	3.514022983253118	18.54825
451/6e6f4060a8b47	2.267054634497645	2.13825
452/6e1e6aa6bca67	3.0724286329198005	4.7381875
453/660290c5ba7db	2.450430343423114	1.736125
450/d47a30f7d63ed	2.3461136886692593	2.211375
451/0bbd69136c293	3.198036059623056	10.735
452/6b24513afd6eb	2.5119499116884962	6.104625
453/56bc9378c6d16	3.312436873298438	7.55125
450/a4b63d1224076	2.560135316344951	1.2646875
451/3cbe014b7a8b4	1.1512960080105452	3.906625
452/9362071c7dc4e	2.891461094672473	15.4208125
453/0d1c44d30396b	3.0528570101486934	3.0675
450/114105c78a5ba	3.026306438985979	4.176
451/3982ee7acf014	1.5894215889523868	1.6374375
452/461059ad91a15	2.703911606263236	6.85075
453/2beb9c673ba08	3.0311891407620997	8.040125
450/80a02e67fd72f	1.6154903074998215	3.4089375
451/e479157160f61	1.097716255812617	1.9219375
452/eae79aec88c63	3.109281391880263	4.972875
453/18145ece826d2	2.8253578043881484	4.8661875
450/db5430d588c4b	2.8580066334555267	6.559375
451/67a18477fc88f	2.3574942271943775	1.1696875
452/ac1c240a3a391	3.2787687169262165	10.4625
453/883025f22ee30	3.4317032698128096	12.179
450/eda82abd03639	2.9704339389203986	3.1219375
451/0f3f869033fab	2.505029835961508	1.8971875
452/36e34a4356186	2.5091051723957527	4.3456875
453/57918eebe8813	1.0878895168950844	2.1186875
450/08d9eb7cb8559	2.3863820948658874	3.9335
451/4cc51254f3956	1.9768812159189713	0.9659375
452/dfc42128936ed	3.4097853724559366	4.299
453/50d4ba7e4a7ba	3.011627060460584	4.5275
450/0c69aa86edf02	3.2309303558838107	5.486625
451/6763b213942b6	2.1849972984180424	5.5540625
452/3ee0148ad8ebd	1.775425571224126	1.6336875
453/ae0296d842169	2.884966881367764	2.49225
450/de8897eb124ee	1.1023251540453969	0.9125
451/49e8e4fdad07f	2.3428789717692555	6.462875
452/b5c6938acd77d	1.4408091559693696	1.15275
453/88902b3c11ff5	2.6767745580710147	6.5576875
450/759e34600f51f	2.191337825289484	2.12175
451/595e649551d2d	3.00829214546616	9.3354375
452/dc285a2178cbe	2.5531768609779153	3.175125
453/39b35c6c7cf2b	2.783474563052646	10.600625
450/d90c9a292f134	1.3351746275819611	3.9455
451/bbc0b87268bb7	1.8996993235408193	1.0390625
452/72202eab6d296	3.2513455514194005	5.8429375
453/99cb5b3f71985	2.6964277920026416	5.235875
450/cd9df98d8ea75	2.0158966492897905	1.77925
451/8950c7e7f2cc9	1.1164440775961222	11.3176875
452/79a692475eec3	2.7145565706060624	2.89525
453/3bfa13d67770a	1.9236447095179419	3.961
450/0263d074f3df5	3.0479018269772147	10.234625
451/9f0e6243c8af2	2.5765506839540664	5.933625
452/e12ba0b379086	3.236177444556748	6.26575
453/bfd8d44afd7a6	3.316479640046551	5.408625
450/c4ec0b5850707	2.8009878171974263	3.715375
451/ac0e43a866188	3.393321032454104	7.7970625
452/c87efb40f04c3	2.3455015777874872	3.38975
453/c586b17cea55e	2.084909945038438	2.069125
450/e25419cda905e	2.698998287900896	5.5255
451/a33d18aad7189	2.628539601365447	2.102875
452/01966a4a2f1bc	2.2628793062704764	3.624
453/836a45a544dd4	3.278170780812091	2.8150625
450/65d543b5fb6ab	3.1116929712235075	5.453375
451/937b1f00fc06f	1.1375332784033376	2.980375
452/9398a42d97424	3.418403241543758	18.0938125
453/8bc3aa78886f0	3.068607982030051	2.8874375
450/4a23feccd252c	3.2078725557315675	3.0761875
451/a056354c70409	1.9565483378713013	1.41125
452/bb5188c3796a6	3.022773816625071	4.999875
453/457abeee0a608	2.774923231322393	2.0516875
450/ff029aa0259f2	1.1526125195317563	2.6746875
451/ba1ae266e7cbe	3.3806618408376936	5.9853125
452/19d4af1f69060	2.505199720206199	2.351125
453/832419691b15b	3.1317115484305913	3.9891875
450/5fd1eb4d7ed72	2.904031641702607	8.238125
451/94aff41c35355	3.4440326644745163	8.1531875
452/13d44c2061c91	3.0753947575165714	3.4344375
453/432f6aa0559b5	3.4771798244415533	13.7721875
450/e9b3fba3f6d16	3.19368060811653	8.679875
451/7297ef0b4ceeb	3.3378613950042655	3.81175
452/e3e0c0c0b473c	2.1855312105902973	2.8541875
453/37175757e542a	3.2841382248852966	13.112375
450/2679d87bb664f	1.8381165245495001	5.7898125
451/625ee22c5d43e	3.0767308184923974	14.9385
452/c903d6f1c6a78	3.1995619232567294	6.9195
453/e6e6dccd7b727	2.8398259059422086	7.107625
450/b71d097cece30	2.6088323578318895	3.1451875
451/3cf089c589c28	3.2549299813910793	7.404625
452/8516bf0d14ab4	3.5643314455827997	7.527
453/19c153daec917	3.348620461429893	2.883625
450/d711c6beb4ad3	1.937884007666011	3.4326875
451/9f2ed9fcc315b	2.7729676245462063	3.0803125
452/b9547540ab65f	1.3797042625398392	0.624125
453/3b8044496855c	2.9247997863171897	10.050625
450/a6c6b985bd922	2.012082626150287	0.86475
451/ece6e57aa3cd5	2.7616645252856253	2.87525
452/77f0a5f8cfbc5	2.6519006048291702	13.5673125
453/b6bfd18353b8d	2.9422731677386564	2.2104375
450/ed4a0704ab100	2.7062245941354752	7.07625
451/c88ed30fd76a9	2.6673233860372707	4.0035625
452/b8cf04cb09a68	2.933431070331793	6.3749375
453/5d9ec44e01849	0.970572989022776	3.414125
450/7a87abe8f8c41	1.5143428086632569	2.0775
451/73c922a562105	2.947215823798878	2.8940625
452/00ec40361b58d	3.255094454896686	16.842
453/f58036d2ec01f	3.243561157668377	13.8405
450/7b7c1fb630c24	2.715293418994459	3.9861875
451/e9fe33b770244	3.278453573175723	6.8210625
452/eb78d07370a0e	2.600073733957921	10.551375
453/ef19f1b10b692	2.3506769207897187	9.282125
450/120b2720d8e3e	3.1184684324645504	6.8258125
451/324e45559ec21	2.9448296617752945	3.2979375
452/1c77ff1a85e67	3.079656476700797	2.806375
453/dfd44099f2a59	3.0267802696761854	3.789625
450/c30a36415a8f7	2.536463768155485	1.1805625
451/e5cebf2a9e2e6	3.100561859023841	3.4961875
452/d59bd51d0479b	3.100949702419478	4.485875
453/b44e842374d5c	2.700681296410912	5.7746875
450/c2bb004a6736a	2.592331382532185	21.362125
451/e833b68c69aaf	2.925304323768577	1.8031875
452/377cba9875e08	2.504766053046355	2.819375
453/837b52606c782	2.9870169544041327	6.6938125
450/9baaa592978a1	2.8597520597134327	5.7034375
451/ca2b8b9645e16	3.1783485051658866	1.2834375
452/d1a10b5281f6b	3.114522159186368	3.034125
453/41d65adc84b65	3.2308108362652903	1.8046875
450/7d5ba1361fd79	2.887468297751045	2.408625
451/51c5c970502f8	3.007339094900868	5.172875
452/952d48808b6b1	3.484105121821652	12.08675
453/c13972b1dbe8b	3.003081403623553	2.323125
450/70723d3e3f60a	2.691047826517037	1.711125
451/482baf47fdb46	2.5902923423217614	3.831
452/363e7aa74a4e2	2.5942150249722005	7.81425
453/63f255aa1caca	2.812531778832047	4.1865625
450/777d886a223b7	3.3373423000356524	9.9241875
451/04a6f46c6a7e7	2.105806571300246	4.445375
452/b7f969523f87b	2.7623055802268945	4.976125
453/27c6e69be2197	3.048962572362401	5.1638125
450/6a23523736128	2.6402779717126914	4.7031875
451/fa29f36760ca1	2.2067444337208206	1.4674375
452/377199317a5bd	3.186646543667353	4.887625
453/4c293400b4836	2.83327472397035	4.4409375
450/cc644bc0be449	3.3475392024404442	6.7699375
451/2a1c706346cdd	3.3822395565683427	5.46625
452/bc921f6818716	2.461912510133623	7.1525
453/076513e0d2cb6	2.97074328893907	3.001875
450/bcc2ed535d164	1.4769661723820147	5.084125
451/1d4653d36b415	3.490423290693628	16.4238125
452/8ba84e80579f5	2.8057785907717205	4.0375
453/3a45e240cc786	2.342370155576445	2.933
450/5938e05493015	3.0317050821248803	1.9215625
451/8779fa6590bbb	3.2001041790485925	3.75325
452/42452e2363574	3.4664795081519824	4.697625
453/c8032e4e6df00	3.4065742087079256	7.203125
450/062cf591a8727	3.142077206132175	5.91325
451/d1e1f0af2b5eb	3.3066761613012092	5.177875
452/92236ea88466e	2.5824014477013	9.5620625
453/a77b934f4a02b	3.2779696975562147	4.586
450/626af4b31dbd9	3.099641961798145	6.3990625
451/c7033eb5ea782	3.349265535270517	1.51275
452/10d9b7b1b6739	3.09438448082093	5.2129375
453/00c0dcbf66b72	3.0021137522843153	10.040875
450/0813e2aecf505	2.361275480591601	1.4491875
451/5b6f58606106d	1.2672310625892342	1.345625
452/030a32d48208a	3.375397115138553	10.578625
453/b2185668e13f2	2.987099300235962	12.1515
450/134e38227f51a	3.2107838459115476	5.5939375
451/990a1934b10de	2.1683086630239075	8.56225
452/62354a98b6c0c	3.226981905176288	4.0683125
453/ffd8454cd5f88	3.0425819869918604	7.8770625
450/8264b82f2e24c	1.5117693322508476	2.162
451/18cf27b4830b4	3.0741375698634497	6.51825
452/38b7ec855f6af	3.1149351426242444	7.791
453/8c37f96116d4a	2.9760637648010073	3.4871875
450/97d8dc59577f2	3.10335745794168	6.3915
451/d1e0f2f19efac	1.9969682360412742	5.5474375
452/3fa6154663b58	3.027600172768749	6.791125
453/a4fbb9148411a	2.55386825650611	1.959
450/778e6fc9f451a	2.5773642031815576	2.162
451/08aae927a98a1	2.347998850438828	4.75675
452/aab23af146638	2.917920967574075	5.699125
453/167df131424d3	2.6681888397980886	5.405125
450/a8d76fee07999	2.624381852205823	4.173125
451/266b87b91cd23	3.1501549165710805	14.6994375
452/309fa558c81c9	1.7461292614333255	2.278875
453/eed29f6ec6c90	3.193578231057383	4.3123125
450/445a468fcb54f	1.099138045505893	6.9566875
451/db618df7d31db	2.68840859804579	9.5420625
452/83b263f7a46de	3.211100271359228	2.201375
453/c02da4d3de039	2.8937839884917347	8.701875
450/a3a88058663b0	1.848889675829664	4.304625
451/df504fb2e1153	3.240518899136235	5.845625
452/aa51551434714	2.798329364005709	7.32925
453/83c253ec680fc	2.493061984167957	3.395375
450/9ab54e12496a0	3.184611465364543	8.2696875
451/717a855aa0980	2.7858977344141453	1.9278125
452/6034a819a0049	3.2585600675862714	4.2894375
453/4a7c435080606	2.7559841045075637	8.124125
450/0c5feb4e5fb69	1.9492177000642068	3.034375
451/3cd68e18bd0a4	3.1258677381617748	25.6738125
452/48921a3165c35	2.923733971339158	4.4698125
453/9f08feee80636	3.270823320363185	6.7620625
450/9d1b3b39e8719	3.2020323392089334	11.0164375
451/18cc1206a1d5b	2.6789522208653542	5.5680625
452/6f4fee59cc88c	1.8624836627856232	1.56375
453/acc8cd71f74c3	3.0698394891545466	6.6150625
450/ceaaf36f71b61	3.248748841419633	8.863
451/1298d444f70e9	3.2913501890783268	11.7663125
452/96cea8fb0fe51	2.8820729238007576	4.84375
453/bbd73bcd3c0ad	3.2137715616612756	4.57925
450/2c4c6a0589f9c	2.7383935669721766	3.13575
451/9f62aa5563123	3.0775426632158416	6.7540625
452/2a85d44b1e87a	1.0922955981668847	2.866375
453/fc487df46e9fa	3.0400020619305486	1.35075
450/0788e33c0f63a	2.1526055287826233	6.77875
451/5e66494690d34	3.400374564605609	4.6701875
452/6126636814889	3.3023814337676103	2.112875
453/e5ff743b9b705	2.920861138240346	4.9705625
450/711079944912c	1.7579434960683071	4.58525
451/a1567597ba4c7	2.845374049085797	4.2165
452/948b9d8f6d73f	2.603399356148072	9.711625
453/c23a607f7b515	3.219595946228624	10.33875
450/5f07e5c02ad87	3.3021505190645946	1.5374375
451/f9b43c5da568d	2.7335738807104826	6.3015
452/39d743091a79b	2.8060186700929655	4.133375
453/2c300e615e07c	3.020349773303446	7.1436875
450/587f976a99e85	2.9731990734525664	3.8589375
451/43aaedf7a3355	3.3161073080817722	7.715625
452/472c50aa2f0a2	2.4620944834786322	1.5174375
453/63ec39e110dd4	3.396962298686146	5.1773125
450/df9c1d101dfe6	2.9425673653146216	3.961625
451/e7ee330dbac6e	3.022606041960536	13.4495
452/2fb3039b7d6be	2.4715652257240714	0.8445
453/a0904a8f1f699	2.250585811207279	2.73
450/d6e3aef8c1808	2.48593977689076	11.764875
451/3f1416d83e791	2.209796422387633	2.91
452/5f91d95b25be2	2.8595089174797916	7.7299375
453/13e8e40b7409b	2.6845289396217886	2.73925
450/ca8641249c18f	2.4155367557448053	3.964
451/1e1794db30eca	3.0843699217129403	2.792
452/da30ecec8df50	2.6834813002392672	7.8946875
453/5c1f38b3be8e7	2.2531112288168074	3.8715
450/68eac88f4e2a2	2.6475021575877364	1.1533125
451/6d0f74f04bb3a	2.536207387707118	2.2645
452/93a245a9b7fd5	3.2711648452920623	1.4815
453/01fa1dd5d17cc	2.7595535783179628	10.436
450/01183c0287615	2.9292528337042367	2.1181875
451/e8d3c1c46a532	2.5576681854762358	1.3940625
452/0aefd9436c0d7	3.051983791201529	5.7988125
453/8d535068c9169	3.216010170297114	11.3188125
450/6b3f16bfe2bb9	3.0866097464698297	7.5661875
451/3a78d61e25403	3.247971336692263	5.402
452/03f63fc7c587c	1.8578826238547799	1.453125
453/7490c7f1b2ffe	2.3094273572544672	1.1384375
450/f46a1a4c1f943	2.5439080247242774	4.1766875
451/54b841dde1cd2	2.2842259286988913	4.393
452/b9a941b51bf05	3.4670720261666084	7.4795625
453/fd6d09ddd6744	2.3773955063987384	4.01425
450/ca17d81077bd0	2.7353212631608965	4.6108125
451/f4b1119ec0c84	3.1485808747306088	5.3541875
452/48d399c59f3b1	2.4189817005882226	2.0840625
453/f92a6b6c65a2f	2.7774020869758487	11.1915625
450/ed59d92c719bb	3.070494387207707	23.0029375
451/f19edbffca176	2.444258718770327	4.57175
452/14616d9069197	3.2025800295347917	5.0755625
453/8281a8c8294bc	3.3806879683960944	6.68025
450/026e8cdd6d227	2.7359713647386914	2.1780625
451/23a8115da5e13	3.446595715185523	11.963
452/82765ebd28067	3.3480940983818055	7.884625
453/42f185ca31c13	3.2445784561166744	5.2408125
450/3a232b51cddd1	3.4294625275518285	9.9105
451/f34856ee1e6a1	1.803096333174632	4.73375
452/904eb889e5749	2.741537954252413	5.6353125
453/b1baa1970edef	1.733620644265289	3.113375
450/29141c4e97d74	3.371857635354562	12.263875
451/57fa794254994	3.5237927270618914	14.0761875
452/86b31c9283241	3.4071842423024172	10.544375
453/84b2907d9d381	1.1009212027510256	2.9879375
450/1995ec962886a	2.6304659818140967	2.885125
451/ff9cdeb0482c5	3.0967383771858046	3.04
452/fbce80a4f4d21	2.4238727764462293	4.6653125
453/db22fbd48bc2b	3.3476079966529	13.3794375
450/8dcf1c1417393	2.8556429980858082	7.2119375
451/5aa03ff9b9e72	2.542263425360344	2.164875
452/fc04dcfb7e917	1.249917291637445	1.3223125
453/6c0b4fcdd1c43	2.626705593101455	2.69325
450/e0ae63296478b	2.0403456100695863	1.376
451/cf9cceefd0ef2	3.1216404684423424	9.4628125
452/c828a93538e70	3.2012161177362515	5.7894375
453/761a1fb955777	3.4062631243782806	13.61375
450/6078d76b8c5f6	2.3982949099531305	4.008625
451/b5c05ea3452ff	2.8233274168569515	18.9924375
452/3ab35d5c2e634	3.4739899692044967	8.9994375
453/e8460dabbdea3	2.899405255903202	0.804125
450/ddbf4eb2e7667	1.5976029739307471	2.1631875
451/d2c97f280bcad	2.3828528484044442	1.29125
452/67d6ac710784b	3.255612189540077	9.88275
453/c91b42827b605	3.005105612006989	8.6221875
450/3b1a7246d3ebd	3.429551247775644	14.703125
451/7ae74f5bc7ffd	3.099660794985645	4.5445625
452/bbae69c5f2372	3.3160102576200665	5.435125
453/27223a719a254	2.008755879771524	0.9609375
450/2e9ac3f7054da	3.124882397687319	5.4855
451/a2b8da3170a94	2.189829119734333	3.8151875
452/57c24cb24e70f	3.3041106761120207	13.5134375
453/6c4da4203072e	3.2440548450075277	12.2739375
450/cf839b1eea6a3	2.705365838191922	7.808875
451/937c9ab7af4ed	3.3527073366615503	14.0660625
452/778903e65aab9	3.204740085836246	9.679375
453/dfbf5ccd0a8bc	2.5893855499069356	4.8166875
450/ad157ac5d4426	2.5487364897960276	3.6718125
451/3d7b6057d4290	2.784392909380885	5.659875
452/79a7ed2986d35	2.961488835349359	3.6060625
453/30285b6f46817	2.8360210349898884	6.22725
450/6a3ad49486bd5	3.321821025317108	5.4094375
451/af5eafcea4d44	2.53370221481005	1.970875
452/2de7ac577099d	2.731582636021149	4.126
453/b060305b61b90	3.4409357699578704	9.9335625
450/1314eb18e0f0f	2.739052256614062	5.9643125
451/10010bfb4afb1	1.1298611646902057	1.120875
452/30a1d8e37eebf	1.5068293752896778	1.152875
453/acb05b14cd10b	3.5154138700817	6.313625
450/22352f4ba2401	3.3496106967748944	3.8623125
451/8fd201f792d6d	1.9243710965204943	1.15375
452/b6e4c8f060022	2.6423053578815274	2.4091875
453/344dbf85e53fc	3.1072902004373817	3.8700625
450/7317f0d058e1e	3.438765669234823	2.894375
451/cbffc56fb1835	3.3901721329844547	7.3400625
452/11c067c7a1d66	3.2399190036615857	6.0200625
453/f4938e230914c	3.3956844409429943	11.071
450/132658e7341a8	3.1499145934831128	5.3345625
451/aaddc025547c7	2.277408572211917	4.308
452/eaebd43a5bbb9	3.4657059743945786	14.8689375
453/fcc41ed506616	2.7813404041773198	1.3460625
450/2deae1911f88f	3.0701233666094625	14.56075
451/5338d87cd53ab	3.157222311386484	11.42275
452/27400e1c4e668	2.412067468419784	6.78025
453/d48e2c2eb0e19	3.0164053559272856	5.7869375
450/62296a3aa82e7	2.4591026569736387	4.7968125
451/56858f8fe9116	3.241976089485695	8.147375
452/ff0a114390ee1	1.9565475133674939	1.966
453/c40deefeb6deb	3.434222381249192	3.4900625
450/16e74fb0f545b	2.825889465300273	3.76825
451/074ae5b0b73f1	3.223593734989624	3.0995
452/88f380a08984b	2.772653127653662	2.37875
453/7c2dd6d99c7fc	3.0167085041208934	9.9551875
450/8c8c285a5f297	3.0685382438451887	3.4530625
451/29b0bf16e1642	2.10345201370986	4.3933125
452/049172a43e3c2	2.9226086883626192	11.2266875
453/6da291e36a49d	2.7776876286147223	1.44125
450/569edadf49c06	3.4065388427424628	3.2601875
451/1514054962411	2.481729520566239	9.85725
452/ce60a57a3bc32	2.608201802326403	17.35475
453/25ce41d44a04a	3.1717188834736705	11.3739375
450/5de9a3fedf833	3.346491182798938	14.8951875
451/14c6897e7d392	2.572285555808272	7.6105
452/4727616103964	3.196342362977911	4.8916875
453/5d63be5bad94c	3.2336278124207256	4.7273125
450/3920b4a2466a7	2.370463398471112	2.616375
451/3ae4d48e6d17b	1.653551774850579	12.4943125
452/cceacb2e1d400	3.1012787922976406	5.3850625
453/c2b0d52a3e5d5	2.1497995552873252	1.63425
450/af6712fec44b7	2.8991459362977685	8.077875
451/907db5c352177	3.108228423023694	13.1126875
452/121be40446128	3.1764304573519193	2.3991875
453/17d6a4321992c	2.953228155233755	5.21925
450/008a42336893a	3.09597873229836	6.666375
451/b471cc0ff14a5	2.9379017636809137	2.824625
452/e38a5800003ab	3.0482629696812027	3.952375
453/25d2b53c74184	3.100587603593648	2.522875
450/c9f1978f38775	2.4957497028376956	6.4065
451/9dbe478a1f46a	2.253187151935438	2.35475
452/85cc5aa39859f	2.341673346588398	2.739875
453/e0a470a5a2af8	2.4962670146777515	5.9011875
450/15ecf9ce5842c	2.4708377369227335	2.690625
451/6ceabf564188d	2.303723089315328	2.4868125
452/fa5d18682d568	3.1662335615367634	3.207125
453/f0ab0721795d3	3.213616570403911	7.641125
450/622c2539287af	3.276235543419987	12.9578125
451/b061dba253755	3.2149142868393397	5.143875
452/5f39a3b5907df	2.252977753257636	1.6011875
453/5d1aa5843c437	3.3540942664859266	9.013125
450/5b1f835547f65	2.313351709922096	3.5755
451/904340ec815fb	2.2216066890162356	2.449875
452/f26debad99719	2.531766224891919	2.018625
453/11e24d2a9aa07	3.021040640268827	5.588125
450/4f6bbbe337045	3.0996327131411485	9.8543125
451/fcd26a2b91da4	1.9852113632909285	2.5820625
452/c9bdce528b978	3.1560034348989108	5.6515
453/80f30bc53dc41	3.2421112776187027	6.4724375
450/91a21fb137038	3.5226778078631624	9.7136875
451/070d7fa88c034	3.0759678272536366	3.451375
452/162a38855aa7d	3.0768710050516694	4.734125
453/baef52f0856a6	2.4444276238875284	6.6035625
450/a2e10d00d18bd	3.0155169930073753	11.68075
451/de69b02a42a59	3.184875551688627	3.8423125
452/25ea1355c4dee	3.4410219645195843	9.95825
453/a1e73b404db2a	3.228343602180278	6.0728125
450/d04c92a3895e2	3.3578120867266477	7.1626875
451/a9255650f9e8c	2.176491708515535	1.4654375
452/4e24e9b9173f9	3.093608404141146	4.4423125
453/67b3f9bac4e76	2.7786865770613303	2.1021875
450/9d7f9424bfad4	3.48303016325002	14.530625
451/4d900f2a9676e	2.760247148526962	2.869
452/ef30c2562afda	1.2794320109001507	6.1425
453/f7ed729801517	2.8436545985917103	2.3785
450/5154e8d3b0938	2.4094558512639326	7.155125
451/01a89935a5e95	2.2748567568733584	6.0761875
452/3933e4539ede3	1.7272202806167851	1.430625
453/72924c08cc855	1.7723049607784402	1.722125
450/280f0e6c654d9	2.9526748384013795	3.4135625
451/f4bd514fe13d2	2.3791887425317726	1.531625
452/196074e83ae63	3.42029959857659	9.8906875
453/4e77d65d09f2d	2.7173088493367183	9.26975
450/a9b9a86f7ca54	3.44177010694538	14.5415625
451/17a903af7d95e	2.397598328811969	3.7684375
452/9dfcc235fdd5c	3.275497915446531	2.5773125
453/a91a587fba108	3.393370368430823	2.104125
450/54cce4bcd8033	2.833231133764932	12.901
451/97f886d26c685	2.4624191522278562	2.1670625
452/fa111ede7a42c	3.1301301873500806	5.616625
453/40b1ee03182c3	2.8035166470876343	1.8268125
450/434c9df822491	3.1955423069982136	5.657875
451/c35bb4b196617	2.3888816702131646	2.9991875
452/ace9066bf8154	2.9176698266824	3.691875
453/0b1b0a512c331	3.4089653342407833	18.824125
450/cbcf5d4679b7e	2.784402082331497	2.6135625
451/17408f7d217ad	3.0647834984111544	4.6499375
452/37c8972dce0ac	3.414530849691361	5.9335
453/6441be7621969	2.972291065705991	4.8955625
450/5a9b1ea184332	1.5665788026354757	4.3190625
451/4e64bd1e85a60	2.6066504560400383	4.262
452/df32e7308b06f	3.291876983724981	3.3060625
453/0094e2d03c7d1	2.9593304801845233	7.9853125
450/62e579c09cbe4	3.228458864911523	2.5626875
451/57a85640683f9	2.5563925150852573	4.0569375
452/68a4614701698	3.0314310705853904	12.5836875
453/363fa3dd3fec6	1.871907235389914	8.78825
450/b764caea9bb71	3.0617878119104964	11.243375
451/3651f2783d0b5	3.3044569739826812	5.4196875
452/7d292678db08c	3.0036089145461897	2.5679375
453/d925618aadfb1	2.9861390747166716	7.779
450/2bfadd844c9d7	2.704628326743578	11.131375
451/b6ab026dbef25	2.634766145000511	3.6040625
452/e2f99c6c475c5	3.2941014867441054	3.844375
453/5816a60f78ff3	1.7568695347516325	1.5856875
450/d482f8f72b151	3.5523635490903707	6.140625
451/9802da3ad4b4e	3.0751069549789483	2.1416875
452/5312de1b0a063	1.9486977837896968	5.0324375
453/3cfa7978f34d0	2.5733557727652707	5.8198125
450/3ff057a0d5d08	2.8357079687189417	5.5160625
451/d10000f5280fb	3.299477019598092	3.9501875
452/41c3a20606e91	2.225715466296498	3.2756875
453/d3ffa16c5744b	3.029466780717954	6.3893125
450/6f0c6165cd0f7	3.419110773836315	5.1128125
451/37604364854be	2.1900275162581133	3.433625
452/afcd9c117d956	2.947020475763906	4.6598125
453/65b989c252d8a	3.0593587553346326	5.825125
450/acc303c96cde7	2.16625970288769	1.700375
451/2a521e608d737	3.0265532124081505	15.85725
452/7169894350ee8	3.14470642903084	4.9670625
453/dd19f2fca80b8	2.8632851673517847	7.9160625
450/33a4304343ad8	2.709386684061417	11.0014375
451/b6cb2f0adeb30	1.9323158609474387	1.2498125
452/5614a395d710b	2.1791512709606167	0.8805
453/5f1a7a73ae098	2.269763095770075	6.752
450/74b17bfc6668f	3.2017492940007126	3.4286875
451/b57d9ad82edff	1.960397387085498	6.379
452/aa109aea68df3	2.1156223455715377	3.8348125
453/c4f676d1a0324	3.268248047830123	10.086375
450/1ab72212575b4	3.2182940437528096	12.22175
451/d12aa12c79971	3.038790148036583	5.06775
452/63de37d7bfde2	3.1843737942018127	1.200875
453/de2d2331c56f5	2.4660761575871786	5.258625
450/c21da8759f628	2.3307105648562314	2.4953125
451/2d4f7770e8a1b	2.717346539383353	2.667875
452/c8026c55d8b0d	1.1391448084080524	1.3933125
453/0ac0454e87ea3	2.7355633606779897	5.7849375
450/fc01f838f0e8a	2.1712021065403646	1.108
451/451bcb4b392d3	3.0582985911973557	1.4460625
452/044febb77ba55	3.0702076509758642	5.9931875
453/a3cf284a45e7c	2.5773141426221753	4.3449375
450/c6d722a55b765	3.345777017556532	11.7898125
451/a4850414920e7	3.309427322524315	4.77175
452/0f4158839d2c1	3.2873451944169063	7.6610625
453/787ad8588d232	3.414729154739442	6.98525
450/764d6ebcff352	3.427372528143588	8.1193125
451/88ef6e5cb5825	2.6158579134023823	7.3213125
452/1e73b23a805f3	2.615300488035721	6.4468125
453/7c70659840b23	3.3223071991158375	4.789625
450/0425622378531	2.7037551296694002	8.290125
451/4647f2347d682	2.6929821601295747	8.2466875
452/358e5e2684139	2.7784542143656994	6.622125
453/80580b3c0284e	2.989231057437005	4.7006875
450/e80bc38943e92	1.885617949991089	2.480125
451/8f36a810c059a	2.9710504396307145	7.633625
452/306a52f02dbcb	3.0341986241255974	6.6433125
453/f79703dc914e3	3.3046497419230265	14.0314375
450/a48df9b641a05	2.6758202418147423	2.38
451/65c51de4a0e8c	2.359533910480853	4.2785
452/1eebd56d9c711	2.783432437246701	4.7419375
453/ab45dc472404a	2.8362610924281397	2.0878125
450/56440363b4e0c	2.9811855052672023	1.90875
451/c2a443779aee0	2.9016244830589715	2.156875
452/cf4a99d489b7d	2.9432701963026	7.4088125
453/4d05d64e0bebb	2.533556893260523	9.21975
450/c9642fef0946e	2.684689171964008	1.8818125
451/dc57ae22ccdea	3.304536195736271	4.706
452/b2a48b8fddcb8	2.456742730074477	4.4890625
453/b63088d4050e5	3.12056365298099	8.3701875
450/656139740b963	2.6528055595932614	4.2498125
451/53fbac24c1c5d	2.981368060339382	7.455625
452/6f32aacc1ba66	3.3877394353061128	7.14475
453/dd5b400b76d54	1.6546200881656392	6.585875
450/feb97053071cf	3.2253094140257996	5.2104375
451/7b50d8ea30bb4	3.3112791470877645	11.0133125
452/c78ef74937c74	2.1877918060348804	7.0570625
453/dc79228159e37	3.2452721389764165	6.607875
450/a110fca958384	3.4966625757342418	9.6139375
451/29d63f337beab	3.017513941857223	5.8209375
452/a974ab476719f	2.882752768613124	6.78
453/e83e763b9aa01	2.7147810918264024	7.5401875
450/e4120303eabbb	3.2932029997676504	4.679125
451/73034e51b03aa	3.5131188051645785	11.2629375
452/e022a27241af9	2.9753838662302794	2.940625
453/f98bbc21a258a	3.3166450172553774	7.1089375
450/d34ff14556d80	2.932438917760876	20.6771875
451/06efa00eadf40	3.0958342854571956	4.7278125
452/30a86c608f7dd	3.153917231105851	7.53625
453/3fe0609d599c2	2.835033853759231	11.629125
450/3a78f7c9f22ee	3.034959326917904	6.91975
451/649456ba1cc12	2.6844870256196423	2.873375
452/dc7a489307b4e	2.931046270397133	1.993125
453/01baff3abbf0e	3.3348389597557215	5.81225
450/34e99446188d2	2.342486382190545	5.2455625
451/c7ae1f261e8f2	2.750351229881971	3.53225
452/48d9012d65bbc	3.01412116834906	3.046625
453/6fdbbc20b344c	3.3070009424060283	10.67025
450/68a549412baa2	2.244746145414125	6.1056875
451/c8f498510f9cc	2.103140283030978	2.1744375
452/2e946a7f51042	2.890121112407892	11.771375
453/b213692c3fb41	3.0275409271027085	6.78075
450/9aa21b5242e0e	2.2881141011753576	4.26025
451/5fcd5a1addde7	3.2903751352110513	13.7371875
452/b427f07673fc7	3.3076979602890177	13.880375
453/ed3e7444d8b9c	2.281159877995085	2.771125
450/34cedb2df0d78	3.274866380556732	4.8343125
451/4dc2dfd0cb72d	3.3920974547646603	7.37125
452/972806132955a	2.4194826152828663	1.105375
453/36949576a9d2a	2.446121069957294	0.952
450/d07b167a7b7cd	3.4897643083022993	4.9395
451/62e4effa82393	2.9381730678106464	5.156875
452/eb02d23bc6c23	2.53005606860798	2.4108125
453/2e56c2fa51161	3.5269737401597423	9.8514375
450/d14f987d980b0	3.200611856642698	7.563
451/d20f9e53d84ee	2.2983938187396205	3.9126875
452/0e7f2b2cf097e	3.2568419142158502	3.465875
453/0d4c22f2508e7	3.252148177865864	4.39125
450/2aee4d8dfa0cc	3.352044523718315	8.364875
451/94ba3bd69d197	2.7960619468652115	6.5633125
452/506fb9eecf9d8	3.4472657341137105	2.6229375
453/b42c97d76edd8	3.3387829768233317	13.2949375
450/ec6ec589f0639	1.9949873756878873	1.572125
451/c03e8e40d72ff	3.443031033815074	6.55225
452/8212a361b3eb4	3.4727149805141235	10.937125
453/6740ec7d82bb3	3.113314492068721	5.9810625
450/0d56e0a885e55	2.591227227039929	3.1434375
451/523f81547bfd3	3.3747406436751723	4.352125
452/c2046350c88ee	1.501647468243259	4.6456875
453/06b049cb36888	3.1521263367455954	7.4889375
450/f3ecbcfb8b574	2.8464753667076903	6.27525
451/e3f519ec17846	3.3122674717589504	13.2018125
452/aff243d05f1bc	2.891519340752365	3.127375
453/123363f5188c2	3.3424399013469874	6.103
450/5964bb4701a1b	2.336795319235588	1.2489375
451/2ff82043a1d92	2.7097331089266943	6.5091875
452/9663a4d42fd8d	3.140088950843083	5.6015625
453/8a5571ebe1f9d	3.213159963189479	6.1194375
450/fba20d7e5689b	3.219646230434495	4.776625
451/b4dee93553b48	1.8299828892687722	6.7019375
452/db713215db019	2.809836815409617	1.658625
453/ca08ef214bf34	2.5795527923105306	3.70575
450/23f7121ad8f96	3.524645883599916	9.5075625
451/023d9e5ce1819	3.2786904409257565	11.222375
452/e769213f459fa	3.386128859986771	1.4229375
453/5d8b4a136783d	1.9506895096589674	2.671375
450/f47c05735eb51	3.4410393153922585	7.7215625
451/87ad85845f5b8	3.043151701146209	3.1618125
452/6397987864c6d	3.0799988784127206	10.5715
453/90094e94fb9c7	3.0190465960768766	3.243375
450/443876bfbbf4b	3.2450565076632927	12.729375
451/43ebc4defdb75	2.8277572401855844	6.989875
452/cac39d5ef213a	3.4051122570505306	3.2558125
453/ad1786712b414	2.898291915288069	5.8399375
450/7c1a985bc004f	1.0957900803742986	1.5385625
451/797053a17a307	3.084061459237085	6.610375
452/dbe48973b506c	3.3090892019837557	1.7236875
453/e70b87c22f588	1.8845629210518968	2.13925
450/4edd90a0b3639	3.2906467331611413	3.90475
451/d6d3330f90e20	2.4195285748738646	1.2213125
452/71f3558205aa4	2.9454732208596726	5.6465625
453/405e996a24955	3.1857279129978306	7.1186875
450/d43c12d4f4521	2.554762428243823	4.6384375
451/137d48aa23059	3.3867075620812996	7.769875
452/4da654cbc8282	2.8317815792233487	3.3138125
453/a74314a76e829	2.929915765972619	4.6080625
450/d55a85e4bd3bc	3.296925605899187	4.29525
451/efb372e489a12	3.38221718264997	10.544125
452/b6c56e4340f48	1.843693719558697	2.8206875
453/1d7873219405c	2.24090809091379	1.4410625
450/aaa3a3b3f915b	2.177111708563445	4.5779375
451/a7d526c746729	3.36863349643028	9.7034375
452/7e9a5ee6da204	1.8720216205273326	4.1894375
453/51303f6246f65	2.854799774051777	3.7303125
450/b754c44aa28a4	3.1053192483876972	11.7440625
451/ded73fe081e10	3.345379253392443	6.20025
452/ace98e704e920	2.589822108760856	1.248
453/6290641c5c34f	1.704943641346516	2.682875
450/66b5c22110b74	2.774274215495355	6.3230625
451/fc9fffb94b64b	3.425097833241985	16.449625
452/5df02caa78972	2.68125842682905	2.7491875
453/e44109e2145bc	2.6965752653545576	1.7295
450/4047da5e63d7c	2.707384835853398	3.137875
451/a8b96692d940b	2.901617264364208	10.4405
452/ce928ad2e61a9	2.965763841113467	3.734375
453/603414c025f49	2.6641586463573614	4.6851875
450/ae66be1e152fd	2.450173826955116	3.0708125
451/d7260d36ad6e9	2.653603773048716	7.061
452/d010fa03b9e38	2.3435475759453377	20.773875
453/62172913af9e1	1.0834091288743741	4.0015
450/9f905293d2e22	3.471783120957981	2.026625
451/83aa732d16caa	2.7927241145013233	3.0561875
452/0bf7219cf8011	3.282324479201899	9.336875
453/ca7308223b47b	3.2126525621511024	5.474125
450/2db3573a83381	2.934991198871774	4.390125
451/3fa6d76c88041	3.147587515563875	1.39375
452/8fb00e92ad273	2.893316086125049	1.7739375
453/f817644b40c19	3.320221438704717	5.2415625
450/4a7067e3878b0	2.231427360303441	1.592625
451/85ce476890ad0	3.2716651165287916	8.0640625
452/8cefb43d965d1	3.163756949967397	5.0946875
453/637f1506f024f	1.084953728449119	1.307875
450/3e6933978efaa	3.097018787848787	1.550375
451/e695e02e3351c	3.1856155704819793	14.1784375
452/800b27a1f6640	2.485826922590715	1.8075
453/5a05b91997d03	3.3527971216018813	4.3375625
450/21ae196c41927	3.075346428213525	12.024125
451/c8f751beefc56	3.2841847442707937	13.5356875
452/c58039c89f789	2.555433004937722	1.72975
453/cdb7eeda02119	2.8762259960464225	7.876875
450/54f87990bc4d3	3.2047885828190945	11.01875
451/fb9adbef2c5e3	2.34049163941689	4.848875
452/f4530244c6872	2.9631968812920815	2.1815
453/17d676c877b7e	3.1559471571465445	4.692
450/3cf7756c62cc0	2.714475118746684	3.611875
451/884776b80e199	1.1022716941505732	2.645375
452/3d69432fe12cf	2.410277344358589	4.51375
453/a0a4dd9f7ae8d	1.8432807532129791	1.646625
450/fe0a021ce1f08	3.290223532443967	20.1218125
451/403840a8a17b7	3.3919743569669816	6.125125
452/eb9b8e06f520d	2.7190592464818395	1.2969375
453/9d8557eaae21d	2.081149986608701	5.076375
450/7c3758d50c049	1.1096465328327545	1.538375
451/0dcc4fb580afe	3.19142198016565	5.263375
452/22eba412106b0	2.645681798208086	5.5061875
453/c85ac6a5bacd6	1.2815258647386878	1.53775
450/e163317aea316	3.131180440594168	2.9324375
451/66e360e6d2546	2.7650053415823312	1.373375
452/899207f0b2c45	3.3009219350165853	8.53575
453/c7aea5dd74705	3.08386372520089	13.1574375
450/f80658d95d9f2	3.3858931260565264	6.402375
451/629e6af942fb1	3.2773258314799762	5.049875
452/92a23780c5c06	2.2763162934523384	1.163875
453/b19ee0a20fe5c	2.3013216239089305	2.121875
450/2e63417c408e9	2.7104436021822074	1.3455625
451/d6cd27b1c64b6	1.7663595058346702	6.8646875
452/305f32130498c	2.0331966131598014	4.024375
453/67a4cd6317eb1	2.8619974891836777	3.024875
450/a6fbe7789aeaf	3.2764723452848323	12.9198125
451/0ee31b85d9253	2.4042538581406028	2.5465
452/c038b04f788ae	3.4968583698615565	7.596875
453/042ab03e1b098	2.70155334240583	6.5851875
450/ccc2902b9b3c7	2.473646989853124	0.8644375
451/77b3653ebf6cc	2.5764339912304273	5.60075
452/a4364c438524d	3.144505164207281	4.15275
453/dd0de32aa8391	3.299317321616783	3.191125
450/0d2d043fd3c7c	1.9729306603449694	1.1275
451/69950794f67fb	3.145498007393531	5.788125
452/e3f47a23c01a3	1.9991333491130103	1.924875
453/fd90951b5591c	3.3405704126034763	14.459875
450/2b77f8b2e17a1	2.7639669282106194	3.0489375
451/1e78a41807e10	2.989649619422687	5.196125
452/e860642010c81	2.1237040779204595	6.842375
453/db006441f0608	2.3291935038491784	2.92875
450/b2e22da791990	3.0687837487405423	5.7501875
451/37593018fdabe	3.3427406282275647	13.57425
452/3d77ff304def6	2.7322170455073915	2.288625
453/fb1b9135ac65f	2.20920308359728	1.6345
450/56be2f2324496	3.33741874605786	11.6885
451/cd018404e081c	2.3599973704413513	6.7741875
452/c420280b5c605	2.754512033446166	9.340375
453/cdcba40dfed8a	2.9863785008414263	11.6206875
450/f5d6579ba7bf4	3.464401384932836	7.3031875
451/84783573ae52f	3.265851042967045	8.569625
452/c3ddab9b9829b	2.831862119658178	10.8919375
453/c7bf7aa9c07b8	1.2558573050723558	2.518375
450/b9e9a742a6588	3.005131529172248	6.2949375
451/1b1156f2338b7	2.8271436411112525	5.3555625
452/a2fc3acabe8a2	1.601200109721534	2.6956875
453/ff7c1a7bc8bca	2.5607497192136615	8.546625
450/303a37ab265a9	2.7774403374967145	3.463375
451/1564136d29386	2.87997422945171	1.6104375
452/2c95b87429447	2.898305060864667	1.93775
453/02dc9a047834b	3.1060185299148912	21.4044375
450/c534dc2845726	1.7881068286344943	1.9228125
451/4f268a2e4f28e	2.548661414055641	6.7043125
452/ad4d2e592b446	2.270571568717941	7.20125
453/f357009772db3	3.016475929277652	3.1800625
450/8ee74581f4efa	2.7779545206274054	5.498375
451/4db4a9a1bfd79	1.7219548951440231	2.4045625
452/5547d8ac31981	3.194925102287569	5.804
453/15e40a7c598c7	2.916084265038289	3.7228125
450/e07c21c7efb2b	2.5420956967198456	5.19
451/8d1e7f016ebfb	2.9914645249602514	6.0201875
452/3926e195e8a37	2.6422744774273434	2.4053125
453/b6feda188d93a	2.1207386539570154	1.0086875
450/102d4c3b1b952	2.4114103443155788	3.039875
451/37a109b31323f	2.969050993166543	4.98675
452/d25667d3846f7	2.3905885866292076	2.154875
453/e9069ff879352	2.714919946406315	5.605
450/b7de2f7e7e9bc	2.540128167473991	3.172
451/13384ea2360c2	2.8151741317370997	11.0315625
452/a4486ffa2b0cc	2.652933899677996	5.6990625
453/7e12cb252fd48	2.6281399904812415	2.59725
450/7ecc34f72eb06	2.537472815693508	3.29375
451/80ebc7762bb48	2.9571712706244178	1.8605625
452/eb9f95a4be9f9	3.002761456546736	2.697375
453/4054c16809ab0	2.1851150569347086	4.012
450/810ab74e7ea28	2.4540369588848416	2.119625
451/ef1c115787959	2.417831560387022	5.2980625
452/133a97f71f695	3.2595266623058095	9.1780625
453/75878ffcd2b4b	3.1816947778693447	3.6719375
450/90b1c3176b574	3.272406024556587	4.777125
451/0101c3064973e	2.7250840320362006	3.72025
452/94511b4133910	2.7164689613698765	3.9844375
453/48d31590e55df	2.5179851298293334	3.704875
450/c717658fb14bf	1.6901147088626662	1.341375
451/9c7a1f76059cf	3.3651174074229617	3.3029375
452/8f79767747ae1	2.8810462438222566	3.895875
453/5bed0ac43e53a	3.128186873431013	1.3099375
450/e36966a0ee0d6	2.7381753256383097	2.1185625
451/c39780bd43b2f	3.313431470395269	14.5799375
452/e0ab5906b351b	1.7573393990421504	11.189875
453/d04e3c4fcad37	3.459401216101245	23.3930625
450/6741b6738eeea	3.427455750605313	2.67525
451/a4d8cbf7e633b	3.012983427500747	12.50825
452/c35664d30dcc1	3.4494100509950445	8.312625
453/061c791f5be48	3.4058074341708577	4.6015625
450/9a5631b02798d	2.9937124569434697	7.606125
451/2c18fa2b80845	2.1817981546972174	1.6823125
452/1f0868652ba29	2.1903240713852834	1.2015
453/72845c3bd040b	2.924468287080582	6.095375
450/dc80fcdbacc87	2.48322646128068	3.99825
451/24427837925a6	2.8121070287000043	4.1245625
452/84fe0f2bbe5fd	3.433765411015591	11.8125
453/1821a96975dfe	3.005813062561604	8.588
450/9ad55e06d5f50	3.524514584400413	13.8113125
451/e6be4ceb0222e	3.4390970763402438	8.739625
452/9ae0fc67c4286	3.346700265974362	8.2164375
453/faa46afc86509	3.2869726323388186	4.004875
450/7bd37f604c153	2.824334186247531	7.4759375
451/6531dfcb3e497	2.9043770790985737	3.363375
452/9d9a7e182cec9	2.8868117805717275	6.32825
453/5d1a7c1f4161d	2.3499007162679044	2.215125
450/9e48c68800c5c	3.0614597681253994	1.2393125
451/12ff8b0867242	1.1601309503427615	3.7351875
452/74fe5bd8c2443	3.5631528642274017	12.278875
453/b97ae4fe7b6ca	2.873835816152682	2.4035
450/cc4f222edae50	2.5968731826904112	10.3205
451/915ccadbdf98f	3.0514334884221896	5.00425
452/38c45be72cd76	3.15014531788807	6.298
453/0e625fb97dd71	3.198175440921738	21.6681875
450/f61baec5006be	3.0528724560017086	1.9330625
451/953d15a8aa41a	2.8683934895493595	2.2140625
452/03879e19e3f0f	2.9804632953867523	6.52125
453/94db1a00abd7b	2.423328393477656	1.97875
450/178dbd6809f26	2.777156528246967	3.612125
451/1397bf2745d6b	3.320463897626297	19.07325
452/d02a57ddbfb54	1.396683747021798	1.4635625
453/045d4e3c5ad5a	2.0598396254712275	2.7405625
450/f98c13c266aea	2.919714279058016	4.7433125
451/e36f7487de405	3.031467309051473	6.0970625
452/2bf6d9631e4bd	3.1716566255658813	2.7775625
453/3ef940918bd83	1.5193697658621028	5.7266875
450/f260376ec4871	3.1373247179511488	3.2080625
451/72f7c65180717	2.8234798417227083	6.3655625
452/7a36c566262c2	1.7330904311635107	3.13325
453/514dc3bc5c41f	2.5985230558350954	7.4220625
450/818bf24ae0c85	2.147453583100562	0.8400625
451/8e6cc02431caa	2.5234817092603716	2.645625
452/e995ce30da9a1	3.092074168934536	7.7791875
453/abed93c345c7a	2.9098600755557826	9.295375
450/947491aedfba8	2.492095280701037	1.2013125
451/138eada7a523e	2.071348598086723	0.8165625
452/428839547202d	2.736552249573196	8.027
453/786079089cc42	2.5299676610202178	7.9661875
450/6c85226f37708	3.136147415682865	9.0791875
451/2d0ecbb94e7ce	3.2072621660463305	6.15075
452/b5b7d53799826	3.361604616708402	12.0965625
453/afdd39449cfa5	3.3688641413000235	5.5061875
450/1c685274eeec7	3.271213046425547	8.1053125
451/61185bef53b0d	3.0040707616117808	7.137875
452/fb829a99ba875	3.237397678158939	8.0031875
453/c9a794c6a3a98	3.1854093010058326	5.2575
450/c582b5732d1eb	2.6389283707243485	12.541
451/48750c28c8099	2.6046773491992363	5.289375
452/97d99a5b8ad8a	3.2373282665217595	5.1541875
453/9169589b8aca0	2.921450453535719	6.89525
450/74fb6e88b828b	2.309518121764803	5.226625
451/296ab01f3cebd	1.9828295516283938	2.2719375
452/f444b5e534f79	3.345890187173135	7.4075
453/efd39b9e1724b	3.388686200802088	4.5838125
450/f357b85bbbaaf	2.4453073347063605	4.2775
451/a63387e8ad1c0	3.185207698412553	1.649875
452/d394a693d28ea	2.4334807077909995	2.8775
453/d30eee5ca29e4	3.531698137803189	4.8561875
450/b9815649c502f	1.4864974627487393	1.3453125
451/e672bc9e978f3	3.1034592265062795	6.1489375
452/ccc3fce412df2	3.0317816007375713	1.681875
453/b6a4c18954e42	1.1019234450129471	2.618375
450/e96743baa5167	1.062842647997732	1.5860625
451/9dfd150b56c84	3.2289157498597665	4.5696875
452/da2043d3e9627	3.387831729723508	7.9726875
453/801a80a188b45	2.64936588549361	6.4275625
450/bd561c3a2e9a2	3.1585202108052175	2.483375
451/b460a53b48593	3.1522915770055238	6.3148125
452/020546eb89821	2.687656968434888	5.54825
453/73449225df0b8	3.178280186261984	6.1845
450/0254afb9986a1	3.1792393746242915	21.0063125
451/9691064a0f730	1.9400063233417875	1.14075
452/be45e913db06f	3.362072672960503	6.2943125
453/3792bf5481c36	3.2037699043207057	6.984125
450/ca2a80420c45c	3.3059086289590147	14.976375
451/bf33c83ea02f6	3.1584754623328593	10.153625
452/f24b4f310f3af	2.2966999384646827	1.07225
453/dc3e20ab090e1	3.0267931901961043	12.457375
450/b1afefe148ceb	2.964037691870112	6.3681875
451/0cc7fcb5cfe5d	2.414847540533967	13.335625
452/7ac3542fd8c41	2.553467189392046	12.8655
453/892509f181aea	2.7839215844147804	6.7200625
450/a593f8d895459	2.7813623887317256	5.88225
451/1db1cc30b7934	2.7701152188838956	2.3284375
452/05d57fdf466cb	2.777376649605923	7.848375
453/b9f621ed66bbc	2.6328965702406495	3.075
450/c08cae31ce9e7	2.5145918558710356	2.478875
451/01646a64c2df0	2.679325785569898	5.1585
452/1b412847b4ee7	2.4119285928366567	6.61675
453/4ae6b63299a42	2.636126428881778	13.167
450/4b713f26d1c46	2.676029916418932	3.3195625
451/85b618dcd7836	3.2784851164668414	2.9301875
452/3c61d28e19c9d	2.8205252160378733	10.075875
453/f8ff99b55319a	3.5117271786202964	18.187875
450/db1b52943a85b	3.2777195134653714	11.719375
451/4dcf586d41c6f	2.9717899314815983	6.1174375
452/5219d0f3fa9c8	3.143705770948519	9.61575
453/a9f1dbcaed92c	3.4352802515691496	11.58575
450/c76137b71bdf5	2.2339151523715515	3.5196875
451/9b52d2db3ed91	2.6582706923571333	2.911125
452/02bfd736c0879	3.385848618167794	12.9976875
453/46b7043be9758	2.512203894334361	7.1318125
450/e00e832d6bf38	3.3077708256726246	11.4205
451/8afff755dcc12	2.8021602991098997	6.4921875
452/4af05d5ff312e	3.0069957638030473	2.7396875
453/f4306ef1de993	2.7132653170123286	3.2735
450/ff6273db92275	1.7555158984900527	2.163875
451/21bd2048b51de	2.830153395486334	7.910875
452/186997f633584	1.7856273030056105	2.0188125
453/3e697c8ec9d2f	1.1627675194466065	0.9615625
450/b7dbe8614063e	2.4844373499016164	2.414875
451/3f318af24b0a6	2.163969911158397	8.380625
452/cc3f2d3355aa7	3.2502993320015365	5.92625
453/74b12a1c9dee6	2.464901906401656	5.5366875
450/39dcbf58bae7b	2.8631416430356422	4.78575
451/fae20d6e199e7	3.278595314180674	14.2501875
452/c787f0764dd9a	3.0858723389897924	7.9491875
453/b8e91a6faa83d	3.027203436148087	1.315625
450/e0fa5f46e6b9b	2.3764651084114874	3.47
451/25a38f6876989	3.454009506228311	12.710125
452/1a380c64c74c8	2.8688297042143547	2.1105625
453/4f3cafdf0d9f3	3.3773270394757984	8.714125
450/ae075bc71a9e5	3.1326785302364137	7.6090625
451/ca7763134287c	2.6435148128954213	8.3375
452/7cbca3df72898	2.601410276421675	4.4304375
453/584b8bcce0ee7	2.040595787254883	2.2664375
450/cbcfae80c4394	2.9299030807134665	3.370375
451/43a28996b8e68	3.282947360798272	5.655375
452/ee9a7b5ed7977	1.7015548973320995	1.07475
453/aa7335d826e48	1.4734241861541608	3.1913125
450/d57153b219dd0	2.419091894967	6.300875
451/1f88fb9a35525	2.891258922955799	4.1528125
452/57501eff59e31	1.1104872968889254	1.7366875
453/1c2702c93407f	3.350153415085651	8.5970625
450/182d99056ff76	3.140298271564821	10.588875
451/00db9a6b55861	2.011616731669933	6.4551875
452/46c4c655d0483	2.8413357364539618	2.87775
453/26f2e2305f769	3.437140886464859	11.3115625
450/8933662356cc9	1.3336791716451744	4.2775
451/a2357a0b13ff6	2.850777522734046	4.3278125
452/97ec1ac81574b	2.8109820992800496	8.059375
453/23155acc6d31f	2.764679582476756	2.902375
450/64f396022a404	2.7643571601436054	3.3194375
451/ac02b835e84e1	2.916168469629192	10.21275
452/0f1ad5ff06b64	3.1515493632182108	6.2044375
453/907a1f87ba3e9	3.1431247549177797	11.316625
450/64979ad730669	2.563509136749459	1.0096875
451/ec63159315be6	3.193212413796469	7.40225
452/e4e147e5b9896	2.9741944567937604	5.5313125
453/0693379ed5952	2.8665974138692834	4.8054375
450/65fbcc0ff5e6e	3.041267272242224	7.2715625
451/56580f28046c8	2.740928363646603	2.630875
452/592d26faee178	3.013529112429087	3.892125
453/fd35323dbbf7b	2.8990563769697286	1.9953125
450/7ad118e3002ed	2.3212444541912602	4.6849375
451/a4ec2fa3174bd	3.2382326246343993	5.446125
452/3f91a61254bca	3.0557127453087873	9.461375
453/25a3e20bdb52d	2.2981463491672387	7.6544375
450/9b0be9345e785	2.7215507068240705	2.4505625
451/c1deb196de57e	3.045266606020503	17.500125
452/00dac221d26e2	2.8383076907340197	6.3821875
453/bc2846c2c19f1	3.4507296885228844	12.786875
450/3982f1a6ddbfd	3.4196170583837358	7.6410625
451/1aec59cb5d66c	2.894201830718454	9.2016875
452/970205c02bf29	3.2152306519413596	7.5964375
453/80a1fde63b412	2.5193055835104374	9.0588125
450/b3691ba6b3295	3.112102879640475	4.2433125
451/4ab99771641c8	1.790168944570699	4.0731875
452/8992e7cf63733	3.433779659040895	9.475125
453/6f70d3516765a	2.2994535643821035	2.74425
450/52ce819aea7f5	2.9558301400054328	3.26275
451/f4029d5814329	2.9298655437219288	6.9749375
452/d4be6dde7bd93	2.022278061396565	1.8991875
453/9a21fec4b8df0	2.2334065674714307	1.6115625
450/cbbcd91b552c7	1.063288832646003	1.958625
451/9997b2db249b2	2.4939703028805065	2.234125
452/e2ff5b8d9f3b0	2.826858463544052	8.197
453/c446a17a49032	3.0676785607972223	2.3533125
450/95d6645cd693f	3.543860517075428	15.4414375
451/92e128a4b4d60	2.895045510289197	4.057125
452/28f03d44fe9ac	2.4336666306891117	7.6469375
453/205eda00c2684	2.278517494783434	0.8850625
450/e8c31d8c8e2af	3.0916368813937494	4.793
451/b67fde9791713	2.4295044027612334	4.587
452/c183dbb877143	3.3312716340399477	11.2639375
453/356f403713457	2.768832556854243	1.713875
450/3355f3f98aa75	3.0313918129089457	10.6069375
451/fa3596dda3d70	1.9778895543005917	1.805
452/aa1d0690e14d1	2.4511920801099643	0.88525
453/647ce73220aff	2.741908859280588	9.67675
450/e7d21c05deb17	3.2022681904162917	10.275875
451/5264efbe5340d	2.538577503581664	1.6025
452/64430acaea9ad	3.113944637840099	3.8294375
453/903ab3f884ca7	1.862728953450827	0.898375
450/a41a5f3e04d0f	3.128195550121316	4.35225
451/558deeef0021a	2.721016522665377	8.2209375
452/27e84e4089889	3.0852724457161105	5.604125
453/21fbbca4f8a33	2.9265775904234936	3.1580625
450/7eec957d8e260	1.4320031552458687	1.538375
451/4223fd9ad9462	2.918402655931134	3.3006875
452/fa74ddfb4c52e	2.4448927543140626	7.2143125
453/5b2edf0133280	2.8993755873804363	4.6658125
450/a22e8c0efe040	3.0386699527513326	4.86325
451/5012963e259dc	2.760760184684459	3.156125
452/4ae75cb3c79bb	3.0259264894465847	6.4631875
453/b75bc7afa0286	3.1386714707989714	8.8165625
450/af31b3138f157	3.0923768487691556	9.64025
451/8a6b97bcf7976	2.6988331053794323	4.201375
452/83f138427affd	2.664045390150163	6.155125
453/9b0ffd06ab26d	3.222086196661024	3.9744375
450/b2efdb78c8d8a	3.196769277897721	8.2845
451/43175256d0a86	2.830451266747426	6.0530625
452/7f02e722a3510	3.138958889669525	28.7571875
453/2a16d0b0bad9a	2.692570424163355	6.764
450/de54654b10918	2.667427345521245	2.434125
451/0b6960c7cb3d5	3.061894273531508	12.343875
452/8322e2a795b4a	2.7470268539927467	1.6336875
453/a37b81f0864cf	2.6927835505658524	1.4015
450/122207d2b29cf	3.4647184980502805	12.101
451/6377cd7b7a855	1.0916565295051546	3.070375
452/2e5928606e340	3.252383623610271	6.205625
453/276a812505eb2	1.657253702207374	1.8613125
450/6c1b1f7e97ae7	2.7535277674172165	1.4165625
451/e4db6aae7ba10	2.870760849733624	3.0653125
452/2abbdee380e95	3.3983811131451076	8.57725
453/d8597731bb773	3.126272623493225	6.0419375
450/179bb7f06b1a6	3.4117923161226624	6.45625
451/41f78796cc649	2.7404927741753515	2.508125
452/11f9cfbdb7169	3.219326174459339	15.678
453/f9f0eb39e7954	2.974658095922026	2.26925
450/6d3b0fef8c61b	1.1036499633985377	1.4505625
451/cabd1daf620e8	2.905126082940569	4.4429375
452/054bf8422a014	2.644059999113896	3.285125
453/6cc6abc0af833	3.0663833366506066	15.616875
450/902bc745f6753	3.2718492320589587	12.162
451/4c1e549d679fd	3.035759542501595	3.156625
452/fc0d50b3a7dbf	1.9193661302388039	2.2604375
453/c55a89dcf63de	3.0654560332571816	6.713875
450/c338678ed2b08	3.4159680417128824	2.9165
451/034168d8b224e	3.192409435911554	3.4725625
452/7b49a00cec75c	3.1023349601312167	8.02675
453/b47141b9d0a8c	3.2971031058912934	28.0879375
450/a1832dd4ab36c	3.1239120968428917	19.433375
451/d8abfec580aea	3.5259277124837265	4.6865625
452/07a73fc5a5199	3.3661669523744187	6.2484375
453/225b10fef662a	2.719963962234402	2.1504375
450/a6cafae76825a	2.989986093832498	8.1235
451/5ab959bc654b5	2.3175438856621056	4.569125
452/96d14b59f15ff	2.609668347973269	5.691125
453/38407d407e956	2.3954162094676312	11.2506875
450/8b438ce3a733e	3.1836583094327944	5.5294375
451/d086691278190	3.3785651283656573	12.1560625
452/185003d9ebc12	1.9464945805444505	4.1000625
453/130c5376681d7	3.2190144053315954	7.532
450/e61aa34734fd3	2.5046435919000865	1.6975625
451/146ba8bb97271	3.2152372374778757	14.087625
452/0d4ae5ee72387	1.2588383324837227	0.816625
453/22be902a898d2	3.464866129185748	9.1620625
450/16a7fbac02d2d	2.708441535162589	2.7395625
451/66c1c6e15da03	2.191314998568369	3.3780625
452/fa13f7c03b8d6	3.4585870238645784	6.59725
453/ff764dd4c4226	3.349842685327964	4.20475
450/8d509d66da730	3.2690626366405278	16.8181875
451/9428be028bb22	3.1428069268583463	11.101
452/6420885597d1c	3.2409769218687363	11.6215
453/7de195275e6e9	2.956240563837289	2.8363125
450/d1e685cc34694	2.467696092900496	1.9218125
451/f097426428c95	3.33688076824524	8.2225
452/829fc99f4b96f	2.942044456394322	4.51225
453/34a445677578d	2.500585818287527	1.910625
450/bc676c9e452b8	1.8994442872119959	3.5190625
451/0003665620504	3.204444298099375	4.9445
452/0652dbf8a65dd	2.8367098880772286	7.361625
453/a2087fee679ac	3.4291754207852003	11.9666875
450/afb3f4e3045f6	3.144657019643822	3.47475
451/0ee1d6ae814e5	3.318422494026805	3.159875
452/9d91c7ae7e923	2.3001283983490093	5.33025
453/50b0d22a54fad	1.0719106625703985	1.15425
450/fd1e5f0f1e2f5	2.3997632098322788	2.76125
451/c382d8245188f	2.860738659188382	6.6969375
452/8e443bb9214f9	2.963320181705546	2.37625
453/1086913a9385b	3.1141951472590335	6.66
450/dfbde2b96b12b	2.9046747166803812	3.9498125
451/04f6e905dd0ac	2.2071200559808744	5.1613125
452/c454ac68a363b	2.9233633642350254	2.0205625
453/36d0296fa37c2	3.3836002327896844	6.24125
450/ea94f5c2e8838	2.7704709487015795	6.511
451/2175141b537b3	2.6740913354032005	4.0085
452/1b5e40ec01438	2.440289609492594	7.453
453/d4509f2904209	3.2807869477352924	12.7428125
450/b0528bee980bc	2.140301418778631	6.3575625
451/1f364593c74bb	2.9097274309332866	5.6055625
452/620e6914db171	3.3949715565530254	3.944625
453/ed6f905dd4dc6	2.792363784106651	2.73725
450/bd9a4ca228227	2.764577247499823	6.1385625
451/12447269651c4	1.1163991894967262	6.8731875
452/153e3ea682b55	2.783581906426375	2.0686875
453/857528a08d5f5	1.9750765240724333	16.452625
450/c6ed7020699b9	3.323743841723885	13.3418125
451/7a8f72c39571d	2.529291122068669	2.383
452/7e94a9d9e1d07	2.1310257410745486	2.4274375
453/2d0d8af211421	1.3587601681523604	2.3026875
450/a6fc0c8c4583a	3.27617955322069	6.5988125
451/10b4ab1c69e78	3.299319461098855	10.677
452/ca4b646f516ac	1.7463321782773715	0.76825
453/a2041bb600f0d	2.5753688713684317	1.678625
450/90d74c57362e8	3.3354797443351716	9.408125
451/b9b24daef4a26	2.202835790751814	13.9348125
452/fbf900ecdf75a	3.1875665016623325	7.4293125
453/71cbc7bb32347	2.219320913505797	4.1535625
450/6be593f25c130	2.145905603675159	11.615375
451/d45a4cd37a712	2.9923320068788777	4.779375
452/804b15d7290b5	2.837160726698811	11.558125
453/0b9b9dfae68d9	2.813968811238012	3.5558125
450/4bcacbd7d554a	1.2957556944473323	1.8419375
451/254dd6a3f09ee	1.9865056285472675	28.0488125
452/314389c1ab878	3.022255245097798	3.993625
453/73d8d4ef31bf1	2.6052357023926116	5.094375
450/a3b7d69c46e9b	3.355089340039624	16.109125
451/7170e8ab9c809	3.424470719957398	6.7306875
452/756eff8d75b43	2.7320829272529905	3.012625
453/30553632b2968	1.7590048720290468	1.813625
450/7ff129617908b	2.624664858490264	2.73125
451/af1618e552463	2.9117545561562665	1.437875
452/7b2a39a8059c2	2.951863520759089	7.0895
453/0a6c04fe937fa	2.295028144772837	6.6981875
450/8399c35975dfa	3.249595009247854	3.833625
451/55fdcfa91f917	2.0015457890658666	2.0405625
452/72995fb1e1ee5	3.08295181804051	2.1664375
453/77e4b50f33e74	3.258282268493866	4.2579375
450/68b305118a0ce	1.8032042666634187	1.7089375
451/8a13d8531c2d3	3.0984918208444365	11.6074375
452/3fe44a89e6f58	1.126936261200206	10.5761875
453/50dc2d6aa69a6	1.6342032172469143	2.381125
450/e3e2682a7f770	1.0983246031357772	1.611625
451/efda97b8889d6	3.3719584289362237	7.373375
452/5ea2aea4e4869	2.6470352773895884	3.6718125
453/b4d0e9940e229	2.061748582898212	2.259625
450/674467e47541b	2.5294022120052158	2.455375
451/f77d489296a2c	3.1621707023146763	2.38475
452/a811f4fdb0a1c	2.661420665873401	2.0810625
453/3593531d574cd	2.9477719684882753	1.83525
450/51c190553a17d	3.3317093323264517	4.0186875
451/51aa777b1ac09	1.865615687448879	1.8899375
452/d3485188e68ae	2.8447965551723344	11.8688125
453/c87673d75e35a	2.0590920852034333	5.761625
450/77fcb27eee8a7	2.469325374134173	2.2844375
451/23cade853371f	3.2312444889080214	6.6846875
452/d0241cb4ec348	3.352409494749653	6.359125
453/4877c3f75c11d	2.2893659646090785	1.502625
450/5b92e1a1449a4	2.9523208222825317	3.153875
451/e9232dbea8631	2.908556860726356	8.12475
452/c7e64f4503f7e	2.5170923652231854	1.0834375
453/c9a69039a04eb	2.767497201391128	6.2650625
450/ee23700aa3c53	2.616456844972849	3.190125
451/67c4182f8cabb	2.2413164847154796	1.9149375
452/504fa078058d7	2.5681941346242727	0.867
453/e81449db23c31	3.257238714014792	4.7803125
450/aa11e149817fd	2.9117799817722476	7.380875
451/387b2796962f1	1.0773390285556925	1.3455625
452/3362bd780350d	1.1131579477227689	5.8366875
453/c629c0e42869c	3.0391892956591056	4.376875
450/295ffa519bf01	2.436755149566796	1.5346875
451/7b95ac4e082ac	3.026198323420361	4.4100625
452/2aa628633e78f	2.564269178576672	5.6458125
453/ab94e9594433b	1.9610534450824242	1.2515625
450/b6a13b9cced4e	3.4608272135888165	6.9494375
451/a049c278228e7	2.792509076944966	2.1405625
452/d93181897d738	2.9493639164927186	12.7135625
453/d5a3ca223a661	3.4228188514320386	7.9429375
450/c7880c54e6b54	2.8614683636601335	3.0829375
451/52b6c60c9aa8c	2.888065063857865	3.6306875
452/57903ef2d8233	1.977415071145146	1.0634375
453/e8e871b094afc	3.058114405133645	8.45725
450/20a1b3e12d585	2.6965987718862925	7.352875
451/9b6fd5cc3ab83	1.3093050231995245	0.961
452/a210a74b8b090	3.001846947319038	5.9165
453/4dc21a522af0d	1.6584346608603409	2.1015
450/7f735688ecebf	2.579014736397149	0.8893125
451/844229c1c6e89	2.859747309965146	2.06825
452/2f969de8c2996	3.4406270114083957	13.1470625
453/a23e9bc13041d	2.6306184858583217	9.22225
450/1075fc0ddf90f	2.329615675102911	6.812375
451/e100852f56ef5	3.463532707755345	9.916
452/6728b62b1de66	3.4433077864986434	15.1998125
453/ff75e4c5a1774	2.323367484940028	4.8986875
450/53a6c492092fb	3.1437698752484393	8.9324375
451/5e42dae717266	3.1330426022892937	7.8100625
452/6d40137d7eeb3	3.1203861812420692	4.3958125
453/03593d4252b3f	2.914732507966894	6.7073125
450/2d04779db2488	2.4043864099955274	1.682875
451/5b5df898d1c31	2.664056008746383	4.1233125
452/06e0f366cb53c	3.317870153433001	5.3710625
453/1f6cc241e12cd	1.7876999240030391	3.434625
450/9e0875d931c23	3.1682152184748937	6.8873125
451/78c1923d5a195	2.6728355125390224	2.5805625
452/e2fe6c757008e	3.13246032717941	7.075375
453/b470cb2b91c70	2.46483046318926	1.4669375
450/3f6d7b586d1c4	3.41913611309344	8.3811875
451/8e997652d2dfa	3.200175487181186	6.600625
452/b152455f5e2df	3.056180124297058	6.120375
453/f47b7e0ddd5ea	2.640495938731942	1.645
450/6f6d5b25bcf1e	2.5234818680487963	3.6211875
451/26ea7d652be58	3.396021470040357	12.3973125
452/b34eb54cad871	2.9734969151722224	1.7136875
453/0f192cd74a4fc	2.0145734122123207	1.20125
450/fd044cfc1cb59	3.1906994224170977	4.85575
451/25f1ae98582d8	3.32161590668919	8.1005625
452/5bbb290748a3f	1.809680000056602	1.85675
453/0869b01cba02a	3.4606427947917755	2.6848125
450/54c2a57ed94b2	3.0025338402867967	4.168875
451/524c2a7c32d7d	2.628611613392832	1.6798125
452/b59edee30e606	2.5299501008252347	1.7013125
453/66f5ba0694558	3.0568385092765866	11.2696875
450/92717685f24a6	2.399663663774874	2.367875
451/73cd66aa31a19	2.4606147237668248	2.557375
452/696f635b2b5b4	2.804007661034603	6.4989375
453/7266e303e8f39	3.3895403833989626	8.360375
450/5698d4a4e01c5	2.9070746765043483	8.1703125
451/7862829adb71a	3.0614720959698234	2.10675
452/e1bdfea4c4051	2.646486031966787	9.205
453/3eba88e9ecbc9	2.876351135128524	1.789375
450/ccdc3ab0be00e	2.971079406248721	5.8731875
451/d5d771512dd41	3.0023307663570877	4.0403125
452/815e9f015dcbc	3.298914449098512	6.8543125
453/14d0e2fd6c64c	3.454347992739131	15.6846875
450/a712f79eeec98	2.825816280528465	4.451125
451/223fe6900cb4c	2.9028231344746622	6.1860625
452/d1bcef98f8c47	2.035915191701508	2.911625
453/4e42ab437575c	3.403603048505833	9.9325
450/cf6cd54c619f7	2.742927878944633	9.511
451/b3984eff4cc15	3.217303742728904	14.2293125
452/0e97b3b869494	3.4985578594946665	18.3836875
453/8d3f9afcc8951	2.9023750395340944	3.8325
450/6654cb9e4540e	2.856089159423675	1.6834375
451/1296c0f65355e	2.33061518389922	1.4294375
452/6c5d6d53c66b2	2.666254106809617	6.528375
453/697cc38331907	3.222105299905252	4.8215625
450/476bf5b07961c	3.2489713077585924	4.1234375
451/3f00f2061748b	3.4308813004022607	5.1493125
452/c41ea72eb175d	2.8080068532418636	1.7306875
453/6e83625871858	2.964328661301388	10.7354375
450/8acf5881c372c	3.190809494401698	6.77075
451/c84762cd67177	2.202068291978955	7.53425
452/7cd0555ea25ce	3.2119571202006116	4.7079375
453/2f01524cc954e	3.306786988660405	11.345375
450/e41bc26587731	3.2002845506588526	10.0028125
451/29b0d4d4e2641	3.0564584310007508	3.7681875
452/6cf223d05d2d4	2.7084843229958575	5.146375
453/04fe48612b58e	2.783791849755567	14.3309375
450/609d8c57ed3d5	3.475459785825166	2.41625
451/da5db014c91de	3.1406019680458237	4.0051875
452/b2a23ce910c78	2.7009010905953676	2.9898125
453/2de23b52ab38a	2.813122941595154	3.798
450/19b971d08727e	2.2229157129417505	5.967125
451/22d49a773d454	2.5514371986921556	6.4159375
452/637fd653782ae	2.80665653150404	9.0885
453/85ac9efdd671f	2.959176255069682	5.120125
450/a9989ea6d4c32	2.6965090226223247	6.1753125
451/71984b2abf7cd	1.4273809813264287	1.008875
452/34f6b9071b116	2.3703900751168265	8.749625
453/8dc2e9f11cae4	2.383198018571356	5.0528125
450/148e11dcfb297	2.0977486277107387	1.384
451/38566d3e4f040	3.1480308042230916	2.86375
452/e008628c66e92	2.776068226209426	1.797375
453/342f4b43d4380	1.143354972182366	1.866
450/31b3dd413f8cc	2.860964719212298	7.889875
451/cdbcb3aecd2dc	3.0181187952845603	5.8413125
452/e4cb5632106d8	3.127912526691076	4.1203125
453/7eed0080534b5	3.1164960783974487	12.327125
450/7c8f4d2df1827	2.836592652296909	2.8978125
451/e9390f71b178c	1.1526258807958232	1.5856875
452/fa01cec3c53ea	3.1701619305419264	3.2980625
453/a2d99fe35c57d	2.6707295781950586	5.4839375
450/de1bedf060f43	2.950027108545465	3.4558125
451/04eef34cebea8	2.8410224985758696	3.044625
452/6c6a3998fd774	3.0436835348439404	4.441625
453/e5b712d89c7cf	1.3062969020199242	1.2120625
450/28e7287695357	2.9019717454291887	5.71725
451/362e8f7a6fecf	2.667459949243183	3.7505625
452/93da233e359d6	3.5060875540904872	17.4145
453/aabac05ee953b	3.235425186622935	5.878625
450/d61d5392a7f67	3.2753938241009566	17.1501875
451/75539a981c9c3	2.141969573295337	4.1046875
452/380340fdc74df	2.592980115695355	9.197125
453/7db44e89bf31e	3.2793364164680314	4.3851875
450/bf2539059e05a	2.2763879540921543	3.7604375
451/8a6995c023a39	2.3287920297731146	4.3695
452/b63bbbc9bf43d	3.194396242365524	10.556375
453/a51a01f44d524	2.826457228195567	3.38875
450/5c6d8ea7cd598	3.029299695773644	3.669875
451/84bccbc7c3234	3.341336740317186	4.168375
452/704fc5213521d	2.949864729225057	2.7791875
453/c9f0d7284dd1f	2.96150485658852	7.297875
450/3c275c80ea72d	2.4817075127222457	6.1526875
451/306fc5c068a59	3.16966891393632	6.137875
452/08a87910f51a8	3.194553547970891	8.2001875
453/277c3354890b5	3.2418311680716823	19.295
450/2ad3593c4e090	3.123645590905	6.20725
451/36af7041844a7	3.1703279883694195	4.5526875
452/4fa6396328cd6	2.8944552439927698	10.4116875
453/5d618f8c658ba	2.5361246516554243	1.05675
450/9c6f99c057555	3.1600908897024125	2.3071875
451/02b803088d595	3.0470964301673917	2.2100625
452/97bae7f70b4e6	2.787083652008372	11.277375
453/62386ad299fd8	3.186692052441355	4.9230625
450/168c1466867f0	3.1278049786733026	3.5276875
451/51643215b4b5c	2.875291333539715	16.670375
452/a11f8003968e0	3.2462620121768375	8.5135625
453/b83eb541c6d96	1.99863412345514	1.2794375
450/dc08129a30a0b	3.434206849472386	15.721
451/ec7b3a3e1dba0	1.1047264102226977	1.9730625
452/bd300336dbcb2	2.366148271113898	2.1333125
453/b0ba63d43866f	3.2266922969042837	5.3384375
450/208ee6659fc6b	2.1950137728156895	5.5138125
451/b07d36ff5e4e3	2.7107029481364457	5.0854375
452/65ab2be1c13e2	3.2573384401724383	7.2318125
453/6506a01a45127	3.170198523467889	4.9201875
450/7fe3c50ff6716	2.5309497734680884	4.59425
451/9a37df2d84ce3	2.214522258068634	4.668375
452/4518aa3e5643f	3.4542626796873837	24.18675
453/6aee697ac49f7	3.3879966864874023	15.4383125
450/85177039b62fa	2.0851617956138355	3.9604375
451/caa75c06361c0	2.7514370232204333	7.620625
452/82a99fc0c7763	2.936130165691974	2.9026875
453/3163c9bfc362e	3.1681990482375246	8.1315
450/0d85fc4772827	2.7502265247771516	5.2965
451/934f3a22d7ad5	2.271510314926059	5.116
452/b1c4a544716ff	2.913524856179204	4.8240625
453/95f488499df4e	3.0511576533136444	8.16925
450/fb8d95bc375ce	3.3640299691699362	6.3103125
451/8a27bf1d4b429	2.7309001064876632	4.79725
452/9e696d336e1e4	2.437194572188366	2.597375
453/de91c9392d16c	2.0888101075262675	3.1006875
450/ba513a5152590	3.3678374622485916	12.492125
451/a0c930b848b5b	2.3863984665847275	6.4876875
452/ca60f5ac6d982	3.4588695208041362	9.3414375
453/01a3114494694	3.578579891100563	13.27
450/a6549677b536a	1.4120837481479793	3.0698125
451/87b2d8096a40a	2.5900843087686978	7.3925
452/de6b28d0db98d	2.518214761679067	4.9278125
453/8293000b89c37	3.2016562529007286	5.533125
450/36b1dc374a600	3.254002954943212	7.2018125
451/9ab4d4fc67462	3.218128870577484	1.2014375
452/3990f3455ef1c	1.5818778628190695	2.8224375
453/ad3c63a458527	3.4170659118270468	4.9711875
450/df6195ac545b3	2.2592674134733195	1.0570625
451/0908daf4bd5f2	3.3727051603955274	12.150875
452/6228a1ae840b5	3.1305466659057166	7.683125
453/6cbbd35b1c7d3	2.9870209422628564	1.4195
450/42f5f169018d4	2.5161475313845636	11.546125
451/2fb4e15ab4e5f	3.2735193852126594	7.3330625
452/96416aea65faa	2.9103124403011216	11.776125
453/f846ea18f6f65	1.1088679582370555	1.6341875
450/ea32e63ba16b7	3.237440241535371	6.1788125
451/cfe20ca953e73	3.307853436507925	3.0755
452/2e8eb17b96a27	3.217429882420774	6.03525
453/80955d62fb1e7	2.9236912688111603	6.1823125
450/79c01752e36f3	2.6613639640663367	1.3893125
451/cd6ed99f7aad6	2.674679260828727	6.2494375
452/6d54bd84d6197	3.410451467250123	7.1533125
453/e9b2e6c210b2e	2.656643281082263	7.1321875
450/d676940cb18d9	3.0712199657196955	10.5256875
451/1dc1f812f7fd7	2.941220736996549	9.122625
452/c3f705b513c3a	3.31059296994213	6.5678125
453/7dc34b4488776	2.0233981588031282	7.4834375
450/c766b11d86f55	2.7828113243415338	4.442
451/570222d6a46a3	3.1596994730610164	8.27075
452/e47c8371d069c	3.372448457808931	14.92575
453/334b01e3b93e0	1.637663117442655	1.727875
450/aac006f4cdcc5	2.565053453596314	6.7405625
451/51a36a7d04261	1.2152571466958828	2.32575
452/ecef74c9d9acc	2.6461265036852457	3.65625
453/cf7e63e0b987b	2.805277310434206	7.31
450/eb28a7f9f6384	2.954692553474192	3.0375
451/8958510ff44b0	1.0931694062633808	1.442375
452/6f8267db614c5	2.9350983528828634	4.1543125
453/7bdb9423ffbd0	2.178723132966347	1.7625625
450/6e1280302bcf3	3.282582764296521	2.6970625
451/737c710999cda	2.6421899058727467	5.47225
452/6d12aa60113ec	3.1754626322218407	11.8844375
453/703704518fa5d	2.773492165516386	2.1515
450/cbcbf07d326f3	2.7869421921159105	1.4441875
451/58bf71dbe71af	2.4705863936166783	3.1291875
452/6782b8cb68075	3.2460557013976366	19.6541875
453/a264f1d198008	2.1553395259384778	1.7466875
450/5d561cf75a0e3	1.8106394386882771	2.839625
451/d027fb076e53f	3.2496624980798368	5.442375
452/d674cedb5d2f7	2.6841879834002764	2.6746875
453/ab9f9750a1976	2.7411182164463144	1.4409375
450/e4d31959d5eb3	2.593209921388108	1.539375
451/93e7d998a64c8	2.217351947079907	3.124375
452/f515e03db0953	2.3529345294442265	10.0805625
453/dc8d88efe09f9	2.781313627158306	7.9663125
450/175e07d535ad2	3.322424592969445	14.5635625
451/dfd304ceb21b9	3.3333874852855914	9.3844375
452/7af04dd75b8da	3.221137406294403	3.2534375
453/b9d7c4a1c7423	1.3322232784945423	3.036875
450/2b051fd7f6e1c	3.099767393182374	3.2960625
451/c295098b92d4b	2.808385147239411	3.239125
452/035adcf60be80	2.7110622790635923	4.6438125
453/b7d8d46da3e3e	2.713000094587883	3.960875
450/ea0836b7794d8	2.4841224167587335	2.65975
451/152cc7f5b106e	3.1966448403401455	10.6183125
452/41aaccd7d19cb	2.9125822749658496	3.6074375
453/f99b2945c1586	3.014702189671274	2.92525
450/bd004e4f6c16c	3.4419819771020324	22.962
451/43a96de857246	2.7082063661657694	4.683375
452/d34ea7916db79	3.131291908177267	6.43725
453/12b2082a3b8b4	3.5126179688810772	3.9660625
450/878ecece6c4d5	2.8093255717232233	2.4279375
451/c61326e92544a	3.2047498935336316	8.1709375
452/1fef15ea610c7	3.3375322972229093	9.59975
453/8195d392834d1	3.3125890566536853	5.727875
450/fbdc50e5ff071	3.279352082525727	9.4115
451/ce3c4d0970ff6	2.5953116245478167	2.8840625
452/77851743a6775	3.102133402760893	9.23075
453/ec85df9798323	3.431981883980318	10.803875
450/202443266ae38	1.1159196085948178	1.2261875
451/405a83146c28c	2.8719224575060927	2.16375
452/4725850af95e2	2.107874912558163	4.6095
453/51f45e0d6736f	2.659655362363047	5.9316875
450/e8609a283b6f9	2.6804820785078984	4.58625
451/e14eae344623f	3.3297086476161835	6.1730625
452/5149969f0b87c	3.0057140118821746	6.89775
453/e6b710e57e85f	2.671143740477428	8.2590625
450/94038cdcccc45	3.053171786540484	2.90975
451/4522abb54460f	3.272809776802479	3.6978125
452/ebbdda1a5cb6d	2.9567571845095504	3.9521875
453/daf146be8d3f1	3.4002824683870188	18.4889375
450/24f2bb6ecfb68	2.9802277936231225	1.5395625
451/26c097117488d	3.4071154155166314	6.2705
452/13f6fa215abf0	3.3753715294343323	5.2888125
453/68df0eb0a8ce7	1.8133524166892478	1.5146875
450/fda7d07163ac8	3.398472943457065	19.6635
451/c73b969e596ef	3.0132546815660692	6.508125
452/f02e283cbda82	2.8795795342609587	3.3173125
453/779c1da52e24b	2.014907821878682	2.11675
450/6c2ffb4183360	3.3022241654327376	5.8175
451/7735a326ddcc2	2.690744272117167	4.5625
452/2eab49d16a529	2.6346001288389687	4.4014375
453/a4ae989dfdb24	2.6330614724047146	2.0188125
450/648cc340892f1	3.0484998598257	3.702625
451/d89139422f5aa	2.8362585870813426	7.699
452/fd5105021344c	3.281464199048101	6.0443125
453/5401424e38552	2.6343564668907193	2.1141875
450/99aae5274a092	2.58959253956419	4.1990625
451/21a8360b78e57	2.6894564503914475	1.0570625
452/b9659b140f0d3	1.8625433329277168	5.4893125
453/c6b4556ce7af5	2.5095039201047307	5.69325
450/821d2e7d94aa5	2.6682805996093277	3.6445
451/fff41c4115899	2.5960894881123533	3.8655625
452/ecdad55d2e91d	3.09077794577246	4.079625
453/437936409e4bc	3.166878969209644	4.5386875
450/4e9faee75d658	3.528216882977053	9.486375
451/c9efe0f963e6d	1.1323698022319149	1.634875
452/9c9ef2672dce6	2.6174662769863617	7.4430625
453/8a431da75a6ab	2.9903006716491594	2.1680625
450/5f5be0ccb8d91	2.8979910501029225	2.65075
451/b86956e507d8d	2.4448857064362124	5.459875
452/333e6420b159d	3.2716584019388564	8.625875
453/305be9dd8a206	2.5423566639574	1.801375
450/c9affcff97412	2.797686109856471	6.291625
451/f8cbc6e250cea	2.877477819661515	2.067125
452/1621ccf72cf00	2.087266312303449	1.5866875
453/8c318de7ea486	1.132395694582434	3.07725
450/2c5c27e445d01	2.7063417686565288	1.8585625
451/4abe80c0f3dc3	3.4475376384623475	17.19025
452/1082607b106f0	3.217778826757545	4.0113125
453/0d1786ddfb2e0	3.150956595935521	10.176
450/7651b8d3b301b	2.976561131396953	11.532625
451/ecf3bfb411ea8	3.3823627168851877	7.74875
452/4c11af1dfadc5	3.466171956019545	15.3484375
453/0c9f71a12afa0	2.9291402559588517	2.2826875
450/1c0164da993cc	2.5653909918092856	4.00825
451/e3ca4dd314b5f	3.337817012465755	10.2850625
452/8682319ede0bd	1.2223392625520846	4.5204375
453/fecf60485ac58	2.2342200063674116	2.2655
450/8746b652f43a8	3.4552092824584264	8.7996875
451/08c9fd57b36f6	2.7632771574992288	3.07625
452/2e309fefc0cff	2.469193330549878	1.2009375
453/6669a2488316e	3.005339949527359	2.9104375
450/17e94a11a684b	3.0769516864653674	3.860875
451/bef1c625aea77	2.9166170435448304	5.5844375
452/f3388f4fadca1	2.3099472870374043	2.2780625
453/c6c5672c425ab	3.148148964046732	2.972375
450/7332aad95e3d8	3.185830858005714	4.5286875
451/7b45b6a5a795a	2.408177799190173	5.8884375
452/bc8db0f8ca908	2.1733406048693418	5.56175
453/e412d668dc782	3.4063679890323724	6.9953125
450/539a49d774c49	1.9680547973837454	1.0659375
451/412d1e5b3800c	2.564078422376274	9.8511875
452/f180af78651c2	3.372440184979852	7.34675
453/f47f71cbadbe9	3.4011199010336006	7.7226875
450/6e37c13b9ddef	3.1606663662240178	16.1426875
451/5159cc3ab7e8d	2.859749110582946	6.759875
452/e84e697367f0e	3.0505784674583802	7.4243125
453/60cef58859547	1.910363820460112	1.745875
450/3bca5da36889a	2.7351234377699694	1.8446875
451/4ef40422f5894	2.727459642661838	0.99875
452/2461e1224134a	3.259471825614994	6.1739375
453/4bc2880387b0a	2.038015440676174	6.4619375
450/33beb45d913dc	3.4465972157407894	17.366
451/3b67436eb8239	2.7324417839799047	15.8186875
452/856bfe2e38497	2.023487720917163	3.0240625
453/12d9d2ed7453b	3.0074339916327153	7.0696875
450/a56c60512b2b2	2.319427202063902	9.0316875
451/9b21589cd5226	3.321645262629754	8.2860625
452/20b10183ea6b5	1.0760725760722296	4.8231875
453/000a8ab7b0983	2.4355631018563453	2.6930625
450/f1311deea366a	2.71854536978229	13.808375
451/5027a2372d0ac	3.1017651342991206	8.880375
452/a04c7d051901d	3.0613468212246167	2.6565
453/6c33f85563ab1	2.5068394648275922	3.864
450/db431af80334a	2.670179397872158	4.835375
451/3dcb74d8b9346	3.153076955313834	5.838125
452/fbde7dea68709	2.800475013368028	10.6405625
453/77afc6016c9c7	2.124758807181869	4.6385625
450/999c5e2d6ad45	1.256002781709482	3.743375
451/08231a0efced0	3.3309942549556726	6.4929375
452/5c90e41a94995	3.3169976504152876	5.289375
453/5b1209e6cf5ca	2.9682797345460985	5.2813125
450/2d267a310057f	2.71486505176276	16.192125
451/a2c6c2ceba651	3.2211703132386833	9.993125
452/9d6fe9d17e944	3.0376633691722374	12.869125
453/bdeca3f43f2a8	2.806896232644677	6.82
450/c8485d5913400	3.351656173090486	3.5288125
451/940bf96d57e2a	1.8532114901728303	1.9704375
452/da4d719bb01b6	2.694310371687422	9.9758125
453/483f8cf8f2b80	3.299179988967076	4.3475625
450/fbc150da78ed0	3.14635772851479	6.91875
451/982dfd4103678	2.1914376616830205	2.2588125
452/0797402ada2e8	3.5199228950590165	5.7028125
453/d784eabdba370	2.588016209006978	25.4541875
450/dc48e16ee4fd3	3.092112886403228	8.08225
451/66ae0bacb75ff	2.3028465955912596	3.26425
452/6112e0af892ab	2.9366776155438137	4.26875
453/9e92d9cf1ee28	2.9415693680441595	3.768375
450/1c625e6e856d8	1.9530009809073932	1.781125
451/7940c3507c3cc	1.1066300534301032	3.53375
452/13b06decf5b38	2.5733688578674827	4.1428125
453/7f08e2ddb159d	3.019822004867752	5.1416875
450/21e945c8355b7	2.556311429912292	4.3586875
451/fb0320650076a	2.697858785595891	6.246
452/ab9906bcd03a0	3.1225091268934357	6.47775
453/54062d5ded28d	2.1266188297399338	2.4601875
450/c5d084078d5e0	1.1135633126849334	0.8418125
451/df2ab98558673	3.3865889728858174	6.9243125
452/2c6305cb98221	2.868572536339823	1.914875
453/c003bab32d8b1	2.2811682971674494	2.481
450/51ce03ae07c1c	2.3431608567924793	4.248875
451/efbebc4f8a1d0	2.5161833579488024	1.788375
452/1eeab033bc15d	2.812785396621335	6.6035
453/a59f52dff03c5	3.383900733561775	6.1439375
450/3528a899aa4f7	3.057486943652513	17.930875
451/b0745d6e4b06a	3.29249022380719	4.7295
452/451f06dd5dd69	3.228245392608854	7.0504375
453/84188b27eef1f	3.4410765287132796	5.6019375
450/050fc1ea5ca90	2.8043220854185202	1.4935625
451/d6c6f070ebe85	2.982124834583156	6.9153125
452/85f20309c5e50	3.1019797443620654	10.5316875
453/c51f156298ca6	3.112089846470474	3.8425
450/1bc2440edc0a6	1.934678338835757	4.27975
451/d5a77d41e4753	2.9301726207930967	6.583125
452/9c33f8892f12d	3.1983235073732734	8.11375
453/96455c07a6c4d	3.2300015753749967	9.146
450/ef5bcbdd5d725	2.9635175245129064	3.6275625
451/6d6c3857f067b	3.065569005232234	5.7591875
452/66dec875fa5da	3.0974049379010857	2.4974375
453/ab4dae32e1abf	2.275149105465716	4.124625
450/25db036620e75	2.1967253531479645	1.7553125
451/ecb731e9e4838	1.514862763623649	3.7425625
452/a9d8fcfbe49e1	2.9134475880142823	3.219375
453/1f3ba213b0b6b	3.414713356738553	6.960875
450/7f27a187c9550	2.8904594479794974	2.248
451/021825151ab8a	2.981107276742689	1.48975
452/9cee0b92f8259	2.9187586687905136	9.3379375
453/c7056d9d45920	2.5255888835600713	1.441625
450/7955da52ffdef	2.743221998695251	4.9614375
451/071cebc09b488	3.3610452891596836	5.2585
452/94e01af4ef7f7	2.3726722031464766	0.9605625
453/1c269b38e4ceb	2.776351775063002	1.252625
450/c626c8ded7c8a	3.231153188804348	2.9895
451/74b3d15d491b7	3.0162967619812386	9.8433125
452/9132bde0475c5	1.808298905309958	3.76825
453/5daf0c0bf4e34	2.898355168864982	8.6611875
450/30fc8f5943e28	3.3942287947359437	5.964875
451/3a3637d832358	3.3553200084375647	6.3551875
452/24b00243275fa	2.945789452671517	3.5794375
453/04d3bafdef84d	2.658528779698504	3.923375
450/fc67c6299d73f	2.9763300436987623	9.179625
451/e796df7edb834	3.221817052217825	15.0759375
452/3d60d06f45bbf	3.278035619966339	9.8405
453/40b0a5856cdc9	3.3385661341101476	5.3229375
450/e85df794ed006	2.5020247685190475	3.52725
451/33049bccd6e80	2.2475077882994334	7.3728125
452/c182ab946d322	2.4284392567516484	4.2679375
453/1d64eca39f859	2.1255958812574987	1.8088125
450/436103f4171df	2.221777722161614	2.818875
451/e7fab55065d45	3.3338097245484914	18.8810625
452/b8e5e68769640	2.8411168481293263	1.3178125
453/8bdcbca97764e	3.3627999336087204	8.480375
450/d4bb421fa8a50	3.01845877295702	2.3248125
451/0ed3e7e36a0e0	2.4523855873344744	4.3941875
452/e4f6c4af2a97f	2.747998387285006	4.4704375
453/845b3ee38ef9b	3.3207007188258366	5.830625
450/37fa7fac08f7d	3.008612407556235	10.632875
451/a9f558e9bd113	2.864651890050171	4.2766875
452/d4313d6bf8e0d	2.2718679334338585	0.7684375
453/c8647f49d016f	3.0132758394956722	5.3439375
450/f9867d9f8cdd4	3.306992856596105	4.0413125
451/d8ed45cc87155	2.20130945176726	1.52375
452/5edfb4d06cd95	1.1288454826143506	1.2013125
453/6f4836b0a27d3	2.5146645193315678	2.1693125
450/05d2db32b6882	2.1919775822724668	2.21125
451/ce4489e4b1446	3.1562314416522854	3.7015625
452/8a6a2711ba8cd	2.566293013502215	2.16425
453/1f1f271560140	2.7584265511068886	1.393875
450/03269dbe15473	1.8910028489294206	6.318125
451/cbe5e6e39dc24	1.2735158313646522	4.3835625
452/bafd57ddbdc5d	1.308833018246749	3.4125
453/e5cf314f1ebce	2.5238422366361766	5.5705
450/1e81135f08287	3.118518897892261	4.6878125
451/a53c8642228d4	2.2427834852972053	4.6140625
452/98acf22280a2d	2.491053359781047	8.437625
453/a715b2787bbb5	2.2283157451286892	3.1268125
450/eecb6254734c8	1.3425878133477085	1.040625
451/f6b4ee00f2218	3.110052240131827	3.3493125
452/2d2db450db3fc	1.9250239870494887	1.7784375
453/d21537145e835	2.7774515518592864	5.5383125
450/0b68dfefabfae	2.3914891976683164	3.60875
451/1d8ebaf2df96b	2.7675642606050523	8.1253125
452/a09706036e131	3.1787953915311657	3.9806875
453/44bd618c51a21	2.5120527874142486	6.2501875
450/0798b4a6ac140	2.8631627407059677	14.9359375
451/8a8f91b39352d	2.6129537748084593	2.3194375
452/33f6b8084fe66	2.8188289110807836	7.115875
453/77c4403a9cb02	3.2678723462805257	2.385375
450/8fc2fd1188e85	2.3484056727021407	4.9518125
451/032052d235f2d	3.245890033471053	5.122375
452/a9fa5d625abe9	3.07737131423336	11.427875
453/78e95d1be5afe	3.3664111879393803	10.4500625
450/2319f581659cd	2.849473874196619	4.99625
451/0088491187d69	2.7259650408957974	6.82475
452/a4d08cf3bf484	2.437512483829675	3.383625
453/d4ba2a663e9b5	2.5284255665910282	5.47125
450/a4c0e7e667643	3.5026869993800003	15.47425
451/017f32e365c46	3.3277276118020116	3.0381875
452/9f29f538e56e3	1.8496314000385097	0.944125
453/bcdfa2de924a0	2.540357554573351	8.958
450/a14c9b2a58e92	2.7361888427637666	1.97675
451/23a41191959fe	2.916823610197377	10.0074375
452/5d527ffec6453	3.2118145178176425	4.2925
453/1c999847dbc65	2.3151667216084375	3.5963125
450/d674614a8d742	3.15156451374436	3.2015
451/d9349f9e375cb	3.289001355657836	8.39
452/2cc12c10f3df6	2.314408788857971	6.8938125
453/ae2f159555ac3	2.233799790296834	6.28925
450/7b38d4893402c	3.2651952679061123	3.9249375
451/c74543a28c644	3.1531455983125625	9.5679375
452/f6815505b6894	3.323466102512267	1.7543125
453/da17bef9596b7	2.964733831496736	5.7920625
450/6f261794f75d6	3.177807073726647	9.954625
451/047145d941b14	1.2018450823201945	3.9743125
452/a3663b6273bdd	2.635505505427753	1.3934375
453/56977403bfe88	2.20522294400704	1.51675
450/039493b90ec32	3.3980393304882455	14.5955
451/0317a3786ad5c	2.8773790045009138	5.69275
452/712defe5fe600	3.4221568743359994	8.50375
453/e08868ac88083	2.6954753384096333	6.2420625
450/33fafe55d02f6	2.047809897687847	12.4726875
451/32c3f29a5d0d8	3.363727785089456	23.9773125
452/7bbcbbe6d6f2e	2.3943362222515905	1.538
453/55f8ca5bf0fe2	3.1215708036725425	10.6438125
450/93bcfb361385a	2.848934950691774	3.791625
451/d1d6d10d7ba4c	2.8707659461183366	2.1756875
452/a3e7fc1ba3f06	2.544573883584849	2.114
453/17d86cf074d2f	2.78252067582728	3.00225
450/69905e67ab093	3.0449051921821786	3.514625
451/9ca44fd51405a	3.0893985601711815	3.4150625
452/527296a8b1d27	2.774532327692566	5.4045
453/19161dd52884e	1.637045916727954	1.4905
450/b8c99566a3d36	3.108974537319422	9.7411875
451/f07d0668fc32e	3.415346212244546	12.0388125
452/6fabfae9b5e0f	1.2385418837940343	0.800375
453/28e9c1e2fd9e9	2.2755864927963394	7.252375
450/710f9aa80fd2f	2.274549494559228	3.76875
451/7fb56b7466c09	3.0882067505484323	4.34825
452/682befa2268e3	2.7594481107026927	4.5274375
453/fffda1b4d0981	2.6626808749310364	8.412
450/3473fb1a2fdc6	3.1993585855644042	4.156625
451/532e6d83b2369	3.225734761107458	5.0523125
452/46aee23c2a9ed	2.3686376632291246	5.9835625
453/180e2240a46e4	2.024277860661997	4.1866875
450/3bac2022871c7	1.1755767219041757	1.3941875
451/290a19cb05624	2.977332656147489	8.197375
452/6d67e92c12292	2.539725026027091	1.8740625
453/774146cf62451	3.0932607909118945	10.412
450/1422f6e7bed07	3.3338933988498667	3.029625
451/5c4fb686ba48d	2.480105248362275	4.441125
452/635c8d2eb9d73	2.42376266638198	13.1686875
453/0cc89beb52f58	2.917795644594492	1.20175
450/12c7e064e6652	1.0918737489833945	1.7256875
451/b48aa26ec2401	2.3070762943092413	4.3941875
452/b2af4a4e27e4f	1.2738793861616053	2.414625
453/8151ac3e50e7a	3.1137178959818317	1.9725
450/42dd06098765c	1.7285489517069992	2.720875
451/1ff7f3a0a76c3	3.172780616718569	13.38325
452/e2a8a53781d6e	3.2552768718771405	1.634625
453/fd2fe499ae923	3.085115565079504	3.6664375
450/b418c383d78f1	3.4862815803552274	11.1884375
451/df9f7ff733296	2.5309923175433844	2.5343125
452/96cee162b467b	3.5483083030628872	5.8290625
453/68fe0f464d99a	2.917770578661025	7.434625
450/7ef96a7de02af	2.7908053294709627	4.1110625
451/f9b503194380b	2.6395908112071242	1.539375
452/47511cc4353cc	2.8815297247807825	3.4939375
453/c71610bcb5369	1.619603427977582	1.154375
450/b2663216678a8	2.5904118700324874	1.7055
451/d64302c54b573	3.431393914741636	20.2791875
452/e67361c83bdaf	2.900991414430679	5.3435
453/9309ff136f548	2.834476798694928	1.6074375
450/6821fea8604bb	2.800951776386778	9.1551875
451/ec5197b16a8f9	3.418722451023043	10.188875
452/3a9fd4e34c832	2.7692678629875385	6.2460625
453/27bb851169170	2.012072164139068	0.9605
450/32c185363175f	2.02837339478291	3.67225
451/40e7d1bbaa3d2	3.1981748354529436	8.16425
452/7ec5ce6d2799c	3.2643932231525326	7.3636875
453/03a5c0bf38e3e	2.8013700189375723	2.9080625
450/6d1fcec4a300b	2.5949185699149497	7.328625
451/34cd017f1d69c	2.7476440801491417	5.4628125
452/1e688e89d0e32	2.6149143642695174	1.8411875
453/ce84cd35ec842	2.9489466811777496	12.6186875
450/9a17445662e08	2.990670824480479	5.853125
451/dcf025b280bf2	2.2054859645195384	1.3965625
452/5b66b3b1b1505	2.4160026559241796	2.620875
453/a1145a4167ae4	3.0127978759922964	5.2864375
450/df55c06da656a	2.118292879509075	2.1030625
451/d729d8b762c7b	3.427628581074813	19.0979375
452/d71ebb7e13d26	2.3185622087516595	3.63825
453/1237fe13cb40c	3.4737642219132554	7.84775
450/56a7e99c141b5	2.8536703291714924	9.8451875
451/ff4e3ac2c712a	2.435263794782427	7.34975
452/5752b798010e7	1.123661211339211	1.5689375
453/e0931e48b386b	2.2104842183199986	4.0089375
450/7f4290f7794a5	3.2162777605969777	8.593125
451/5f5794db6493a	2.000417964167859	1.2016875
452/2aa0a249b7161	3.1951370072375442	2.7401875
453/3aa0c77c4177d	2.871682712241286	5.98175
450/6849025d94811	3.257891044977281	7.6190625
451/8e5bdb411b535	1.1002833077906682	4.2895625
452/50ece03d6daf0	3.1042796606376544	7.5158125
453/1500bd89aea1f	2.155027597176126	3.606375
450/22c1b9149f624	2.615795144011222	6.9938125
451/539f915ce374d	2.931005701482994	5.7810625
452/752ca8722df57	3.1528305152598355	7.4868125
453/23b6f22f132c0	3.3033695987615124	8.9516875
450/c8ea1d9a85489	3.2084046179777346	12.545625
451/18417b48ebf55	2.9894570438009813	4.160625
452/ecb98c625024d	3.231142173241381	4.9401875
453/1576873f82329	2.452240285943406	2.36175
450/6c21a188d338a	3.074149051017026	4.32125
451/91dde0888c7b9	2.57720934143682	4.1475625
452/14b1ec623a749	3.3708609466411397	11.248125
453/8c9cc09983e63	2.337805087345489	2.598125
450/a9a50c263a9e5	3.326334504881246	4.176125
451/cdc7d5f5d024b	2.2452744275400596	1.64975
452/6d10dc944405b	2.970606374383794	3.9606875
453/31fbe35279f18	3.0235735518848523	9.2053125
450/0237241215f32	3.189769728213623	4.6495625
451/03a96f348cdc8	3.449706071203333	8.8735625
452/8e5614a41172e	2.9821411282233172	6.3011875
453/3c48f4dae16df	3.263096531692404	9.5013125
450/844e9373507f9	3.299360251169446	3.9221875
451/7d3123c82c9df	3.400054694822479	4.669875
452/8ba9202f75cf4	2.5629176527624287	4.863
453/d7de9d79bb89e	1.6107954676936636	3.8115
450/f952d1f042fdf	3.0617584523117154	7.4939375
451/04eaa38081877	3.3211049687486107	7.6385
452/aef2d836ffb57	1.9608451778467035	1.66075
453/eb8a9df63c1b0	2.0295125895894595	2.496875
450/9705c5c8d7a57	2.7936155240888993	4.6113125
451/38a51530a6a86	1.2458292638673663	1.4411875
452/7dba4516e0967	3.253359936803963	7.395875
453/edb1a734708f0	2.6825939311904436	15.45
450/5245f9305f450	2.8361503695876835	4.87625
451/a26a10649bfa2	3.5085219132448797	2.7680625
452/5bffe7e54364d	2.818377769257394	1.34825
453/27599e5d9f756	3.2667564924532067	12.33875
450/40ac291cde97e	2.7181138079325247	3.9168125
451/98969fc3327f3	2.886873254456364	0.816625
452/e74da46931478	2.6092175286014503	3.0801875
453/de28dbef43c48	2.112139859238904	1.0871875
450/ae15e474bf914	2.4575039021227996	2.981125
451/b8534d6a9b02f	3.326007307404113	7.6076875
452/45eee8acad44f	3.3565244688377254	10.3865625
453/7cee27533ef58	3.105132900311709	6.842875
450/388f3a45b9fbd	2.9644134294833866	10.406625
451/d1d221e22cabf	2.6074412728364726	4.5864375
452/d4ffe88d6fd1a	3.270169314251747	3.4701875
453/78af47709ea98	2.68971739078051	1.235
450/184edbcc1e654	1.2682080468963919	1.7581875
451/9f5e52b6b8ce9	2.222877371799749	1.05675
452/5436924381fae	3.0333336332760927	4.177
453/3e54ca3dd87be	2.708383739292206	2.1189375
450/bad4993f334a2	2.5638238772428448	5.08075
451/2d60f8444dbf5	3.0763356753368667	7.1950625
452/cb880e3c7721c	3.000917101905565	2.703
453/591ad0f140b43	3.275380266307569	4.9735625
450/4b9dcccc1a2f4	2.2091457391578744	3.801125
451/9bac7c643226b	3.3616544335068914	5.6354375
452/51cd6c0137370	3.3763259657837357	9.17675
453/790f2ff62b3e0	3.332240414067827	12.2785
450/e63bb53db9a0f	3.1520266624936797	5.896125
451/d3cc47a2dc574	2.904524396269256	5.4940625
452/e58c0f560fc78	2.5482583676801136	2.8288125
453/cd4b967493ada	2.454487478172912	3.01575
450/de792d4e00bd9	2.9822885506249297	8.2256875
451/422f419f9f161	3.3084333443644534	11.52225
452/5c21d4b7fdced	2.7123709172876285	10.8160625
453/814277207d278	3.4126761979169067	3.6755
450/7b10e5312da5d	2.3827769223535133	4.483875
451/255a56bacbcee	2.5636741264969305	1.5704375
452/2c8204b396b57	2.7379542439968416	4.0711875
453/efadacb24993b	2.4285326298057326	5.6676875
450/bf36676d981d0	2.7299713395327645	4.7590625
451/28cc09af7e82a	3.4553352486711826	13.7361875
452/cca81942d580a	2.9625759058877605	2.3884375
453/8c9567ab8b29e	3.3108116464640904	7.844375
450/0631d13e23d0f	2.695851088910655	2.7405
451/8147b8847cbc4	3.177280797730211	13.412
452/bdf694893eadd	2.9913545073417698	7.887375
453/2baf67f1b2d42	3.2469019014839327	8.3339375
450/8f03344ae6751	3.126727189051246	3.757875
451/4804eabf0ac9a	1.9060858420798332	2.4999375
452/03e4c713db2f5	3.1607362966343158	2.731125
453/314e59c309b1d	2.3444855158601356	2.23225
450/5f7920be72d11	3.1601382875865958	11.990125
451/1845c8bd9abc1	3.0535625385684195	7.4836875
452/e4e8bbbaa574e	3.0544365856864557	7.38925
453/8d29a177589cc	3.3817140815984454	17.73075
450/c0a9e29968286	2.5778975895129816	4.2696875
451/b823714b503c5	2.5141828461213445	5.0364375
452/7e01cbcff0bc1	2.975253099980144	3.1670625
453/6aa3d268399b0	2.4235383029997934	4.68225
450/3b8d25fd4748f	2.538044713384732	7.1994375
451/38fe8e256f198	3.1574202000689877	4.262125
452/b9ec405dbc147	2.9209925769049105	3.5875
453/949fbeda1c6bd	2.9489233352545376	10.316
450/eea91c16f90d9	1.0720128618478195	1.3148125
451/9ed04a6e3160c	3.025932309839209	2.0358125
452/af89dccf797dd	3.0758737361482917	9.474875
453/6b626d641ec6f	2.841888974418933	1.6464375
450/31cae51bc44a9	3.253043060687458	4.5991875
451/aa6b0e1ef42a5	2.9692644427530195	4.108625
452/168d153970a69	3.001536653011698	6.3169375
453/8dbb6e0d38954	2.030045254776322	4.489375
450/2ad9e66d9e2d0	3.0372484191035096	6.03075
451/3f1d1cd535ecc	2.1284811156721872	4.7834375
452/35eabcfad039d	3.2626347373374758	0.9365
453/288a549ae7823	2.4491957936274957	6.5173125
450/fcfae62b50855	3.202938760235798	16.6905625
451/8fc5c55371546	2.1311098498936536	15.328875
452/1770273eaa06f	2.2821035112004897	3.1148125
453/b0be2db0777b8	3.2740705522714846	4.53225
450/000f0cf21986f	2.8479686950286847	6.3448125
451/efccd6aae34f4	3.375360956587118	7.898625
452/9488b4a7aa9d8	3.0113925352459057	7.66025
453/93182e3027a91	2.7036282410087407	2.2385
450/159f6ed4d595e	3.187389385093081	12.4210625
451/b7de1879e1e6e	2.629746899342032	5.96625
452/295045a437fcc	1.4869883417081036	4.1845625
453/783353ac2c02b	3.2717154846640324	6.06275
450/adbfa831d3dc8	2.4906968910492724	2.17775
451/75d5bcae56472	3.167534664035287	4.0305
452/4fb55fab12890	2.822369351807432	10.3555
453/99747408061d0	3.285427637918775	12.8584375
450/78e55d3dd350f	2.064775514930884	5.4031875
451/b65a4befc09a1	3.100811596247359	8.632625
452/e072c6369768c	2.1623947655163804	3.1061875
453/a042bd939888c	2.9756328136110373	1.391375
450/e4e861b4b863e	3.356197861654024	5.1829375
451/01e0e23bc54bc	3.1972291933257586	9.6630625
452/d4cb2459ca264	2.6070029607295915	5.6998125
453/f151d3f111cce	2.6315877515158936	1.4906875
450/64805117e25ac	2.8021151754011138	2.8549375
451/504c1ccb021e7	3.448923964794008	11.813
452/6e7fba16cce62	2.322157120843569	4.358375
453/bbdb7bdb2f494	3.26203610367995	9.9793125
450/93c04b3270489	3.2232445408860824	4.529625
451/a8a89dc7be03c	2.788935169798114	6.07125
452/d713b85dce334	3.2103191031969582	26.17625
453/3fafe6fcef8c0	3.3758661083992307	11.493
450/c6073754d4887	2.3783372906843496	4.6148125
451/e6306b49a42d3	2.1349596528353216	1.83175
452/a51f007e33582	3.070179675420604	9.15275
453/8576349cabdb1	2.4597087454096633	3.1871875
450/e271a931887a9	3.2588240841404126	7.8275
451/be6a0b6362c2f	3.223124665632986	5.2630625
452/de82081f43a8e	3.325614937854154	2.5975625
453/25cc2005ad1b5	3.3436305139862075	5.3408125
450/ff638b571e4f3	2.704381496512931	8.8353125
451/bd051bb8e1558	2.7147000600125146	6.855875
452/723c2e6ce6d16	2.2460498291683786	7.1091875
453/dd962f4025178	2.954082509911641	4.781625
450/ccec5bd7d0ba5	2.83522351464928	3.0478125
451/ea784d974b14f	2.5160100551773965	5.06475
452/075a8da7572ae	2.8826605297732812	1.29675
453/8ea5d6efb4bf7	3.3854662361337384	13.7748125
450/d144289cc0bbd	2.7979102186842946	7.2024375
451/63299e3849340	1.1184497440746768	1.6335625
452/e87d225de3254	3.218371513700042	12.1840625
453/cd3f1f8c9e2e4	1.9265385200520373	1.209625
450/494f936274284	3.16092747723425	10.3275
451/f64403482383f	3.2388384552981817	5.3925
452/bf87ddd89beb6	2.560953780671834	4.3725
453/068c6ca0c1846	3.1039284275608177	5.1625
450/6292218bd27e4	2.727355073596573	13.2703125
451/08cb3f4bab9ff	2.795345246794117	3.235
452/7b81dda5324eb	2.144318010635163	5.301375
453/55eded9d55949	3.1546603454865445	20.11175
450/0a9c204624fe1	3.301844905751521	5.715
451/3b812e20e4340	3.064969406768745	2.622375
452/518fd2ef0559c	1.372759389675257	2.6093125
453/fbd1ff8ca7913	3.0009589077333803	2.356625
450/62fd18fb338df	2.506456954910842	1.9254375
451/dde0fd6e13ca7	2.4929538706861156	2.2826875
452/e5e684cb30a43	2.6169893052839432	2.114625
453/bdacb6728041f	3.1174182926024088	18.643625
450/094422f2c40d5	2.444656734796763	4.994875
451/21edf59439ce9	2.9446212684274227	1.721375
452/f749b5c6b4b41	3.2819805552180585	8.097875
453/85a29d3d1cd44	3.136087718637128	17.9270625
450/4a16cbfd34f92	2.9980017247174544	6.0469375
451/313359c482a5a	3.37374000427855	7.2760625
452/c0efa51009e5a	2.96010194969898	7.451625
453/dc1d3794bec61	3.2657153796549188	3.0125
450/792d1077d63b5	3.3172716150018986	5.0415625
451/7fd1ffe2ac2c2	3.4778620258667154	13.110375
452/13c5ef5c68776	2.770948117078691	6.3849375
453/a1831ffbcedd4	3.0910690128427656	7.5534375
450/5d120c82219f2	2.3273430647089777	10.35125
451/ff3e420866242	3.23282815201427	1.742
452/097b9b18c9b9a	3.4944292218617643	12.6301875
453/c8fb27f7f65f1	2.5026737898947986	5.46175
450/3843b9d54681e	2.485826389214815	3.8704375
451/493957e36f754	2.7778027118338167	6.03
452/9d4b80ac1f44b	1.5338768294152025	3.500625
453/b4a1f1dfa0f08	3.197985505833536	4.95975
450/502fa33dda073	2.783729632511465	2.6551875
451/c4102c9237fe5	2.597552315215092	1.4890625
452/764a56f7ab097	2.601454499619992	1.393375
453/9888d2cd4f727	3.415042243620071	23.696125
450/219dfd11a95b7	1.82244548749108	2.35425
451/dfb095874a4a8	3.415692183403543	9.3301875
452/4fd3d717d6991	2.0839476576221245	5.7159375
453/496ad425074f5	3.097109836557223	7.695625
450/127e262284275	3.008023942851373	4.0105625
451/de6db382c418d	2.9566284914234857	5.01975
452/395f1c6f1b43c	2.528052159865042	8.9513125
453/13c8a7849017e	3.2132299161423155	5.0956875
450/c9d7cf64d6b8b	2.0945580497439487	3.2950625
451/88990e7f27665	3.3296879166897795	12.0686875
452/c7a245ad96986	1.4599865958017815	3.40625
453/e89de379f6827	2.687868185331486	4.6376875
450/fcc863c2ef095	2.7767988640317047	3.2906875
451/c9a85689e1e3e	2.737415025308575	2.7135625
452/2881f10ee3633	3.4698152265155793	23.0128125
453/c40c6a53f1986	2.6604816182745052	5.847125
450/f1457e6d78945	3.2558834210748264	7.238125
451/df2d6a1c7fb00	3.5157690530680332	5.7236875
452/c395355db4995	1.3451890944817664	1.83475
453/7184588ca5389	2.347152334767918	3.633
450/93cc2d33a30b1	2.7704970508981437	2.7546875
451/94786c08b4e0b	3.3448748292257604	3.776375
452/24211ec1ccfc1	3.143832557276085	7.7285
453/40051883a067d	2.7065515586126025	5.694375
450/bd7af8f2c613d	2.7190263742373566	7.0898125
451/edd92f783409a	2.764839935789865	5.033875
452/6cd87ddd387bd	2.3814936437506327	7.21425
453/bd5941a4133a5	2.7013629539167225	4.069125
450/4ae447240cac9	3.2123612352333866	4.4904375
451/99647c4fcc518	2.918938501997636	5.73775
452/d3345d8ee597d	2.986336363114766	4.733
453/040f2eb7c23da	2.074023529781299	10.7183125
450/167837853f10d	3.3038753130554657	5.76575
451/0e5d79067ad88	2.1981413180679126	3.7044375
452/cef63e8c5bc57	2.8680830968160778	5.3860625
453/298df7f43ae2a	3.1723065447183947	11.891625
450/04accb7eb5a4a	2.4290328216131765	6.4005625
451/618c780983e59	2.180704358100035	1.572375
452/a72ed0338c4dd	2.5604904127095898	1.5889375
453/3fc0ae2ddb325	2.9704620659989374	11.7629375
450/08ae3c0d351a6	3.293398854082826	4.7504375
451/8fd1147ae8271	3.241255551468808	14.400375
452/58d8a43cf96e8	2.4926971547476326	2.1740625
453/2a01910645baf	3.0867022132758426	2.262375
450/b873adc3b938b	2.114009756880973	4.5371875
451/a7b630a52a1a3	3.156364643623514	6.6368125
452/52f244e3f38b7	3.4712370263949626	8.328375
453/76284cff9d3ac	3.2025193464083985	10.315875
450/9695622321013	1.8467422962964333	2.7759375
451/ff1c33de4f385	2.9700393022923057	14.0374375
452/37d043b311881	3.089499125675274	5.6750625
453/076a2e4b4993b	2.8674850637209133	1.9420625
450/b0f3c877c5806	2.737706612338747	2.013
451/17443b79fe9f7	3.111403755326708	4.138375
452/529b25fb1d1da	3.03976925353379	10.627125
453/0254e6f05a77c	1.8265040122450635	3.17825
450/8944486ae0304	3.2004762564576543	13.417375
451/2f62a58f59383	2.905384942266676	7.33025
452/bb177f4520c37	3.1439224985001437	13.2135
453/3a69c800b5d2c	2.161060847085439	3.9326875
450/10837853a5a2c	1.663229837273487	2.2120625
451/152d06e90b832	3.0795480510993922	2.6550625
452/e71fd8bb35738	2.391871749513343	1.2495625
453/08fb9df0b675f	3.150587064023574	5.1590625
450/3ecacaccde87c	1.137238858317005	1.3930625
451/e146add2322f5	3.13841845050079	6.8926875
452/982e244877130	2.9591992730997156	5.1628125
453/b7855b0796c9c	2.3468124838482693	1.845875
450/1d350c91871b7	3.1839109396853305	8.0645625
451/db0b03ed50986	3.3109345081116115	12.9535
452/d15f75cb40e02	2.8932798573624603	3.72925
453/1463f4beac43f	3.198692847945075	2.17975
450/9adc94a35bdfb	3.276227211252444	12.4155625
451/91883dac49dd2	2.9682596233803835	2.86675
452/d45d91555a899	2.36503316972095	3.249
453/238616c5ce457	2.89725989774296	2.0324375
450/0ac87fc77f5be	2.301774251412383	2.316
451/8636f3f9bcd71	3.171522822495979	10.0195
452/878cd46cb11eb	2.6006387738875456	1.9168125
453/94ff42ccc9b87	3.1011330809751736	4.6688125
450/94e0191ed48dc	2.9678026049364985	2.5923125
451/8d444c9de5a46	1.3458069771449603	2.5829375
452/c6c418a72772d	2.983115682909426	4.5255
453/1a09b80365181	2.1687638906170568	1.1628125
450/abb504b349fd2	3.3040330660936736	3.9015
451/52d1eac6f7e05	3.226477462228929	8.313125
452/f61be49e06e48	2.7313812541673674	3.338375
453/e2f815141d091	3.4028974683344977	15.8630625
450/12158ef8f900b	2.7176677603864183	8.212125
451/6847c9658118a	3.081102908585104	7.5224375
452/a572257af44f0	3.266385254938954	5.95525
453/1bc08164196ed	3.2368234329387136	11.555375
450/07339d31e95d6	3.2632492892408953	6.7734375
451/1868de08db4cc	3.086832437969904	3.5021875
452/fc8238822f078	2.579137129572822	6.940375
453/e4f424a49101c	2.6289745833970595	9.718375
450/93846d42ad63a	2.282757528314742	2.26975
451/c23d845a17590	3.4389878119115735	7.5028125
452/83062ff554ab9	2.5143833470895274	2.899625
453/9e94311ebd0c7	2.1162925190895407	3.613125
450/1e996d3b3dc69	3.397149223074009	3.747625
451/e62c1c846b0f1	3.1347531863449034	2.28275
452/70bb34aeac281	3.2396858052324116	1.881875
453/a005e5b245cab	2.7831013841730052	4.683
450/93b83ef7a74cc	2.0353135327130016	2.628375
451/8df3aca307b28	3.0956923994012224	4.2919375
452/ff88a2b78b7fc	3.247496248321987	13.5371875
453/c9a0d8d457b2d	3.253451824298449	10.1056875
450/76bafcef8bdfa	2.3395527024936977	7.6521875
451/1804447cd5b24	2.7581254536023594	3.262
452/56326981b6925	3.0880733706172308	8.7121875
453/cbd6b09b5e360	3.2656634449667896	1.804875
450/a3d77ea585b90	2.171074407451375	3.1950625
451/df1cd57c7272b	2.010341608067423	2.1476875
452/f294dc4f6078a	1.9336101884956791	4.7975625
453/25e412f0f18c3	3.5600088900848017	9.81225
450/6254d7a98ce60	3.01070789973271	6.0330625
451/e4a7f8b6bff72	2.6864087715291474	1.7843125
452/65cc81e919e24	2.334924752625233	4.5233125
453/7b39b24b2614c	3.314718720554056	9.6649375
450/13b4fa310963d	2.9729211316885564	5.642375
451/0423b13cc0372	3.378193888320744	2.357375
452/06aa749698b39	3.334009738760552	3.537875
453/3024b50cb45aa	3.1261582064393187	5.4515625
450/032966f9f3c25	3.3362127691336205	7.7004375
451/2bd6db9fbe7b7	3.1974817437255543	5.162625
452/53710d83125d0	3.189081533247656	3.0576875
453/4fda98e802786	3.1772914524764673	7.593875
450/7a991a6edef3d	2.962696359266985	1.823875
451/146353a4a74d3	2.6073806728329307	2.1871875
452/272b8af8a15fa	3.0847831839454063	6.04675
453/e0cb5c57ce6a6	2.695682371133612	3.0813125
450/d7a4bbeab5a24	3.453122674200868	5.7015
451/88728d59ee32a	3.3470741748228363	11.9434375
452/34f65becec245	2.562632338041373	3.6820625
453/ced1b4df96bbe	3.40002215133472	9.5803125
450/4f7d66dc83efb	2.728968602860695	3.8930625
451/9345f91820eb2	3.26309663130625	19.7551875
452/8cfebaacac2b2	1.9632933947858782	1.5293125
453/289ad37e3d7a9	3.3801785368054817	11.911875
450/7049056006853	1.97913128789476	2.5704375
451/6524e1c32fda1	3.241095827786445	5.3614375
452/4db87272471ab	2.9689670047678263	8.2791875
453/d0f51da46ab38	1.1282006278809316	6.010125
450/5b9dbd54f1283	3.5209476444384338	9.3366875
451/877e37b0b0be3	2.0903910873614504	3.7874375
452/e8a5c136835b5	2.1169831234135126	3.534625
453/5aca701b308ac	3.326169811872352	8.7200625
450/fa71ee639fc55	1.5378263789273603	3.1863125
451/7beb878f8f90f	2.705560710711263	6.5955
452/fda2a9a9bfa5c	3.2622125212317634	3.7696875
453/a419e33c45986	3.1430094307490677	5.3800625
450/c25da55c773ac	2.5458354485816534	2.2125625
451/8b6b067b03915	2.631399782005816	1.227875
452/0334ec28b0fd4	3.1937229483511342	11.7741875
453/e90837ad5413e	2.855081151724644	1.9228125
450/b784823dc7f21	3.164338054454899	5.4645625
451/37d9d057afbf9	2.87592399031072	10.5045625
452/4d25d48d5c935	1.214699234827569	2.251625
453/6af4627fd2c32	3.339612235097318	7.01625
450/516ef63d26e9b	3.102881016863895	6.8820625
451/5845dd5fb351d	3.32360444665063	3.3139375
452/264b6026eb92b	2.560413261350733	4.346875
453/deada8fd516d9	2.6440122359248255	1.6415625
450/e8df376eec738	1.1114737770217602	1.3338125
451/b420e0ed2097a	3.0812129886560005	2.2561875
452/543e1c6a4948a	2.4648413665186926	2.9431875
453/482aee2827841	3.2449489453713096	6.0515
450/e37da27b6ed96	2.8898860745497705	5.528875
451/f8cb72943b2e1	2.116899816042016	1.633625
452/6083d0601006c	3.0454702369360445	6.155375
453/40e919f763d0c	2.7840896041329777	9.1606875
450/6bab738f5739e	3.343580655584803	3.944125
451/6956f664bfce3	3.1776869716968124	13.2801875
452/68b29dba8169c	3.1082221773420637	3.8403125
453/1fd68377a002f	2.704698897155323	3.8168125
450/fd9b3c6cc147e	2.935673639517426	4.003875
451/49fc1c829bc42	1.674578420563876	2.9373125
452/5500952fd05f1	2.9345351975399083	7.9225
453/4ece6ae07165a	2.6576138427674567	2.692
450/fb8b045c05a26	3.02665779559594	1.8259375
451/ec6c404aa7185	3.546999593016622	18.6679375
452/9f5a93ba724de	3.1969115803710233	4.1065625
453/03255422eba39	3.0216978533621117	1.6165625
450/e1282784620b7	2.5251126721315096	4.7308125
451/4c62aea1b58ac	2.647140644900219	2.403625
452/376a950ddf86f	1.8975843404684907	2.357125
453/69ecdb37001e9	3.0801839240369175	4.8410625
450/6a0c481444ca3	2.543916661743391	4.3125625
451/3363dbc63688a	3.3124572813550204	3.4818125
452/9c9ca8423f168	3.1835913704816603	1.8715
453/16062e2c9c0a8	2.4307728840640226	6.009375
450/2a16a264d1060	3.1242832661379083	6.3960625
451/3213e3b1024b2	2.6851392535365077	4.9231875
452/d94cebafa1c77	3.4537916122906953	7.68425
453/92be21ce4af26	3.0913932683952865	12.0745
450/aeca9370abab2	2.579828496762801	3.1946875
451/382422a08b345	3.0111494891566304	2.7059375
452/fe4eb7302147a	3.2842039381530275	5.216625
453/4b7e478cb37cd	3.4310340357514897	14.60975
450/1829c8b4cc94b	3.388591442695091	6.8744375
451/f37caa91071cd	2.6464075929661193	1.6211875
452/eea9bb6fb29b4	2.976579592269175	2.573875
453/19403c32fb6c6	2.6780223173654902	1.58775
450/1244ec9db2b61	2.462034673221166	2.441875
451/32e1c68b0d307	3.502303513348457	6.068
452/09ef56df9b69a	1.5416372690835738	5.479125
453/5734759fe0673	2.595105391421259	14.3071875
450/b325d205b737c	3.20925847706689	5.1286875
451/0cffb9db57e7a	2.084756512424026	1.9416875
452/72f200fed578e	2.9897675566412016	6.3189375
453/3d1085cba1642	3.012937566409294	5.2670625
450/4495a3a658059	3.1342849960419947	1.2333125
451/bbfd43333353d	3.1842019480985515	4.719125
452/11dedc7903fd7	1.0883186667730687	1.2976875
453/b4b438191602a	2.863640068710963	4.65625
450/fe1ee4f769ed1	3.136855633152844	8.2548125
451/32587670225d5	2.774592821991543	4.0860625
452/830b4770f4813	3.0729798436240663	2.74775
453/b4c2011a7554f	3.261816515637342	1.9936875
450/2adeb69a003ed	3.132780485927913	2.1421875
451/1b381e99fa7d2	2.4147962941230747	6.9693125
452/2904ce68d8dc6	3.2246223733077626	4.833
453/0447d5c0db841	3.292140514557445	10.376875
450/c0395803d9c7c	2.857732124331252	1.1046875
451/99d065bfedb73	1.9981297233462996	3.088375
452/eb4d77fc007dc	3.3073149397282395	4.1848125
453/ea92073ce7762	2.3793790065028033	18.220375
450/36767db386c88	2.812335638183303	4.259875
451/8ecb6e20f1547	1.8859098984548457	0.9608125
452/90886358057b8	3.1598972902415006	4.2610625
453/2f97f4661d6d3	2.1890714901662727	4.8244375
450/4014db448bb91	3.066694939803884	3.9261875
451/50b13580eeaf7	2.8340499846390386	2.684625
452/f79352a8887ad	2.6195333538341203	3.817
453/97bdfa7692989	2.6672322090395464	2.1871875
450/9a6540f3d447c	2.349223410261325	0.8009375
451/33078f8471d99	2.8265451789772835	1.92
452/d29e743cdb7a0	3.3946125693564384	3.9645625
453/3205740fe650f	2.282082318318705	4.0961875
450/f636b3c7a2189	2.854711475726464	4.7645
451/70212585e0a43	3.1813079360295617	2.963875
452/de4cd83e51c29	3.4546748081483294	5.4039375
453/8076d358b8929	2.756637225391509	3.93275
450/fec4c1bb812d3	3.206805831843663	14.57575
451/b477eede7531c	3.310698487685002	9.5810625
452/a9d7fdfeb5dcd	2.228138021397358	5.9868125
453/f7980df4d7b72	3.030049749191541	2.6456875
450/715116b8ae9c2	2.9641187208291306	1.65875
451/b4e6214c80b54	3.229984848801107	6.101125
452/02df905afa747	3.265780580074847	11.1020625
453/68fce5ffcd6cb	3.2407537318055213	6.644125
450/c4d81aec225d5	3.249485396195423	6.46375
451/b73b3e6db3092	2.70844124839407	7.074125
452/68afa978fc0e8	3.238075614918816	8.192125
453/1fe092b17d6b3	2.2605134357242767	7.3645
450/44a4a20bdc8f0	2.6250671304055815	7.01475
451/acacbd49ca481	3.128774256907334	6.393625
452/ef3d66c10a163	2.9500712979854855	1.79175
453/104235e66fdd2	1.8631013502560674	2.3485
450/783bc411df13a	2.5242633665767014	3.779875
451/f86556c95c6bd	3.1627741723505585	7.0616875
452/efc6eef475979	3.2431790254018535	10.4485625
453/2b8b6edbf60a1	1.507168925576782	1.66325
450/32cc99726c9a4	2.790304038540458	1.4534375
451/c214bf6103450	3.254966161322438	5.2105625
452/6b697b07044a3	2.8528945407845723	3.12375
453/f5de034806a14	3.0716952453064295	2.5231875
450/727ce9bdde413	2.0444031568826655	1.0636875
451/2e17866666859	1.9685298268567002	7.245
452/42ccc6a46bb14	2.6427435117212084	4.2136875
453/ab206fd8a4276	3.056050946586675	3.7684375
450/206f5fa0e54b8	2.313640492867254	4.4663125
451/59f4b408dd282	2.2130182142677044	1.7835
452/ab787b932d786	3.0348250184205643	6.561125
453/cb3cbc8dce8b5	3.168698357438595	6.8483125
450/c63f11ee63cb4	2.6207628518984487	1.971625
451/54dc7df5d53b7	3.3323740297342734	6.1243125
452/7317f6070169a	2.9576123342312246	3.396125
453/d583e1ac5e83e	3.387686944374893	11.8628125
450/3564ea31cad83	3.116047672859451	2.8384375
451/e83c003a9ab8f	3.3963674863835327	4.64175
452/3ea91926758ef	2.512608961855009	7.455375
453/b27e9dc901f52	3.2619099143602748	10.6744375
450/89814dc39f231	2.4805623313661798	5.1430625
451/4d07642c943f9	3.2968947446984473	1.3710625
452/e3e1cf1f4189f	2.9515614355658735	11.11725
453/a570be610f8df	2.7390215926698023	1.8745625
450/5fbfb542c9bf9	2.8861888850898687	2.942625
451/a92234fe7962b	2.1640935370558507	1.2015
452/1e88cf6372cd5	2.5150007244039614	13.8410625
453/a8ee357fa9649	2.730760140244231	6.219875
450/7d75e7e496141	2.157478521997028	2.842
451/033382a6e1794	2.785769200578829	3.8249375
452/4978d901e0422	3.2262458766693043	6.4265625
453/de693a0520b83	2.0401179285394746	3.79875
450/f578d13b7d027	2.286422300098446	3.7534375
451/0a4fb3d615474	2.600315380713626	6.2328125
452/b75acfe692a1a	3.1145180199983593	6.412375
453/e781573417f7b	2.8786813974634033	2.986125
450/2cdaf685c4d9d	3.431610668420661	8.1154375
451/c137b1cf6992a	1.6588492892341027	1.149375
452/fb9861934dc5a	2.4113131643792807	2.86975
453/a6c5ff0f94aea	2.4847354654079625	3.6375625
450/2a841d933db77	2.3597297984082077	3.7615625
451/08f055d2f247f	3.4585743802004445	10.093125
452/52ff167b009d1	3.3585092626341866	2.3074375
453/c7fb175f92e54	3.3992812820084373	7.3375625
450/30c376a13dc6e	2.468469199140814	2.9486875
451/be1265670a642	3.275763920061803	5.75675
452/4bd4bb5152d42	2.7042588136589156	1.29225
453/abd0c7b14a94d	2.996516961492332	9.2224375
450/07ae97abe9717	2.258651343375145	8.1810625
451/35c753b4c40d5	2.9813647386358157	4.72825
452/5551f6ee40160	3.0827993365011506	6.4149375
453/a8b263c9f486d	2.4865884719379077	4.4443125
450/24ddd7c0c9c46	2.732996636578046	2.520625
451/d5c963bc6e428	2.017179464559634	1.2529375
452/343829c150b1b	3.229142912077618	4.061875
453/a5a9f47d3691b	3.217726387112138	7.2498125
450/3e5778d72b178	2.2757194492307313	1.0115
451/dc09e863aaeb4	3.1118975308673362	3.5784375
452/37e36bf401420	2.599410255262625	3.6999375
453/134e2f74a4023	2.720169068768902	2.8346875
450/25a03b9aa2020	3.3565824081416578	13.1028125
451/fa97dc4b8b1d2	2.820120272354984	2.7796875
452/014098ec9b867	3.2728841001916	2.19275
453/4fd0cb8fcef18	2.6598307893069983	10.11275
450/44fa2d5b6c699	2.9435391983217896	3.5951875
451/32ad6c742cd2e	3.2918828822877715	6.7059375
452/1635bd0e559a3	2.610829542024426	8.504625
453/5db28a3d1b39d	2.5336358279452966	9.1731875
450/8908e58d24088	1.9913112826473154	7.202875
451/00d05a577ce2f	3.3722416301608646	9.5184375
452/9b619b00c15c1	3.052131222413875	5.100875
453/e4c21cfccb450	2.174133885334554	4.9325
450/85f5e1b41ec41	3.235173874921656	5.6000625
451/bb94c4eccf6be	2.62704059565532	4.797875
452/7dc2600b7cc94	3.295513578618579	5.2985
453/065399ac3cb6c	2.2436328205313396	2.0294375
450/66dc0471d1337	2.193306285625373	2.522125
451/80c7ac00cbe7b	2.5173094356508594	2.1705625
452/1f7f175640c50	3.0442825467596464	4.08275
453/3156679cd55c2	2.6906275359711858	3.636375
450/0192b397cd761	2.5114207594247073	6.8439375
451/bba2d0c76c95b	1.344633167808474	2.5381875
452/d45ad680f3d82	2.886863199867403	4.2788125
453/0f7268dbe0562	1.4038813048857182	2.42575
450/79558e577bbf1	3.0206402433406696	5.5034375
451/4168aa2da6008	2.888998455838738	4.9234375
452/e95d6ca6aa667	3.2061937721110407	3.8085
453/b4b6419dee605	3.3655774157384477	12.7775
450/c2ceff88d66b9	1.973364094737055	2.6380625
451/7e4e31ff73214	2.9020989393830203	8.17575
452/7d946454809d8	3.300539982168851	7.40825
453/04b37ede5d76b	2.6702897577436	5.772375
450/d1a2a49d1c248	2.662538658308559	1.6340625
451/fb24414906c91	3.3147196715252782	6.1999375
452/ddf9d24489bff	3.429109542078865	8.191625
453/ab44a4acae38f	2.2781297733028443	4.9785625
450/69bafa1b7c7c5	3.125886494369338	5.6439375
451/09ee23275a6b4	3.362145863478461	13.2594375
452/63c8bf2d0c7ad	2.922349457893157	6.3955
453/2edbd6867edd5	2.7888715174524563	0.816625
450/7985e1971a374	3.330792936727901	6.903625
451/4fe5629b2777a	3.2295536027839287	6.5703125
452/7afdfb06f2844	3.1755115362751787	11.1160625
453/3d88d3973a435	3.3688042756699237	4.901
450/69067141fa8a4	1.980914206691546	2.36125
451/38cb8d47f9532	3.116384920994743	8.965875
452/e5236c05b8e6e	2.383075351376475	0.7683125
453/2046842d8b285	1.127598093014692	2.6304375
450/8308890428422	2.4552251632314035	1.6653125
451/ab61009213bb6	1.2594437268462515	6.2143125
452/ef017bd4fcebe	3.239764728585469	8.978125
453/1301ec8ded951	2.596493938741918	7.3756875
450/8886bd74cfcaf	3.424650804245681	12.9609375
451/f132b0325af96	2.8096542246925744	2.899625
452/c3985204440ea	3.366596332001714	4.9993125
453/57f966aac3d9a	2.866467240977595	4.3750625
450/dd91091c0e5e3	2.5556313584634784	2.598875
451/cc00c4e9073b9	3.3584565397736883	4.6874375
452/38bb5f7d67a62	2.713360141163119	3.565625
453/7ace6cc901c4f	3.4404899273003116	11.3814375
450/aa695f1ca5987	1.9173008962216678	4.214125
451/c2681004fca84	2.7057713802561283	5.6779375
452/d8028c1bb88b3	2.6998356975094695	6.9186875
453/4277ac4cb48d9	3.220574695042084	3.219875
450/c92a45fb5560b	3.1203518467806917	4.9950625
451/ca2e19e5362b3	1.2055577546306153	3.366625
452/d3bb27d13febd	1.7928687387258087	1.1306875
453/df2565fceeff1	3.1586204615048	3.966875
450/e78c376ad9630	2.6868637284688286	3.8896875
451/c6a3c34d75312	2.946397574539231	11.4789375
452/7de2696376b82	3.2461018963962585	2.152
453/32bb1ec795c1a	2.9848238723951623	3.3701875
450/231ee9ad281db	3.171922151708089	4.3096875
451/474b38b730b1e	3.2281680547020657	4.9050625
452/a52c710e01a9e	3.264441687639368	4.731625
453/ab01da1464e0b	3.0082848129159894	11.6205625
450/da44356fd89b0	3.2040253465764637	8.4886875
451/243901d849961	2.9091684482460507	6.3640625
452/07cf5ee41228a	3.059980149390703	3.716625
453/9cebb36d20db2	2.5727575748539198	8.2839375
450/bd07cd1ac6d4f	1.6196407056549833	7.3951875
451/d3b1caac8ce39	2.417738459164797	3.3834375
452/3df5ac240bae5	2.459809807278815	9.1015
453/2345c9f7e7b7a	3.0219543861103295	13.008125
450/0576f3f4294ec	3.189409313237958	5.4815
451/5c4b2fdda853e	3.44221734163704	6.2698125
452/3211c75bc4b5d	3.2446371659721716	16.6360625
453/07ec325b46fd3	2.5720524149957797	1.297125
450/c8f6c366cdaeb	2.700367231948447	5.527875
451/0c1058c205b68	2.6487289339492452	1.7414375
452/0084bfe6272aa	2.9465304923723763	7.3938125
453/def19fba14be5	2.81066710588033	4.8345625
450/6bf2239e39cf0	3.1622620371376793	6.6753125
451/1253007e961ab	2.1991014859384133	1.056875
452/60c51a41a16aa	3.3257900210399964	11.4845
453/7a90f5b028c88	3.128334049017821	2.6626875
450/77706486d2b5f	2.565061788841121	8.5748125
451/486dcdd610dc6	2.888181616306524	22.9116875
452/c325275b1843b	1.8152660520864743	2.9850625
453/958265e5a6eb5	3.330501426931214	6.2665
450/52b6aa2ff4e1a	1.7651520760004942	6.78175
451/9dbb8884b1bf7	3.4231608523883565	4.6130625
452/75bd80fc630c9	2.4383455097649533	3.1815
453/53ffe1925a82f	2.861973491333792	12.0096875
450/8cb5c6db97e14	1.0753671459764806	2.0991875
451/768640be2172d	2.053331780501482	3.1545625
452/fb1d8246facfb	2.9614706448790113	12.094375
453/b2dad6a27c09a	1.8795611411435948	1.8491875
450/378c24c1b985b	2.6473354448086037	6.5440625
451/7d7ec48661544	1.911358434963115	1.6185
452/54119ab991524	3.159404108537803	6.4055625
453/984f9e30b03bc	3.467741517552677	12.97775
450/dd356c8b0fdbf	2.4150844302701215	3.162125
451/d3b66398eddf0	3.305254304011703	11.0776875
452/40e276fcddbbf	3.086304490026932	10.7611875
453/1f3bec5413fbb	3.1035597466557254	10.3054375
450/e5f161e8d197c	3.3819694198678225	6.2144375
451/093596d8564fb	3.237068870666709	7.8738125
452/7e0d29639355b	2.8461758283837777	3.15525
453/08d9fd27d9f96	3.226419908312577	4.6940625
450/7544304ef7d16	3.2231170360901764	10.725625
451/0a5e165537bbc	1.9942956409846286	5.4388125
452/92cc13eff93fe	2.8115368040152218	1.8255625
453/7d42c2a2fc210	3.5579170391413553	13.9659375
450/998ddb7114430	2.9926822911248374	2.583125
451/955dd58e67c83	3.3887568558047505	11.287375
452/e5cd0e7586417	2.95960906016935	4.334125
453/fee2dc531224c	2.4215825140494296	6.960625
450/9b9aca0d869a6	2.731100561307671	5.97525
451/f3819780cd3d3	3.229667955296063	7.6906875
452/00afa3fc642e0	2.2757647298040444	2.0875
453/8a5a2eabfa6b6	3.060129109983685	2.432
450/679b72982cc64	3.4195292993210615	6.4020625
451/077116481a0b1	3.3069635210567006	4.8965625
452/0188c1e0bded4	2.5011767360707444	1.0615
453/054e3d7e2685a	3.238869758739534	14.97275
450/eeb8b29943910	3.0910404308023685	5.4051875
451/e72f7e54b6ce4	2.808658655918302	6.4276875
452/b1ef6a5303e2c	3.1913152669800104	2.5755
453/229c348aa8a8c	1.8772195589751945	1.3436875
450/e5faf72185d4b	3.1473116418592983	5.835
451/f41f818ea4c9f	2.907758696479836	5.228125
452/c9384be8afef3	2.320648972651591	3.3160625
453/766144c1daa2d	2.220406638674362	3.5810625
450/8f0cb3f75815b	1.9012384362600285	0.9909375
451/8173fb39d841a	2.431430505373779	5.3818125
452/d8224e8117352	1.2280111455396123	7.0371875
453/dbbad0bfbbc68	2.971268416012541	9.9611875
450/8ba9d5c5cd37c	3.423493744284283	8.359125
451/dd3547ebab483	3.0331888289908426	5.371375
452/64952ca197738	3.291667801931093	8.8434375
453/079a7b85b9a89	3.1613247889244716	4.7553125
450/9f062c82f9cfc	2.4282736150974538	0.820625
451/6eed36e1cac00	3.450068533989189	4.280875
452/a7319e070adde	2.9207888039069863	9.502375
453/cc2aac0eca9e6	1.3685441297929386	0.7203125
450/a5f2eb9ddc851	2.438720501637924	1.4819375
451/683e3acd427f7	2.8543755754721793	6.4175
452/4ccb02a853371	3.335697716371248	6.216625
453/586f4f550ed9c	2.3379473511927387	3.606375
450/ac5b5101ae9fc	3.4301687337454587	12.579625
451/fc982911e481f	2.3693607643583907	4.4409375
452/59941e83abbf1	2.881167560318837	2.94425
453/5ba0501cca402	3.326852837138249	6.25775
450/186ac9f08891b	3.010085213114272	9.714625
451/cc4ab02fc2f7e	3.4655686187831236	7.4716875
452/e279c897088cc	2.9673222855054155	14.0454375
453/6695252d7aec3	2.1969292633351105	0.937375
450/dc4c8f3b5820a	3.330916931881853	9.70425
451/577b2bfa25cc5	1.2759648061012547	3.57875
452/e394cfd59232a	1.8162708410420125	3.269
453/273613e190416	1.8353150649783239	2.991875
450/f99b4b6e6d14e	2.1931697990267005	4.532625
451/e4a744c46604d	3.2367339192424183	2.13275
452/3b6367889c470	3.344435737862041	9.2964375
453/8ae92fb25c1db	3.303954415337398	12.4004375
450/ce74fe360616c	3.393433803480535	10.503625
451/938d0b2b26553	3.1204060507790063	9.8830625
452/438bdf841965c	2.889880080279739	0.9326875
453/a9e69a7e4dcda	3.322702554800743	7.46125
450/03101a98c5da1	2.3231419058880944	5.16975
451/d7c8420f8bd23	2.7638291641651755	9.886
452/ea075305cafaf	3.1504196046784494	2.403
453/c8b979b9b9bf1	2.5498421853965625	7.6166875
450/e6e7233320547	2.5607706194993516	4.6609375
451/4c587af85754c	3.259506423105695	9.0543125
452/bfe3192720f18	2.971986720724448	10.4376875
453/c884e996b4557	3.200658710692346	7.9246875
450/151399cc45f20	3.195695889598711	17.327125
451/fbd646a570186	2.3810224519203347	6.9650625
452/78686f11daff2	2.3127534751735963	7.455625
453/b45a2292f296e	1.1664693398413266	0.961
450/f011aa5c24d80	2.9908876483000566	3.4428125
451/57555391105c3	2.256368713831994	5.25075
452/cd7e33bf5de10	2.520743610894601	4.6579375
453/211bd6e60aae5	2.0561544321888485	1.4746875
450/85af1f4c7b1fc	2.6073815240569154	7.68875
451/f01dbf482dda2	2.933170959518585	2.70775
452/ae5d4100803cd	3.119246416618071	10.8673125
453/7421fb3a121b8	3.0742333531607633	8.745875
450/4e9885a3e7735	3.145800148573875	6.2704375
451/fc88412f082b5	2.1796166132879713	4.9871875
452/25b40c8a243c1	2.4125211561721462	3.0601875
453/dd6bad7b7cb1a	3.254754968954074	5.0099375
450/2dd3714adb247	3.3442443399363615	6.71325
451/be07b2f0edb42	1.0997892570495453	1.4511875
452/4fb8578c910ec	2.3132198596154407	9.195375
453/c3156f3cd944f	2.8411684849248116	4.212
450/008292cbf1485	2.7112361460561907	3.0298125
451/c731a6c76e058	1.3993488006313994	1.424375
452/f339750f6c416	3.0369703869591738	6.22375
453/adae5df7d3f6f	3.059268128365578	5.003
450/2bbd03b8290c4	2.793382215261227	4.6154375
451/bd89b073721b1	1.8967124256607	1.8730625
452/95fe90c93e9ce	2.3204287384692464	5.6574375
453/f592634c1cc7d	3.501531166182513	17.62575
450/4791c02509220	2.8952672848845067	3.4749375
451/12418fc8c098a	3.1884310536787424	2.835
452/e1ed2cf17aa58	2.5650303331990663	6.0028125
453/4b39ecd356bba	3.236715331962141	6.78925
450/b6da27ec844ca	3.1412618244329127	8.2123125
451/b1162e3959c11	2.145615452890156	1.41775
452/5020fc6caf6c6	2.494206944610802	6.41975
453/e20b66c8152be	2.7246823383800702	5.66975
450/f664014fcfcbc	2.8749318646577455	5.163875
451/99d35301f94ef	2.5266688862751936	7.0513125
452/a6a3ce335564a	2.3193621726278644	1.0210625
453/f120a72fb26c2	3.0187618166782033	1.732875
450/82d8a1180fb57	2.8538515434704435	2.084125
451/df9a02f6e9e8a	2.916659826393305	1.340125
452/0cd26ee90ca90	1.7128681654361808	2.427
453/67a5e8b56a2ab	2.9112956797384504	4.010125
450/291297c4f6304	2.9519755678342148	2.1695625
451/c29ee0a809053	1.1628499610984668	1.67425
452/ad86e1393c252	3.2426408444132906	13.607
453/30c5a532e4df1	3.3311490104970014	13.629375
450/4122ed89d7dc5	2.0409935813089786	1.22625
451/f59d47ad0b115	1.080901330763906	1.6315
452/6e1587ed567cf	2.956778231269584	1.84675
453/1134164a258d1	2.225468461725061	1.394
450/a0bc982a0dc70	3.4570764680918264	6.6225625
451/4839edb8494dc	2.862877160641217	6.798625
452/617c4af354579	3.3483615878932365	3.172375
453/143d46cc9d3bd	2.4201089595336622	5.2828125
450/a207e0d2e0705	3.152822347398879	11.3123125
451/0671ab30427ec	2.850931669361636	3.12325
452/17c6c778bc853	2.8572026471839114	8.1859375
453/ae0bbd7d1823d	3.3302658081665433	3.513
450/6c397377f989e	3.061562395280137	12.76225
451/a9067153611fb	2.0761487040217075	1.1565
452/f0b1ddaf27e89	3.04590872064915	7.5918125
453/e813a48d8d7af	3.0104559878084447	10.0189375
450/82310223d750d	2.146438372128111	0.9941875
451/02559fab4958e	2.6099440084723358	1.7550625
452/d443c87712752	3.492266914237981	4.70675
453/6a67d5d01250e	3.281024138287626	14.1755
450/f2a01f3556d85	3.091407533671183	4.09875
451/73a0f5000b6cc	2.1659069018061334	1.4895
452/d653bb6156708	2.4577545518104587	2.4005
453/b8b1731f1a7e2	2.9078902575654646	10.0665
450/70944313a3981	2.9989345355906387	6.68525
451/13d8770194410	2.4577891361457356	1.7564375
452/89df6d391585a	2.814874439545266	2.7543125
453/b2b013de25482	3.486835235825412	7.30075
450/e91c25a75aca7	2.705293766163772	2.18
451/a8a31b30c6800	2.8612583833115672	7.925375
452/01551eb8ee9a4	2.8631856236056725	8.5549375
453/12a36ad632f6e	3.2921273493255043	5.0413125
450/2a9038748bd50	2.931692476895468	5.02525
451/04639ff62391d	3.0266708987771027	2.9654375
452/ca0f607549034	1.1273030750075124	1.009125
453/4d8e801e63d64	3.289839556691838	4.7029375
450/4ea93a3dbc320	2.205260579814396	1.242125
451/e95e13d50096c	1.8125040268710746	1.2329375
452/d4637ebfa1a7e	3.09815455550995	3.836875
453/10877ec015b64	3.1447870554530395	5.0920625
450/1db521a254ba9	3.2397583676499138	3.729875
451/9ec34cca0f45a	1.7160113264214618	7.3934375
452/f494648f94456	3.27016411891759	7.5521875
453/b8c7cf08e4292	2.8419273382052332	5.145375
450/471950f366145	3.100668605861531	1.1055
451/84ab0d54955a1	3.14021367757794	4.3758125
452/cb35d3ecb7a16	2.5075296621278276	1.298625
453/c84d4b6d545d6	3.2217855308647745	6.6164375
450/b750e58b06680	3.024247768331151	4.999125
451/22e9893877414	3.3856307945583257	5.534875
452/7071738e3c13f	2.6455707246253164	5.5090625
453/6e036fa86d72f	2.9895479192850494	7.7159375
450/a01f9f1112bdd	3.0581890736123034	4.632
451/53868b1f1963c	2.958465478048256	2.0179375
452/1d58de80e9295	2.915768998808984	5.2364375
453/1bb5eebf35526	3.2002783420080942	6.0339375
450/a4eca755beb10	2.768481958594215	1.731
451/558d0e8d2eba6	1.5405098364526455	0.86475
452/f46a6d5e0d6af	2.970025943851146	6.10725
453/29bf7ad77197e	3.1816163781161158	4.210375
450/fbbf3c71a1f38	3.3210630002631296	5.906375
451/83d1fb7e516dc	3.369066349674308	6.3955625
452/2bcdb53492c06	3.152298096324904	2.709
453/386f13a8e5dd5	3.3999616278774267	7.389
450/941706feff526	3.393955130251598	6.21475
451/b20b33ea7b936	1.6356958198478564	6.00875
452/53d6ad86e9091	3.314888852052537	9.2785625
453/86d08889a7e06	2.7243445735829974	5.8981875
450/dc7ee0dc036f8	2.8116651979070975	2.068125
451/97bfcfe882259	2.509596716124614	4.7494375
452/04574b08be950	2.6715166757907256	3.0131875
453/7293ca4f29ede	1.8792149533398905	6.3221875
450/0ac9573cb0906	3.492548625336565	8.2079375
452/de125975982c8	2.6748958322234735	6.3211875
453/4dc1110fe9522	2.6142064560406912	2.2379375
450/045422cf6119e	3.155609304516961	3.2509375
452/fbccb80e66281	3.334846388753654	8.01625
453/95afc67fb0231	2.2230207508947077	4.3271875
450/478b1a0d02b97	3.359883820382046	3.2961875
452/d9b411416b7e3	3.126314597035533	7.55175
453/f2506924d2cb0	2.2529599508407343	3.509375
450/1054b27beb40c	2.5258932516568855	5.6438125
452/888fa2e5b922f	3.368289545643102	8.092625
453/8da14ac4a966d	2.3064325448399514	3.7969375
450/8ad1c4c6ee319	3.2376774557098145	9.9996875
452/f5f6615fd42bc	3.2627113075815855	3.5301875
453/220b45bc20c60	2.1378061588445325	4.953
450/829a0d9c8336b	3.4118998506635028	9.41625
452/b812a5b3336fe	2.3510173076819645	2.399
453/0a914904aeaa3	3.1734020412383046	6.9910625
450/efa1f68594371	2.7829570934837666	11.243
452/2c4d739bce34c	2.64099756155128	8.1339375
453/d5abc7143b938	3.2741995859359543	8.2898125
450/c7124ad31a63a	3.365501314163752	5.8059375
452/cb72724006bc8	2.7128463894102874	3.4305
453/438c3af339895	1.6812503899119784	5.1989375
450/91ae074176b08	2.9858671834293764	9.0008125
452/920bd8259f564	2.6460203053357296	6.7734375
453/9deb4a241f151	3.179141704463588	6.009875
450/9c4d57dc37ca3	3.422689204869209	17.7990625
452/e8dd7967ba7d3	2.8609546628044518	5.218875
453/0cb0abe893161	2.0992183676497884	4.0888125
450/eb14812870d50	3.430685175813134	11.15875
452/ab311ef60bb8b	2.6359617565727484	3.2695625
453/98bc4ac62beaf	3.108570808261306	8.6338125
450/81f1ff8a8c7dc	3.3050409054989003	4.2106875
452/17b367740b07e	2.8759137482031463	2.9511875
453/7eb9440485516	2.9940752103371406	11.497625
450/5052f3ee8cfd6	2.851241016458586	2.76775
452/0a1b20459cc88	2.690102069546371	2.501625
453/a7a7d1edf7ca5	1.7866870150136414	4.0019375
450/43a45f78e3822	3.0466421341677408	3.6829375
452/03d2d6adf5a6d	3.170696289535	5.7669375
453/106f010f63e85	1.5961121311889108	2.7865
450/b8b66c475590d	2.690694875668292	4.685375
452/bd50632ba8bd0	3.2087814794887626	7.1690625
453/15e14b9322b61	2.4702498066684018	4.3389375
450/f9ed4543c47aa	2.3602508045418755	2.931125
452/cdf59e6b9dc69	3.0467832962366828	2.34325
453/97c04928577a8	3.34644746209037	4.7299375
450/4b230e2fd1818	3.274505064877573	5.3819375
452/3a560776c5488	2.350051332645823	8.2829375
453/c2abe730ac0ca	2.2674305517129967	3.029
450/5f606e63859b3	2.759975076748048	1.7784375
452/f54e5fbf024e5	2.823680516225075	4.958625
453/cb6db8d109cc6	3.0870451700779182	11.9734375
450/8199a44a2394f	2.8036168933098256	5.4764375
452/a03834db762c9	2.8802466243228353	5.534125
453/b6fd161965587	2.6077398432433547	6.60125
450/6fb3e97184d01	3.2443207261969005	4.3388125
452/85de666727967	2.413708153287712	5.294625
453/2dd275a3869f6	1.58776830175762	2.0109375
450/954c9a4032ee4	2.709653710363875	4.201375
452/4911f3d479c42	3.100373915308343	2.575625
453/1d1236db2f007	3.3930917377652574	8.6449375
450/f1949776c589b	2.836573785011581	10.118
452/22b799bd7d7a1	1.9956630620404308	4.3795625
453/208783bf339c1	2.910986764014089	4.375125
450/e347fd033db81	3.1323381730732183	2.385625
452/20c4c3d1e3d7d	3.274377966981521	14.6521875
453/f113963e8432e	2.8932575921761328	2.549
450/77ed07e8b7f85	2.865621837860158	2.8163125
452/218cbf7ac49d9	2.403173871386663	9.6410625
453/482604a4a3bb6	3.067921243614931	5.98375
450/e2f7eb2ea9afc	3.1323163703313295	4.57325
452/b9cc4af6871c4	2.4672546012112475	3.3008125
453/44aafcef1ae01	3.3659210008538145	8.564875
450/26aaaaae5e4f9	2.9682712619055422	14.236875
452/54ed4db437d79	2.2470724310158325	2.145375
453/89e8cf5bbf2ca	1.5340118438730432	1.90175
450/d5d0e296a3262	2.99946994270679	4.71925
452/a03511bb1e7c7	2.328907839869689	12.9655625
453/85ee83e35dffb	3.098369177686931	3.5960625
450/02a6006efd548	3.4369920943977283	3.1861875
452/68e3dfa81fa31	2.403936883358215	2.766625
453/22084ab5fa51a	2.518060458873104	6.881375
450/0d7cae0c1df47	3.046404882558749	3.47875
452/29c824de4a4a7	2.6279690246828684	2.242125
453/e3000a50ba770	2.731689192001292	3.1849375
450/1db878f370ab3	3.1236460549347647	3.22275
452/9ea862b964efb	2.9075100584892963	3.6666875
453/b50d515c3674f	3.432586264827395	9.7545625
450/f02d04c677e8d	2.2623640481822886	2.947375
452/594f0858ae84d	3.4788012928649117	8.308875
453/3b3f426e266a1	3.2483369474532444	9.480125
450/0849fee9cec30	2.5101539933340655	2.2835
452/c0b7e9b9d9f13	3.1387930594510305	1.8020625
453/f0899c96ba5f7	3.4469729383833205	7.0853125
450/614b18c361ccd	2.6965439063117107	2.9031875
452/6799f018fc202	1.3837098469492333	7.7611875
453/0cfd1faf5ef23	2.753866644521014	2.559875
450/f54ddc982335e	3.1834673541384224	11.4363125
452/f33164a134a0a	3.404400873177346	4.560375
453/1b9776999d9a1	2.679240078834668	4.132625
450/ba06c0cdc46ff	3.3414059530341444	8.8734375
452/f3560eabe7e67	1.785661467261126	2.3746875
453/d95eb15143fb4	2.396307226731282	4.967125
450/794d93a26d24d	3.1228481556144834	5.380625
452/1eb27bd5aa1e1	2.468327228312085	1.4398125
453/12529df46645e	3.1343977461979606	5.3496875
450/50d4a3af0187f	3.023256472703001	2.2935
452/f22d38251a8d9	3.161998264182454	6.0803125
453/a19b956d7b26f	2.327173090961452	5.2085
450/02f25435536aa	3.004095146577404	3.733
452/c82b617f2930f	1.1967576380308078	1.104625
453/eb66eeb82bec8	2.962721722315074	6.32075
450/a1a8f3ee70f3b	3.2613895370305803	8.1765625
452/9f13e894a6a02	1.5038624986881155	1.2950625
453/ed24fd28eed2b	2.9695955347796685	9.84375
450/0659e1481a401	2.9422864743058414	5.2590625
452/03766b5d5121e	2.0812621605762156	2.6203125
453/01dd865303438	2.3757111769685513	4.4233125
450/068623f2c2eb1	1.947777966167795	6.0330625
452/497b77ad5e8e0	2.8827289951279993	5.0569375
453/b9b5fa6cebf0e	3.40263076468435	6.8949375
450/a34dde1dd8601	2.980891837082533	6.527375
452/6264258c1b766	2.936920927012052	1.79375
453/32a00df6ab894	2.5070434282337843	3.071
450/cf3ae3d7ce7e3	3.1315941414242445	12.8216875
452/f02435f29ab19	2.242702962994358	5.4464375
453/a21faec989984	2.1402460937225825	1.0086875
450/9baa373cbfbe7	3.2029221743707517	6.6580625
452/cd0e09d1798b7	3.0687128102397416	2.0203125
453/a3f979c12d9c8	3.12814872750441	15.4519375
450/638b06643ba31	3.4266283014751715	6.3344375
452/eca7898153177	3.493993251812095	12.1265625
453/5599aac6b00ca	3.198288436633644	4.4668125
450/a3b508abdb495	3.451859840519366	2.5465625
452/a7f1862af0db3	2.664110485244121	2.615875
453/3930fc8423658	2.99991584055943	7.5235
450/74aad9708ee38	2.7324591626836416	10.3303125
452/5d716a53deda2	3.391696686327064	6.7624375
453/74ec3ab843bfe	2.6721616384020916	4.9323125
450/a9b0ec83aa984	3.0329321351638496	2.88225
452/0bb090bfd23f6	3.4177914319533995	8.0035
453/fa727da9cd295	3.4989882936823187	5.523625
450/34d0008d0e68c	2.9984533676102463	10.04675
452/7544ac57b0130	3.0690637005789747	7.8470625
453/b04df3a109030	3.1740930422371556	6.2773125
450/03755e3ba21af	3.201416978980338	7.47625
452/ebd89a7f5028b	3.09927303986956	2.4730625
453/644d43409a3c4	3.221917748037067	4.3688125
450/c2a4ea84cc3fb	3.4211854086449804	4.47525
452/a5f5dbd67737c	2.3397191952965186	2.0668125
453/ed5b611dace53	3.253266783652927	7.612
450/650bdbc195bbe	3.4859545899181166	9.1235
452/b179acb53e1aa	3.259349880582086	16.5848125
453/01785e18fc698	3.1836788031385694	10.305875
450/0eecaac2ee413	2.1422026571499346	8.0959375
452/508918ff7ab94	3.2950565958545397	8.354625
453/6154836218582	3.2382211641199	8.3430625
450/7c4674329a3a6	3.3972525065937798	22.8781875
452/ec06a0262db38	2.969645019595984	3.218625
453/3a9b3c3f679b1	2.9206983153178436	10.0411875
450/72d7aa38c9f7e	2.6968779830115466	5.8645625
452/e196725458866	3.232645421503253	5.860625
453/ec13c42b45a60	3.438988366910273	10.7009375
450/ca614ff709407	3.234432060533727	3.0751875
452/90e336aa0238b	2.5275176161647717	2.5761875
453/cda850869edd0	2.0255745339404236	3.78575
450/879d625a76f9e	3.0403883386221637	3.6171875
452/255b969af9fc1	3.307689648993111	7.5398125
453/31ff55e2667f1	1.951014561888488	4.414625
450/1c5e9b1cd2fe8	3.2357982544798594	9.298
452/423cfcf35f927	2.102778115890665	3.72025
453/cc77beee569e6	3.091295466396543	4.19725
450/b11210bda7451	2.725584926206727	6.9530625
452/e3bd97fbf99f6	2.6859867290554216	1.9396875
453/3f8170db94073	3.4371699131933267	12.745125
450/e4e7cb5f19844	1.9820901710552796	3.172
452/9734ea417f256	2.9421520400112	4.8729375
453/26c8ab0a2f8a2	2.981062990023602	5.032625
450/879f9096bfd68	2.801984728695327	1.6885625
452/6099bb28da3c5	1.4392459778400222	0.7203125
453/b090926775f51	1.6589636285387832	5.8066875
450/5fe96ceaa0472	2.5407685191777243	4.0651875
452/a5c4438ecfa2a	3.024671664696252	10.6281875
453/3424725de6546	3.0227357628808162	8.35075
450/15817c8467de4	3.1466608569635026	5.7511875
452/b4b3d8495bb81	2.4277969823687835	2.593
453/c8a65653d9d8b	3.3289988587791917	8.706
450/cba61c453cde7	2.789377421670407	3.369625
452/7f31ccdc03880	3.2833447508904143	4.347875
453/8aa5d5abe481b	2.674618375076578	1.8674375
450/6e40511f999a2	2.90445077180002	5.80075
452/c55ee4a75b421	2.526158483514259	5.474125
453/043a1cd3d66e3	2.5408948285997375	2.9503125
450/edbc67a6ec740	3.3590189885975024	7.257125
452/b44cefbffcde8	2.2833455984148823	8.019625
453/c3ab2d0c2efe0	2.9423003865769384	2.60275
450/036298b2f31cf	3.135183067093388	2.9673125
452/e665261b1c152	2.658459020828733	8.8955
453/be1ff7d9c5cb5	3.194147122456526	3.2695625
450/c187d68d1d9d8	3.376090707158798	6.897
452/629e17e42a07c	2.5226510127011843	4.321625
453/45090b35a2e02	2.468357909299862	3.5500625
450/1ec2ecb61005c	2.252037318465875	3.4936875
452/ff3d43cb10fc6	2.801420834691427	1.89775
453/59740a05fdf4f	2.9286963719872547	3.524125
450/353ee6f28803a	2.7087842113878864	1.087375
452/fe97794b507f6	2.3383736320701476	5.234
453/9ad6667fb771f	3.0786494094714225	7.3459375
450/520fe017edf83	2.883373845922354	5.837375
452/8b38fec61ba03	1.911259627864746	1.9594375
453/4e9cfe040402c	1.9962919149991665	3.4155625
450/99f49be869545	1.1505652173861998	7.2114375
452/29a54cb7594d2	3.1215865669408607	3.9340625
453/1d67e78694205	3.2891621860026032	11.0681875
450/7547716c86d46	2.68757001792308	4.916625
452/d118d11b0164b	3.1441668898347275	5.1124375
453/7742820b86426	2.387764610950962	2.2871875
450/25fd138dbac41	2.680275534611727	8.631625
452/7b65fc874bc06	3.277887084778928	1.153
453/fa78b23b7b5c5	3.384222695214717	6.1075
450/eb0c7fe4dea55	1.5476219313985529	2.1156875
452/9c157f778d64a	2.928779007775937	13.77275
453/69fd098a0d64f	2.6762143795734272	5.6188125
450/9984731b0bc28	1.9258483017294705	1.4419375
452/e18b1da0a0130	2.2189285992745758	4.19775
453/da4e3e0dc9428	2.859732007177783	2.06125
450/cd1e8df0d0593	3.168796771246994	6.034
452/01d5e8a5c5e4f	2.910059230806903	6.54675
453/115c7704862d4	3.0225585160303763	8.882875
450/61225d5e3d9cb	2.582034926820031	10.764375
452/0c0b5c94b6ef3	2.7317162793599765	2.1165625
453/a0516cc1bbc5b	2.7395369031583754	2.47975
450/6763eb2841a49	2.522644306488034	3.8470625
452/d0d934f4ef412	2.322291651546755	1.777625
453/b2b6520f71b65	2.1362301442500122	1.3649375
450/319514ffdf4f9	3.342140211510285	11.4788125
452/e831986be46f2	2.6827159945973222	1.555125
453/4c320cf1f65f6	3.004256710842466	1.178
450/1c93bb3c1cb13	2.1963212228072573	2.689125
452/ad065ba9936ef	2.6225642944700427	4.33925
453/34a2f3cbf848b	2.348847405142043	2.344125
450/4761f1d109bae	3.551095562342925	9.143375
452/e38c7c622c0fb	3.072806348691205	3.559875
453/b7d7924f17798	3.4938720085363233	17.66125
450/aa1d6c4b2c670	3.338151651776722	10.5676875
452/8eaf230dea363	2.1307918392763923	1.9245625
453/ad61e4a5114a3	2.746680611767119	4.825375
450/3541937a01d9d	1.7302277657708283	2.463
452/729043518bfc7	3.1532980516038904	3.14525
453/97706023f0040	2.80690007783238	1.794375
450/51a5774f16ed1	3.080800132104401	4.75
452/82c899f20f3f3	3.3667331868183954	6.7779375
453/2b8ef38d667ed	2.2169242533467055	2.9746875
450/c3b5ae5178724	2.7379835711441993	6.5746875
452/b47e7265847ac	3.2776618953591337	6.9151875
453/def54d277af61	3.49260576434331	7.7404375
450/42d914927250c	2.5305026246539812	7.2915625
452/3a1da79299d77	2.479978743442047	5.93825
453/f098da79d9e07	3.0011209843089155	1.4415
450/08dbd80b6e6a9	2.6846846291811333	4.0400625
452/146c1ea6d5060	1.5678330918391568	1.262375
453/be080889b6b02	3.0716193624915245	5.293375
450/2c7c9c6f7b134	2.5996216944650263	4.2446875
452/aff6e41942c46	1.6031294203008095	2.0798125
453/856ec90ec628b	1.9880106157081503	0.72025
450/9fc3ef3e31481	2.743912674186723	4.5836875
452/6ae86ab4806ed	2.9977121543191143	6.5218125
453/a72d4e09ed06b	1.9999011257273434	1.15625
450/bd380db73f368	2.7175205639892672	2.3119375
452/a6d59425a6c61	1.096313854106969	1.4415
453/0066ffd39bd5e	2.957538835127712	5.2679375
450/02d589ba72d1b	3.244056859855483	13.2623125
452/d3db1026af37d	2.8231950339795304	5.894625
453/373262dd0fb5d	3.379362790660436	6.8304375
450/331b4fb0e436f	3.218195059124523	5.164125
452/602791e214801	2.862054318323203	5.84825
453/f753899b6fbf6	1.11757800992363	3.4295
450/a90143d8f8e86	3.052783878152192	3.5780625
452/ac531f212d27e	2.7833970834692083	2.5110625
453/8a5ec9157aa82	3.245665805847794	6.20475
450/f2628f4171ce3	3.1256957112563692	8.8035625
452/170b8aced4a19	3.2803289033813217	5.4193125
453/4953f517d3101	2.7388412619054243	6.2186875
450/e724004f97315	3.3938595772988807	12.316
452/251f1de92d469	3.034991372556625	7.670125
453/2ba6154add89f	2.8095346384465905	4.236375
450/52cf2078039f4	2.006391812287953	4.837
452/8f58880dc85d3	1.6443897278794504	3.8455625
453/b6cad00f1c028	1.1329020214943866	3.1734375
450/7131e1030d924	3.25470372001987	2.9515625
452/9e7a3bd08fd6a	2.490781779482228	1.2488125
453/a39c5d4019d49	3.205131564594389	11.3715625
450/302b9ab285bfb	2.6457647398829462	2.663375
452/67d76abff61da	2.6904485773833815	2.64675
453/1c859e24f2204	3.338420628280722	19.878375
450/00cbf6271e82d	1.449787570510163	1.5149375
452/219d8d8df1774	1.9734976547562437	5.2101875
453/725ab610fb488	3.0814029153625344	1.536
450/87f71c7a7065c	3.1908781801883395	6.887625
452/592c12a9d944e	3.240821119149704	7.729875
453/53ac7ecf82364	2.885406986109995	1.3249375
450/01d30f312db37	1.8606901290207292	3.7685
452/c217ee9d70c91	3.1556051310727677	6.471625
453/121f0feda420c	3.101029099762	7.588375
450/abd8183240094	2.1918917272733065	4.85775
452/b579900dbe90f	3.140944527687293	3.510875
453/856926f621027	3.0005144204909904	3.1418125
450/ee24c81164689	3.5115345950035386	4.3964375
452/bd8952aa637f2	3.138504442436652	6.49325
453/7b227109b65e9	2.6453869514613437	1.4410625
450/91e14647f7313	2.021435713229433	1.9703125
452/f001f4d4607c8	3.311656124755494	12.2944375
453/cf23c97d68279	2.88232570215288	19.0630625
450/e3b00071dd3e3	2.8244722509136557	3.921875
452/69de0118ad9b2	3.3627138085059434	15.281375
453/3eb177f18ad9e	2.515593040004271	2.743625
450/93108d0e3acbd	2.8285085512165398	5.1628125
452/49918f3b99183	2.854564832197859	2.67025
453/9935c9a54bac5	3.1077258351590467	3.2561875
450/bedb516b9ef07	2.7602293723599165	2.1819375
452/e3ec5b0c2d2ab	2.458633351627863	2.3796875
453/dfb624628e124	2.880771027468434	4.3855
450/f59305677126e	3.452960938036823	8.143
452/342e5b2aa24a0	2.6474595145138267	1.4180625
453/c49f73d7316f2	2.1678976823077347	6.5815625
450/b2336a3e4dcd3	2.2413521393928137	5.129
452/06665f35733e7	3.3909521231584954	4.3901875
453/630a64d87606e	2.4139950554971583	12.76125
450/163c8fc86923f	1.6641330869035156	2.5539375
452/3294ec9cada41	2.2298792472231423	1.001625
453/a0b64b42a10c8	2.3023798041027326	9.0330625
450/20f3cdc678856	1.9424205999196424	1.730375
452/99cb63f067a29	2.7795564364435537	6.742
453/60c999635d51e	3.193196774930403	4.3453125
450/79f77dfa807b6	2.611510758296903	8.8545625
452/451799dc59c73	3.22637861355784	3.007625
453/28099dc4f79ff	1.9797368085666567	4.4710625
450/daf5331b0386c	3.3530755881946	9.4165
452/680ea3735b583	2.3121550368436927	1.9861875
453/bce3c62d9d062	3.318702683999354	5.498375
450/9a9d744ce9190	2.577406182165135	1.938875
452/87ca5a1e7afd9	2.008406490038577	1.494375
453/c0ea271845b0f	2.6969486898617463	4.71375
450/a32eb3cc9d2b7	2.2343617425033115	9.42275
452/172c622e215ac	2.9103941606168546	5.53975
453/938ef4822fde1	3.079317757608165	1.7996875
450/9630f0120419e	3.414130688426728	10.3779375
452/1aea38217d06c	2.1299506268344777	4.760375
453/ea8d1f92b5908	3.061252904058752	3.7144375
450/c86c0790801ae	2.9786294254213925	2.9579375
452/8dc10716d4ca1	2.7772395375144385	3.114125
453/b39fe287a330f	3.378417779228652	5.7729375
450/e204b2dd4dff9	2.562048588896303	11.82075
452/7f6ef634d512f	1.5050921298217765	3.120125
453/bb50815e4928f	2.3561760764538686	3.3996875
450/3871b700b5d59	2.9046143203789136	1.1050625
452/a093f069e3c1b	1.1770697547372577	3.878375
453/51a75bc0a838a	3.1924222629164496	5.4813125
450/37f798cc85897	2.4319744742807856	2.3564375
452/6f7f2eb942943	2.971089691442887	8.98975
453/8d81624558615	3.339546611170572	14.7631875
450/1175f41417478	3.005746506167747	4.4945
452/5122910a47e3d	2.3356939371808254	2.016125
453/9d8aff67efe38	2.510606476804677	2.0109375
450/be73046b3df8d	3.4452800835394335	5.162875
452/f603fb8626167	3.05184128783887	4.679
453/7c374e3b61e22	2.3410713330047686	2.3339375
450/dd9afc8b7d522	2.4359134073295943	3.423375
452/65210f3a78b45	1.4465729493102364	2.4626875
453/1bbf708312cb8	3.3423248209494045	5.8885625
450/d1c9d81819809	3.2596026395203075	5.1900625
452/8bfebfc818500	2.5684101218767617	7.3988125
453/554f95ebdd387	3.2202481592258407	6.260125
450/4a4a11de49796	3.0261738327776206	4.3203125
452/fd23abc066dee	3.348702781969685	6.089125
453/351ff62e0eb61	2.936527043886468	1.1125625
450/3735f5e0f3aaf	2.6479414311699103	1.3121875
452/23438a1f8033c	2.7274788012533766	2.2161875
453/073000240d39c	3.049613542109519	9.028625
450/d1e9ef6fe3806	2.4985628981982404	0.816625
452/34ffffcdd2bc2	3.321271481130992	8.35275
453/4f492f8ab9797	2.9611004820414815	4.1674375
450/fbfcfef65f1e3	3.3838292437107986	9.48775
452/0b2daf0c2b458	3.3427283518026853	8.91225
453/99f3e5357be2c	2.805967292003146	7.2821875
450/bf755f7496b02	2.5891923186960497	4.9656875
452/03429a3fb9283	2.75254780591221	1.594375
453/d5fc907607148	1.1646432396279915	1.346375
450/310750c7d4e1c	3.4212495778717193	11.056125
452/499b5e8260e69	2.6018769463344196	2.88975
453/8c52f3171b2ae	3.362555567714501	4.857875
450/c20e82fb53f06	3.367392538305099	5.261875
452/edd0617cbe30c	2.6921696069299927	8.4465625
453/a772367d12fbe	3.015222884924773	7.6733125
450/c03e4320f39c9	2.5880453657576052	4.565
452/c13c82008a75a	3.1877562471972776	7.8538125
453/05b332e379713	1.0882945009112153	3.00475
450/545754743fbd8	1.947158496267085	2.440625
452/3576466ebe2c3	3.3994300962065203	6.928875
453/148d7301c9aa3	2.9335957715115297	10.075
450/3945ed05fe49b	3.228273448196744	7.0635
452/4582b7c979f2c	3.3584433975443515	8.223625
453/4812a8928d5e4	2.2201250436322186	3.206125
450/4e8b6c02e8d0b	3.1668399341770455	5.3345
452/3be82aa8eca0f	3.304325837139765	13.3374375
453/e8620f39403d6	2.8017821629774446	5.2156875
450/997cc85b9b813	2.187692355351651	7.5215
452/3363c611e0c79	2.713762955799412	3.7721875
453/5f7b50d1a51b8	3.517933149796721	5.70875
450/85734735efff5	2.9731365934860157	8.6956875
452/be0e448aa2eb0	2.7341887757622008	5.0660625
453/2a31bf4b31cb8	3.1136752973525557	4.8678125
450/ab3c1d68b2f6f	3.3175176351701006	8.505
452/6ca159bc574e1	2.445939885679993	6.30975
453/804675155845c	2.609481852704654	4.728125
450/7b6dbc891efa1	3.156800372615461	8.92275
452/b0fd0832b14bf	2.0271347376918922	1.6338125
453/9e3ac38980890	2.1322905543469526	1.8558125
450/32b4bb7ee3700	3.3923919304716166	3.352875
452/873ab9346a7d6	3.2794322979095436	8.63775
453/ae6f898d3a85d	3.5365066767784294	12.7381875
450/39b59da10f9d3	3.54329688418099	12.820875
452/3a1c870b188bb	2.6190948651900436	4.23325
453/5b861dbf238a0	3.5022350372274658	16.84575
450/01bb08a7fc3d5	2.656885769357367	2.2481875
452/21026add18e4c	2.3095155630728557	2.1643125
453/7bdecf2e03833	3.036994265662456	1.58925
450/d964fa7ab7eba	2.881536586066693	2.4993125
452/92254e4c76a06	2.7360949877675576	9.2455
453/8a1f326afcb6f	2.493678256752782	2.21375
450/40451a47c6315	3.328725044368826	11.8505
452/e78b4df90d45d	3.4510517021132787	5.2354375
453/52098720b31a3	2.704356904241568	1.5135
450/36719c0d56da7	2.953893454861066	2.9116875
452/8c53c74e7816d	2.946592993710093	8.149375
453/ab328b24b2bdb	2.772699275620766	8.256125
450/40c141ea536d3	3.003940132759756	4.3539375
452/96ee46ac806fe	1.9977827047783359	3.8661875
453/bc2460e3c0bcf	2.3609335753595957	3.8216875
450/9c4ad2026192b	3.4637741915356903	2.663875
452/e09aa438615d0	3.199125413050354	2.770375
453/737b9673a8d9b	2.122091760463605	3.7358125
450/a790df38bbfa7	1.8953381909410603	0.98775
452/f3820d44fbdc2	3.328676209748725	3.0895
453/7016e9b5c00f2	3.3982206684522835	7.3531875
450/ed8a5b7b9e42c	2.7618997874598925	1.537625
452/86d914949f780	2.531450025228938	3.96675
453/d41bab4d197f6	3.299848442494742	6.0515625
450/df7ca2d94c8f6	2.8506627715402546	8.0225
452/8d53ec3750cf7	2.035948141760258	1.6573125
453/521a4931e03ea	3.2481900313089267	9.59525
450/d88d4b91c64c6	2.810333316262793	3.561
452/6a5ce3959cd28	3.099541517609945	6.4180625
453/f0a37f8c0837b	2.8056043967072792	5.0014375
450/53b98a8e8cf7f	2.946672811688328	1.223125
452/9ddfa06020217	3.371785249049338	8.944375
453/fd0163d6335e8	3.2697380766946567	14.594125
450/f3745b066cad6	2.130216306413232	1.89025
452/bc66e373b0807	2.151671661944313	0.961125
453/56b1dbeaf1c18	3.2302291171934754	3.6955625
450/0a7bd425471ee	3.354233093697849	5.3175
452/17fb82edcd0a4	2.4200579153550796	2.6699375
453/e9cb2e79731d5	2.6269688153795223	6.2738125
450/30040e492be17	1.2502452872179624	4.3245
452/4aad9a60951b9	3.4681321585423577	9.7135
453/0acfd70a29df7	2.6490310385203366	2.9610625
450/adbb8eb69f7c3	3.066313919594897	5.602625
452/2c8ebe56d7b9b	3.4478550180260243	6.476
453/605b71acfb78e	1.1120256050335717	1.6344375
450/bf4000166fa27	3.114596815520919	2.7750625
452/783d44ca1c975	2.4570109268002067	2.4276875
453/e83ef7c455242	2.7229245752793694	1.7061875
450/ac6d01814b229	2.169392303957084	11.55325
452/8ba8b15badd8c	2.47957720297284	6.0175625
453/b49144d5222d6	2.6241566733680295	6.597375
450/de871099c05b2	2.8661791022059524	1.2260625
452/ab8e2aedf8069	3.379724410046215	7.5564375
453/c5d463db1a545	3.2545487341701533	15.2699375
450/e1dbc1fb2013e	2.2204011196117257	5.2440625
452/c537c5b3d5ab2	3.3073192920265044	7.3111875
453/eebbd6ec814b7	3.475828368976339	6.5371875
450/f1ea95b6ce995	1.8280461654915903	1.8650625
452/f2affb1f5b8a6	1.181361723295217	1.7850625
453/48e0097042ecc	3.1401581276126813	7.410125
450/162e5df6a88f7	2.5506495440679737	0.984125
452/7f7ab3c26dc8a	1.8933429429350517	1.6348125
453/c6c9a32aaef14	1.7524822295545905	2.292375
450/e99e5e3030133	2.3681508025086098	2.634
452/dbf36dc68dc6d	2.625907503964937	3.9229375
453/3a7d75a99b7d9	2.3645633262748857	1.8420625
450/8b51f706f993f	2.2952831623521686	2.3070625
452/1369d251448a0	3.117942792149511	3.6464375
453/160dea6199db6	2.7526818678377025	6.6581875
450/689bde8d26298	1.9291475641499307	2.9891875
452/ecaeb623b8d72	2.970205235174005	8.3328125
453/110e35e43f36c	2.2494582904920675	5.1565
450/1e16f73f9f772	2.4750842009899077	5.38425
452/8cbfea74205a3	3.273124080490648	5.2135
453/475fd44088ae3	2.810938626159785	7.4855
450/535fc6eddd6e6	3.088636192445379	4.4151875
452/eb18dceaf6e82	1.3179719447210583	2.2205625
453/dabd0db837c17	2.0216807654861872	4.29725
450/5ef5277a919d7	3.198362782677281	7.4035
452/a755a4cb9f806	3.346831435287885	13.2561875
453/d9eaf71739a17	2.1964291004033107	2.74175
450/7b7b5a782d680	3.279627511734312	2.6034375
452/f140e1100a985	3.008539381285021	10.55075
453/9417eeafece4e	2.772506791034474	7.681375
450/b2960701ce2a1	2.6336298169361685	1.574625
452/f03f70949cad0	2.969269680439428	3.9893125
453/8293111960809	3.1614695696237654	10.8645
450/72e32569cf921	2.540871351373665	3.9111875
452/7ea10e71b8611	3.016977289979993	1.4904375
453/764a7f59dfdf6	2.5220491885213803	3.346375
450/48cbdf2c47400	3.2565836674720523	9.428625
452/89ff1f950f502	1.4303362959425117	1.826625
453/f28b1a0cd763a	3.1558330896256175	2.9418125
450/9b95f84fa47bc	2.7200991244213246	1.62375
452/128c9ab1283bb	2.872077602081688	12.6384375
453/e85d5ef1371b4	2.91438344938905	4.1040625
450/b52390dd2344e	1.4120298200509507	1.234375
452/39c4c8281709d	1.1927433166158667	1.0089375
453/2bb703fef1f23	3.338173764503756	4.3916875
450/8a59316011ee1	2.6217410956013634	2.987375
452/45c4cabb0f44f	2.672034512277305	2.38275
453/bef40f3fd0ad4	3.312827295038334	3.228375
450/27872c098c608	2.9541775104426926	1.008625
452/e9ab5ea8c8622	2.729676653098262	3.703875
453/7e4c73d2a06ba	2.552458924664076	2.6474375
450/f980cdbad3762	2.8939127257487143	3.9445
453/24cc68ecd8122	2.3512711889266114	1.6685
450/7ab71384158d0	2.0974365755839224	3.5695625
453/9d95282f279fd	2.7896561286425086	12.072625
450/22688a9bca5cb	2.889512901866654	3.8034375
453/a2ab7be176cb9	1.8938429877863185	5.5485
450/10d4f053cb07e	2.9056230915476045	3.366625
453/763b00462824f	3.149833953537115	2.5311875
453/085db1be42b57	2.8942801891490224	2.5824375
453/2e37fdd9bd9a2	2.8956298588011173	19.1301875
453/5cf5fa6e362b1	3.4141341284141835	4.494125
453/06c95dd8a42e8	2.3334681703397053	1.1506875
453/5354c29da4112	3.3533241952311563	7.0215625
453/9b5e201f023cd	1.6642150822455373	2.68975
453/9dd06d0789ab3	3.363405277842532	16.2655
453/4318ffa552231	3.404869251995464	7.23575
453/9de64222e7ed0	2.899751496853695	3.0100625
453/2ee4a456cbd06	3.204948041655009	5.847375
453/4030813cf7102	1.1858089065809585	1.128875
453/4e0398e006e48	2.8668860698039262	4.7789375
453/93256e8a1d6bb	2.914634696802469	3.8831875
453/943e03ddda68c	3.154792896356142	5.83725
453/fabf5bb838405	2.775526917932949	6.4418125
453/ca15208b43c79	2.7677121675137077	6.8625625
453/ac7814b89cd15	3.332906134386005	1.2805625
453/e405b34a061df	3.43075669178739	14.5804375
453/b71e9ba1e830d	2.4265324458007407	1.5375
453/93ae3515769ee	2.6615360985128453	4.085125
453/898e375bf6bcb	3.3535993977967014	5.6360625
453/73e0c9d419022	2.319603835229924	2.938875
453/2d81168303aaf	2.4336917151927837	2.2919375
453/ec9cde5e3d9e3	3.287332597826584	5.7231875
453/f66920a71345f	2.7976177952895425	8.1224375
453/4ed6a1dec2bf7	3.1755326202555727	12.9451875
453/295aba2a5de5e	3.207099157665339	13.9821875
453/2115f10692496	3.2961757231133575	14.2939375
453/c1fec0dee2e86	2.5685189121184044	1.345125
453/23d5c84bec1c0	3.0902214379976334	2.5883125
453/836e45d358774	3.193473736103425	2.1304375
453/f321a5d5e228d	3.279298017800756	10.80425
453/c50b0b2b5ad4a	1.5951129957817112	5.100125
453/803f61b709c64	1.1104508299351992	1.4114375
453/4636aece7bddc	2.861845835471804	16.3490625
453/b9a8910855fae	3.187358435022575	5.1869375
453/d955a0f4b510c	2.397858451459542	4.376625
453/886143c0811e5	2.85264074290745	6.1340625
453/03c42d9bdea57	2.826568836972606	2.8411875
453/2160747527f54	3.2478077636592384	3.91025
453/2503bbd3b7ea7	3.067581561772202	5.307
453/91c8c90ee8fb4	3.428769399175319	4.446625
453/18ef343293175	2.1738510711766583	2.739625
453/c8c11034c765f	3.3913662986174815	5.986625
453/3ccd33b4b1de1	3.231436865416722	4.4020625
453/7a383aa879f83	2.6673380893799914	8.58475
453/33b78a7088167	2.9982833378773965	3.6655
453/0a305ed16cca8	3.329618768235509	2.903125
453/8e127d957511d	3.269980878477474	3.4633125
453/5f07d944116b1	1.0831651137935598	1.23275
453/772c8acda2a44	3.229126552009128	11.403
453/30a244c2a11b7	2.5960880515546014	3.8936875
453/c078949527143	2.7227300827454743	5.451
453/bca5a35852c69	1.6135943326259283	1.1529375
453/2a48e700e6070	2.8634079036994944	6.60775
453/7d4da376e0759	2.4912360847065487	2.1183125
453/3f67db7cc0a8f	3.4229931247397194	9.55275
453/39345449d4c54	2.775220339955413	1.3455625
453/de42ad8598139	2.3564705938957493	1.7785
453/015e9bad2d76e	3.1692064675104854	9.8159375
453/398d8a4dab9e0	2.7609695974099018	6.4105625
453/8dc9e38c1c768	3.1998185945448108	8.4018125
453/a7d7c16f21b8c	2.5926675871122256	3.871875
453/367c27e51edde	2.5253512699124285	3.9931875
453/be5eeda77636b	2.674730622708055	4.7143125
453/fa6f7110bdee6	2.4608069459909814	3.195625
453/49d4f7e72f752	2.458277030000394	0.8235625
