key	dnsmos	duration
de8/4256066a548d3	2.7631361229618068	4.26075
de9/0956edabbae58	3.3210897427734496	4.97675
dea/6d009f17c39c0	2.100918538209695	2.212375
deb/359fb66e7c6d3	3.1779553491584047	3.109
de8/47096d65af97a	3.305910875325107	14.2340625
de9/1db918848b330	3.1356648291082556	4.7511875
dea/74870cc2a0943	3.2371748412653774	9.81175
deb/9066f16e88b27	3.001928372220842	7.6341875
de8/a73b40f73fafa	2.983375432128272	8.9086875
de9/e5a39762ec6ae	2.8274473859863747	12.046375
dea/315f7364cb585	2.184238246230691	1.952125
deb/24fb4a9828db9	1.1709934213993547	2.7885625
de8/fe1a3a38695a5	2.485553381454225	1.7408125
de9/7a4f8c474c217	2.5492239119770645	10.3715
dea/e9a32be258880	2.674221135344956	6.67925
deb/5ba7fe250c568	2.4216115411219876	2.29775
de8/35d462f208000	2.939252591271631	3.1560625
de9/0b16e3b541900	3.1482821594128216	9.913625
dea/dfc8cce0bc1ef	3.2546625946480185	2.6839375
deb/615c7373b9342	2.0087550751562184	5.9140625
de8/44fc9a31095ad	2.8423127754855297	3.0540625
de9/372f402a2695c	3.2064753996418944	6.2046875
dea/2d204dd2a65cd	2.8860749519595683	4.1766875
deb/906fb0d5dfdc5	2.8804930995315075	4.1826875
de8/53a1232b9c13d	2.662493572673051	1.6333125
de9/84fb157191eb6	3.1127016350631065	4.6493125
dea/9674847f9d482	3.3787981474575544	15.05075
deb/fa4fae271ea67	3.1288753616061986	5.185
de8/c606c13fab596	1.9433716515916029	3.55825
de9/19623cfbc2392	2.9406590047751244	2.0085
dea/01201bbffd115	2.8517170316107983	5.16675
deb/f0cdc12a1a39a	2.4337922183870937	1.6964375
de8/39218dad9fbc0	3.1542670257531262	5.863875
de9/014800e3861d3	3.1808606794547054	12.1464375
dea/9cad43442aec0	3.15283938603057	7.584875
deb/c37404990c8be	2.4850955734661158	2.3509375
de8/a372018ad5e68	1.5042059847230718	1.4905625
de9/5a193b31c1dec	3.2185659149869648	9.032625
dea/212ffd1bdedfc	3.1956622551200335	9.2586875
deb/b512f3f263157	3.3049613378809255	3.708875
de8/fdc21c15059e7	3.0472203674451546	4.5934375
de9/ff92ab7ffa5d7	2.2432744776550586	1.5856875
dea/1355b7d0a4a36	3.4592608638774354	11.896875
deb/0b1c7acb09077	3.2877718627344454	10.02475
de8/00b41a915f0a5	3.013858832895081	8.1299375
de9/f0465e08e3239	3.140059314481012	13.5218125
dea/6062da68fa2de	2.105149462330978	8.8669375
deb/5adfafe89b531	2.3955660430359096	1.4659375
de8/f1e096cfc511a	2.4409700306293796	1.1881875
de9/5a7bc7ed424b2	3.2456853767684097	5.969875
dea/ac2976b9d6e5c	2.966781292500055	5.741
deb/ec0bc8f241c1a	3.159958991589984	6.7801875
de8/fb0290a619f07	2.9814988387659858	3.6525
de9/c2d451d339059	2.3647332557829737	1.9374375
dea/57171b45fd5ac	2.5121040714717817	2.5005625
deb/c54ab7448468b	2.6683200497439254	4.2013125
de8/ec15948706d9e	3.218188174606909	9.1715625
de9/f7d7230b78e99	3.4588518700348265	4.532125
dea/d2a4223a57297	1.4852243159094363	2.14175
deb/62686c8882fe0	3.301989801324599	14.1775
de8/43d5ac38d3402	2.9399238703979687	8.6475625
de9/923c08ac62b81	2.9797353511598286	7.0599375
dea/c85937bcc2b3f	2.975851054200848	11.1455
deb/5b90ed1d95b6c	2.3169982675734473	6.623
de8/c6bd3703be3dc	2.71185996395116	2.69575
de9/da723b8e78e87	2.6370411895216677	1.1573125
dea/28e04e85d68c9	1.4524705024033613	2.983125
deb/da032b4dfc6d7	2.7425547342823506	6.5200625
de8/f72607260cf6b	2.264002743042235	4.7854375
de9/922c904799ec6	2.817602488753733	3.58225
dea/54b7400787467	2.4285433444893143	5.081625
deb/79b7c575e391b	3.1603920870127564	5.3148125
de8/0e42c40af7de8	3.2096345064706258	8.6464375
de9/d013f0573084c	2.253633333624766	3.7209375
dea/2c56a3308cea9	3.161318749052989	2.4806875
deb/f3e7f2fee5fa3	3.2982822108849876	8.3885625
de8/64158c887f12c	3.160935319768342	10.0071875
de9/07fb925960bbc	2.895966799076101	2.90125
dea/f89c357e1a410	3.1824789651498833	6.7364375
deb/24d1d62c70496	2.6761607222780786	6.4830625
de8/6f3477720a513	2.8278607663524933	1.9769375
de9/0fb2142b2edec	2.2096362341249187	3.89975
dea/540ff3c2aed90	3.3784111453925214	9.5875
deb/98c1b068b25e4	2.6837342631499275	6.2485625
de8/c71ba8875f1c7	3.290829536565971	12.247125
de9/4eccaa807d174	2.3514363396736395	8.412375
dea/7ede435f60910	3.4525547022688756	3.8865
deb/5d9b6f1ba40f8	3.0856290876657293	9.25
de8/583257eaef38a	2.733020743192398	5.5439375
de9/a89825375da74	1.0963122210389562	4.5851875
dea/d3b1f97c99dbf	2.980276862870993	4.41975
deb/8db2b5445e5d4	3.128849611489819	3.1729375
de8/b0fb6d7fbfd42	3.2095504812787152	4.742125
de9/e301ba72864c4	2.660410799311599	2.812875
dea/9e33965ff1776	3.455831047393083	6.2224375
deb/192af2221746f	2.6578131984930504	3.1256875
de8/a0868b53b7c08	1.186688902574289	3.9128125
de9/fa124c7d755ee	3.38546726215853	7.0826875
dea/15260db90eb42	3.463670966928781	8.4953125
deb/0b40096e66216	1.9558019379930676	1.9914375
de8/6bc6ac7afd691	3.0610162779113375	7.2625625
de9/572173d36a580	1.9189462487493663	0.600125
dea/c58bbdd606454	2.589229562212693	3.40775
deb/084ce9efecad6	2.998297791371399	1.10225
de8/96f8e481f3b37	3.346495596565702	8.0094375
de9/cd28b0657a5be	3.070929717596421	6.2923125
dea/2dfa3361562e1	1.8334635138536732	2.5636875
deb/3555fa7b0a6d9	3.169483241315014	3.5103125
de8/6bdf042c526d1	3.3841725288557543	15.9465625
de9/9a86646edabf6	1.8021938008308105	2.9881875
dea/f9d54f5ef71c0	2.048824898347161	2.080625
deb/71cb6221342d9	3.351808754665324	7.0778125
de8/0364669f8efa2	3.1140174382790486	14.51875
de9/d746411dc2ee8	2.4314407267777334	5.54275
dea/b41ec1953993a	2.7485910490163	3.30875
deb/ee44c9292cc62	2.973575682303469	5.6384375
de8/a79e26c63bb5d	3.376876276202938	2.6345625
de9/2ceb66d53f4e3	2.0194395542199093	1.5963125
dea/61fe2520bae3b	2.0636017637275628	11.658625
deb/3b0be0dd09506	2.409781966956953	0.8055
de8/93dda07308ce3	2.850260891168598	4.6204375
de9/4996cbb89a03a	1.9019545614767999	0.9606875
dea/b153b9c9c4eee	2.214078113750296	3.414625
deb/edfd412f1f97d	3.4319772161301167	13.30775
de8/d1ca10884e2d1	2.1694784656861983	3.5655625
de9/eaf309fe88852	3.4439301500292463	3.881375
dea/5b11389bd247d	3.1339995186767795	6.88725
deb/1b525a2bd397b	3.2608898330858906	5.923125
de8/242621d9a4cb0	2.611816147974304	0.961
de9/2bfcd58570bcf	2.8165958033371212	6.2120625
dea/0aeb104e7e563	3.3936920142828693	17.7878125
deb/2bbf50bd9c9a1	1.8315098888045245	3.356375
de8/267d8f834abc1	2.0522463460677245	1.0909375
de9/d77c8e9dbe8a7	2.2343994055619034	3.8929375
dea/0030e8829ffc1	2.7945890879893707	4.830375
deb/22a57d1faeb41	2.5257349384552135	10.5003125
de8/a34134e735111	2.4092618811206217	1.188875
de9/2d010f00cc204	3.1869748851293367	3.949125
dea/2b22fcf41a35e	3.1535694480173313	5.2725
deb/dc59f8dabdeed	3.200455427770624	3.79825
de8/a72f29476874c	3.2585306479042586	6.2226875
de9/c3bb833353e64	2.6989046425556253	1.9546875
dea/cf8a848425241	3.109316930165043	3.28275
deb/caa91eb52695b	2.3956634945155946	2.4731875
de8/e9174daadee97	2.802196575132605	5.778125
de9/1e3c0f7d30af0	2.8725145917485193	7.5846875
dea/279841e1bb761	3.013603785180655	4.7311875
deb/e1f101a4368ff	2.9923859559871664	12.151375
de8/08bfcc284697e	2.5227804171903565	2.3494375
de9/41fd0489b730c	2.178853767696954	2.474375
dea/b29bae8af712d	2.4649733497486865	3.2494375
deb/c25836d00b422	1.0833915473786924	1.0479375
de8/4e2edf04139e2	1.5112206517759361	5.9631875
de9/9155f55c87de1	2.848679068882528	18.6133125
dea/d606d9c6d6393	2.6343616658138767	6.825625
deb/555e5ad5c12f2	2.3448302894818474	6.80625
de8/62ff9c14517fd	3.076838840748177	3.94425
de9/a296b8fbbcba6	2.814501573403138	5.3150625
dea/4cd59b25f78d3	2.8109327187709243	1.886875
deb/e967d1594531b	3.2080535133569135	6.3695625
de8/5905f2dd0311a	2.3989343654089614	4.18825
de9/1a13f32503b0c	3.319402371067108	6.7408125
dea/8951880c88e1c	2.7664317873857716	5.9531875
deb/dd41d6246d551	3.3628684644718896	6.6396875
de8/cf5d2765b53ad	2.561643296265641	8.3585625
de9/61b79af914b14	2.038435603157263	1.12625
dea/1832310e0c353	3.245912908221206	3.521375
deb/1c4b01fc752fa	3.5895146048176194	3.5629375
de8/6291dca810e3a	2.7969427232749267	6.510875
de9/b1cd0ebe4e89b	1.8456175737451626	1.67325
dea/8b83715bbbc04	3.38930419896028	14.185625
deb/6cc9b8a4e080b	3.2404714564223593	9.8158125
de8/6f79e7806fb8b	1.3802616261776932	2.62325
de9/d182e99f53716	2.0130429959387985	1.275875
dea/62edc68208538	3.41233075771414	8.0439375
deb/a72482f0a34f6	1.9186324152671652	9.2916875
de8/2189d9b960cb3	2.606843219036646	2.575875
de9/26152ea8744d9	2.30361707551861	5.70375
dea/bb77ff0d3b12d	2.8620532657241347	3.4915625
deb/e96fa92122e56	3.2109379596843617	8.462375
de8/857d96895acf0	2.8865617418290297	3.5273125
de9/fd796df285160	2.9207999299599643	5.099875
dea/5bc12fcdb8c3a	3.2532958273970243	13.6009375
deb/b78f5ddca518a	2.470768609447724	0.768375
de8/8868da30361d2	1.8298234089414878	3.8326875
de9/a1a970a2da049	1.1278955425092427	2.412
dea/933bd821f4b95	3.343773164790863	7.628625
deb/bc914b44451ea	3.044358651398064	4.6158125
de8/76d489925d867	3.229659237640688	18.4073125
de9/cfcf7c7766d91	3.2976654942121484	4.869375
dea/17407864e6078	3.0933776393059147	11.321625
deb/3ffa7fe7cccb1	3.077802844545732	7.32975
de8/0b1b1f6d66ecc	3.3756572097709965	18.964875
de9/576d5abf0bf9a	3.2539082546233096	9.84675
dea/d2ab55bbaa2bd	2.420928730127346	4.5905625
deb/efbd180d734c1	2.9521355113139016	1.255875
de8/f834d88abe5fb	2.694584534841695	4.5834375
de9/139b23ead9e13	3.2244046919819738	6.018625
dea/596f952d2db67	2.935768224122001	16.322875
deb/27b124c7f5ae0	1.6947941795832944	1.4119375
de8/2ca7b9e8ca784	2.652939973783696	3.0701875
de9/18f490399bb6f	3.4767581561729366	6.271125
dea/4d006decce655	2.902435548262286	3.1095
deb/b3525911cf908	3.310198374823248	5.5734375
de8/6ae3c0cedf24f	3.0623149581036913	10.90675
de9/11d92a3a3a38b	2.064437337211492	1.8739375
dea/601f8634e3d63	3.2903987566736768	4.3335625
deb/755a1f3e31ff2	2.581161022274244	4.663125
de8/3315a1a40c9d8	2.9232218730411996	2.548
de9/107dd125dad61	2.896344441579972	4.462125
dea/0ca4315681ef2	3.141777620143605	5.5220625
deb/60a02060fe6a3	2.444505921519988	1.394
de8/69d8de99a27b9	1.111645378777856	1.84875
de9/26a0ff546f4f6	2.7869378225754016	3.9941875
dea/153e5acbd8385	2.891527044562438	1.134125
deb/5a3325fdb7fd2	2.2319702148437446	2.0218125
de8/13a6aa6a5cbaf	3.3049003255715728	9.40125
de9/4119786eb0125	3.108864578795106	4.75375
dea/0f23947321f8f	2.4668707109770973	7.4985625
deb/1b7f9892dbb86	2.468320638992733	9.8325
de8/619aaf2deafb7	3.0686461925614386	2.114125
de9/bbab326b3db65	3.0892701466881802	7.8801875
dea/61a29cd5e3f20	2.436502183059737	5.0665
deb/55c5a73a42eac	1.1230731319182492	1.9714375
de8/28d6669ce4451	2.8592429364971075	10.1111875
de9/cd92b1707f90c	2.6634015987539432	2.1145625
dea/d0ee31d1090ef	2.365979934072018	9.2689375
deb/fc04e57ee247c	2.3932856465613237	2.8785
de8/6d746d3a4ebe9	3.5407674024209093	23.7308125
de9/75c727f6d3e30	3.1806306139157488	5.5356875
dea/e0bb4a38d198b	2.6216270256346053	6.1170625
deb/8eb15d14152e7	3.3375217285446506	19.908
de8/d8724d2152615	3.241631429495988	13.828
de9/73f5449fa0e8b	3.2170567058095534	3.672
dea/eb81707eec65f	3.4186554183153386	5.8096875
deb/86c27674c6d23	2.9816058923188673	6.0458125
de8/426a26b3730d7	3.1850057615945935	6.393
de9/6d4c2ee573fdb	3.0712170612164122	3.1808125
dea/8503553d69320	1.3517075117068085	3.1606875
deb/9c8b550dd07c9	2.1587046696673164	6.84975
de8/6ab56c17a5e4e	2.6452597373593076	9.8803125
de9/86d92d791cdfd	3.11669219118136	1.8226875
dea/e5c921a437517	3.2978095143219193	11.4846875
deb/56201b5f10b15	2.0378105123285306	4.4895625
de8/5a7524b51e337	3.2467454609416926	2.278875
de9/e1063eb6e57d0	3.3374953949937427	6.1529375
dea/2181e8e4dd045	2.296682254786118	1.425375
deb/fe8e4023748fe	3.407185133648357	15.4650625
de8/60811ccbf7a99	2.712382240225725	5.349375
de9/ccaba626c2164	2.6425776763907427	3.333625
dea/d93874a1152ff	1.9404727719592567	1.4085
deb/20de52f1c2fb0	3.2372948871765277	9.9115
de8/b9b64670f5c06	2.5006184557804687	2.6448125
de9/f8b6551609f6b	2.949729483332405	2.5665625
dea/6e3e671c5fb6e	2.714163769161635	6.7995625
deb/d87e22be854bf	2.262156715752649	3.6655625
de8/7114d12c002f1	2.6979289380243423	5.5811875
de9/6167db4fb3ae1	3.5024265171260356	22.0653125
dea/a881c999191aa	2.387442331455078	1.257875
deb/88cbaf7776f84	3.346510359256868	9.0458125
de8/fa556a12467bb	2.9471377558869016	2.6439375
de9/a0ddc4fa8c8c8	1.71805758668502	1.439625
dea/f1457fec87586	2.57310266907287	2.9706875
deb/f7165c4d5187e	2.167165360629435	7.5915
de8/5631ff46006bf	3.4452393844500735	10.551875
de9/6fc5f043f50f2	3.2502339975411436	9.781125
dea/c51de3b40933a	2.2681561969971367	1.92225
deb/8762f1ead4bdf	3.0268951250597893	11.2793125
de8/735e3bf35e4b2	3.2303803922629593	7.1890625
de9/28c0228f7577e	3.1473141920611485	21.3574375
dea/967a59db4ba54	3.0773773882365574	15.2485
deb/5120fba04e193	3.2297796804469354	9.403
de8/9533cdc6c129d	3.3852100335198885	8.266
de9/c4a47f86531fd	3.31464101776192	6.6470625
dea/57e02777624f8	2.3884351074155954	6.2743125
deb/06bde66e298e1	2.976222564654877	3.0135625
de8/eba4425cb6880	3.284990542449257	8.0729375
de9/300d8ec3f437c	2.934155070544909	1.2320625
dea/17936729a2b96	2.1274505103759003	1.3026875
deb/cc64b60e75152	3.111660412731795	9.6719375
de8/901ca7e392635	3.1201303931110456	6.846125
de9/3b310466de8c4	2.9440388807884625	2.7683125
dea/d3d7e0808f5fb	2.683107563841723	1.548625
deb/1c9e00f32a61c	3.4571221575173596	9.6881875
de8/de53ec6fcdcf4	3.294973216790799	7.6841875
de9/784b069e26197	3.0425190093455186	16.7484375
dea/da43834b1a597	2.7285001876982187	5.1853125
deb/6876fc9d7fa63	3.1465461039239555	15.513625
de8/78b8560d1aa14	3.069644054741726	4.9696875
de9/83ac70d07b722	2.773645536950289	1.610125
dea/294f022572774	2.3296062318935666	5.28925
deb/690ce9a348489	2.7780147715190253	3.548
de8/b310d0c1f50a5	3.4236591102133485	22.1146875
de9/319fa33ac9676	1.533749261264849	2.0515
dea/4c23efe356718	2.727811033329008	16.4639375
deb/0934a5f0f0944	2.9231002842182714	2.125375
de8/115a6e95c3392	2.5837980910185427	5.17775
de9/1ad3eb1944587	3.1211016552011666	2.885
dea/709af559d36a2	2.40262733642634	1.1548125
deb/24ace8bc1dcc0	2.8974869606035907	4.17175
de8/3f06c017957e6	1.708161153800737	1.4433125
de9/88d93cac55ce6	2.76861021130454	2.199875
dea/8a0fda403b40c	2.1762879694122286	9.247875
deb/6151bc4a79759	3.478545658584305	15.08225
de8/bc887c6f9fc40	2.2103924057211186	3.434125
de9/db036b2de7ee0	2.3658083911738093	4.8503125
dea/d2f4cb15e5d05	3.361215640944635	12.396625
deb/55d2fe8b5d24f	2.995569132416304	8.380625
de8/2d243c0efa0fb	1.2985834718953986	1.2008125
de9/d07fe58e33f59	2.70230478980688	6.9520625
dea/2e380a466b614	2.645116948974126	4.1560625
deb/68bb2bc7163b3	3.306938790866877	13.274875
de8/5bbd4a1396084	1.6919751708927193	2.915375
de9/329b915e7d45b	3.125938910011397	18.3249375
dea/47dd86d4aef7f	2.8146157882336973	5.7090625
deb/83a8450002893	1.9976602692967464	3.2695
de8/0e0736cdd6874	3.073954431624983	7.2630625
de9/4171ca8812001	3.3403600641113336	8.811875
dea/e868bc8c340ae	3.3636310025500302	5.7895
deb/283b87ccfd109	3.342991003816237	4.591625
de8/f76dd80dec533	3.213285949681476	6.7476875
de9/1954683fac27d	2.3983096073725534	2.714875
dea/34c45db59e2c5	3.186904766591963	5.191
deb/91ebd3ef4b2be	2.458249996375411	1.7918125
de8/63c3bab4b9832	3.1881287686094364	6.624875
de9/816ff1b5dbdd7	3.4464942540131207	8.81725
dea/afdefda61639d	3.1706993841364497	6.73775
deb/677d311f906b5	2.851355760772914	3.5229375
de8/7f85372d97553	3.2322699531944994	9.092125
de9/351dc47edf906	3.2489013652035266	2.7894375
dea/02df4ae21a0d1	3.165074567165196	4.004625
deb/a83ee22d1f97a	3.0057262487963734	3.510875
de8/3a4496dfd67e6	2.519190689031948	2.6039375
de9/530b6a7767019	2.600072316917526	5.2575625
dea/0b530e92cfdf8	3.183463339964623	10.605875
deb/df96715bf4d92	3.133177535239841	2.466125
de8/f5e76a558c2de	3.3072611670291097	7.1320625
de9/60ad26e662a51	2.8920978397867096	2.2121875
dea/41bb46c97ca93	2.828614636682295	4.193125
deb/15f68f1e23f77	3.50958267893485	8.5121875
de8/ae6b96af8af3e	3.074882981275082	2.8213125
de9/07566b1b14777	1.4313631358885424	1.658375
dea/3c0f14fd286c4	3.0181128513797937	7.568875
deb/17387d7e81b3a	1.1263773738673515	4.29775
de8/e3e72a53f2d30	3.205695100397798	8.28725
de9/53720b5b72155	3.1356173287520503	4.058125
dea/a53eb91266d05	2.9314085674886026	7.6366875
deb/6e4c99d987a82	2.2579034850368465	0.9125
de8/dd7abe537e0ea	3.241605312036714	3.909625
de9/235b5c4aca0d9	2.451244692071411	1.2075625
dea/9e46026325ee3	2.729920039774817	4.692
deb/0837ca3c5f2a1	3.3126294287870692	3.1203125
de8/96ae3e79bdde7	3.1950722244109797	10.4236875
de9/f7701ed92f1c0	2.564752302836403	2.16175
dea/8ce8488648278	2.9944019305096394	9.0425625
deb/8f49fa5b19da0	3.3128565041020726	10.1515625
de8/e5be97dfd6d67	1.9680637900539886	1.3505625
de9/a1455aa5c1724	2.5881978996200696	7.3693125
dea/d81a133718803	2.199382586408889	1.248875
deb/2436a49c82888	3.205632112927271	8.36625
de8/70fd594ff5dc9	1.745987071717725	4.0565
de9/a443f2fffceb2	2.64525614853002	2.373875
dea/e3ddf9c2a7466	2.9183500121014574	6.231625
deb/5d017aebf8906	2.6464725214868605	6.5713125
de8/57556ede7eb82	2.870530769997809	4.59075
de9/e2a241347f8ee	3.079465638236156	3.0458125
dea/d620a9ccf74aa	3.2343283197564996	9.326625
deb/89252eec3f484	3.250445304354962	2.922
de8/212b217485120	2.762438266851715	2.289375
de9/770bc185a6f39	3.4700116320734256	9.87425
dea/dc949a6e326b1	1.971431833693435	6.2236875
deb/ec5922c8c7b4e	3.051089316914276	10.6101875
de8/88e2900434009	3.4233638392044794	10.7775625
de9/7fd2cde9b7826	2.607272785949964	5.1786875
dea/2fe3be7fbd16e	3.121105782735516	10.8668125
deb/2c5d4c8ce3af3	2.7010649629527395	1.3005
de8/17985ed741c6a	2.835081520207753	3.34625
de9/dcd2b7bff80b2	2.14129615909242	6.9541875
dea/53a0260d78db2	3.3074330049487255	3.4634375
deb/25a443d5096eb	2.8738983607659123	6.136
de8/feaa2e6299a48	2.4544286219905613	2.3073125
de9/8c00e172020c8	1.473369132229278	8.9926875
dea/856cefc525326	2.2202130627179697	2.0291875
deb/43e30c63bc3f1	2.3984339301373323	3.42525
de8/14498491789d7	2.5193567908252352	3.938125
de9/16e089cc10a45	2.890626385084612	3.4093125
dea/9fcc230bdbeaa	3.1558440271148664	7.875875
deb/3db75b0bdae91	3.2584863626458085	2.806375
de8/c30accbfd13dc	3.404620829872744	5.5025
de9/08b1e5132c92e	2.380712364335774	3.3001875
dea/3fbd22c739477	3.058720391647749	2.9715625
deb/221cf2809d6c7	3.259520487375901	11.8735625
de8/5d7a399334e14	1.8462568852873174	1.0086875
de9/4eee342885eb8	3.057893461411309	5.721
dea/2931b721745f5	2.815970488514996	5.4760625
deb/3eb705dfc31e0	2.530260096172495	1.120625
de8/100a56d74875e	3.50640834424626	10.196125
de9/627b05ece56a4	2.885533941814079	4.7600625
dea/b00b971c960d0	3.163376159216406	2.9801875
deb/d7e6b6228a755	3.3102123774630914	4.8035625
de8/18ce322b47990	3.403883758888569	8.7755625
de9/3f3a10cb6b0de	2.471865928444821	9.24125
dea/a0abcd91b486a	3.0621459395033908	3.5941875
deb/e753051002ea2	2.4311583780204487	10.00175
de8/5d73a018fd27b	1.6548159599132737	1.22425
de9/93b9e0d0e0bb9	2.788233048405109	6.6111875
dea/ef45f0abb5836	3.2857710290706454	9.7109375
deb/66c0b0b4b954d	3.2185955117007006	7.108625
de8/2e3897df4c166	3.047614486174734	3.9435
de9/10d84c4e6f196	2.766827222511733	4.249
dea/81d5b7434399a	3.329697733420179	6.86125
deb/f2b375a419b09	2.9671296953927864	7.20625
de8/569feab8284a8	1.794210364101074	1.083625
de9/9a32f0cc0fc3e	3.224994919796994	10.5855625
dea/f4ba23041b8d1	2.2472226398152935	3.9838125
deb/ffa0476bc97f4	3.38417779553501	6.4079375
de8/1fb41974a87be	3.3182792937530023	6.42225
de9/477380e8d6723	3.5072609592904422	14.1249375
dea/a661456562caf	3.287051188677809	12.1123125
deb/11427b25e2b5e	3.3624243171969317	4.613625
de8/7f35d0c6c69e5	3.261821942768504	11.9344375
de9/6d6dc52d3dc82	3.201345435271182	8.178375
dea/ebedc86aa8d4f	2.8039028322448627	3.7988125
deb/6901c1ef63f65	2.721337658496149	5.1444375
de8/4034809c19387	3.2045971912127897	8.5390625
de9/8a7ad4dabc01a	2.9235122355548473	4.886625
dea/4007f8fd83ca2	3.476324460805619	4.6180625
deb/6bb19cb84580f	3.417077861389957	4.8621875
de8/9e5b84551dab6	2.7225596531091987	9.6345625
de9/5d2273f3329c3	2.490395174459272	3.7933125
dea/fbe0749d11b9f	2.289701477783727	4.3428125
deb/b7c7ae1f4b913	2.517326187091651	11.59975
de8/9cc6e5dc1c4ae	3.053835372262698	12.529
de9/bb6bf07687950	2.8918936058773643	7.5035625
dea/69d2c5cb96142	2.7892802236630083	3.025
deb/496c4d75e1e2c	3.104459296754428	7.6376875
de8/ee8fbc5b078af	3.413984354909889	10.18775
de9/ec177ca0022a7	3.232221546318425	3.3551875
dea/3dafbb5f89550	3.5076902011727475	8.232875
deb/90d27db24ce89	3.304127322875213	7.4021875
de8/70fe4569aa072	2.8590805724607615	12.3709375
de9/e54191b97ecd6	3.1757390529490928	6.9763125
dea/db7b12bdf5156	3.081103925983552	1.05725
deb/eecb015a88471	3.420909860626817	6.7726875
de8/9e7b0330d534d	3.133200651803765	8.468
de9/9aef3eba72f1c	2.2943707878799877	2.1754375
dea/dbc48a3a7d073	3.213084220829685	22.5485625
deb/a037df8f0822c	2.8782716936980317	2.46225
de8/a3abcd9009333	3.1542926702500402	22.454375
de9/319050957e5ad	2.888517559858603	2.261375
dea/b3e79a3e054c2	2.7757053311143736	2.5538125
deb/5e6a086c2f10b	1.6019948475119516	1.7296875
de8/7c8f88a4d1569	2.6751206862894708	4.3145
de9/56ae36224baa9	2.627406672271185	11.943625
dea/35a21db9611ab	2.862148058620159	1.245
deb/5d4fe219f97e3	2.1398884686434245	1.6485
de8/6a297b79b9efb	2.759073625986606	7.41425
de9/f8f1daba30b25	1.8859595394377615	2.830875
dea/f82c2590f1f86	3.2429325049353146	4.8810625
deb/122df3bcb94c6	3.0517328337779226	8.4675625
de8/a20cd6ad244e1	2.9796195909343823	5.0983125
de9/0e2acc9e57a06	3.1027889833541273	5.7658125
dea/1013e2cafd175	1.5834919008818074	3.7346875
deb/0f4acacbc0929	3.0062750124521687	9.1216875
de8/dc46b156df9fc	2.507264923256239	6.2058125
de9/605d1c133737b	3.297573982850939	2.5831875
dea/002cdf64115a8	3.1602135442621875	6.19625
deb/fda5f8a2f5177	2.5060350189761094	5.414875
de8/692011433aea5	2.992655432164288	2.8101875
de9/e7c62921a3d78	3.3646266585888145	4.4441875
dea/d9c660f24d63a	1.0964656761787952	1.8590625
deb/f3be0c21cdcb9	1.9722320445141313	2.348
de8/c3c285426b8a1	3.1926850526595465	5.159375
de9/9ef062b9c3068	3.0113632778934316	14.70525
dea/2998f2f04a65f	3.514942264257921	6.8503125
deb/0269c88bc1813	2.5463091724175353	0.8490625
de8/ce44d7e497763	3.1988006519002714	6.3236875
de9/e4d004a0d0746	2.9034704034050955	11.504875
dea/4ad4ab7a73986	1.0986206855588398	2.163625
deb/29910865417d0	3.1528132106940343	2.8045
de8/8984afb4a6d20	2.7558454004879556	4.373625
de9/c670ebe0e62fe	3.4422711161274875	3.32275
dea/c93bf10bfb064	3.349300296869625	4.90975
deb/52393507866fb	2.8291098371144012	0.8644375
de8/b4edadd4dabe7	3.4189775373550826	16.95275
de9/adbdcb12c8bdd	1.991738125892316	6.7443125
dea/60591f7933eb3	3.2726484037592023	8.37725
deb/0b6a8c0e2d459	2.677658149482678	3.944375
de8/1cbd5d7a49a0d	3.261880698945334	15.3938125
de9/2e0882b0c5984	2.9246493746985625	2.6141875
dea/6ec9baea0791f	2.6371882120940158	5.7148125
deb/d6f70bb5fc996	2.7191434415850586	1.95875
de8/de4cc6d8f8714	3.3840001289349586	6.29475
de9/77e283003b5d8	3.3734334817489553	1.5136875
dea/8bc5aef1a0cf7	3.1800430918818035	6.073
deb/0eda2f5c0100f	2.6627863357643085	9.21875
de8/6a984c8fefeae	2.7696166567108924	3.987625
de9/789f0f469a8c4	3.2884357457212423	9.3059375
dea/a932bb576f8d5	3.499977496315167	16.489875
deb/6cf3c0d0c0ae6	3.3960845564270445	9.1431875
de8/0048104f4dae6	2.7404280778561	5.957125
de9/ec238264535a7	2.6507322256960153	1.479625
dea/31e645e30f95a	2.3065554168915208	0.9371875
deb/7d2d7a4f22c94	3.1916368794816625	8.1651875
de8/ff8b6de9afdba	3.1256975468435826	1.364875
de9/99ff8a6a34e22	2.799784056520402	5.6515625
dea/4fbe53c5695ad	2.666215185030477	11.7249375
deb/f4a0dbb6887b5	3.1898185098617793	1.4424375
de8/c7bc8921536ec	2.9813697928245686	12.767125
de9/1a393cc532293	3.5835779001191694	20.575375
dea/42314253a5547	2.224133549770962	1.105125
deb/9a695538e48ca	2.7233651413763535	3.3041875
de8/b7feaa5ca1549	3.520117820958521	14.298
de9/193f63f16d424	3.3667630543963196	2.8766875
dea/ff91799950a41	2.892303467690469	5.17475
deb/eb807827c441f	1.7399456837927496	0.912375
de8/6123c0ab439e4	3.452504525362855	13.372625
de9/141ecfb9d594b	2.5556583119458294	1.80025
dea/ad569d835431e	3.306499677466984	15.8074375
deb/ad4e0aff254ef	2.297277233548057	3.80875
de8/499443b82e1f2	3.228232717003563	3.38975
de9/ccac17384988e	3.2416251209778353	2.6444375
dea/ab499b5353393	2.671891136349197	2.9245
deb/ba5efc1a761ce	2.8089262141157243	7.3249375
de8/01bdeb797d892	3.2505790947114193	7.4455625
de9/754866add522f	1.8329359038916104	2.3591875
dea/8ef0959df1ddd	3.1537639657892322	14.9348125
deb/a8ad873142ee0	3.308588229634528	6.6351875
de8/c058954a11cb6	2.5671054353673584	7.6561875
de9/5471314809a54	2.9418781420800246	9.7818125
dea/5ec8934aca9df	2.569571813009857	1.237375
deb/7384266a138dd	3.266249616134013	9.0399375
de8/3b9aa87b36de9	2.605952217397191	2.0230625
de9/f3e6e165d66aa	1.2811409173552453	2.1955625
dea/eecbc3f744b1f	3.36270930134653	11.46625
deb/db567d7d6f431	2.062986298681036	1.537125
de8/799514ae3a509	3.265582641543585	6.0005625
de9/7661ca615fe48	3.3101410648161744	3.7008125
dea/e069605c12c5e	2.8990155393155614	4.594125
deb/f837e0fb992be	3.2859213579643423	12.4961875
de8/5ee67ab5eadf2	1.4035069716979744	2.0593125
de9/9c6f52659014b	2.247910180522133	4.2633125
dea/4c6261339ea86	3.1305353329500436	2.3341875
deb/7a9d9443c8c4c	2.965196442204887	6.114875
de8/868c46bed6809	1.9865762578386206	1.39125
de9/56abbc806f68b	2.3694449619296467	2.9804375
dea/f083052e7bc5c	3.0530772013544243	4.42425
deb/7cd44b55252e2	1.7852554210805458	1.4840625
de8/a775b46895744	2.553114764410309	2.328125
de9/dfcdc19970619	3.4263451090442176	5.7020625
dea/27a4d18b3cea0	3.222151082857857	7.166125
deb/cbedb32939ff7	2.390755309005661	5.3644375
de8/ca064e2af0e32	2.9694902546695703	3.54775
de9/fe66e6d2aadf9	3.2752671347904054	12.6536875
dea/a6081365070a6	2.8692096723540987	4.872
deb/24d67fa873332	2.639406425763086	6.872
de8/8ea90264577c7	1.9752906597846263	0.816625
de9/11e26449bdb04	1.9109524674519813	4.0088125
dea/0d8abfe5276d3	2.8093507898460723	8.0110625
deb/3bd4a8ba64d20	2.820781388087301	9.945
de8/a6127b0be7e9c	3.377494170667356	10.014125
de9/b61e585d4d250	3.1795951396961684	4.35475
dea/d01fd67149386	2.901642020775954	3.828125
deb/f30d091f4bbf5	3.3668322289168557	18.029375
de8/297d28c99d30e	3.2514542476311266	1.52425
de9/5e079f9381fc9	2.6548752659866555	1.6565
dea/87d1b690632c9	2.151674064943864	6.652
deb/f596b3503877f	2.649356140311846	5.581375
de8/511d403dca4bc	3.310421309224051	8.2851875
de9/5f5c402bd5bfa	2.9671376889174	4.5728125
dea/083417b574b3f	2.4809875982463483	1.7276875
deb/32d83c947938d	2.6970927925055075	3.1735625
de8/b1d8b572b7c0f	3.4215138574896775	5.5954375
de9/533fe958e63e1	2.578270996033132	16.04875
dea/7b83bb6baedf6	3.0052390396515625	2.5970625
deb/e3c5fa0f41cc9	3.1738844504267876	10.689
de8/571a0468e72d1	2.704330393341947	7.0668125
de9/9afe92aeedb62	2.49316766522771	1.4565625
dea/b641be1054e36	2.232117040875768	9.31575
deb/16d689336fd8c	3.4139449476588837	2.355875
de8/402111f8e424a	3.1955651487215806	6.3645
de9/3ff1cc410660b	3.1123176686245912	11.1711875
dea/b99b0c6766e56	3.373816567266939	11.011875
deb/c266551344656	1.7395113577035877	2.260625
de8/c6cae0197e2d6	2.792285284492625	8.8818125
de9/5be6db992ab35	2.458073129182195	3.121625
dea/5557299322b9e	3.440266989345063	18.495375
deb/11dbfdea29b27	2.949221412045255	9.118
de8/353486666b89f	3.2835581420688293	6.449125
de9/d2fcba8c66a40	3.341623490301408	6.09675
dea/17e27859d08d8	3.351537282940803	6.6464375
deb/9989281cc9682	3.209340632914313	13.00275
de8/309bde7408ef0	1.9025238643789193	2.5030625
de9/ec32b62509ac5	3.394790457688464	7.644625
dea/300a3e4f80be1	3.4622690697500715	12.9296875
deb/ceffce8b41653	3.1024481027738964	6.3399375
de8/409e6d1fce824	3.399414089103176	7.5013125
de9/f4b3951be8d05	1.8204299189994646	2.260375
dea/d1f9cd538e2ae	2.883469252019413	4.39
deb/2ba66dff5cb81	2.8506110496900914	4.24425
de8/ac67085ea89fa	2.82495402769006	1.4375
de9/af4bb71fdde67	3.2812998300148686	7.1345625
dea/c670e87c7993a	3.482765741578103	9.2420625
deb/ce75ef08cd672	3.0245383748538965	6.0980625
de8/b2a26b63c4f0a	2.925003678014383	4.6336875
de9/a09aa812f70ca	2.1603911478439355	3.1655625
dea/466954dce521a	3.423119755593625	7.9639375
deb/df9b7f2240fb0	2.8125263974927246	10.092375
de8/d064bf3204092	3.205238169657568	8.4849375
de9/51a9a46000891	3.0033077159300228	6.12625
dea/81b4dee12d896	2.7062720605570503	1.6954375
deb/e1d4bb082a699	3.1846559594226567	9.5234375
de8/eeb46b9b149a2	3.3787312870355577	7.073625
de9/8fb7c54f9a224	3.026922503582752	3.742125
dea/2d3c7eb1091ad	2.445778912019469	1.9704375
deb/c8f5535aab337	2.200797554651313	3.126625
de8/18db6fb1ea277	3.2891316792885315	8.977375
de9/2dd70a1ba52fe	2.360325140357803	5.646875
dea/8fcb1c492c94d	3.3784899242504594	18.748625
deb/577493ca1ace3	1.1471276935680248	2.2425
de8/a98ab2e38f349	3.2836087966134238	9.314875
de9/b51f40ffa3820	2.6137926242234366	7.0603125
dea/5a69f942b899f	2.256361240210759	1.278
deb/a0c5fc68d2088	2.38931840239849	3.50925
de8/e5b42f27edf16	2.8976780491700715	4.23025
de9/936fdb134fea4	2.886428148393751	3.7683125
dea/dd8347d987082	3.232671493823451	8.4009375
deb/171ba39ff078d	3.1952078276897673	7.27225
de8/4d541b3cd8d80	3.1380403544241426	5.149375
de9/bb3894d850d26	2.112289737764462	0.9608125
dea/5d2ab5b5fbc7a	1.4101979204866937	2.2859375
deb/739b7cb004fab	2.3536606761571166	2.3951875
de8/d1c176a470256	3.0325001650356973	7.2285
de9/549099d43e2f7	2.8867928902439375	4.9696875
dea/552cf5bcae7cc	1.3177729543638954	2.8224375
deb/9fa438278c695	3.365836316360492	9.5045
de8/70fd5741670fd	2.465912013858368	7.6575
de9/79e545db55bac	3.402089825698466	3.475125
dea/b9ba229f5da69	2.6636927153510475	2.6704375
deb/5e63b4af07d8d	3.5175965490867167	6.7445625
de8/7d7bba44a946c	2.388253388625559	2.549625
de9/4b9d6b48fc67f	2.1157122252093234	1.6830625
dea/2c8deffca2f6d	3.136126779315065	5.690875
deb/d977b43c8f25c	2.2779009640694636	2.156125
de8/4d7df837a62d2	2.5154016360534968	2.1009375
de9/1e5bd9ad0e67a	2.6265283933274555	5.095625
dea/02b6832f571a0	3.204524252538545	3.71075
deb/c225f93ede878	3.4396012447743396	10.1845
de8/acf546c36fed4	2.6208943555177426	25.70925
de9/e3a84b3ba9a09	1.546358711292547	2.0333125
dea/bf6f7fd8cc7e9	3.4853961432857568	9.5198125
deb/74d5d03e0089c	2.22388796986821	3.1475
de8/644e0fb19e3d6	3.309710512867717	7.66625
de9/09956b8b35adb	2.5045089250359847	1.538125
dea/419e36e102485	2.84217802908457	3.354625
deb/f151c12161cd7	3.3811520940286814	7.97375
de8/d5b4544aa2de8	2.4157863696501285	7.980875
de9/00f61530f67cb	3.3360384731641957	5.837375
dea/72c1001da08d6	1.77222609104976	5.9186875
deb/f7f9db4849e70	2.4010583587367798	4.91075
de8/985b0db83967b	2.8524246898269205	1.6018125
de9/d431e5250b1ee	2.8155635293222785	5.5689375
dea/68222068b8781	3.2291829188166026	6.100375
deb/6aad0c65f2715	2.9630912407877443	5.3641875
de8/c5f6fefcddd2d	1.1502088526484588	2.116125
de9/4a512330cc219	3.1308097286790213	3.3866875
dea/f84cabddfb796	3.434172996145123	4.5744375
deb/47ea88ad1bec2	2.6306040182361325	6.6184375
de8/15a973d57db13	2.82148348964073	3.834625
de9/6622cf3134f7a	1.5855699435100798	1.39425
dea/9875ade12341c	3.1073725575732394	14.103875
deb/3f4e8fad43f45	3.2668711707773914	8.5373125
de8/617a159b66dd0	2.6610453569040398	1.586625
de9/6ee313deeb8c7	3.2455437117151753	8.4600625
dea/bf07d6d08989b	3.1041895465627705	11.72275
deb/d164d9e7eec90	3.086688721113279	4.4213125
de8/e957204ce3a6f	3.203375833765797	11.434375
de9/a25e0b0bdafc9	2.8584977386348975	2.7283125
dea/b61d409a92bbf	2.8366323416932793	6.4
deb/e6a8a2fa91233	2.8928144196013164	11.63675
de8/951d89d88c5d7	3.0022578542399567	11.9914375
de9/7ea1b4826d135	3.0334110547033997	4.7985
dea/9723e4e9d3f27	3.1623128684827564	2.1710625
deb/c03827f16f210	2.3663347295436132	1.7338125
de8/c4da7a77386dd	3.2439806662456236	7.025
de9/24994d9fa7453	1.0753917634893655	1.2970625
dea/d3d3b6fb05c26	2.4089299323733724	7.9256875
deb/4db91dd2ccd25	3.35529696704994	5.67625
de8/668e6f05cd71b	2.942998025912129	9.253125
de9/40cf3997255bd	2.8649780425609905	8.320125
dea/a6c29df2db9fc	3.2502454151068463	7.7428125
deb/7ba0a298973fe	2.865017010760838	6.261375
de8/8f2624c676f09	3.3822877400147564	11.157625
de9/ada31eb4c36f4	2.9496415520139663	6.3621875
dea/e7c7a926bedbc	3.0421583592513	2.94425
deb/36cb88a547228	1.5962555790765405	0.960875
de8/1c01d852e2fd0	2.678014688033461	4.055875
de9/f1c602bc711be	2.759314467404778	4.6473125
dea/a588fefe7daa2	2.555749095198675	1.65975
deb/33dd594cd1719	2.4044121720673504	4.949125
de8/b5b606188dcc5	2.7186598857244553	7.3931875
de9/f5bfe99fce58c	3.4380084320146547	9.5266875
dea/10b61032d931b	3.204372012961382	14.9120625
deb/2ef7504aa489a	2.7926197428930055	3.4350625
de8/89851c5c3c78d	3.1911885212952167	4.793375
de9/200f8544a7f7b	3.4156480731930374	4.3570625
dea/cc5b560f10f63	2.8193722660410736	2.53825
deb/ed4eca0a0e28c	2.5887736719483643	1.881875
de8/4e0ae17dab1f1	2.569863662552727	1.32175
de9/9a791e663cecd	3.3807555216715213	5.9601875
dea/23bfcc58779ea	1.1194376324506117	1.3368125
deb/e04aceb0ad026	3.092545342110396	9.794
de8/50f93cd5f323a	2.4943196627890636	2.064625
de9/5b5203f8495bb	2.7816766624777443	8.1758125
dea/5a5f3751ea7b7	2.929600246771731	6.844375
deb/0ff8c98e4b701	2.7700573085615243	2.8505
de8/f59a8076df534	2.075115184015025	1.20275
de9/ac52cb0bf8bc3	1.3331664371811058	3.4981875
dea/254812c6023e5	3.346886169982159	10.89225
deb/618099f735501	2.9545055132770752	7.462625
de8/4d77668211f0f	2.3366956954610965	4.1531875
de9/0758b31c68d03	2.84492762135659	12.0650625
dea/0bcc1fd253164	2.73595285594194	10.368875
deb/e0f70585aa6f9	2.4949586722152595	1.490125
de8/f63052c7df5fd	3.4328925148041725	14.4770625
de9/e305f377ca3cb	2.806451750539814	8.391125
dea/ad8c85f0a8464	2.9609271032804734	2.07025
deb/a1ed07282c6b9	2.514475310192892	4.642375
de8/4a9b8c16d9cfb	2.3711907282001476	1.056625
de9/afa9115174e69	3.1142889353964787	5.9274375
dea/b88efce375966	1.1189487380665586	1.634875
deb/868f2c351b741	1.2186169617176559	0.9638125
de8/8853f8bbf9a8a	3.0467472218085763	11.3828125
de9/ed2d175915047	3.336686639902116	5.506125
dea/a3ca1b1133085	2.6228968540537876	0.7683125
deb/f8e38a15f241b	2.354006368285407	13.4541875
de8/b7a71c9f818c0	2.885554030928838	6.89125
de9/835241f8f0871	2.96298590165648	4.1656875
dea/57e43a9710a92	2.9228960209774484	4.189125
deb/1d763b0f959c8	3.2534263657883766	3.8815625
de8/d36a6e40d55e1	3.1724327367650607	16.8941875
de9/c2bb64a77d930	2.5622892498979444	2.0870625
dea/408f939481b43	2.228763436789987	6.843125
deb/ffc5970c306c8	2.7117429104640065	11.4019375
de8/941dbaeec6052	3.4634182599684764	5.4389375
de9/f9cc7f2664356	3.2609277148889158	4.5913125
dea/ed36407d632d6	3.3022270403369625	4.830375
deb/3eb54406ffbc0	3.0672537981966737	2.5023125
de8/b468b3ea42222	3.2716222446137304	4.2628125
de9/a19ca2a4c500c	3.2109034885384653	11.4108125
dea/fba962291b418	3.2194104463078466	7.348
deb/61dc144cd8c71	2.997120729426413	2.641625
de8/d9246b14f5ab7	3.131807997760872	3.126
de9/b05ebe92c19aa	3.0895050479651376	2.632
dea/083821cf03b7b	3.1848494363170436	8.2143125
deb/984dac92bc60c	3.0525331441407015	4.8926875
de8/15e6b618fa624	3.4123320797469163	19.223625
de9/1e2b72e4e9c43	2.3587486166918965	4.6470625
dea/937deedc82bde	3.124222321935328	7.6668125
deb/4e8ce8a179d02	2.681081902741462	2.3543125
de8/d51883fabbcae	3.3399867883682797	1.7851875
de9/cc32791e0ea1e	3.161681012957552	3.581
dea/b2ebfa75e5cd4	3.0180131202522733	8.366625
deb/d483b93b7aa04	2.7218435558181313	1.7693125
de8/982093ffb32d2	2.366306231325161	1.832625
de9/993ec592b663e	2.24337983501039	7.1355625
dea/1caf95b114ebb	3.065615805492057	9.424625
deb/10f1da34d601c	2.2373585445370945	4.03325
de8/921dc764c284d	1.9558822612995965	5.359125
de9/b27db8067a7b6	1.3600588948551746	2.602875
dea/5e4f58ef9e91c	2.9596964563425248	2.373125
deb/67e02f02f2891	1.0922629850271837	2.721375
de8/f57856254accf	3.1587801044015342	8.7258125
de9/e02d172f3fa00	3.19492541059581	1.4205
dea/8fd04c3220af7	2.2345065206505854	3.065125
deb/e9d1d368bb162	2.9850140933590312	5.0261875
de8/62f98528abc18	1.7258153277432475	0.7158125
de9/96262b6bc15f3	3.475443472791555	7.928125
dea/e706f59dad8f1	2.452652720780614	10.325375
deb/9418816db08ed	3.158868864883037	7.1315
de8/abb2625a4d60d	1.1200065550137843	0.72025
de9/3cf38b965ef65	1.2033024246604003	1.5675
dea/2aa3752de8207	3.2956204232714157	4.8236875
deb/ca87c6ab8073a	2.641618309470445	7.0989375
de8/9756a1a4b31bb	2.3880819467399195	4.246875
de9/5e5ae0957d200	3.614320799106117	7.673125
dea/a601673bd4b65	2.3781577096614304	5.028375
deb/181d22a31a7f1	2.9266747035678393	5.0263125
de8/bad4cb21b81a7	2.5896979168448735	2.0679375
de9/57677b512b864	3.1476238211141094	7.711625
dea/d162e81633964	2.8073628306996667	15.4646875
deb/95bb49400fc22	2.68238722872142	5.0031875
de8/bdb46885c3e60	2.9314922674573767	7.1686875
de9/7ae6f85a93f67	3.1076165128248157	2.0676875
dea/91691442a6372	3.0023629882647604	4.978625
deb/496d73029a5c1	3.2651131201031323	7.7384375
de8/3460228b488e6	3.506756928765199	10.999
de9/688d9e45a5b21	2.9471059214698943	16.22975
dea/08f6c5e3a1dca	3.3441122650323982	3.501375
deb/f7721f02beaa5	3.1409971289880447	10.982125
de8/87d853335e4b4	3.047736379660475	9.4269375
de9/8babe99f6d3d6	2.218649519270912	1.922
dea/b455207c6e6ad	1.811586442300985	0.842125
deb/69d898a649329	3.411021197838438	15.90375
de8/e46ed6840d183	2.73358169688213	5.4895625
de9/f7011cac4fd06	3.2860004653996033	12.66025
dea/b2545a514446a	2.353026794732347	3.11275
deb/df81e29fac34e	3.095307327672086	2.881125
de8/6270d478e4d74	2.572589904155471	2.04175
de9/3dcb98a5e6f3f	3.296971801541735	6.244875
dea/3d7faf41121b0	2.929540482125389	14.034875
deb/451e02f23e32a	3.015710981949946	7.46375
de8/940370a0a7ede	2.0736295322587464	2.392375
de9/44764fbfd3569	2.5787776632904125	1.149375
dea/a52fc1e69190b	3.363240364781101	6.5849375
deb/d79f9784641fd	2.2490021483825453	4.0916875
de8/54cfe68b9951f	1.8997925220166572	6.912875
de9/41119ac8196db	2.0009395826481007	1.9506875
dea/9ee41512e471a	2.0192266884961563	2.1980625
deb/6945817d56d51	1.1772103523248396	4.2811875
de8/1add2918c3bab	2.4124101423412294	3.030625
de9/38520f457ae8d	2.4591928458194077	4.900125
dea/7fcb3ce6a40a4	3.1269591323495156	7.9476875
deb/26523bf6dd5f9	3.132443470047935	2.7873125
de8/44251236ad8d4	2.7810241569518572	15.257125
de9/0f2a90b15510b	2.4588047646396984	7.5539375
dea/167ae814baec4	3.378313555738067	6.5189375
deb/288bae5a454fb	2.450123652279987	2.8458125
de8/aa883acd7548f	2.43784485472482	2.50275
de9/924ba8667aaaa	3.267424515035158	8.963875
dea/5ab6035a1e92e	3.269180535489294	5.618625
deb/7c957a0b3a147	2.8834125399689063	6.59825
de8/97e990d7b0fb8	2.5640798293145544	3.5096875
de9/0ff58dff2e459	3.1635902839909926	10.168125
dea/19aad46216110	2.6637270182127577	9.55875
deb/b44d0641f64ec	2.331302238490891	2.5065625
de8/46b61c96b08b6	2.5420523656174687	4.7656875
de9/95e39f982ef3a	3.087043112205898	2.418375
dea/1b4447bd9d42a	2.916479388647865	9.1338125
deb/685cb1e5c99e7	1.7536075589833184	4.3320625
de8/b5fac2dd6b5a7	3.1092299214355172	1.8716875
de9/68ed2f6fe50e1	3.147606723441146	7.438
dea/d5e7506d1dc99	1.971322294610256	3.0161875
deb/66ff492257daf	3.398824392107996	9.4015
de8/d9779b53453e3	3.193793434207864	8.9704375
de9/14cbcf474f9db	2.451437054679619	2.21225
dea/1c859b97596d5	3.1707813316767	7.7045625
deb/4ec9ea73367de	1.9310062037260327	6.3526875
de8/7df8158745f9f	3.5828069651029457	14.6481875
de9/50a8142e9342d	2.8231503698323412	8.2170625
dea/8f45df58e8c2a	2.884749270191741	9.46125
deb/52f272489409a	1.9879249091070554	5.4143125
de8/6c24d2dd750a0	2.5539046858291656	9.363875
de9/d85164b3e2a75	2.607122876315299	5.00375
dea/75d3321ec36c2	3.3962644375120496	17.3345
deb/09fa48194193f	2.746636191018338	3.88475
de8/c0113dc632443	3.2998607414256917	4.418125
de9/1473c7b1af6b5	3.4698768228798937	8.8949375
dea/6e6047ca20049	1.1278219371406257	2.45075
deb/e6bd3946a2c74	2.291775387263821	2.6435
de8/a9da8edc338b4	3.2320966717021093	2.0950625
de9/b164ffdb9cdf4	3.383908074260517	6.3631875
dea/1e3c056a3261a	3.239623603952918	13.8668125
deb/1bcaa303f66b0	2.321362631243314	1.8445625
de8/93f0df587d1d2	2.2737131445142658	1.6018125
de9/5f8614befde8d	3.040606355432334	2.3476875
dea/6e4ace9cbc7f3	2.3607853340110623	3.9408125
deb/cd98d3a0b0107	3.401555452305451	5.5575
de8/23a1eb0f0963a	2.2848094128642003	1.61475
de9/02d7863fc544c	3.209997490140221	5.436
dea/05299fbbeda23	3.368892973772144	8.2440625
deb/91e8cbda423ff	2.527887777312554	8.93675
de8/3835be62b7ad9	1.9275055360463937	3.532
de9/e883feadc8fa5	3.4744742667720954	11.475875
dea/7be253658cb5f	2.2847453503329866	3.152
deb/a70301e8fa0df	3.32119781500656	7.6195625
de8/898c00146f003	1.9685188927845803	3.937
de9/53e5db411d41e	3.2254506366179387	8.0026875
dea/f795e8cdb9e5d	2.751592236094187	5.0188125
deb/51e79473bbcfa	1.9671041288538826	4.19025
de8/18cbc5fbaf476	3.140789110887538	2.680625
de9/bb1f90ce9fbb2	3.0622005071902882	3.96075
dea/578eab50afc8d	3.0713868822197465	2.6579375
deb/a08ffcadd49ef	3.2618456424104516	3.787125
de8/62ab64e0ff16e	3.2917948804118526	7.895125
de9/93d4b4729900d	2.3066541175701447	1.8184375
dea/c29229e4f0bec	3.284714621752528	5.3296875
deb/4a397df81fe33	2.2932269946930504	2.587625
de8/699cab0aff0c6	2.4469916767297897	1.8266875
de9/ea7d31c6b2b84	3.1229977313893933	4.709125
dea/e872c350c3b35	3.0132104204801946	3.5584375
deb/d52371b6ca810	2.4175414801424546	1.5704375
de8/259890f9f7f17	3.1656435086992074	6.7265
de9/88a6497bc7cbb	3.4972703124380726	17.5239375
dea/2648b10cd8163	3.256680983738066	7.385375
deb/182f1af3815ca	3.1044685776571916	8.175625
de8/cfe5dc3592e71	1.3670941021970002	1.454125
de9/aa243a16b8d6c	3.3790410455744584	8.6058125
dea/376e6235906b8	3.3892314714428164	12.979
deb/dc0fedd630d67	2.936175559075426	8.7069375
de8/bdcbb7c1488c7	3.4528208769241884	5.8830625
de9/674a21e9f07bd	3.5320517919833785	12.8753125
dea/6ba5f1d2ff5f5	3.410361131822506	9.89125
deb/49c3dd4f4f032	2.81407469196077	5.6936875
de8/fca3139e87794	1.8135694944629768	1.265
de9/a1d311ac3f9fc	1.6133814546522114	2.4523125
dea/49ddb4b427375	2.4228483950301474	2.5815
deb/ebae69d5bc0a1	2.719909725736508	3.5495625
de8/1d32b96e917bd	2.737487644750228	6.5083125
de9/0adfd4fe678d7	2.8221927753805742	4.900125
dea/d97d73bc83079	2.5552849457648428	6.294875
deb/f2b37350fd70b	3.3198267179618637	15.1888125
de8/e662ab85ec53f	2.640425075982695	2.498875
de9/635e2b94e1fb9	2.1666208110824887	3.7880625
dea/5532e50c02ebb	1.8797842850685325	2.4998125
deb/d91385644edae	3.431612123232721	4.238
de8/e4359a1f86db1	1.8350211493960384	2.8199375
de9/8293fc071f372	2.526908404950776	3.690375
dea/40a0b3ab91d2b	2.6702845069536076	3.4628125
deb/89af7ab51b62c	2.164805271964213	6.649625
de8/1d188f99c8eda	3.1417463154639824	1.4423125
de9/67fda35f9764a	3.191594745580402	2.2616875
dea/ec234fe3b59be	3.2549733225813924	5.0284375
deb/1a65ce483ca74	2.2891131461049987	2.9255625
de8/2635b4c938e1e	1.1212223798100616	3.5028125
de9/07516c8d79cf4	3.151766375160345	2.995625
dea/91a4dd0abb211	3.111496449965201	14.1519375
deb/00c92be7854b9	2.9937416955600087	2.90275
de8/66edefe23cbcc	2.2607934364866358	2.139375
de9/667b8969831a9	3.328686396376552	3.7478125
dea/dd88a8152986d	2.9930854519318046	6.9565
deb/859ee24b3e897	3.407138004707426	10.70125
de8/df9f71b04834b	2.902168709665671	2.596375
de9/059d5841c973a	2.7657159163284257	3.329125
dea/e495e676d1b88	1.1220379022043818	1.5379375
deb/d79f5aa684032	1.5748920512784463	1.874625
de8/2d4d991579a62	3.4000953375014245	6.838625
de9/c5c7f707d285d	2.7000726123562933	7.1799375
dea/344cf66a51e27	2.7320975999285966	2.2479375
deb/082fc4f47484b	3.2084486120913813	2.7698125
de8/c7192c3d6bad7	2.9713396716192086	13.4251875
de9/da656195e0794	1.3603362601379436	1.681625
dea/77fe1d3926f74	3.074280635822748	7.1984375
deb/137ab62b03e9f	3.298121028437458	13.047
de8/61ffbec381bf6	2.362432167512743	5.4020625
de9/73da615e1845c	3.2925686934804785	9.49375
dea/e4982789340a7	3.463150857279808	6.417
deb/d1aa638274dee	3.441331310985704	5.15225
de8/be68f3873841b	2.4703349815330338	6.844875
de9/5466e68a25eb6	2.4090104325141732	5.5635
dea/c78d0cc6b122a	2.883569930849698	5.677375
deb/4c93705f52736	3.232585410021583	2.4084375
de8/35d152dbecd4c	3.0532915773301936	13.4613125
de9/f314545d7c0e0	3.4478216464377365	7.780375
dea/9e3f53004ebfd	3.186058455639904	11.416125
deb/e7f859e9e82d3	2.054434510492388	0.864625
de8/b198b1c9c7403	2.894071741687155	7.7994375
de9/f6d879f3da541	2.623229230505672	14.8611875
dea/f1525f9820e2e	3.151283607670313	6.5286875
deb/c9dd05588dde7	1.8398770277145242	1.1115625
de8/ba1318b25621a	3.0087875522073815	2.0660625
de9/6f83acfb94a2e	2.7087691098023967	2.918875
dea/d435cee77cb7d	2.034409062719079	2.3261875
deb/1d4fba91b06f0	3.392058415438805	7.1434375
de8/a6dac75b4514c	2.2291572669856565	2.0911875
de9/727222cf6323d	3.155045853925968	7.830125
dea/d35b70ef756f0	2.722562997848743	2.3064375
deb/3d03274e1cf90	3.0311232494484073	6.85225
de8/96d5c3b58c47b	2.520168922488083	2.5234375
de9/47d546af499e3	2.6921744182659477	5.3075
dea/e5287843f5f4b	2.7240609160766938	4.370875
deb/dd30ef35bd0c8	3.377470817476933	11.611
de8/0b8feeceb20d3	2.9637554263243144	7.014625
de9/bad7968d09e9f	2.4277655965914766	5.115
dea/b9822a250952d	2.1012799618440106	4.08325
deb/adf690e1791d1	2.7339141874627253	10.1675
de8/e444c5fa7e019	3.0096375645452476	2.595
de9/fd690d470b021	2.9691391027733665	4.9695625
dea/1f478159264c3	3.182958274072497	13.418
deb/62e4b932a8a48	3.2925154568028074	4.1951875
de8/1ed51368e0d44	3.1490461248620125	6.93525
de9/5ff4c77e1f3d9	3.423008942801226	13.221375
dea/c10ec88bd4f32	2.748479935275735	5.0496875
deb/1c4bd4851a6c5	2.2755786127365307	7.6603125
de8/6e13bf994feca	2.471384737490976	1.5866875
de9/211e2b275b457	3.33765000083953	6.303875
dea/8efcb7c4f98b4	2.6301472894754747	1.2976875
deb/21dab8b3a3c7d	3.4129072897322796	6.158625
de8/6272b6884221e	3.1953001483746277	4.5173125
de9/b4763ce62b7a2	3.460850448070587	9.6686875
dea/bdc60b97d0a38	3.098856573702539	13.64325
deb/0140abdcb0e28	2.3918309289526696	14.771
de8/0bffd8c35e524	2.773517993380403	8.8391875
de9/f85bf146bbd95	3.3145441356976355	2.3574375
dea/ce2ce83b1dbdd	3.2264285741178265	5.9826875
deb/7c59913a833a0	1.8251182599519413	3.0195625
de8/70b7a1c46a9a3	2.7174661713864205	2.38125
de9/5cb84c92c4d4e	2.5742621294884507	2.0660625
dea/2629efe4e7f4b	3.189284402884996	4.4101875
deb/1e12f094be6e1	3.485515171696431	13.899375
de8/fa12f5e318c79	3.289572026968969	8.5259375
de9/129775207f6de	2.3728366682049975	1.6344375
dea/12b0512ca4223	2.409579397303319	2.14025
deb/cb2f3075eb8e1	3.2637121822791637	5.2431875
de8/72a8147d69f6e	2.812530143777747	6.9466875
de9/46c7f0a09a508	3.528810119328611	7.1595625
dea/321c6c2cec0e3	2.34381278381597	2.5883125
deb/0743ad48d9a22	2.7447019662152274	4.2973125
de8/917680e2fa896	3.039740346914468	8.5963125
de9/69ee07c5e7433	2.1640265487618704	1.49725
dea/872f7c0d25295	3.385552508130581	16.2909375
deb/be145e1e451ab	2.674410099674613	3.51525
de8/4c37f85726356	2.349171866324882	2.44725
de9/704829badc2a3	3.2209250182178324	6.2949375
dea/2961affec2056	2.373396592368153	4.7008125
deb/b53017c2d143d	2.0752676412934714	5.109875
de8/ce6e40c578093	2.820284264046921	5.229375
de9/345aa7372d520	3.142673501735182	4.6934375
dea/4526c1d67aaa6	2.0904350741100743	1.56775
deb/dd100d5292081	2.737106959508296	4.7700625
de8/1e09b767db57b	2.6161416557890242	3.221375
de9/2a39f1e6ff278	2.6816428952169407	5.4599375
dea/21a09f67e2865	2.9757356375377904	9.455
deb/52b2719437679	3.328741740991139	26.6895625
de8/e18ac5e4ef8d3	2.72139860013287	2.0511875
de9/c9db821e94d88	2.7193681444422992	3.32525
dea/2d4ad86ec8c58	3.1655373868012595	8.4845625
deb/4cfc52d80459a	3.1142829612018623	6.2839375
de8/03737a1445af6	1.3555702209235934	1.878125
de9/1217b3e894e3c	2.9151877081715436	1.7636875
dea/fd62abc5f20f0	2.4057019098458023	4.039375
deb/576814907b228	3.62692489014096	5.304125
de8/893194f01baf2	3.313736789275173	13.674125
de9/841a6fdaa2410	2.9917207781839323	6.9808125
dea/61630fb0a769b	2.1948603349070495	1.866875
deb/7010db4c813b8	3.2700904797044617	4.378125
de8/8ced6d8fa4711	3.4050565174306953	25.32075
de9/f739106b362fa	2.789109927931521	8.5489375
dea/41591ed46355e	2.9231509804999525	1.8655625
deb/51bf12daa5091	1.4646226021534663	0.81625
de8/cec81333b2642	3.127075494846385	12.84175
de9/3eac593cc036d	2.0052976875964657	2.2306875
dea/233e6a88f3d60	2.4854374720012773	5.5385
deb/f99d4c2425b0c	3.174816445618251	4.886125
de8/da20429cafa09	2.96241927987595	2.520125
de9/2c068b422346d	2.313885690200789	1.4665
dea/586bb8afd92f4	2.456656216216399	2.310125
deb/9446462dc6377	2.8952017960568908	5.40725
de8/ecbfe1b0cdad7	2.322521233789789	1.923625
de9/ca6795c315469	3.493901398697883	13.78675
dea/d0db7dbe84628	3.235257049118514	11.111875
deb/6053344ef5022	3.1761257431500707	4.363875
de8/a16a974b5a80b	3.0995639597427007	2.182625
de9/74bc765b7f3e2	2.9303982823025083	3.7684375
dea/a2a22bf13687f	3.2457759370307997	5.842
deb/5e1f0fafa2e34	3.249525720039198	8.2573125
de8/2c8112c006f3b	3.3246903418844966	4.173125
de9/65cf75b13e317	3.4581235150614447	10.8815
dea/26a407bf58d31	2.7110244859109045	8.26675
deb/e8754902e686d	3.321136666154363	2.580875
de8/7f1b44c844af9	2.7991670907750708	3.3254375
de9/acdc3f49971ff	2.6235391616360193	6.460625
dea/40289b2b30941	3.3675841960759545	2.35625
deb/682af4ef2b98c	2.7818026820110844	2.01975
de8/1dcfc18ddcee3	3.4745245485396388	10.3161875
de9/5a7affbbf66b2	3.17588616507156	4.1488125
dea/4fca672e77055	3.3882684234715588	14.1089375
deb/f9b4951241ec4	2.7356103541795633	12.06725
de8/1985600656ae7	3.107626250193362	2.65625
de9/7f438d2a2a584	3.1023740294404982	9.968
dea/d332244439935	3.139820465094121	4.594375
deb/1e07973c09e82	2.0475360076152604	2.3890625
de8/0feb784c948a4	2.419473256849893	4.3376875
de9/8bb18e3c4753e	2.5165243477519796	4.827375
dea/aafa4dd48dd2e	2.7577829344467184	2.389875
deb/6c72042471435	2.5944574805887033	7.9274375
de8/0df7ae1e465ad	2.9988161885758995	7.7766875
de9/d11d09a199897	3.3412629775758305	6.7380625
dea/9ac551cd72656	1.1035518557512796	1.638625
deb/5163ff50fcd19	3.1463949869327466	4.3879375
de8/57f4073b91dec	2.5161975799747887	4.220625
de9/b3793219f6e33	3.270271285783105	6.924625
dea/e4f908a6bc7fb	2.5074314131923776	4.9983125
deb/cd82575bde3da	2.9921525475055937	2.538375
de8/d5ede94e244a9	3.2073142429308543	4.6795625
de9/171f88557b926	3.4295736802542853	5.820125
dea/0df0b81ba2d24	3.2864077706585895	6.1010625
deb/606eb2568c291	2.9287932048076484	1.551375
de8/7c40fd53c6134	3.014683223859922	4.294875
de9/4428d2599e291	1.9807286150249293	2.37375
dea/b8ba019d3e3be	2.965835253245528	5.3293125
deb/f2aa95926b83c	1.7840432013615677	1.555125
de8/f39a10f99d3d5	2.872879525323316	0.9730625
de9/10082692e127c	3.291825635762957	5.90725
dea/a61de372e6a5c	3.354135029437331	10.889
deb/b89fe36af3875	2.6457933144496377	5.1459375
de8/0bac5393446e3	3.2666301391030403	7.0370625
de9/2724e33243c4a	2.399562766451244	2.1371875
dea/7446143460320	2.4929882470979545	5.3900625
deb/b3bf2d7ff2fa5	2.1943393021532316	0.72025
de8/be46643ba26f5	2.5468162880226117	5.0546875
de9/34a8f77bea594	3.284219699642524	2.4805
dea/419cd718fae38	2.9532936645698875	3.4383125
deb/46d90c83fe28a	3.435562666045265	12.63325
de8/1169f304581b1	2.715396399590725	1.4148125
de9/341d4f31a2ed9	3.1530186359061787	1.14925
dea/b3367005867b0	2.762388109161403	7.73675
deb/2ba296df94604	2.22406725480721	1.8505
de8/d781a83997323	2.627785121582101	3.5994375
de9/23a763e4ded77	3.538327239053703	6.51025
dea/2b54eef79de1c	2.6169842818503497	5.90125
deb/4bf5c979506d8	2.7042253060425523	2.7450625
de8/010d9580c0527	3.2581926949639506	3.867
de9/89fd8bec6bb44	2.7304390106264473	4.8269375
dea/cae4f93b6ca8c	2.2417550428790167	4.69275
deb/7ee8b7624a15d	2.791601252879809	2.1401875
de8/f0b687a62d47f	2.715185479234582	10.5276875
de9/d21fed3467aec	2.4706333399699036	1.2969375
dea/d708e3e77b1a7	1.7611466881816076	5.258375
deb/ae94293748ee7	3.200761912793773	8.292375
de8/6b15da4d2cfe0	1.0668507264209484	1.0075625
de9/6bf1428f6c0a5	3.2344344914986967	3.05025
dea/1a3ab9d962d69	3.3005299592712065	12.368625
deb/a45c72e764ab2	3.3796380979775407	8.5658125
de8/19c590378d337	2.7374372015377473	11.5821875
de9/5eb34900917fd	2.9793344019342576	3.6725
dea/6862cdbc400cb	2.4678511225797326	6.2510625
deb/95861385a7c2a	3.5692635221693956	11.3550625
de8/48c2b3c47cece	2.728641441433451	5.3143125
de9/06e0416440748	2.5746947369258617	2.8806875
dea/63bc471c9c029	3.268593736837731	9.9645625
deb/261006d12aba5	2.866933067029107	2.792875
de8/f8ac921790297	2.8743418157176954	2.33275
de9/3faf7494d9a3e	3.369717754090632	6.1008125
dea/7db9bd83b18f0	3.4673720828930956	10.5438125
deb/094a71b97a915	2.993995302835866	10.5513125
de8/ef4bb5f890551	3.3796500119119566	2.7603125
de9/4f96d5ba3db9e	2.8599372838011305	9.8774375
dea/707b03b2e0bd8	3.3506338755904403	9.7521875
deb/a08501628b300	3.006998606982523	4.3758125
de8/2795997ea795b	2.6929317959632724	4.37775
de9/6ab397771e9b7	3.212650224732095	8.56925
dea/bfd9b02fb066c	2.016445176316483	9.5695
deb/3012a83ad93d9	1.259900465667471	8.3350625
de8/5957bc2fae7c1	2.755088193503997	7.7403125
de9/56dd140ec7b54	2.2648618368093305	6.289625
dea/57df3b5dc3328	2.4394669586385977	3.5248125
deb/84b8dea105d1b	3.3334314423274436	6.9401875
de8/7705b8311a680	3.3989732220239985	4.638125
de9/8e3675e926886	2.6793698904563863	5.9793125
dea/57ac2084a75b8	3.2292192400707904	6.9969375
deb/80281ea8cc124	2.225727883254556	6.2301875
de8/736b8c9bd7b54	1.8738985861342083	1.64375
de9/72f8308769570	2.7976244499805025	2.7748125
dea/e8fd88143c530	3.100343833252461	11.8174375
deb/2982f3148b747	3.5090594338222028	3.25075
de8/98c77a4e96be1	2.6827821411818022	8.8264375
de9/eb319f95e13d9	3.4197534618186376	11.38075
dea/5f5e9d9316d36	2.997194252274615	5.4831875
deb/f68efec608a41	2.869366927242068	6.7930625
de8/df1d4c7355322	3.1159214083076137	7.6899375
de9/4c355d94b8a5b	2.207323220820404	2.907
dea/9e28ca5fe9b47	2.632613032441389	8.0279375
deb/fbd01ea2dfdc0	2.4242810877090664	3.6036875
de8/df2e417c6a7b9	2.2615786898249852	3.892
de9/1c242fecfecae	1.120406291633805	2.327
dea/f31f0c7a0d9a4	3.1745984687645765	1.5911875
deb/d6ee2403beff8	3.1994762941562405	2.3220625
de8/e6fe890f90926	1.1190440074951007	1.3644375
de9/0d61da60ef78d	2.2930779515903548	3.9955
dea/e37de3ae30f25	1.7222083464917026	1.057
deb/6d0f9ea5b5be6	2.0835142528921713	1.202625
de8/3f7a31dd41bad	1.3510546576640465	2.1855625
de9/df88b45ff4632	3.4403149299995923	9.6855
dea/03bb70d9399b9	3.3549261851787713	8.7514375
deb/dcde1bc7e5253	3.0086368609965124	3.2688125
de8/656997bd54051	2.5638304118364768	2.1384375
de9/b605242ef4aa1	2.957995007455155	6.6406875
dea/dc49b49ad2c0f	3.0123456175645416	9.1575625
deb/adc1f6a02004a	2.065161100569336	4.92275
de8/7cdc1e7ca4b11	2.1580595886361977	1.348125
de9/7fc727220ac09	1.1779049534578196	1.8225
dea/cd30bd56a35dd	2.474178844758422	13.1870625
deb/3d99ec92283d6	2.5218188988809653	7.9715625
de8/d83c01c72bf83	2.8919274246182907	4.8485
de9/41f20ef6f87cc	3.336195427398648	5.5283125
dea/69024387771fe	3.393915048672302	14.5788125
deb/3d86f00f6af3e	3.002598929274673	5.392375
de8/b29f46eb110ed	2.7681944051958456	1.9273125
de9/8ff3434108b84	2.8335164826491375	10.10825
dea/e127007815dc2	3.160169342020075	13.706625
deb/b9ee26959c6ee	1.4092611431644595	2.5521875
de8/6b20c9a5fc76b	1.9685776374907922	2.7763125
de9/dfd35ed5bed18	2.738685124570116	3.4394375
dea/6785b78a354c8	2.500029802159202	2.1618125
deb/e8f9464277a63	2.4636623160731146	8.7221875
de8/16ff51c46b78a	2.749124948356566	5.5601875
de9/40269cf2a4fda	2.033025303779195	1.1053125
dea/7b27b4facd723	2.441524138548192	7.1911875
deb/dc7401739d648	3.0831527240188104	9.0899375
de8/8ac4b67e2f1ce	2.1557754854603837	11.141875
de9/613d20fbc10f8	2.9079540090035927	6.816375
dea/13ba9fad5e03f	3.1195324534926607	6.684625
deb/1b2bfd1140376	2.316431494481032	4.5863125
de8/dd408d437dce5	2.359553079393785	2.1350625
de9/5ef50d95b3790	3.219903483163428	14.95525
dea/1d6f512c8996a	2.5092839173567447	3.083
deb/d55f8dac49e91	3.2243649904411824	8.0610625
de8/0045085aba6e6	2.8823984930961735	3.46425
de9/376791fd01d62	3.136156330924497	11.619
dea/a0c23e1760c79	2.7641333626143516	4.10275
deb/a7735841b0458	3.0423272136982544	5.0830625
de8/15a5582f70761	3.3199597408332773	7.2621875
de9/d6bc2d329398b	2.662508465136392	1.586625
dea/e237ebd30f0d0	3.3150907345839977	12.3933125
deb/a25310fc7265c	1.4471609558177747	3.6296875
de8/2673277288f28	3.3153372898223235	8.1404375
de9/32d74dea60e49	2.707909011496083	1.393
dea/3da2b2a494df4	3.239799649191515	4.063125
deb/398f105052ebd	3.31795709275132	6.606
de8/6432da71f3b28	3.214452469854379	7.041875
de9/3a07959bbc449	3.420377830083176	4.5050625
dea/de38c9c2137c3	3.375209791885901	4.0945
deb/5394455032859	1.4143402689383577	1.657625
de8/32a529459bc79	2.463841032317011	3.32875
de9/5cabfb87ee3a4	3.141122243972229	4.4529375
dea/626d99aef1cc4	3.365915915686556	16.3738125
deb/21aa291d531a6	2.9641592878968335	10.3955
de8/8d810a9c48a31	3.090397169686973	11.3776875
de9/2907cb48b24ad	3.0882096290785745	1.946
dea/f2d2393e888e3	2.3789610922602002	4.393
deb/58672b4643378	2.6014205617647117	2.00475
de8/9cc8a7f26512e	3.393680387319361	15.7950625
de9/dfede7701b3a4	2.431554872033575	3.085375
dea/5bc8b68d2c264	2.516326633763708	4.85825
deb/b237e52834ce6	2.6950005099335113	11.540125
de8/78284a0e831bd	3.1146682487716584	5.854625
de9/33af0bdb68334	3.0303191718663167	9.5185625
dea/cb392266a38c0	2.0661154699035764	1.1046875
deb/1202d31e002e0	3.2372676209325055	5.7214375
de8/c8ea608a1fec6	2.589353294489339	2.16825
de9/1afd2db38c716	1.4062308151925476	2.808
dea/d73741c9ae1ad	3.418838432610573	11.5961875
deb/1f1cfabf10115	3.316356292484201	8.3789375
de8/a047636e7fc5a	3.114839470808353	9.42775
de9/7c88f5b4cfc21	3.223823885804385	7.181875
dea/82483749a9c5d	2.549618635236937	2.743125
deb/1ae0db8f96d95	3.1371192001128	1.53825
de8/1d726d078d1a9	2.974368389956865	3.594875
de9/83b7784056768	3.0026892793083233	5.7121875
dea/0dc20e12c6193	3.000730698282944	9.6038125
deb/2de77d04bd54a	2.951787619116495	3.73675
de8/9f503ee9cb49b	3.2646235167790096	14.9415
de9/6d775c5afdc58	3.436802978876826	15.77275
dea/1ae91537ea838	3.252585970327885	7.8094375
deb/2488bc711acda	3.044293001509158	4.374
de8/4580e28fb2595	3.1503012700068975	3.807875
de9/dcd4b635eb620	3.3456196873243833	5.7208125
dea/add7dc6433abc	3.0962674486478314	8.32375
deb/2e9c4251f0e5e	3.1436271751902223	4.4768125
de8/6152d5129c023	3.3331792553942785	11.2195625
de9/b187ac9328eaf	2.3153177947952437	7.1035
dea/1c1b70379bcab	3.133314110619326	9.27975
deb/38ac832372ab7	3.179092212472649	10.595875
de8/495c504507097	2.449199728936847	4.8159375
de9/4b6909b60b1f9	3.2593743509567568	12.4
dea/c76325d4c709c	1.933472057868908	2.86825
deb/9bd60db8ac0a5	2.600724921819753	4.068
de8/7939e3bb5869d	3.178672537587311	12.2943125
de9/6adc161a50447	3.0889255664688946	4.31375
dea/969c4a3a04ad1	3.216395252231949	5.5821875
deb/8c06a1c919cfb	2.2070720074346455	1.779125
de8/713c0ab1dc6bf	3.2388982687811283	11.0503125
de9/54016bdc344c9	2.6924992602915636	4.8255625
dea/63cc127f7a9dc	3.54084234247484	12.7885
deb/cfda2bdfee2ba	2.552322562353148	0.93325
de8/614efdcab3522	3.233123456674079	6.053875
de9/3294835e805ff	3.4621288880032464	12.370625
dea/897c2e54d49dd	2.373940985611646	2.2416875
deb/689786073baf9	3.1947659027281388	2.8361875
de8/5b68edb74c496	3.126543481628959	2.968125
de9/d8d89874f7a90	2.7384416290302673	3.474
dea/da0b5b2681c4c	2.9468991522435086	6.2959375
deb/9153a04765c74	3.223640845260267	6.2356875
de8/830b7e0ef6203	1.1755871520036034	3.232
de9/9cb0347f3c177	3.2599802493278625	4.2719375
dea/0494413e70af7	3.393452695905754	10.717
deb/2a866f6a70eea	3.1978101046929335	10.0076875
de8/fe411c0b8b882	2.5666913323911054	2.2595625
de9/7cfb882cf3a49	2.956734587381596	5.835625
dea/61ceede22e39b	2.107997954815093	2.441375
deb/6b5dc574542eb	2.031865094764533	1.0664375
de8/12666e67d1f2e	2.872328505712828	5.519375
de9/6d82c75da3605	3.0624295283741305	5.7955
dea/42e1ed90a2731	3.3192344722361744	10.6859375
deb/a085113599c9c	3.519353040792771	14.299375
de8/0d1507c54e9da	3.053176676379451	2.691625
de9/84943189a3c80	3.1007064482960955	3.7284375
dea/7768d1f7941bc	1.2889517090092588	1.184375
deb/024b0c01a8e5f	3.3397270482643804	6.2958125
de8/1887c5f01b51e	2.4753656289487322	1.741375
de9/67eacfe801111	2.974464028591559	3.751375
dea/fd590ce2e1a03	3.168618894817637	2.5390625
deb/2c5b109a8b782	2.0546391896437743	1.3395625
de8/63574c834a8de	3.3923589949126502	11.1398125
de9/4e447222136a8	2.157913128795296	1.325125
dea/68a5d186cf421	1.828260588806149	1.3851875
deb/43746f5214d9b	1.0698749867602948	1.874125
de8/6b53ea930b285	3.454363761228176	4.91875
de9/71a2b4190f927	3.2674644779487245	6.030125
dea/a53824dda2b1b	3.2875375799381987	4.048
deb/7dfec82342ee5	3.2817055160423245	3.91625
de8/5ef7e1ed6a34e	2.643921336299786	1.2969375
de9/a96249f7aa09a	1.7438843910640986	1.249375
dea/e802640bb335c	3.0245454572404094	8.9063125
deb/00ad5190cb40f	2.917392913480126	2.9798125
de8/b6e36da9fcab2	3.0570034561518855	7.1366875
de9/50c51645eff44	2.5693744463025148	0.9126875
dea/9f7921be5d6fe	2.7306277929777507	7.0551875
deb/6cb764ae6fb3c	3.1199241459803555	3.14275
de8/913e1aa1677ef	2.806166078139182	2.189
de9/1d206bb3cf2fd	3.176981022000023	10.6260625
dea/009e15a7b43d1	3.2016448479948996	2.902
deb/609f4a10b40f0	2.4380546168092554	1.921375
de8/ed0a930729e2d	2.2949331492793577	3.7155625
de9/bae0754a9be27	3.051085166181604	10.490875
dea/79338b42c0ed6	2.385996060333137	0.9125625
deb/6207c4585ae71	3.068134556326833	4.546375
de8/a1398d976d536	3.2221385147314408	8.58475
de9/c6c7292891eb2	3.1154243883522077	17.9486875
dea/9de3928d7c109	3.1321092720550103	3.2565625
deb/81fbb4537bc37	3.4235647327488574	4.1251875
de8/56b287d3f44db	3.0608538013578017	4.661375
de9/2e3c593974d99	3.082067351935229	5.877625
dea/0d733ddf39748	2.881597310855591	9.6685
deb/641a2f63db867	3.1953604779269718	7.452625
de8/e1a500f19f16d	3.0130124363455244	3.030125
de9/7c0c123a2c61c	2.7017002888480914	6.6699375
dea/b30f9231c6771	1.7207007760572706	1.206
deb/ddd22f508cb45	3.1903639414711975	4.9125
de8/d76e92ae47e0b	3.061302434119497	10.042
de9/26d53f78851e4	3.1077499298835787	9.069375
dea/1251a84dbb3d8	2.660348095763402	2.713875
deb/9fd99f64b1740	3.351422445780212	6.66
de8/51f42c9d5fddb	2.81088421090973	2.35225
de9/bc391e5531f74	2.7204868558010893	6.3829375
dea/799e2557f980e	3.179951284645419	5.5003125
deb/ba7a9c254d00d	2.8124109810432025	3.363625
de8/e2d51542fb86d	3.4199886302913556	10.393625
de9/b5605a05373af	2.903636988008764	5.1033125
dea/def7d9ac15f0f	3.0895018011086437	4.6513125
deb/0297913d252cc	2.6682093035440526	25.4255
de8/e8415bcfb2649	3.3501726666525307	7.0875
de9/6f4ddcf614f5a	2.530244672800235	1.586
dea/c9eb64b1796ff	2.319037946829051	11.382375
deb/c48c24bdbfe8d	2.0082829690920407	1.1685625
de8/30de6d068844a	2.8113452773324337	1.8794375
de9/6fd7583c3d5f6	3.328620023187047	6.6641875
dea/e648fd47c9909	2.4520888130819176	2.312125
deb/528385f7faaa8	3.158734972186091	2.519125
de8/948cc1fb1fa05	3.0091026134500365	7.061125
de9/bfede13bc8683	3.362708102062428	12.078875
dea/6e3f4d3bc207a	3.11511802269654	4.2359375
deb/75ddaa7271e26	1.5883301965070316	9.183125
de8/ffb9321f2fcb5	1.9690307876330138	1.056625
de9/f60623d728d56	2.9891659275011992	1.68225
dea/7262db5b47df3	2.5975610901307586	3.9460625
deb/ba2d9984417e2	2.583622894940837	2.113375
de8/2226735e51742	3.261381840872534	2.1398125
de9/f69ecf2fa50bf	2.7516067368807113	5.22075
dea/766ed35ac41b8	2.991377709504145	11.2375625
deb/baf3f740b50d7	3.122385617101157	2.499125
de8/752099d2bff27	1.3908366757106874	4.5681875
de9/1865b0611a099	2.990694241457583	2.0160625
dea/bf498bd5d772a	3.2557424449895294	17.423625
deb/eeaab928bcee3	2.183645688855977	1.8955
de8/cad4f7f76fa3f	2.8621436783701593	19.0238125
de9/7b4861ef1c46b	2.853518738226009	4.377625
dea/fd2a7d7855e07	3.118769785844597	3.495
deb/fc2fd9e948be7	2.9496952628373267	5.4243125
de8/0569ae5dd18c8	3.1509608847136494	7.4060625
de9/093acdad068d4	2.1602604637738927	1.148875
dea/d91c23d5242dc	2.672676095090904	6.5930625
deb/09edb1223fd37	3.3154558443521602	9.5133125
de8/842f5b3d4f139	3.3134123659734223	5.3780625
de9/c2dafdbd11b3b	3.4568817379569627	5.6603125
dea/686ec2b0a01b9	2.0333691856350593	6.3505625
deb/1fd4861d33bb6	3.2613317354603635	2.9036875
de8/e4916912579a7	3.1601616356000157	6.1424375
de9/f05df5f038e3f	3.1640117731600608	7.421375
dea/0c5fd97cc94e0	3.223304872783147	17.583625
deb/6d164ca951316	2.7111882114294215	7.79925
de8/c632932dba381	3.1579984731433193	3.144375
de9/145a4ce1f6897	2.367678343574031	5.6035625
dea/5dbcacaa502ea	3.0192288259094906	7.689
deb/65040ebf63a89	2.729806285684509	5.4616875
de8/29d6b5f63a227	3.197880489328197	3.169875
de9/25e8b70859678	2.8276281888707016	4.4688125
dea/34aa329d445f1	3.3482995244473805	6.602
deb/5c68ff1f84872	3.216397658207714	5.6595625
de8/8ca52a3b7ce9d	3.3677015683009683	6.9431875
de9/f768039e577f6	3.4684616424039656	6.9264375
dea/15e27dd39e5ac	2.659857609972169	1.3215625
deb/1b58c8e1de25b	3.0578075976912844	10.70925
de8/29b47f557392f	1.2116618574934157	2.86325
de9/09551d4204474	2.9950112615678055	4.7280625
dea/d40cd8bb385ae	2.9852726118370865	10.518875
deb/08cf4b4836370	3.023301150673676	2.2946875
de8/29a69dd01eee7	3.002739532516427	5.2908125
de9/67893e59462f7	3.175151362547355	10.247
dea/59765f74e725a	3.3093503129767723	6.6530625
deb/ac1012ac9318f	2.3707565974058182	2.2978125
de8/9ed55789490d2	1.8464567859169703	4.7058125
de9/15195389d795a	3.36656358296423	10.5706875
dea/f5c21c2bcb6f9	2.1330389922556527	2.13725
deb/fddec9b69d007	2.8716042751229756	1.8040625
de8/567d79e8338a9	3.212373397121806	17.0090625
de9/adea752649513	2.959522848709779	10.7293125
dea/1d8ab32d6f74c	2.9185962172268276	5.6929375
deb/98840dee3f075	1.5048474506077025	1.108625
de8/bdb0f8803272c	2.15398185663556	3.1994375
de9/db820b2b4cdde	2.7600639125019373	10.04225
dea/79661957dfb46	2.2309163673417918	3.79875
deb/2a019c988aa25	3.015268588000253	12.153875
de8/d3d4bb09cb52c	3.1657372381873623	4.229875
de9/74635ffea55f5	2.73051912316008	4.88125
dea/53ffdaac45df8	3.3458238412513843	10.0476875
deb/fe0ed67bc250e	3.31682262731747	12.2923125
de8/1d4e5b4af7c29	2.4122223552353694	5.0820625
de9/a4c48f40bd378	2.5714264318862967	2.15875
dea/4fdc9ea93311d	2.6486476799398284	2.7991875
deb/8c02a6c2f4547	3.105269749782796	6.9413125
de8/6e70b1e1155e4	1.9149003638607454	1.6900625
de9/8892d86303a1f	2.9566082653029695	6.3875625
dea/9cafe1b720616	2.8036015794725926	6.0079375
deb/1b43e763cbbf0	2.9805578814692932	6.0949375
de8/1dd2650184dca	2.270172436501125	4.0731875
de9/bc2b2700bdd14	1.3331871314123172	6.7486875
dea/76b36975a0651	3.059462800253817	6.5429375
deb/36865561cb9a3	2.618516008766716	7.71925
de8/182877b15748a	3.0435363788662717	4.7739375
de9/489bdc05a5f7f	3.1844674938614195	6.8961875
dea/32b358216d69d	3.0423610212557954	3.42375
deb/447f6a0299aef	2.6107165318814762	2.3080625
de8/282dd13104ed7	3.10428904757795	3.1751875
de9/e4ec7e15d9006	3.383305912142643	6.58825
dea/5cd306990562d	3.431967634739664	3.897
deb/31681024ae907	2.456104835412706	1.2489375
de8/d9b6fdbc0bb4f	3.2745752725301833	8.8704375
de9/67da1877e7af7	3.086656109509703	2.15975
dea/d087a40e4862d	2.7309814100378578	2.4751875
deb/6cdc7008a672f	2.693653746490474	2.29475
de8/ea5d05255179c	2.7490574982278697	2.499375
de9/05d85cabfdd87	2.313668852656412	2.4995625
dea/257363123c819	3.000666016028641	9.756625
deb/0093ee1b4c423	2.811487928893411	1.59575
de8/1a5a64d4e7018	2.989279765731332	8.76425
de9/3e121830cac59	2.952894750996003	16.95275
dea/95e6202bddc90	3.1483028510251163	2.8830625
deb/9e7f5342811f0	3.0052574182657423	3.3990625
de8/696d9b60831a7	1.4073034110563902	8.000625
de9/4c08c968715cb	2.7564823289213582	2.6671875
dea/b56aa2c1f13ad	2.667732253489537	8.914125
deb/3f07f9396346b	1.9266761083116062	2.4615
de8/c95d1aedb493c	1.3418719032365052	3.9230625
de9/e656526fec933	3.3417981367292278	10.526375
dea/e2dc1982ff2c5	2.994831151601748	2.4993125
deb/4cdf5157abecc	3.1689223795124244	6.6305
de8/41e969f961d0d	2.4944173187340875	7.4485
de9/6ff34c525935a	2.805355543790301	3.3985
dea/8a7ccdce2e5bb	2.9955514828103453	11.76725
deb/9c49b590e1fbd	2.689712386425097	10.5235
de8/e4541ffd55585	2.123492874094949	3.9611875
de9/87cd3dafdcb32	3.14732671781088	3.195125
dea/7b219a1581f44	2.612612891344417	7.29775
deb/87c113becbe62	3.2522960640957495	4.8049375
de8/b6ece79f9805a	1.1681943710899663	4.0569375
de9/583f051032826	2.4476721023399035	10.5696875
dea/69f7e94c984f2	3.1125055149522325	4.7304375
deb/a1c0d10087130	2.5534210912972055	1.8591875
de8/0c7a4681dc26e	3.049050842245004	2.8104375
de9/7c9bbaabd5bf1	2.343476236046954	9.0011875
dea/51210abb9992b	2.4769096184125146	3.0969375
deb/d65ff61d2ebbb	2.624132193509278	2.1031875
de8/47ce40959d240	2.0392759257860185	2.741875
de9/647937407e674	3.4564761293179234	8.3221875
dea/83d3db4bf1f8e	2.792916228363389	1.2889375
deb/e9a9e5c40abb3	3.513029806875453	20.592125
de8/f98d4e4ae0cc3	2.992691580742431	1.50275
de9/5e546fb45aba9	2.6488950851715014	2.787
dea/6cc28da7dda4f	2.714989806410506	2.576125
deb/4c69672b95d35	3.2969869375386622	7.324625
de8/29e93f7ea3326	2.1883465343929225	3.0143125
de9/75054a0a89678	1.5535573507537543	2.130125
dea/578cc20b54a6f	2.454392653441691	10.0046875
deb/03d57cbdcf075	3.033738710854263	7.4768125
de8/d31656da3e72d	2.1925568650626963	2.0855
de9/cfcd433eb36d9	1.0153137979959659	1.681875
dea/3ef7f2cb10dc2	1.592948043244482	2.4505
deb/77a38219d1685	2.7302503477200446	1.4815625
de8/fa4f07a2e454d	2.77120603282598	9.0053125
de9/be82bd496fbf1	3.503944638913092	6.4715625
dea/856719c52b9e7	3.2760873035360727	7.6034375
deb/62ead3b0b84d2	3.3106066634663103	5.5794375
de8/9126a18c497fa	3.3020937170463687	7.7635
de9/a6cd359fa8eb0	2.8372430278001044	5.2365625
dea/b463c40d65aee	3.015621768923946	2.1484375
deb/a227e6b3944ca	3.5562732772491983	7.7100625
de8/04db3f97d5b7d	3.411717787790228	12.5025
de9/1069233c7bb5a	3.058095838039813	4.3708125
dea/9f015d5c8f191	2.8576105771417146	4.4264375
deb/c2f66208e7ffa	3.1095164594098645	6.221625
de8/9e7516a6e348b	2.8395022105447647	1.79225
de9/78f861ad4938b	3.306664402409803	4.8624375
dea/f3f6b288b0e5b	2.140920153403829	4.22625
deb/6a5030938d963	2.3499085781235074	3.70225
de8/a604b8e43f67c	3.5382067278545075	10.2078125
de9/7d029ca5d336c	3.1616666845980803	10.744875
dea/982ba898eef85	1.4786660376154481	1.709
deb/daaed7e4ea810	3.182220599905592	12.2030625
de8/60bf0e81fb588	2.6006822321473373	6.1605
de9/b9990d7d0e253	3.278670725183345	7.7801875
dea/e6e342791df40	2.465696632470912	6.9725
deb/2ecb5758212f5	3.0078327121362407	1.9621875
de8/5ddf97f47ec2e	2.5715838475872594	5.9494375
de9/9ddf60dc31437	1.680524934301305	1.670875
dea/41feaf3dd4628	2.813198670949629	3.298
deb/3ba7efda07354	3.1196057218032136	10.29425
de8/4306f5b080e77	3.164572738142865	10.0699375
de9/2a9eae524ac2f	3.1379697230798533	4.057125
dea/e75a166204615	3.3860702830245373	8.0273125
deb/044469756a7c1	1.4314326698496185	2.0425625
de8/6568e091d277f	3.260316172924794	2.9018125
de9/a89c62c9b2087	2.589574327896722	1.6841875
dea/96244206c2de9	3.134499857347013	13.5150625
deb/1980fcba771e3	2.6168772418183384	5.0618125
de8/57e4dd9edcb3b	3.16800669298472	2.54575
de9/85b2a4f25f126	3.264547092932763	5.9330625
dea/acd2bc376c40a	3.078880602368648	3.554125
deb/6242e2864f60f	2.4887612349626282	4.4418125
de8/fa458bb1ae635	3.3721122807559163	10.0898125
de9/d1487eaaf6c8a	3.3498420276179646	8.4788125
dea/689d08afbbc27	3.440378527775192	12.3028125
deb/5c83c96c161b0	2.7911804349363885	8.7434375
de8/ab7b3993858d5	3.156414142627031	12.26875
de9/1905a39fce354	3.062849471459959	13.5505
dea/47d2e73a0f213	2.8088929242642284	6.3480625
deb/691c1336dfd7e	2.6823496224242684	11.826
de8/b3a258d772618	3.513342242705167	19.7159375
de9/7aba75bc39faf	3.2933498414759033	3.227125
dea/58db92ef9303b	2.7991025523272617	4.7681875
deb/4c3c1e20b70ee	2.300148714015809	2.3031875
de8/faa09df38c66b	2.2687785050273264	3.3156875
de9/759e376cdde67	3.0825849016623588	15.372875
dea/1d776b0b69e7e	2.2101524050736208	1.3514375
deb/1347097492a30	3.334538473781592	5.0128125
de8/6af3a1b1604d1	2.7563371160718084	10.3151875
de9/17e1385d2d9ce	2.835279707665121	2.721875
dea/c349323a1d7ed	1.2759136210319166	2.3769375
deb/9950dff500afd	1.2114491594283812	1.345125
de8/706edfe8359c6	2.6256225447135253	3.0838125
de9/e0f542f028f5b	3.2018605511280556	5.41125
dea/bf1f148580392	2.3995380679365903	1.2731875
deb/880636295cfc3	2.7992039529693344	5.283625
de8/5ddc5dfaef7e9	1.684210004685826	0.9820625
de9/954e768016b59	2.856464625564503	2.9928125
dea/af90101ecad35	2.8472372077332144	3.6235625
deb/f552c24b1df40	1.726930698043275	3.1241875
de8/d4cf9951dccbb	2.830013765404761	3.607375
de9/830e86a638141	2.8750962216027016	6.6738125
dea/b53b02c3e5ad5	2.606572791309529	5.6431875
deb/e5a45dc407732	3.394501331828821	8.750375
de8/171386f82080e	3.411897591278621	12.64425
de9/b3359625f541b	2.3298615639699083	1.5375
dea/9a4c5548bc270	2.5022822301435377	7.6126875
deb/79e9c9d23126e	2.9055065790334913	4.9228125
de8/565bb06957f95	3.2473498930162323	5.0324375
de9/a792205452eb3	3.397485394621384	2.369875
dea/7b4350a33fc7f	3.4616199781335317	8.4774375
deb/61c30892c0e8e	2.46994585212481	1.2016875
de8/8fe66c4bbce4b	3.249383625053476	9.54175
de9/a314cd02bd1d0	3.4160489230819455	16.92025
dea/2b2a528d75a64	2.6225429095649546	1.6013125
deb/b59708c2ccf24	3.3361227098238686	6.659
de8/3da0346f0b000	1.8562502872177291	4.6775
de9/d2d4e2a3f1256	2.9342595157921996	6.1909375
dea/e581f42ae5fe7	3.1696752689246255	4.1289375
deb/c3393f091533b	2.996948440635048	6.4189375
de8/ca47cf8ddb1c6	3.4176530262143454	8.66775
de9/affb8eaa9c322	2.330436820236585	3.167875
dea/114ebc6f04450	3.361816064747521	8.294875
deb/9e0294b9da9a9	3.1544985423332874	2.479875
de8/27ee9d3014056	3.41402028871556	7.5900625
de9/6cd8494129094	3.1384885834743153	14.4776875
dea/29e2a92ddca16	3.1946508724278377	7.9795625
deb/f8319166d139a	2.3543586457760903	1.10525
de8/710ea76f7f92e	3.381340301492827	2.75575
de9/9cdd59c9af0d4	2.5414391743164955	3.254625
dea/40e0c5b42f3fc	2.7825596589399124	5.4288125
deb/bde5fd4cc3b70	3.007160926883604	3.80175
de8/9e3954bf4dc17	3.402073786597871	8.2715
de9/32a692c9dfdf9	2.751849275877644	3.4240625
dea/26698df7ba379	3.2238956355980344	7.2598125
deb/29730b8b09741	2.141911085615893	2.1386875
de8/3013196c64ea2	1.485273124325003	4.4706875
de9/a756295d4db0c	3.080547399152396	1.29375
dea/6dc921b6c58bd	3.0618443801557067	3.55725
deb/a4ce68c2ff40c	3.2464074040101463	5.6685
de8/96e77b2262388	2.22171942948628	1.5385
de9/1c334e7edbbc3	3.1794193145228067	5.2788125
dea/6aa7b3708c6c7	1.5956060699264756	2.516625
deb/af951fc3c0238	3.3771307256093457	4.5518125
de8/8ababefe31ce5	2.463420467781969	2.2110625
de9/c7d95cb4e930a	2.4872880873244307	11.2504375
dea/b73860356a84f	1.9082805430409904	2.7065625
deb/e099a8837484c	3.1092849275568577	1.683
de8/098d471e097df	3.358026251053599	3.3578125
de9/00b2b57b23dc2	3.1410806070169524	2.218375
dea/222eefc6ebd37	1.191771032758512	2.6268125
deb/220c3345eaacd	3.279364244990781	6.3119375
de8/7fdc02c27f2e8	3.3103983798731575	4.28175
de9/7957d37e803cf	2.626835581623514	2.498625
dea/a112c8543be75	2.7898761824258367	6.7484375
deb/d28a68fd1001f	2.223538501461923	22.6181875
de8/fa25f4f779c62	2.49454926496065	2.2635625
de9/3a76cce27ff8d	2.835109437752613	2.066125
dea/53d64795cb2f3	3.4434599370198513	11.6093125
deb/05f126f7317f2	2.9440650544917717	9.7275
de8/b9a4ceb8141a5	3.2983932287105815	8.7679375
de9/2489169d471c5	2.295216027872626	3.7665
dea/481901af4d684	1.3116674368873618	5.095625
deb/3085dd61a4a82	3.274096532084099	4.746375
de8/3f6db1a493f68	1.9477570904931896	0.8411875
de9/245dc1a3c4c92	2.5548554149562226	3.2486875
dea/e216b34a08343	2.4398083839012115	2.49925
deb/3f8186b1923ff	3.371270770191168	8.579875
de8/36095bcb80f8b	2.814792708140195	10.505125
de9/664d537570ebc	3.3737952370467683	12.867625
dea/5b548664e38cf	3.4641313353556966	10.4755625
deb/1b2cbbf04979a	3.058712174540891	5.0256875
de8/b8bd1a1d6148e	2.201167545392767	4.9823125
de9/798c7f43a53eb	1.177719551417285	1.3850625
dea/aac40b38f92c2	2.8166579503597684	7.1014375
deb/1655ab2eb8da1	2.8388552368580724	4.971125
de8/63f62a881d89a	3.345533656895846	15.8495625
de9/1bcb1d224a0ee	3.3843292574851835	9.546875
dea/9773ec442ea02	2.750666578500722	1.3951875
deb/52237194d955f	1.9422738135327067	1.29975
de8/2607ed5904cbf	2.7161985188191986	11.65525
de9/83aaa3ed28b34	2.3855971221107444	8.836375
dea/2807f6722e7bb	3.0143802168338945	3.3465
deb/515c05ecb5a45	2.818347440888836	2.576375
de8/26b4908a9eb0f	3.3214750782139895	8.52475
de9/545c1f11acacd	1.9170702055399866	4.5375625
dea/f284246e2281a	1.0414822911864634	2.5511875
deb/8828e08d1cc2d	2.5712808233037667	2.3731875
de8/c68f0b992103a	1.5757055757545892	2.4664375
de9/9cca2b5658fbe	3.088825350634464	6.9941875
dea/e65002dc90dc0	2.985858298907266	2.40225
deb/54a32c051a9fd	3.1909935730787766	9.5713125
de8/8db859f3784bb	2.4588900234332387	2.8176875
de9/2abc5bc0c211b	1.1267139262734809	1.2014375
dea/5fb5ca8c44da3	2.4596497339038734	1.4986875
deb/9683d8611eb7c	2.564603591685513	1.9816875
de8/5e455427d1337	1.612428403225856	1.9705625
de9/4ab09589a100a	3.3628706818732415	5.3093125
dea/8d6f7e79a7b6a	2.791989816583672	2.4498125
deb/8aee99f8143d6	2.4017229390478603	6.5119375
de8/7441ce568dbcc	2.572827900681923	10.3231875
de9/7b914fceb9a64	3.0522530812217665	8.43775
dea/443fccdcd75b3	2.5585898848143747	2.7290625
deb/447ec1a9f0450	3.2716982798651317	2.9513125
de8/b4ab77c0399ba	2.4687965115478145	3.3596875
de9/e73b86ff0286f	3.1644860888483257	3.2709375
dea/517dc65347cc1	2.844984513534472	2.3095625
deb/d703afb02bd6f	1.0990971389012227	2.3665625
de8/dab5f46795caa	3.0396023314807032	7.9525625
de9/a32dd0f306e75	2.711365546298571	4.96075
dea/749b3c89df546	2.2087743286815043	1.441375
deb/f44563410c51e	3.358751906909174	6.461625
de8/cc0228736de9f	2.9561679745222875	10.754125
de9/f4947048b407a	2.445639540235052	9.4465625
dea/10e3f66acc2a4	3.200602383120705	5.5579375
deb/9c057b80d1de0	1.307684747047712	0.912625
de8/2eaee2fc35249	2.957396521806081	2.8175625
de9/55185d223f25e	3.3098356957144697	3.5125625
dea/3314a90c9e85d	2.814097712667811	6.0488125
deb/6ec44c05f2b9c	2.981149273716266	4.02875
de8/10b6a6b3e5534	2.0126396513790907	5.0304375
de9/f265a97205f9e	3.478016183357455	4.0738125
dea/410b139d3d239	2.7565242617966708	4.2524375
deb/a8555f0ce1445	3.3601658950277917	5.918
de8/d404f5791f086	2.7807660260562237	9.6715625
de9/dbe7789fa2266	2.8002401679450126	2.138375
dea/a885cf7484fbb	3.3062481018852123	3.6995625
deb/948e994e3dc97	2.948368144982732	4.912375
de8/6f1ac11fce751	2.6318978281675878	11.5806875
de9/926e10730ac84	3.045351311520008	9.445625
dea/a2d40457456eb	2.259588116163383	3.3333125
deb/6fb4a90be1407	2.7215895735336915	2.92725
de8/e746f19765f1c	2.7508367529243	3.305875
de9/f5b30f8860800	3.207795483649177	5.3670625
dea/dfe8c0d6b6555	1.9895369745853848	2.59475
deb/fafc0bcf9c156	2.8651838847501843	4.5375625
de8/578d7162187b5	2.2497649112363414	3.9054375
de9/15bf02a3982cb	2.9608560918784477	3.3223125
dea/0577f098b93bc	3.0763121230157595	1.4806875
deb/82e14933026dc	2.1262244859961976	2.468625
de8/12f88211c96fc	2.5165529240567714	4.3629375
de9/240a7832d6944	3.162183297585216	1.5903125
dea/546a1ef90564d	2.8572142069356383	3.6780625
deb/7331fb19e2b07	2.845140867596876	7.48225
de8/d22e6caf8d4ef	2.51678393887392	3.73575
de9/f899c376c18a7	3.2733091584259073	29.281
dea/9f6456e5a051f	2.9784416397960394	8.799125
deb/b88a4e92e4a0a	2.8892929234887887	5.9749375
de8/4867d709116f3	3.130074249453984	8.107
de9/23075ffdc898a	3.2645085810124965	12.2516875
dea/1c46841e46541	1.9480755238894192	2.6643125
deb/d3f9d5d0eacb9	3.1899288761085867	7.6645625
de8/65aa90cf1f452	1.6480612195552051	3.72025
de9/48bf355b8d54b	3.550817773583719	13.875625
dea/dfc9d672055a1	3.1167524787053136	3.7979375
deb/498d20dc45036	2.449179548903472	13.4435
de8/97528450b8e50	2.1923929920385405	7.6765
de9/7fdd69ed6fe64	2.86113827419615	9.223
dea/082d6aba21fd2	3.07676863064405	1.77925
deb/7bcad4f5f720f	3.2956110115131683	6.9368125
de8/1d4219e5a63bd	3.3519601011046936	10.369375
de9/a1ffc8a595fb5	2.329499306905869	1.992375
dea/f8fd7d29c02bb	2.885264888895309	6.1879375
deb/195e46d847b20	2.914185836856819	4.008875
de8/d2e765e725feb	2.6436161470141193	1.778625
de9/8699a16b2d873	2.804158853812904	3.8936875
dea/6fd1f1b2a247d	3.527017206329467	9.62975
deb/0af758a09ca65	3.5316092506749026	7.8445
de8/2c3531b18a387	3.1954539198436853	3.665
de9/80250f71024ba	2.1730467847300763	2.4583125
dea/c345e4568c34b	3.139865939123277	5.037625
deb/9856b0c733fce	3.364411452384342	14.5625
de8/2fc08d1debe93	3.396718542383106	13.728375
de9/66f833b12e639	2.655801324879442	3.8135625
dea/103dab680fe11	2.6865281415590743	3.5191875
deb/2816355ff2393	3.09374331929083	5.285125
de8/f39af2134922b	2.6971968762111795	2.0725625
de9/bd4a5b63f1484	2.983377820514001	6.81725
dea/a934bb273cf3e	3.373258811446792	4.16575
deb/8d78f02a4bf89	2.912697024078966	1.7215
de8/4b868cc0b2ea7	2.297237739919631	4.910125
de9/418dcd78f66c9	2.768536212868297	1.852125
dea/63706ee1113af	3.512367562438105	12.642
deb/ab974286d7f68	2.5060413316229564	3.9793125
de8/1d5cfec2804b8	2.772643457847247	1.2015
de9/c9a2260205c6f	2.783952800313276	4.351875
dea/b801533122a3a	3.3994963244433483	10.0935625
deb/2f087194786f1	2.81175098417754	8.581
de8/5359eac11f8e7	2.6802317398046327	11.2865625
de9/5434f017b8a31	2.313430496362721	1.3284375
dea/e34d46166f17f	1.7002435629403796	1.2985625
deb/313f430510515	3.191929984887029	11.3178125
de8/4f1c3d959a77e	3.25755168925209	6.7834375
de9/ea025e0ce2b19	2.6479591340724293	7.8789375
dea/1d0e90988d03c	3.1249509180074875	4.1401875
deb/06b6d03242fe5	2.3370310668809178	3.0676875
de8/51303135bafa4	2.0200907487382938	1.624
de9/d3ed789449811	2.972163336676082	4.061
dea/b779727ac785a	2.5402993784109387	2.213125
deb/bc9aae9c1734f	1.7985434490156949	0.9119375
de8/3031df67a4eb2	1.2056094524129253	3.463375
de9/a78e32aaf8a09	2.4139276635461995	11.0179375
dea/3c7baea2183d8	1.8859553491648235	1.5344375
deb/c1ecbbb5ed060	3.311435647698032	5.9525
de8/64d72183fe788	2.9783935535703523	5.382375
de9/d9caf10532ab5	2.463056201303855	1.152875
dea/a1f4666d2a617	2.8328788445976434	9.0116875
deb/1b149e61e046c	2.990529152734021	8.0058125
de8/e4d76e3a8215b	3.3153125055628476	6.98425
de9/188bff68214e4	2.6634182288699657	6.5443125
dea/8673acee5306c	2.6439485209733626	2.3505625
deb/af0a7131a2afe	2.231009659254908	2.3841875
de8/9f07f431a42fd	3.23563563774575	7.9605
de9/04bb269e40790	3.2610454005934515	4.969875
dea/5ab89e8c0872a	2.501513458665036	6.1185625
deb/2e7058e3f1972	1.9040366330029574	5.2963125
de8/b6e9056a4baac	2.3872675468533253	2.212
de9/e793c5a445dc4	3.220765498456403	3.960625
dea/eb4d26e20cb5a	3.0464418917804004	7.51925
deb/8d0d96f598a90	3.0405129235229262	2.6043125
de8/a4c44a37a90ad	3.2165070202830677	6.2713125
de9/ff5b654fc9ba4	2.758595263515683	9.580125
dea/4cb83bdd03759	2.2743538900578937	3.030625
deb/98b73e6f5569f	2.0852363501625475	3.20875
de8/2b52a1342e075	3.3491411095836185	6.2985
de9/d52bb44f4db79	2.8422138545667277	3.960875
dea/b4e626a7932a2	2.752292281512258	8.4915625
deb/ac1f4ee782abb	1.6324011195832462	0.9499375
de8/9af302a50965d	3.368434435602055	14.6228125
de9/acfae8ca6d161	3.113100289118833	16.7244375
dea/ba747afe1c5ad	2.1544154562106916	0.8413125
deb/5e0d07ba60571	2.7281859094826095	5.192625
de8/1d9306c60f4c7	2.8241628555169296	2.607625
de9/535b5b88ee673	1.591872568235274	0.831625
dea/2faf6f9c73e12	1.5552137515667335	5.5840625
deb/2a2d5e1001f36	2.831123393707891	7.225
de8/7251eae0a9877	2.046206026715631	1.1049375
de9/61a657c095e74	2.352869185384615	4.1456875
dea/ab3839d05a04e	2.604584548552534	2.7206875
deb/d55ef487683c1	3.3291336739970823	4.7406875
de8/299fe141476f9	3.007761533299582	12.958
de9/91c1efe8b5c6a	2.667540156752872	8.6236875
dea/62df1e5f7a31b	2.9305575707354508	9.9953125
deb/74aff9dab408f	3.426953764291215	9.804375
de8/234a2b99645b8	3.181675671028387	3.7053125
de9/15fded778950b	3.2667381938837194	5.0586875
dea/800eb65675f87	3.379971150276555	7.87775
deb/70ec2a4aaf3a6	2.150583655420746	4.539
de8/9fe143f87131d	1.6411325966013284	1.7775625
de9/53cbc880330b3	3.2527414778323323	5.2143125
dea/684e852467eb9	3.0168247296788198	2.9661875
deb/d183837e65be5	2.4356082143194144	2.16175
de8/d9e128fac05a4	3.1518885525986624	2.866875
de9/cf02f228f23d8	3.083217009625988	4.3914375
dea/636472f15f04c	2.2057522878673974	4.70875
deb/25a80503e6819	2.515002997750866	2.67975
de8/3cbc4d86c3fef	2.6562111901841323	5.6431875
de9/e96d168abf15e	3.2448799386760916	16.218375
dea/508d009abc0ef	2.701733768436711	8.3886875
deb/0e01e2f07a49c	2.3203737645305806	6.4120625
de8/aa3fc96e5ff02	2.916256089091217	2.6866875
de9/d89eaff66643d	2.9191429237999302	11.0465625
dea/97068406d9b96	2.8873583719746976	9.2134375
deb/330c31d0f061c	1.975572168722135	5.082
de8/dc089e3190e25	1.774904787776468	3.528625
de9/f0d64faaed48b	2.288379779087217	1.70325
dea/37e97b80fb15f	2.955741427026841	2.7005
deb/3eec66c508249	3.0891780266810667	3.843
de8/ed8c23c3b594e	2.916533378952448	9.719625
de9/ef63b3ae6c913	2.2482672662554344	6.398625
dea/56e004e7bda9c	2.430079423773139	7.63675
deb/f0f388963d53a	2.6212964394856457	1.3705
de8/ce7251bdde497	3.018135794238692	8.547875
de9/5bd36a8429702	3.3512285743936125	8.8040625
dea/7a81e3973d477	2.6274623915706403	1.201125
deb/762c60fa1766d	2.764621003342072	2.1531875
de8/a66d2c6ca9ee5	2.7600093607905944	5.4520625
de9/3795dd9f0c422	3.3190267547555776	7.527
dea/c1ab8d8bf80d2	1.7400298074449108	2.460625
deb/49ded607885c8	2.9435330720600676	7.04325
de8/b70ee74a07d10	3.199689593139396	4.2695625
de9/bcf257c158d1d	3.4090967002477197	8.034
dea/55abef49b5003	3.1463888524678616	13.02225
deb/031e0dcbb151f	3.1565183394001037	3.486
de8/9f508f8869e6c	3.2896712963450803	5.09875
de9/b7a72459b78d2	2.7986328191963294	6.5645625
dea/a3ab55a5e2fe4	3.436236369466458	8.621625
deb/27614be95ca91	2.071346441668721	2.468875
de8/ac8663070a6cc	2.4955063107275106	10.0246875
de9/53d4beea64fd3	3.1169370921460438	4.783
dea/aa51a4bd31305	3.369354517444825	4.1398125
deb/2aa06f98ad917	2.826480054904883	3.6611875
de8/5a71d7402a55d	3.241416884660146	6.5189375
de9/b1b333890691f	2.7409150195406786	2.5930625
dea/651214cbed6e2	2.9829106087803297	5.8015
deb/e28ad593f4b59	1.130887248683906	1.6580625
de8/97747b467eb8b	2.955455248267604	5.059875
de9/67a9f503047e2	2.6707319856838443	7.257
dea/b84aed37b85ef	2.1974479470171504	0.8163125
deb/b5a5cce19ce55	1.1257858009203368	1.732
de8/da08e2a680ab8	3.44201572212828	10.8510625
de9/da4a2963f735c	2.482149440412182	2.207
dea/7b32744608602	2.4238544826937547	2.6581875
deb/ded859f213c15	1.8293985513180984	2.9829375
de8/033d18ab9fd29	3.083633189880771	4.431125
de9/828e55f7d107e	2.636655889237029	4.6673125
dea/7ed00961df95e	2.2774293984602534	3.3465625
deb/35d72e7872fd0	3.392693654182949	12.4856875
de8/9e03f177acde3	3.1524371708087853	18.2816875
de9/8e709034032eb	3.3931839258497503	3.3226875
dea/f66f2d26a4816	2.8243266238347253	4.0891875
deb/283cd3678d994	3.2473814306206252	12.78075
de8/ae8d7a1577c65	1.4941364094647287	4.109625
de9/2f1a34c8fcc94	3.3642661501221	7.407375
dea/00e581508a1a7	2.5517892682311873	7.2069375
deb/bd651a9e1507f	2.6251720112426784	4.5880625
de8/a40720751c7b9	3.0876071784733274	5.726125
de9/67f5bd34d68bd	3.327907535616991	10.1098125
dea/cdea435cc5e46	2.7933914541171516	3.6521875
deb/d4981ae3b075f	2.0696453975709646	4.7895625
de8/43a2a8ffffd06	3.328587270997751	4.2868125
de9/9032ede019ccf	3.3343698931432084	5.401375
dea/4f9b52c38c291	2.3797234589655387	11.3294375
deb/90807c0140a68	1.9525008686249528	6.5869375
de8/ba343a7883794	2.955678724298863	7.958375
de9/6ba5ffc422d40	3.0717606263945503	13.044875
dea/1c9ccb533631d	2.3450215095190847	3.014125
deb/1d31639dd2049	2.9742497367662777	3.747875
de8/ada7a068fe523	3.2905061137249554	9.8283125
de9/98c03608e3f9c	2.908743232380106	2.32125
dea/a952dac93058e	2.7681967732805735	2.343625
deb/b3d41d7d12f31	2.1089650528337796	2.7955625
de8/78bb98ddfe556	2.5763918578647838	5.2053125
de9/9e1d6000c0362	2.7614545093544343	10.5065
dea/033c17742b733	2.100092307979757	5.1139375
deb/f18e97542321e	2.9285935385637423	3.5366875
de8/219bf01595599	3.2764188807509513	3.885625
de9/87056fcdf280c	2.884344230014675	12.300875
dea/0adc55364c8be	3.05475314175185	4.246
deb/0f4ee255b1134	2.0595417668883345	2.2859375
de8/36db56509fb4c	2.6781632403265774	1.1548125
de9/625a47b71847c	2.38666018757498	1.9373125
dea/bab275db9644f	2.4055631052441813	3.6744375
deb/11b68251bed75	2.905201568415285	9.903125
de8/5a2ae3d493abd	2.2994430093628386	5.5553125
de9/0a302868d4c4f	3.349589841128026	17.5340625
dea/6bdd67ed64f3b	2.0105884032053116	0.9605
deb/e328aa106240a	3.1200212387933415	4.1446875
de8/7ef55e6835924	3.542744496994469	14.736
de9/0d79ccb34fe2e	1.1102645748157465	1.3583125
dea/b707f8dbd3e49	2.9746859748211025	4.722125
deb/a100ffbf8bb47	3.4651591827422235	7.983375
de8/e8785f729662f	3.373159669756678	7.509875
de9/e0922594e300a	3.4248267323966752	16.98425
dea/41d7154d53015	2.4845333307053212	3.9608125
deb/17f71880b30c7	3.2855339012553055	4.0668125
de8/b7637288cc5ab	3.294642802606255	3.60875
de9/a7a6edd705c36	3.2300109828984103	3.3985
dea/ec1812a17c824	2.6620756665933127	1.2491875
deb/f1755b4a3482c	2.358590008874217	2.6314375
de8/b13d8457f4ab5	2.37386748414594	3.1410625
de9/c5b1344d83821	3.262710837760717	4.51075
dea/334c2a0eff788	2.5431866921125477	3.3519375
deb/0151d1c45c841	2.7395643128278464	8.11
de8/7fd7a34c78b77	3.242285964687516	13.4763125
de9/d0f117bfe0fd4	2.1322938602164943	1.5385625
dea/4466b85d18b80	2.707019951081169	2.590125
deb/524dd93c51428	3.0779740966024667	3.518
de8/4062f2e91eaf8	1.9907278525797274	0.7201875
de9/927ee96a058c0	3.3366691979640106	14.7178125
dea/818b5f4ce8147	2.6165349966018083	8.48525
deb/8d54b18ec724e	3.3280575514560726	2.9133125
de8/1fa4246106d34	3.3875923632770535	4.33775
de9/d7e300593dce9	3.32222993054943	5.2795
dea/d1144947337b7	3.3519864128857617	9.7996875
deb/a61260892c436	2.736550826314707	3.99875
de8/ebaed8a3a8f48	1.5473062877849626	1.2215625
de9/3952b3e113050	2.8729388088548724	3.2876875
dea/79ff2120e5e9e	2.999637478540022	3.55875
deb/a82bb2e5093a7	3.0457258205826343	13.195625
de8/d5d27cdc6cf24	3.1263951477813126	3.5794375
de9/b45630cf01102	2.375904255849023	8.8215
dea/0c4f10feb2c39	2.990554036444437	4.7261875
deb/80fb711722bce	1.212922593849772	3.0765
de8/5c30e177ee1cd	3.0815831212854903	5.82425
de9/0b32bbd007cd8	3.0513688553997644	2.6930625
dea/1c0eeb42f22aa	3.216667040826979	4.29325
deb/890ee6e7e149f	3.1862914310566435	4.5165625
de8/3e559109b029b	1.9946414439329314	1.1050625
de9/61ef4360e38f0	3.3311303512341546	5.832625
dea/18bfb4c4faa81	3.468558370841555	8.2791875
deb/5f1d8e5d4a98c	2.277143736375386	3.6863125
de8/4eaac74f87405	2.2908220784975377	5.51025
de9/4c75c8dc8da1e	3.290987974434803	8.4280625
dea/fdfff787c7dd1	2.8685718456089475	5.8229375
deb/5a46c63653b62	3.3171866290154646	5.237625
de8/36560b20688e7	2.84536967242302	6.6871875
de9/c2f7b82d7277b	2.3989845497236826	2.4069375
dea/8ebcc119fad39	1.1052756733858204	3.098125
deb/a11e69e2dd0a9	1.2763647773635702	1.9841875
de8/2bd77ca4e075e	3.4790014192590113	5.412875
de9/e79a91e462ddf	1.9922993169858163	1.4244375
dea/fe875b235d8dd	1.4589888894037677	1.0205625
deb/6fa7fdb724f4b	2.8304469876412903	5.3304375
de8/63ac456b71fcc	2.6275754081940343	2.845125
de9/176ed9868a73b	2.858010822415826	3.910125
dea/691789bcca53e	3.082537853942406	2.735625
deb/8bdd1bafe7c6d	2.88797950416799	3.8731875
de8/bf5ac11b8e3f3	2.6779917816843195	8.6739375
de9/8654d4abfe486	3.374133317162084	2.8960625
dea/5fbc6eb639507	3.344998101965366	5.210625
deb/8028a7885ec40	3.3553443373496994	3.1694375
de8/d58f124457074	2.7322684015512104	2.984125
de9/be65d6f0096fc	3.2230496950657863	10.0654375
dea/cc332541f87cf	2.1840719733637686	11.821875
deb/7585865b3406a	2.8115680160865697	4.5298125
de8/ae9e6b3029da4	3.0529209436065132	8.379875
de9/4773a43ccd1b0	3.3453563139938645	7.7948125
dea/fd9709c183299	3.1614436227057654	1.8438125
deb/d78f0427ebef3	2.047840752058818	2.2995
de8/2072ced329b0f	3.3653916163592528	5.8194375
de9/9273642390106	3.5200497657368275	14.07825
dea/74ee6bd2adebf	2.835784673920445	1.9253125
deb/baad39240e029	2.9593457477871277	2.5775
de8/596e269499006	3.0444814054702287	8.7584375
de9/b32a701d94c63	3.159333195552289	9.8253125
dea/e54bd02077d4b	3.2038432347861336	4.4164375
deb/f885edf1b48ea	2.7086392146821714	14.0998125
de8/98e3390b4523e	2.78260986158266	3.22325
de9/670a5d37bd0c2	2.5331923679946646	3.832
dea/69cc62124bc06	3.3123866304863645	7.1740625
deb/c571887aca320	2.6638037414860256	7.7488125
de8/8a61f6f5925bf	3.262769716144236	1.2888125
de9/19aaa4e80bc8e	2.6847049614130976	5.1269375
dea/156d9906b2027	3.0702013503785954	8.034875
deb/c8e729c216e4f	1.9750765192297866	2.21025
de8/5bfb520717346	1.100334977744019	0.8653125
de9/e5e432b12cfe4	2.7623600163314412	5.1151875
dea/2bda9534fd3a1	3.520573830425801	9.5873125
deb/326283bc21b95	3.2516322726350695	4.857125
de8/47aade0bf2b38	3.1917925222361507	3.59275
de9/e7815b09513e7	2.479905423744482	5.2748125
dea/91eadcaa81f1a	2.2599384945217476	3.0285625
deb/1b3dc7abfc790	3.038748040919537	4.59025
de8/04bd26f5dc296	2.036866711164692	0.7683125
de9/4eeb7e9dd2148	2.733066306467067	5.819375
dea/f8d61510603dc	3.4026507869318086	15.4221875
deb/06cc7d4f83588	3.2024584196972867	5.6355625
de8/169606be2edd5	2.3438893351055703	5.305125
de9/80840d204f9f8	3.0246948570136793	2.3385625
dea/2669ca258d853	2.9877332394898035	10.272625
deb/673fce3d1e914	1.603882782739546	7.42225
de8/ac4b2d95299fd	3.3769287593579707	5.1219375
de9/7fec6a4c295e7	2.9590012137637496	9.606875
dea/b9faa384d65d6	3.180004609824427	3.3438125
deb/68b687dbb06fe	2.567509025422514	2.8551875
de8/64c454a4e28ee	3.4409178784285825	5.071625
de9/fad9e92428c7b	1.074468697075619	3.98625
dea/1824d3f008cdf	2.7406462445837794	7.9919375
deb/da3d04533f882	2.895775802096341	8.2575
de8/aefa0ce1e4d75	1.916046642037828	1.4001875
de9/95ba685e4ec7d	1.2052448416166501	4.06625
dea/e75658f6e4687	2.945846481929169	5.48675
deb/9a28482914e60	2.7770104760303975	15.2381875
de8/a8e24374e543c	2.7779455310448617	3.9791875
de9/f37028116eba2	2.3886201690388047	6.6783125
dea/3e82354b81c5c	2.9502143346548886	15.7155625
deb/b0a453bbb3480	2.699028034771097	2.8415625
de8/2d2d2f6980070	2.8756738636250603	5.088625
de9/56d6170c84281	2.467231956520377	2.633375
dea/96326a055fd62	3.31386938900719	2.8456875
deb/24012a72eb86a	3.3954836300351405	1.5056875
de8/37303759ea24b	3.351834329870757	4.2435625
de9/603509a83b845	3.4555120393989873	7.2168125
dea/d93ef4614edac	1.486891157042826	1.223
deb/dd9226446f836	3.3373268254729256	6.926125
de8/49c40e1dd2827	2.6601309829325124	2.3350625
de9/5ca0bae078171	2.9720285823744788	4.7531875
dea/21f012886bcdd	3.1788550836060283	9.199
deb/98166cac47b54	1.3205656254076372	4.0325625
de8/942e40e4a6f1d	2.8021468022102924	1.8545625
de9/6317b31abf7fd	3.096759157477165	8.4641875
dea/f057b86c0b035	3.483894907000904	6.9891875
deb/557fa481e305e	2.9794479880803024	10.052625
de8/7ac6a29a680ce	1.1056386908767064	3.65775
de9/aaa1aaadb6df4	3.221128321186215	6.4419375
dea/5df590c510475	1.74301385725183	5.740625
deb/46211e750f665	2.9653239789551784	10.3345
de8/ef5fb994860c0	1.4979340447112244	1.8253125
de9/ab3679c0430c2	2.2641422927553485	1.667625
dea/2f9249f351a03	3.2154825879555915	4.5884375
deb/e2f09d521ea87	2.535797758767534	4.8100625
de8/a2a434d7edec6	2.399287423131279	2.6625
de9/207dc1b30272b	2.9753981523956377	3.1850625
dea/79766d3380940	3.305229089282446	15.7553125
deb/864b8283f5ec6	3.3015661619943173	9.3336875
de8/7120a8997a5ad	3.0266359646793464	6.792375
de9/0410dc16da7ef	2.7661119960086578	2.548
dea/28346acf3a9e8	3.422993623262958	9.4074375
deb/bca4f40577dd2	3.0652949148155155	4.8656875
de8/5a1c21115921d	2.474325294435703	1.4416875
de9/685ccc428f69f	2.647996994063489	4.0200625
dea/83af662280542	3.528578557571849	4.605875
deb/601eab9c2125c	2.644637546886239	4.936625
de8/7d340f902e14d	3.0292401946639407	5.351375
de9/a7afd75e64f72	2.7463048533606633	6.6170625
dea/b0f8f114768c8	3.4928579594695934	24.4355625
deb/db235d0ea674b	2.7701613652623918	11.7691875
de8/d8dc075a3f4b0	3.2070473349517283	10.824375
de9/fc3315975544a	1.9533833063099344	6.0453125
dea/a1304fc7247ce	3.0838475425303997	1.4255625
deb/532e7233159b2	2.918078485186607	3.0575
de8/ba37f6614d693	2.87083484285955	7.3571875
de9/28216c69f01a0	2.117527112069529	3.511875
dea/b35f443cb1a66	2.756208720918899	6.1315625
deb/406598b502a01	3.1015005773940327	22.4693125
de8/8845090803377	2.650807283135419	4.1021875
de9/2dd091bf9c8ae	1.7882777797625897	6.123125
dea/4700db4abebbe	2.6695454978351316	1.200125
deb/494d8d0c02f36	1.1913074414964713	1.82675
de8/e1d17daf5b876	2.66184285591051	2.04
de9/c3bd90bd380b1	2.5453090553353874	5.93675
dea/12ee2bb4dfe40	2.717371255303322	3.8969375
deb/6edced0297324	2.496697283216994	2.3233125
de8/1d105457ceecc	2.6992204946438516	3.2975
de9/0e3903a15df29	2.8984645840178676	5.0441875
dea/5e24d45455b2e	3.3820958068165816	4.8790625
deb/d7339d2a203ad	2.990883950852595	8.66025
de8/88aae670a30bb	2.6885489671234377	1.0085625
de9/303fc7d832e29	2.1040033839530463	5.380375
dea/47530651dba11	1.3718160828187005	1.248875
deb/794f292134aaf	3.121971115439687	2.2351875
de8/75065efb156a6	2.683149648435209	1.85
de9/63696d6aaba3d	3.249116459731021	4.3735
dea/e5d3096cb13e0	2.3245560335886464	5.2645
deb/783b4e1f9f9fe	2.9218097954160798	11.1574375
de8/2e8298122d95b	2.182099761461924	3.22025
de9/4be5c7deecbcc	3.026185620884799	1.633625
dea/a0f548daff223	2.8916536024528785	1.716
deb/935e3a7bc93ef	2.3485578365556186	1.8765
de8/350060478cb5e	2.562099888286626	6.682625
de9/d3e48044b433f	3.189445805417597	4.62525
dea/10c5d2036d727	2.83538573449922	9.58975
deb/f358654c72097	2.4272142488494812	4.43475
de8/b5129e9c5588e	1.4843812521936273	2.5795625
de9/e3496137ec076	1.1301495906765942	1.3868125
dea/182101534e0f0	2.77904847214632	7.9710625
deb/0f5c987f880d6	1.9006298513667772	1.297875
de8/ed371aee93a0b	3.286849156722715	3.8028125
de9/61dc36233f852	3.4511771445864894	9.323375
dea/0629d0afa1075	3.089907067863684	3.836875
deb/56f4622d51cd4	2.606718398158995	1.529625
de8/71727a2a0ec47	3.19166846733983	5.8155
de9/b61cf9d3310bf	3.0188940605276193	2.0350625
dea/689408895e0e9	1.9984228680173508	1.829375
deb/bd6d5090a2923	1.9509499021937622	9.3301875
de8/0b15bbbf8b08b	3.377974715411825	2.976
de9/c995c0b39d1b4	3.227646951044032	13.4308125
dea/9ec473a9a26f6	2.6165163361385964	3.0046875
deb/b9fc4def50637	2.529672804815297	6.3193125
de8/a7aa9d165bab7	2.988532876203523	11.2910625
de9/ca45f4a7dac4d	3.3211012704403617	12.7345
dea/04d81df1c0b1b	3.189453453324707	4.421125
deb/39464d18ddc75	1.2185405021463147	4.4895625
de8/03e06e672174e	2.8837852927155465	4.125375
de9/1ecd914fec20c	3.3708213658342387	3.9039375
dea/6ffca87b2d137	3.0900521230716076	8.2049375
deb/be6e9e58f91ee	3.4018703393170706	4.777
de8/77b370ade75b7	3.1692151738513346	18.5855
de9/57b5e8823d30c	3.163104997305304	8.2899375
dea/8b53e30bf7ff2	3.327480895018069	2.4031875
deb/a9fad7e52d911	2.5628774625977044	8.837875
de8/91eeb8419baf0	2.889346841485925	1.7861875
de9/d4888a2fdb317	3.337949363904164	7.4223125
dea/d7b039b989a65	1.983634055235866	0.8890625
deb/87fcd39057962	2.9439046394037818	8.0646875
de8/b0eb2d129f93d	3.2945484203830335	10.906375
de9/99c04d01e6f6a	2.3393107932288824	8.9104375
dea/213b949efea58	3.424864090746406	9.5820625
deb/8774e48afcd44	2.7965553377508243	9.973875
de8/edb7f7bb2932d	3.056910576325629	1.5373125
de9/779e9b0dc8f26	2.853226567513046	6.1456875
dea/70a9a0353c223	2.9343357924747906	3.4008125
deb/48706936b4abc	2.565063603875496	9.16
de8/600b8d30f2486	3.0442086459862017	3.4110625
de9/7383b626798de	3.1063265821804307	4.058
dea/aaaaa4fa1fd66	2.886373231208066	2.069625
deb/87d754f7379ea	3.446593902240673	5.3070625
de8/132a6cc3c871b	3.3076320434715587	4.7675625
de9/feae6b9504de3	2.189050114829543	1.045625
dea/60006c0f3c8c3	3.1162229398084347	14.145625
deb/d00d36ab28ded	3.1320157493108054	13.4184375
de8/730160b60c235	2.9654326726669082	0.96625
de9/ddfd8794ab914	3.4131530837729165	17.23575
dea/ee79fca4307a7	2.305553796837893	6.22175
deb/5070670d10908	1.8251985064095886	4.0496875
de8/097e909cadd91	3.528711197006629	13.2163125
de9/3216f8b85c297	2.5253483562752947	6.428875
dea/1e489ade75aa9	3.2608697231317882	1.82725
deb/da1fcc1cc9735	3.3101982131104153	6.5209375
de8/ab455607f8be3	3.0367621258673805	8.3820625
de9/409a68dda9d63	3.384547561198236	7.7305625
dea/5d57f13f20128	2.5497553036360325	1.057125
deb/7b551bf9e7b38	3.1595615652741764	12.9670625
de8/dc33d47aa4b03	3.230827277897784	7.5885625
de9/a5a9abd4cdf6b	1.9945707926742493	2.920875
dea/553f358e44a70	3.408897018390083	10.6439375
deb/78fcbceaaa0b7	3.1757007136208486	6.135
de8/a5eca043548be	3.2346846599027006	6.568125
de9/4b7e9f216c01b	1.2410102009713404	1.0339375
dea/60d11a6597412	2.184738017010896	2.8675
deb/1128404ff6dca	3.447446864789607	13.7044375
de8/e160fea437eb5	1.3794803921549421	1.5371875
de9/0a5ab0e32d98a	3.219471604193202	13.6500625
dea/772a5445ac8ad	3.428973900769552	9.3064375
deb/b74daeefe547c	2.7382827499728326	2.5391875
de8/333928f877341	3.3923330470222957	9.368125
de9/d0eacd5cb0a20	3.212820202626523	2.634625
dea/b68c44f147fbb	2.5747409418564726	8.5188125
deb/942964d2c5de4	2.523140856050881	9.5910625
de8/3347fb288572c	2.555184713002432	11.09875
de9/9beef6cea5c23	3.213259721187594	3.723875
dea/992969abacf96	3.0599261750684787	2.8200625
deb/f8546ccba68e9	2.6363804202474133	8.6464375
de8/33d3a9d29bf8e	1.2440731538771723	1.1775625
de9/ba542caca0983	2.832269548862607	2.6910625
dea/18f2e68ce6183	2.7662838681729953	7.0486875
deb/00f350eebcfc7	3.349057646745914	6.37825
de8/9c08db46bba9a	1.3429389369435623	1.7578125
de9/78e7625ca0dc8	2.105076007586037	1.4410625
dea/4c4352cc0d072	3.0827498298115743	5.0800625
deb/8b2ccf09ad6b4	3.3846886916595023	8.76025
de8/b9c6436738a39	2.3622246064307952	4.98775
de9/a274f445208a7	3.180817182662357	2.16125
dea/26ce9d6edf608	2.7852428761902277	11.6059375
deb/d02e64304ecdb	2.1290205248371854	5.8653125
de8/6b2d264ac92eb	2.8343327645314482	4.7781875
de9/4b82b3ced31c8	3.1355449939192797	5.5590625
dea/4a4501e94791f	1.3794071996010415	3.441375
deb/ab0dc260cf3fb	3.1377435485154304	7.754625
de8/817ac8f27d498	2.9036333060969013	19.0398125
de9/a4898f7e39cb3	2.58281937680058	3.6040625
dea/40972d1586e4c	3.0190501452717897	7.60775
deb/c88d58773ddc3	2.6862815138798624	5.3035625
de8/b4ee44d000371	2.228902032487766	4.757125
de9/abff3f3563cbe	2.5618136660586117	1.4895
dea/261cc5b001efc	1.9436354510890552	1.53725
deb/161cb57968616	2.0012846556905943	1.87425
de8/fb53e5eb35214	3.095574452487332	5.8328125
de9/2d291d7834015	1.843864913748926	1.5624375
dea/a6a26b69ce933	2.42380514462183	2.3224375
deb/3a7817ef810e2	3.244809151655745	7.2011875
de8/d33d069c696b1	3.0463317446481977	2.4081875
de9/6d6cb097f5c99	2.5694616576218285	2.925125
dea/ad727f0ad32c9	1.1687212706253467	1.1824375
deb/a035302f43510	2.48977805193741	4.6943125
de8/2dfb5b36c9260	2.8890231209031225	3.7203125
de9/b42718e830ced	2.8772996480518658	9.392625
dea/766ea4a47aad7	1.8805915805434006	4.8563125
deb/1a0d85946737d	2.0012920838391492	3.620125
de8/f7bbb05bcfcac	2.7241201591089146	6.775125
de9/8271294e1bb77	1.0998728335656756	1.4145625
dea/963fd70bc511f	1.2376128681667375	1.696
deb/69d9e8efaa75c	3.0684916493244296	8.289375
de8/b7d648edfc6bf	2.6456278103890774	4.0976875
de9/c394c6599e75c	2.5775803868732834	1.243375
dea/9012fa56a4147	2.975911437446648	8.0681875
deb/134e4c8cf9672	2.732036882346999	7.454
de8/3a8982c8f695f	3.4393624536569685	6.7643125
de9/67fd240d14838	2.1799367151957236	2.7674375
dea/5cc3ea22beb10	3.0492662367961882	5.0509375
deb/3010125c9aa48	1.1083540705792951	1.36125
de8/50c30fa07b59f	3.1436403424266137	5.733875
de9/eab19df6693a7	2.5125469535902036	4.0920625
dea/f202ab650c42e	2.1530449661129265	1.5470625
deb/afd637a5111f7	2.6158350442044505	3.7035625
de8/e98016fb999ae	3.392901829115477	13.108375
de9/1919bf80a42e3	3.3575311004237562	2.9041875
dea/0b8793e0ad185	1.8598178270455006	2.243875
deb/9e08f19b9b1fb	2.4629115626183635	2.2163125
de8/5addf04c33642	3.01871080494708	7.63375
de9/1501982c2f431	3.475127456885622	7.271875
dea/a3e718aa9f6e0	3.407750404564541	8.8003125
deb/0bd96268ddb6d	3.4286218327556672	5.0909375
de8/d8f32d0e3d632	2.3618001453927504	4.2413125
de9/059c436a70f73	2.5819971966751014	4.609875
dea/85708e6c1079e	3.4024872370419423	8.4976875
deb/3d82da77b0ae6	2.4613542544519875	4.609625
de8/5afee10909f41	3.2361359657136495	3.4095625
de9/b27189296379d	2.844677451681922	10.7023125
dea/e473a392e955f	3.2803842311410256	4.38725
deb/ee7b8c85c50b5	3.376078651208949	8.33725
de8/e3e06aa02918f	2.7966226118969786	3.525125
de9/464089bb1635a	1.7542796834157262	1.34525
dea/6744c346fec74	3.021398555353243	4.7018125
deb/59902f7d99e92	3.38059536522846	6.432375
de8/4e283e0867c47	2.2719084240432053	3.6405625
de9/d60a33ab996e7	3.0977803501580126	3.83575
dea/d28b1c2ad4cef	1.0928170318467727	1.29825
deb/6d2e2fc0c712e	2.286422079523986	2.3844375
de8/e8322609c0e8f	2.681943223358604	9.331125
de9/5e940fdb5da7d	3.340449256063233	2.853
dea/3a343acb3878f	3.246732045823516	6.346375
deb/c328a3a4818da	3.0011054623647855	4.9583125
de8/78c6e17b9c2e6	2.8203349969533096	2.7971875
de9/97beec9e70947	3.1110227484946544	5.866125
dea/f6af19ea04bee	2.005939990633684	2.787875
deb/a87c8c6f7cde8	3.3178801122162365	26.3171875
de8/01f545961bed0	2.414240599475374	3.08025
de9/610d52df66c90	2.4666244500562575	2.7351875
dea/cda3110cc4a29	3.0794375720539717	5.9199375
deb/6cd9a40f0787a	2.677788516972179	1.1290625
de8/d4ef071bbf46a	3.445015450879533	9.171
de9/d32002e2937e5	3.2358821664988215	8.0988125
dea/649ca4d9ce471	2.1316108272676035	1.681875
deb/83f0fc73b0406	2.474326532798172	3.1520625
de8/82c7d831e0e14	2.658769467105932	5.776
de9/eaa0740aaf405	3.2757747924003704	4.3363125
dea/ee1bccff880f4	3.3780690006293432	8.88525
deb/2c784818ad0da	3.195175666398174	4.5146875
de8/13d4c67983f4d	1.534852817574071	0.720125
de9/ae230811c551e	3.4034704205900113	5.542
dea/5b6812f83ad86	2.801195639130688	5.681
deb/b0df33a730ea6	3.2677123274426507	2.6730625
de8/684a9208cdb15	3.6035196108374943	10.9660625
de9/058d23bb24b6d	3.0055517971536885	5.5790625
dea/988914fad359d	2.38152723467948	8.0518125
deb/08d056d71246a	1.85947527791286	2.0165625
de8/790a15a89c974	1.7606407303760476	1.3893125
de9/b5dc95417da5a	2.7128019275939366	5.99575
dea/7cf5718008127	2.57675364166843	2.8471875
deb/b08143d8012e4	3.4057023505303827	8.907625
de8/921c823f5db64	3.350007813489568	13.861625
de9/1a046008278e3	3.3636283251944574	12.4316875
dea/8a6cadf138d1e	3.1827995088098926	11.66325
deb/e6457adfb7db2	2.837941591819199	8.06775
de8/8e6dfbb5114e4	2.791890873751952	2.7949375
de9/8233fd5ae873a	2.314858092143146	8.0258125
dea/76da391cfad3e	2.3517241026067013	3.3885625
deb/49f8770f3ec7e	3.0697186263428025	14.7228125
de8/bcb032aa5a0eb	1.8917222219518075	3.349625
de9/e3c24c2692805	3.17414434281584	2.646
dea/2bc190b81f0ac	1.447658411064906	1.25525
deb/b5a4e2c29b93a	3.101805093723269	2.1855
de8/665807c545881	2.094555134075776	7.3581875
de9/ce7339a71b976	2.504234994551701	0.939625
dea/b2a1e617250a8	3.097965574564342	7.3435
deb/ae9529f5ada95	3.4165249970650216	2.881
de8/4d957dad573ee	3.4047032690002696	17.3303125
de9/13664c5fcc4a3	2.891413278204762	10.2825
dea/1e785ed27c391	2.9788558830935963	2.925
deb/cbdcee96a3f2e	2.4232806886988327	9.511125
de8/2e7b4921923dc	2.964694598409804	4.0393125
de9/079187606588c	2.540515258512932	2.1366875
dea/b864d950a7e40	2.5962067918865723	5.81625
deb/39806b95231ee	2.889538341189855	7.2950625
de8/f920864f62449	3.151117814402159	14.07475
de9/4d023152b782e	3.372869994419003	9.164
dea/258df7f2bdbd1	3.203229763947398	5.67925
deb/78d90702388d9	3.1263728080471638	9.016
de8/f361dc33b6e88	3.216504066020019	7.8874375
de9/3a0bc300ba5ca	3.138143886269392	12.184
dea/a2bfd9177215c	2.8107191743748965	6.6291875
deb/d7ddd4feb2ec1	2.7870319334009994	12.0805
de8/170b897012a21	3.148789075336668	1.2513125
de9/3de3388ed43ed	2.0816717629002253	1.9003125
dea/d02753fc0b839	2.790786614788101	5.97225
deb/d9432e1ee8c29	3.444529376939458	14.6814375
de8/0b5462ebd91b7	3.1971303435069465	6.0315
de9/4ec6769a5ff3e	2.830947776526653	0.8646875
dea/622ad504960e2	2.040461748052613	7.8955625
deb/24c4359074a70	3.2227928091441713	2.091875
de8/2910a744a430a	2.638949751317569	2.65075
de9/d76b330acb914	2.095590423093966	6.4445
dea/a268de6b00c77	2.777847573741528	11.2469375
deb/e7d7c4ca16f6c	3.082787922658111	3.560375
de8/5fd43f3aef7ff	2.6880929666734783	2.5323125
de9/8cc957bf737af	2.2712787901403746	2.3855625
dea/a7f66d378efaf	3.3897875306238827	17.95575
deb/095443b492262	3.299219848486801	4.5995625
de8/825278f48d8c2	3.3377162002067156	4.6250625
de9/9db167af6083f	3.3956063934179657	3.002875
dea/d6ecd79abc88f	3.3991261233646384	12.753
deb/397447446cf1a	2.6474399491740543	4.3625
de8/b534125f97af9	2.5608979027541365	1.1020625
de9/a97338bbe07ec	2.525578186805954	2.933875
dea/3237eb712c68c	3.305435234793783	13.23
deb/1c82517479bb8	2.1489211440104827	6.1249375
de8/4237f95a8a22b	2.659446903744448	2.341625
de9/5671990833358	1.8374581208151326	1.6108125
dea/59c63a9dc6de8	3.0468768456475	6.269375
deb/7d7cb52b5cff2	3.4718048387386653	4.8803125
de8/16044d058d831	3.3985114319352427	8.3510625
de9/c1f97708ce486	2.926071137638976	1.4423125
dea/8372d17927a69	2.695147229287155	2.69375
deb/42d003d80fbc1	2.9051042210089877	9.9564375
de8/51d3c101eb3a8	3.059552702752849	5.26
de9/8e2413afcd15f	2.971673561357441	11.415375
dea/c9d247426c2f0	3.003750222913686	3.4745625
deb/4182361fb9bed	2.613930608021827	2.2140625
de8/fa29ff5a772d5	2.328830173730759	5.178875
de9/d18a7b9bd9ba6	3.2891716426753375	7.2828125
dea/6e50821057144	2.915912785614868	2.3956875
deb/a6e6ed937cd23	3.247062767227857	7.305875
de8/5f9b339f67295	2.004688034306899	1.8820625
de9/9a11ed4c352c3	3.1177396986950434	11.4764375
dea/944d31ddc2a20	2.583951517639037	3.364625
deb/244c7534790b8	3.1445440470327513	9.937875
de8/059e505138fc7	3.343123529126507	5.23825
de9/b527fb9018033	2.869752844567768	8.548125
dea/436b75cf10052	2.4760361309247467	3.206875
deb/9f38c889f0e98	2.7273516513354124	3.7995
de8/11c21257f95e5	1.0883147209826094	1.5256875
de9/e13cc8a889a50	3.1972898088171995	8.7914375
dea/58e20d038a48b	2.9005897793268884	1.3646875
deb/55c95a8aaebaa	2.3509611255177374	7.0934375
de8/620aa4cc0ddd0	3.1484122413245514	4.6348125
de9/50f7edb942284	2.911076834991178	4.7169375
dea/4f2941271b605	1.8029347192150609	2.017
deb/76ee6b893b79d	2.9857099330457975	4.137
de8/416f9953e3735	3.097310885682635	10.0146875
de9/6aeda614b785e	3.553923457013252	4.6135625
dea/d4ed73c4f11bd	2.9060941131815405	6.167375
deb/ac5d6c08d94d5	2.7548925947326643	11.28975
de8/5b4a7d592ba34	2.641727850874633	3.2468125
de9/d43774aa3f494	3.137638977575892	7.4608125
dea/46ea20e841a27	3.1396305800776965	8.7980625
deb/da5f2e6a63642	3.3933693227045123	11.937875
de8/e61aad99685da	2.7842975259220717	4.4224375
de9/e5970defef94d	3.2709807072441026	11.0515625
dea/03b372fe198c0	2.706728794999818	2.148875
deb/7a3dd4886a2cc	3.1966216754908494	11.8644375
de8/a854b587786b0	3.1063892191906426	8.932
de9/24d8333a87bc5	1.9738415060089658	3.6865625
dea/f78154a1f2a2f	2.5028285702232087	7.55
deb/4fe181926f785	2.87656940163666	7.873
de8/f8741da7a3de3	3.3652388782085234	11.4431875
de9/d7dc99671319f	2.2458083459631872	6.59025
dea/847f2d1b8ff89	2.054802434582257	16.8693125
deb/3fc7520b30211	2.8300235749084734	3.9285625
de8/e2aeabfd941e1	2.6748623717146534	9.11975
de9/67dcae7ad8096	2.357889195442169	3.688125
dea/c7c304e0943c1	2.7276638809327287	11.9709375
deb/97372a4bc311e	2.6235387798539946	5.2590625
de8/1d83119466df4	2.9044212450228084	7.7621875
de9/1b43fc655fa2e	3.113824027342992	7.4931875
dea/bec348f3058e2	2.7642171893645444	8.0749375
deb/327f87465c196	2.972404388842029	3.432
de8/412d8b66f6154	1.3940934990679967	2.6059375
de9/87d980af96067	2.9262112332419465	11.3936875
dea/a9615db6cb6ae	2.5023542775639838	8.1600625
deb/252118588c96c	3.329081665642021	9.1213125
de8/8b4a5db184b67	3.307208529434096	9.071125
de9/600c17de9688d	2.4545851520166617	4.781375
dea/f908b06aff7ec	3.2735452641720273	6.8518125
deb/cd65383560bb1	2.9150892724730877	5.2299375
de8/451ba4d26bcc0	2.6739522757478364	4.1273125
de9/f38e0d7947550	3.254812196792231	7.2009375
dea/22948126fed8b	2.8635666611142607	6.154375
deb/3ac2160443a23	1.383630457161122	1.39325
de8/8eeb12a72d1fa	1.9336049819913164	4.939125
de9/82786235b959d	3.140303760147073	13.797
dea/68ea2115e534b	2.3369673024514515	1.297625
deb/00214bfb14019	3.2118230339033396	11.1216875
de8/2668d6c3f9ae2	1.0921281501346392	1.802875
de9/ba7e763437b7f	3.322466939873386	6.3580625
dea/8f8d14f129fc8	3.1176209074570167	6.2471875
deb/496ff48aa3d30	2.9141900479241314	2.30725
de8/f4742acf42e8d	2.746540195834893	2.3895
de9/097dd267cc517	3.2809026072823735	10.8990625
dea/0e16b7ff9e8a1	3.206161207077811	10.05475
deb/ec876a2d34e7e	3.112089140082914	4.945875
de8/d94953a697452	3.226473899038521	4.056875
de9/bd4292a3b7ca2	3.214489459017757	4.4065
dea/d7fc949327b0b	1.2740326609279637	1.98975
deb/b7db65b933741	3.4195773281475947	5.609375
de8/8fcf4b7c48a6b	3.3890636428742984	6.7698125
de9/8c93f02262394	1.8240026300577867	3.1656875
dea/a537dcea97eae	1.5231196048004523	1.7311875
deb/b887afc7784e1	3.3076323732990134	7.3034375
de8/460c40949fbb8	3.081574652645955	4.13125
de9/dd0b184ef345c	1.5226123606565671	1.75075
dea/70092a26555a8	3.1084475893172794	5.8706875
deb/aab86bea5c2c1	2.7387136281970728	2.5639375
de8/b3b81c54336d0	2.7236779628461574	4.8905625
de9/70c738a8962ba	1.6946075515191859	1.862375
dea/1f1b6dbe40455	2.9874261367403188	9.6835
deb/b079cc1e8d725	3.083033015448143	3.0014375
de8/a9a1d47319433	3.530174943715706	11.211125
de9/ce740499d400b	1.6547156090888409	2.29575
dea/0400535703ccd	3.302681763700039	2.8180625
deb/c3ca615691ae2	3.0158493742343673	7.9845
de8/bd8087d5b92f6	3.0526656907119802	8.5984375
de9/6d8cbf190c43f	3.212417107129208	5.481875
dea/83bd8bfa4c64c	2.3432107511450537	6.818
deb/a9699db817f07	3.225371596102987	3.97375
de8/796dad5b8203a	2.530150189664073	2.3631875
de9/272a3392535ca	3.4011202586011007	19.37875
dea/dcf398eb9beb0	1.3276253704541727	2.744125
deb/c6675a3470ae9	2.984389604189122	5.6041875
de8/877e976dc1f06	2.959811366697151	1.4788125
de9/03e257aa3fab1	2.463508030510493	4.3636875
dea/7042b859b1624	2.7450901230881755	5.0636875
deb/cc604512b0707	1.3249899498895323	2.7915
de8/7b29cb0efea86	2.8064653006286338	4.1925625
de9/ba22a504a946e	2.163135684919182	5.6800625
dea/012ad8947e7e2	3.114549389658332	9.00275
deb/313d1d1e2c6a6	3.020088545542776	3.25925
de8/5a92cc34aded9	1.924336707204586	1.0009375
de9/60c30c35e5467	2.0786069835012375	3.747625
dea/2ecec352d3622	3.2198078371356265	2.6445
deb/fac202072af87	3.0693943884877495	19.009625
de8/859bdd3d5cd92	2.193347542511033	1.12575
de9/8e431ed72d2df	2.169958051979784	1.2254375
dea/b7ca8d908e8e7	3.268163380513456	17.70825
deb/9a468b939e470	3.2934389167177773	2.55575
de8/e7c5516053085	1.4303051487134641	3.63925
de9/564d401420b2a	3.3894085429198553	4.6135625
dea/1ed4f5cfb8aa5	3.1219859224376236	6.2025625
deb/cac33219db1aa	3.0339021972834583	5.5094375
de8/ac0e8951b8e02	1.4216469896687371	1.863625
de9/f468c8251b16f	3.213377044726698	11.3103125
dea/6e05066a751cf	2.413994542692628	9.959125
deb/049418ff843d0	2.4952117623921697	4.6840625
de8/267915e9f3aef	2.804030165305427	3.2335
de9/70ace6331a50d	1.936149848715321	2.954625
dea/bab476b7914ec	2.734397438775362	6.4494375
deb/ad1c8c98726d2	1.9351648947144302	1.5984375
de8/fca90b486dac2	3.443325445543406	7.358
de9/767956b1645a4	3.3285361596795675	8.900875
dea/802ebcc3a4b06	2.8601629033898006	5.9816875
deb/412e59ffea9f6	3.372666130738522	4.6169375
de8/bf5ba6020da27	1.5018459759594036	2.0924375
de9/1068e334029fb	2.6398684838050275	8.792125
dea/f46a43cd7346f	3.162619841617115	3.9396875
deb/813eccdd1f868	2.984523439689291	7.1950625
de8/780813d0121e7	2.865142897573635	3.1393125
de9/a53e3113b39d1	2.956088708316866	3.991
dea/aece547bcc726	1.9084679248266405	4.6581875
deb/0a76eedaa9ab8	2.0817829234731073	2.0590625
de8/4190cd256440f	2.2494616684837987	7.892625
de9/51c058cfca408	3.3919404484866376	11.679625
dea/72608f04002ba	3.4075922813129638	4.009
deb/90c6d759a8c12	1.182245850073855	3.0813125
de8/61a4b0a094efe	3.098298753139935	9.49075
de9/f20315bb75cff	3.2080362796665463	13.61675
dea/0ab3f01ecb211	2.8681225322467405	3.18575
deb/9f19d0d9a2058	2.7225899863334613	2.7169375
de8/ac1c64fff0c5e	3.5125368235779684	18.16325
de9/49d4e9664f9b2	1.2082914058147636	2.997
dea/85cf76bd59004	3.3137914636184562	6.7420625
deb/e4c60619c3134	2.148949800761652	1.4423125
de8/da937619ff3be	2.71630257099802	4.8748125
de9/6d1d4db7fa424	2.7162967790332058	3.2568125
dea/3810c4bbc53f6	3.367261222917206	11.794625
deb/a5fa2a8e029ac	1.6073999704554855	4.4423125
de8/f9e73a9f04da0	3.1665778409103758	7.822125
de9/b87c19ab2c0e0	3.3348406997640607	4.881
dea/8ba0e3602be64	3.156134121414977	4.5194375
deb/bbc374e2d6756	1.7811693292044994	0.760375
de8/df38e860c91fe	2.425993601330038	2.5029375
de9/7c86a643fdc31	2.967661643650481	4.1859375
dea/83d2128ca8beb	2.4479494232011567	1.42125
deb/7f8935541d615	2.1920793229360727	4.6063125
de8/4843f944d9bc2	3.264908663129891	2.0660625
de9/70f71aafbecc3	3.3919968235549915	4.0585
dea/27a601b4654c8	2.8113296305390536	4.8706875
deb/a8794f5d952d4	3.3461967411814864	2.246
de8/7f072ef9cc2fc	2.8428526523104196	2.3136875
de9/62e32b30861b0	2.6541681927632688	11.0484375
dea/c7387b8646468	3.4433469644031014	15.545875
deb/360ce74f662b9	1.1967223778579827	4.1375625
de8/06a2dba271f64	3.4084531255798054	9.3185
de9/d8408e4452ad8	3.4934698628463514	12.981375
dea/36c3cc8ee509a	3.4425926832533555	12.1199375
deb/8006418a070dc	2.837746080841057	7.1051875
de8/1b00bdaa829da	2.5207466829191847	2.30375
de9/67f6149785937	2.4837530424269727	0.9203125
dea/f7a43bb476e57	3.5059665609450184	14.620125
deb/a00b0391be4d6	3.195839327725688	5.8973125
de8/27ada984214f4	3.0006161796223365	2.2701875
de9/275ab760c9803	2.886123366830296	6.4654375
dea/7dae8d65b5c7e	3.506895965212407	17.390875
deb/00221de10c5fa	2.414021791636164	3.8946875
de8/cbc6dde19f69f	2.9778856950312975	8.7740625
de9/8e3bce57bd1cf	2.455372664327545	1.122375
dea/f4c5b8e6e9b43	2.4240374621525818	3.77275
deb/635edcbcd85c4	3.373825165198152	7.952875
de8/3f39fbcedd7e7	2.2264112511613408	1.4333125
de9/7cc130476850c	3.072937078624991	4.48525
dea/e68f43cf02343	1.5436659871201863	0.7681875
deb/c065b72fd194a	2.7060767271396764	3.2448125
de8/75c470f9e4aae	2.770851389842818	7.047375
de9/033980c86bec7	3.2388638671722405	8.701125
dea/dad092474139b	2.4792857333869707	2.7758125
deb/30b11a787471e	2.994573152016005	5.0530625
de8/f8a0ea9fd3cc4	3.4731215671738553	9.9360625
de9/919cb2d218c86	3.040866516804057	4.1436875
dea/2daa3e3e19413	2.2253969031722822	1.46625
deb/76580ab65dc1b	2.6434907415026943	5.3914375
de8/03118c1e2a15b	3.3011482362443867	4.964125
de9/835007be4c2ee	3.00401531320966	15.38
dea/7807ea5a95d8f	1.2855735167977442	9.0291875
deb/2c4fdfe808a95	1.558684025703541	3.0158125
de8/f0576b03267bf	2.2279646782525644	3.7683125
de9/d763aa6eff4bb	3.208590439064937	4.7461875
dea/4d49a8bc31582	2.2470670912323976	4.998125
deb/75f454e388701	3.1543655158002166	4.2135625
de8/423ac2f823f85	3.4078881602058493	15.5703125
de9/f68d313b29a60	3.1185463430937967	4.1155625
dea/3e785d7a37f1c	2.4681919581050926	3.8904375
deb/e627db156b406	3.0840892272316576	6.0894375
de8/8479cf696ddaa	2.8379784038593576	3.0359375
de9/02887ae78d907	1.2125104655284895	2.7773125
dea/54d943821399d	2.7885647340396504	4.3645625
deb/b0943985d7266	3.3201214767149883	9.0566875
de8/e708bbbd7d015	3.226031757433532	5.9185625
de9/36ac9b30f0316	3.554573707649812	6.764875
dea/5a5bf13b5ade3	2.369095323161838	5.1863125
deb/59495025f0265	3.4309719849782327	4.993625
de8/abdaa0a74a350	2.189644312491697	4.2639375
de9/339a1d45e2b09	2.0408441119577927	4.9670625
dea/9d1a55ae488d6	3.0649198530546093	4.595625
deb/2cad393003305	2.5238647250456565	4.9585
de8/e1565203a58ca	2.7591397048895683	1.9883125
de9/d97c6cbb533d7	2.0831723146311263	2.5676875
dea/fbfc0896a2302	2.748703408371089	14.13025
deb/57dc3116ed951	1.8550025048995502	1.4609375
de8/1096ad11ba358	2.5972618645972374	1.6419375
de9/6dc67b07676e5	2.576191084479731	6.258375
dea/9ff460570f70a	2.9218178484413126	3.72
deb/604e75ae06654	2.657095749186947	4.6114375
de8/705ffcd82eb86	2.51863748614853	5.3825
de9/239f88455de8f	2.4246214621077513	5.3756875
dea/c626422eb3dfd	3.39224699384929	12.54925
deb/7925b61e8ae08	3.1533221218470455	3.0776875
de8/1bb29f5fb4e7c	2.973604695581616	7.019125
de9/af9a0de7c8b48	1.0786696997769083	1.6726875
dea/3976c9f933556	2.8428769543997534	7.2423125
deb/20d380dd65098	2.955535819065851	2.5203125
de8/eef4936142737	2.434665459607795	8.011875
de9/ae6afcbef1765	3.0255617143149354	2.5735625
dea/136c8f1fe9e16	2.1638481067045237	11.3728125
deb/d5d40c5f4e672	3.34490735802383	3.3189375
de8/9dbbbe6a665e6	3.0619990790780203	9.3125
de9/42a0814b6bf2b	3.5220791211159947	11.4558125
dea/6203eac207abc	2.4099693115108827	1.9290625
deb/1fc9fe0ea124c	3.261715018131124	6.8320625
de8/5ec1a256cc5fb	1.9285645901745427	19.523375
de9/d66db7d3cb27c	2.5617124750722646	8.6744375
dea/1c4b1c9c31523	3.079172267319175	8.9006875
deb/fe40aea675acb	3.1267875828024247	5.66925
de8/b390d42a67ebb	3.1169336785509327	6.6023125
de9/6a192b771c863	3.3077594103244525	6.3544375
dea/712c29f2785a6	3.416304684623431	7.4934375
deb/7c7f5b2d1bc83	1.095933757709167	2.0005625
de8/628c3ad621671	1.7621400545026913	1.686
de9/72559f348e58b	2.1198130555389065	5.305125
dea/fba7712ebc839	2.39436726994964	2.0995625
deb/d885a7228af4f	1.777767315193655	0.9136875
de8/0c94c5540b834	2.567260046625125	1.244125
de9/279f56aed2845	3.373643117802203	2.25975
dea/4bcff32fdc80b	2.26859617527527	4.29725
deb/c15420a0fa6ea	2.2604865248486585	1.971125
de8/6e96ad4700aaa	3.4049022564260434	9.867
de9/3805534bc64a0	3.282266188063053	3.434
dea/669b67d2cb46e	3.077798839475206	2.2136875
deb/241077e55462e	2.2844205209550994	1.2008125
de8/dce151984c238	3.156501678719721	4.25975
de9/cd7da34452ad7	2.58197907728569	4.318125
dea/658a7cc41c612	3.228338895701941	6.8969375
deb/a41437cc4c260	3.1704538329888585	2.7995
de8/cb5e424231cc0	3.317763614523011	7.3426875
de9/fde10b8d1f459	3.0022121995702093	5.3675625
dea/78891f74b155e	2.488030333221511	1.4920625
deb/99402a6674a88	2.6636802709517715	8.373875
de8/da7a2a8b48944	3.1335018839424085	5.738875
de9/f2623c11fd3c5	2.419844538026201	2.858625
dea/99f1c58d841ba	2.8179677284949602	2.3035625
deb/7a19f11874e81	3.092083680670995	4.6614375
de8/d187be9224fa5	3.3802103621737967	6.068625
de9/174161d9a8b62	2.851654155857372	7.2979375
dea/bfc9d2ec95d4c	3.3974804106361582	4.799625
deb/65d3f146b1f52	2.656196223683872	2.0659375
de8/85a830ef4f0c0	2.5704486481094584	7.9305625
de9/3c1a59f0fa960	3.0854430551348053	5.0118125
dea/55aa7b4ebf39e	3.1523204599282457	3.054375
deb/a28655b35ac5e	3.1040181513439546	3.845625
de8/e33724f669655	3.4633236771469478	4.68575
de9/09db874884156	3.178785182933549	7.3115
dea/1c607120a9f20	2.972713970189849	7.89325
deb/44cab34dd122c	2.9538447182163754	5.2583125
de8/be0364ccf341c	3.119447500407844	6.2670625
de9/5c454941a198b	3.45277022235636	17.4016875
dea/6dbf90c6b992e	2.269324576759196	1.994625
deb/d7ca30651b44e	1.0955817233813678	1.41825
de8/b34264d7b2f02	3.2703398425074175	7.044
de9/79fdb6087ca96	3.4444360146887356	12.5338125
dea/392e5f59e8af1	2.420405599571342	1.441375
deb/b9d7d2035ce23	3.138600331056045	6.4405
de8/306be9c8517e4	3.362963198571637	13.6975625
de9/9f0033f1afe33	2.998214121123786	4.2908125
dea/bb188b274ee01	3.2907862805732484	10.3053125
deb/1532c9f72a580	2.5271616348869	5.2098125
de8/2af966facedbc	3.4663267996063984	5.746
de9/c4a3997ee7906	2.3875975128376643	2.402625
dea/0f8c126fc8f90	3.018938909566931	4.6778125
deb/b6e4b4028aa20	3.298331153312358	15.8498125
de8/6064d77371591	2.6455006547604434	2.7518125
de9/d167aa46abd05	2.8664704375098	4.9255
dea/4c649ca3acbbc	2.092306890167858	1.2734375
deb/b1aaef5d4c3ce	2.2029521497557583	4.491375
de8/3957c0819ca4f	3.2949282371694792	4.2290625
de9/98c460e3057b8	2.9812430457434727	5.7246875
dea/889cdcf6587ee	2.495031149394682	3.0551875
deb/a816fc15f7d38	3.307937358502263	6.968875
de8/9a3df167ec66b	2.8516897508270813	7.522875
de9/3090cef69fe98	3.157026238571711	6.5865
dea/7bbe5229000ed	3.2421962658751426	12.5830625
deb/e11081be92ed9	3.0739930220049483	11.505
de8/cfec5712801f5	2.842696501325255	2.7706875
de9/edbf7d37d3df4	2.4967432783896415	3.435375
dea/56d24ae1fc9d1	1.9320921275135319	4.538875
deb/17545dfc7ab4e	3.1705783739081626	6.46425
de8/bd215145bea15	2.578805877577908	3.8003125
de9/e566630335f55	3.0303142653709054	5.5838125
dea/a13a0bc1b923d	3.0392747569737626	3.0519375
deb/cc44f11ac0218	2.5048918252624373	1.9466875
de8/25d0e9e7d5e61	3.142403170127506	4.4593125
de9/33a5fc4d31847	2.2692932444734426	2.894875
dea/f92ed822f1106	1.079110550323058	1.05675
deb/86924eecbbae3	3.4503528160599384	21.1441875
de8/7da26a18e6b5f	3.383201695575529	8.7075
de9/2d9bccf1711bc	3.250215836809365	13.8775
dea/7d75319cece2a	3.070945709716655	8.619375
deb/c1975fc1c012c	2.3503833915229997	3.12325
de8/57d7c041a97c3	2.969901500848374	3.412125
de9/1970e229b76b8	2.374714469064795	3.01875
dea/2e4abcd9e4241	2.862869564521365	5.2516875
deb/a268b55be4f24	2.467989981180575	1.6175625
de8/fad5c5e52d883	3.286392086536369	6.434875
de9/b12817e3c9f0a	2.5078550386191774	2.825875
dea/f76982afd23d8	2.343181319907074	5.8655625
deb/5807135522e78	2.435809844451337	1.0025625
de8/41b48e5227f5d	3.5135806963202745	9.2184375
de9/a9dd3477f23fb	3.363903765286948	4.3200625
dea/da32c728aca8c	2.2142987780687897	4.1445
deb/b85728acbdd1e	3.425097446274582	11.26975
de8/d27bfaee0bcc6	3.350821651349137	7.4295
de9/005beb9d7a3ca	3.364946237452529	4.8770625
dea/58ba67b7e5c35	3.179223025073333	4.3881875
deb/60fe2ce8cbdea	3.025639331999538	4.9200625
de8/b8833e0cbab2a	2.700783707742747	4.80925
de9/02997ce37a466	2.306912452491509	2.00175
dea/d366e8c0a7ef3	2.4624787707262694	1.6165
deb/2955655f0f939	3.426711801388387	11.6315
de8/4cf64b2789019	3.167788836589792	4.9288125
de9/e436d8bba8012	2.4961984608264247	3.5115625
dea/21a3c81d3f505	3.161938375717855	2.734
deb/884912e46fd4e	3.0917200607118076	11.522875
de8/a463c70aca5c2	2.254347535525956	4.8129375
de9/0123c74e9a325	1.0853784755797649	1.0089375
dea/0f9814d9f6db2	2.6395101628075297	7.7809375
deb/378a493ad1c31	2.3975214585515885	10.2475
de8/3ccc429e40156	1.4925287687101965	1.1474375
de9/75ae47be7ad32	3.1024232336215656	8.9939375
dea/1f2f47898edf4	3.22718548245055	4.5479375
deb/b335b3f2d56d9	2.2991774630255897	1.5856875
de8/82485a90e3fa7	2.883574630647958	2.9201875
de9/012c9751913c9	3.3416199465910545	8.4166875
dea/2f43a7824d419	3.316817872472831	2.928
deb/de17aed0f2674	1.857987316570723	1.5401875
de8/5f3ee732308a1	1.8344083493401087	3.015
de9/9a60207e06b11	3.073881215476358	3.288875
dea/1f45c2c14605d	2.9041309654900167	7.529875
deb/6b40022d72eed	2.581067905247639	9.048625
de8/59dd26c9284a3	3.2995434850877423	3.1036875
de9/7d6348df8378b	2.7289742166949305	2.5783125
dea/3c83aabcc891a	2.7298134919262926	5.027
deb/6017258d53b1d	3.3643190062760304	4.6125625
de8/93df973be8237	2.7689735020152075	3.10225
de9/385da8aadbd4c	2.8600344405939317	4.19125
dea/0f575f107f3d8	2.0460294077549666	5.665625
deb/dd942fdc5c866	2.906210195882981	3.3166875
de8/a7996145d8822	1.3402139572575915	4.056625
de9/db7caf215128f	3.5410212751876116	5.191125
dea/91379a60037c6	3.3440780646745245	10.914
deb/5c838d69a365a	3.2581547042048635	5.6240625
de8/06e183e56cb95	3.2928557882216407	5.3249375
de9/919f7156edc7c	3.2622541575792	3.7684375
dea/fb90d868097c7	2.8610999203427308	1.5165
deb/994699e6f7dc2	2.0248509008101347	1.7290625
de8/76026e6b35b38	3.2960976206713513	3.669875
de9/b0d52d63e258d	2.6824604281459914	2.9565625
dea/f2c4d64e7c61c	3.328582483821663	4.9901875
deb/a56350dffe77f	3.2925922292180525	6.637375
de8/898ce19faebd0	2.3811218789474156	7.136
de9/0cb5d3fb76bea	3.2203464172221836	3.3509375
dea/666b66ce06a55	1.9414866623077314	1.1054375
deb/11e7a58856b82	3.0560581826989353	5.773875
de8/b172eaf6eba8d	3.429715498111256	7.0834375
de9/35b2798c93bd5	2.9565968163077483	4.2928125
dea/721816f74f1ee	3.3167053156659887	11.6064375
deb/83c0d5d1871ef	2.956706073763891	6.291625
de8/5e6157a6cfe5f	3.3273660852182347	17.67625
de9/7ec1ae1269ecf	3.000461399078971	6.1393125
dea/34930c3ae57e0	2.7377648340942398	8.681125
deb/13e7773a68c1f	1.0928553804439374	2.8573125
de8/f921f0230bb7f	2.679892586578848	11.9703125
de9/28e0ead87e3d2	2.6777556508998197	2.2578125
dea/1aabe6ea232eb	2.617501575376706	2.916875
deb/818fd47ae2a31	3.173706513903075	5.2481875
de8/4a975d7bb742e	2.8939879069650343	11.815875
de9/c0231e342dc70	3.291170407303774	4.5485
dea/9a10b45fcb07d	2.871512932672053	4.6744375
deb/4a857b740618f	1.9352903097374177	3.373625
de8/08d7b129cab58	2.6400794250455903	2.4053125
de9/bc8731a66e513	3.225234260691189	6.7674375
dea/a675f446232bb	3.3796924468869767	16.550625
deb/1ba9e36c92e5f	2.9742956490406542	2.3424375
de8/f84fd04416513	1.7056239948600282	4.008875
de9/123838fbd45d0	3.0479887405229382	2.638375
dea/7612fbdfb9de7	3.3871775702937086	8.44625
deb/b6598972954c4	3.026797413105024	3.4303125
de8/c02471e104099	3.394964815405347	10.405625
de9/1b86248f0a390	3.150863252022178	11.28775
dea/f72b24dd304a0	1.0970518534175133	2.2430625
deb/c5be87bf9c8db	3.5099831545092774	15.6799375
de8/1b266d2a0ed71	3.176541799258623	8.8228125
de9/25dec0184ac03	1.8998777743177628	2.4049375
dea/1357d7d1f10fd	3.5113876059868505	11.4849375
deb/70c359347bc89	3.555717500970798	13.362125
de8/2e5a6ff20084e	3.065691172421472	28.566875
de9/dd49e9e934278	3.33541865903247	12.3781875
dea/ff2933e240f4c	3.002416941412238	8.414
deb/3b751f771fe7c	2.6120171289764205	5.2124375
de8/c5b83b0ec2fcc	2.821576640862724	1.011375
de9/d63680224e958	2.029614596425478	7.7778125
dea/5dea3e6163ab6	2.824652263335212	6.9825
deb/06fe9494009cf	3.4071711925686077	8.4088125
de8/fad8dbc5bd50c	2.195600666760183	1.00875
de9/007ec0b5de229	2.1671530050502175	1.5883125
dea/e5c74abdbe19a	1.2418183003649552	1.779375
deb/9fd4cabc23297	2.8485528234330806	4.387375
de8/a9e337f25a992	2.418909490368326	3.2958125
de9/64e525b3db8c9	1.9987789913088345	1.5319375
dea/773e703558089	2.2990746076050996	1.921375
deb/3e5fec774638c	2.7532224586444993	2.305
de8/17e6b13d1438b	2.4540072001069677	1.9686875
de9/a5910da5400e1	3.362428866126271	8.5359375
dea/ea1fc2d0eb413	2.0941943065946464	2.735
deb/243354258de64	2.869779488289775	2.07375
de8/1e65bc2ce27d6	2.896266413621934	4.20125
de9/f9396cdf41518	3.4180262653323696	8.4108125
dea/0b6948553d12b	3.382299776890518	6.593125
deb/d0da222035f6a	3.004540627355568	1.8261875
de8/cf5b660a849c8	2.1528493225328824	2.9988125
de9/004ddee392703	1.9497425952745842	5.2895625
dea/46c2aacb69cc3	2.360838875567694	5.460125
deb/eed1b4a9b692a	3.5351813211672223	5.085875
de8/f672e5bc34324	3.48022678504007	5.4510625
de9/997a7a0d28b49	2.9769888644042775	4.618625
dea/5bd6be8ae1327	2.850105926596796	2.728625
deb/713c482fcea4f	2.4704527817152724	3.55175
de8/802130577c6b7	2.639473857464279	2.2088125
de9/17930c553b879	3.3578555796175658	10.8263125
dea/f6e1a4c705150	3.1007537424260936	11.5075625
deb/60c273b126c48	2.5055887713625116	5.948
de8/e8f86f09d997a	2.675401756544569	1.4993125
de9/e7c8770eaabe8	1.1159364978107156	1.2888125
dea/28a8cdbc211cb	3.2552209895501263	4.4423125
deb/9fb0d33b4d290	3.3358778630621533	6.1111875
de8/da93206776f62	3.023472762638327	3.3428125
de9/58b51350a4a30	2.6362765058695925	8.1470625
dea/3bb9655b4b243	3.0464096036253783	9.89475
deb/35aa85eed655d	2.5433373202697727	3.9125
de8/3538221472820	3.3482441203981836	2.523625
de9/f3d33e45dedaa	2.8846626955693386	7.0354375
dea/7881cdcb78f43	3.343885878157866	4.4535625
deb/3c9107e4a501b	2.544055962654045	3.1304375
de8/d3de088e0b5c9	1.7694058003068014	0.9735
de9/4c455c63a31a5	3.320415540802942	6.979125
dea/00586102b36c6	2.8990541664432667	6.925
deb/9fc3c8df7ba20	2.1115708783633624	1.9216875
de8/e42238fcbe96b	3.333288051012407	5.10125
de9/b4755052b24eb	3.1418018346083714	6.1089375
dea/9153d9a38222d	2.6136892230710407	1.7589375
deb/2713ec9064a93	3.1847026643642686	9.5121875
de8/848bd4bc6b914	2.7174679356507823	10.7625625
de9/23e328e3a29bb	3.1393049320344075	6.226
dea/ce903c0b24c38	2.6436511406219414	2.8879375
deb/e7c5a06cdbc53	3.2068941599695733	7.320625
de8/adbda2c159abf	1.329563581266715	2.066375
de9/582999f0b772a	3.00100939142462	9.8305625
dea/d67429eed5ca6	2.669547978732355	6.0395
deb/1a47f7cf52eca	2.0765835152665133	1.248875
de8/e99002cf7fac5	2.5327717850672284	2.8146875
de9/e70cdf94f0e2c	3.1340592198361445	19.9018125
dea/e021ef6c5626d	3.2184472625135307	7.7440625
deb/b0fb2064facd3	3.1466077844101576	5.314125
de8/830b161218ec2	3.1436523161910954	1.297125
de9/4a0c2adf34539	3.2760335099412417	3.68425
dea/63284376a517d	1.9810912919456647	2.5378125
deb/a43579d66d204	3.1431103084655945	5.2695625
de8/0cafba45cbb27	2.7529813929575213	3.3073125
de9/d2ba4099fffd5	2.380578467560643	4.569625
dea/c4aa071438bfe	2.7550261332227266	0.9604375
deb/18b22469da744	2.25931087805159	2.550375
de8/b2eeee7808f7d	1.9750775796688138	3.559125
de9/444d95db69d5c	2.843254895881283	2.5445
dea/3134a1895fb55	3.051513160545575	12.052
deb/04af85bb747ab	2.2742100014987807	1.802
de8/17a37c06ce047	3.237179884969668	13.40525
de9/58d0aa00220e7	2.5773387947433717	5.8396875
dea/de8da74dc647b	3.2991914129877085	7.928
deb/e2cf69f5e46ea	3.1231853570516566	8.7253125
de8/21f3db0bc6770	2.9117905937817423	6.7825625
de9/5a12a0c77165a	2.888480561279044	7.5531875
dea/0225bcd87e165	3.238060304357132	5.1800625
deb/898b16db8fe1d	3.126795432702573	3.4039375
de8/28f2f5d48114f	1.5996227172897528	1.1051875
de9/467ac4dfc6888	3.1139368434040384	3.7518125
dea/22baa41f50fcf	3.097705100779789	1.697625
deb/136ec2688b652	2.7380747400645644	2.4928125
de8/e92620fb4f5ff	3.305955800680584	6.584875
de9/ed28ba9cc3abf	3.028412247710514	6.07075
dea/cb0b294ce53ce	1.8338912694677523	1.011125
deb/82e6b6c5870c4	2.3445007592493803	2.31025
de8/851d4b8739c00	3.1814480347473677	5.2149375
de9/752b5afce3fd0	3.328201162116406	4.7574375
dea/3141b620911e7	3.3728400513149497	5.53425
deb/f9c63294455a2	2.8478035780659483	7.366
de8/b3ceda6ba6e8c	3.015200739744192	4.379
de9/38e31098facb5	2.849555316133977	3.40825
dea/4713a26e44f32	3.2230439385220353	4.125375
deb/a75d636810c42	3.0014514829938452	7.923625
de8/07ca5a5416bf2	3.0510536137772926	6.8461875
de9/5af2f73c51dc2	3.4920497282493073	5.4911875
dea/d363e6d5931a2	2.523795939195156	2.884875
deb/a3deb242b88e4	3.105358461844643	6.956125
de8/5e8baffaa291e	2.9486394230074557	4.942375
de9/7d1a2ae7d8274	2.1197271243244797	7.4900625
dea/55f839269bb80	2.959295689571998	2.3915
deb/26ae4ea7b4b6a	2.514270804631348	2.4294375
de8/9aa8e142c5e12	3.044573314004244	6.436
de9/153d440b4f0fb	3.370390626960956	13.539625
dea/4299e8c246591	2.8239962925825677	7.8308125
deb/7d721b2b7461e	2.379837296566823	2.8910625
de8/a9a117248e728	2.621924856693906	2.0023125
de9/d8669028a9625	2.6683831391311195	3.1756875
dea/6f2b5dc42484f	3.4213537087429486	5.325125
deb/56182550904a8	3.1878537637128352	7.9908125
de8/1c603007815cd	3.381282045530802	2.306375
de9/ee83f23601092	2.861629384156722	4.2313125
dea/1a6a2b5404ae0	3.4354964822025797	7.011
deb/389f986ad03e2	1.4627558887168517	1.15325
de8/1f358a22b67c5	2.458071392818199	3.0281875
de9/734ef5eded2c6	2.566537527526496	6.4978125
dea/809743f0a9ae6	2.923808916804676	1.2823125
deb/64f717abfb24b	2.98575631176449	12.8983125
de8/8863ca0db37f8	2.0034250050294373	1.634125
de9/21030ea202e19	3.2050904075347337	2.9173125
dea/7a8ebab39c5be	3.3242852739588375	3.122
deb/84efd34fb29f7	1.8886135290301942	1.4904375
de8/a95b5cdc9b02a	3.316454912622536	6.3458125
de9/c10e6a2db90b8	2.7481531285880885	8.6333125
dea/746e6f0b4d4a5	3.415190204452117	14.4524375
deb/88d6997adae83	2.8176032277708556	2.3116875
de8/08ad1c8004408	2.0642984721406954	2.6315625
de9/1edd54783cb72	2.258398441839232	7.594125
dea/c8c8df7223ed3	2.717789073177603	1.29025
deb/99007d016183b	2.389280692170597	2.2586875
de8/5db6ff1560950	3.4718708444397484	7.379625
de9/1c62028277cee	3.3157826575934384	4.155875
dea/f10cd34b731d5	3.2034920734728525	5.028625
deb/68a2c01461d4c	3.3321140352858976	3.5269375
de8/5054265cf5407	2.43512334564471	0.672125
de9/8ba9ca96c49ee	2.736835511666336	12.70325
dea/2fe10510ea76c	2.6346768087710357	8.2968125
deb/3b0292407165a	3.131881833822152	4.350375
de8/6e69485c99e6d	2.269861330521207	1.90025
de9/605ad0c28a90f	3.4900838246055987	4.02475
dea/7c24eeafc9685	2.091356527502879	1.0714375
deb/c13071f29adbd	2.156603805648996	2.88625
de8/b9dc940327a3b	1.132001787396402	1.562
de9/7ae6f3cdd64e0	2.996885986400561	4.6926875
dea/e765216546ec5	3.0866226039550106	5.58775
deb/200e70814ca36	1.3448937134153613	0.7350625
de8/acfb0e908b5fb	2.6664407533435246	4.375625
de9/c3bcbb8907b2e	3.0805192133641337	12.723375
dea/9825535e05669	1.9678280448684389	4.803625
deb/60570aa1c7e6a	3.012441963348596	4.2763125
de8/7abde4117e8a1	2.4453381367440534	3.833375
de9/dc54574cb3d60	2.8180756472440973	4.925125
dea/ad20079d22f17	2.5210312873175376	4.560875
deb/b6aa568d9f720	2.441355078687932	8.622125
de8/cf6267119279a	2.5520256919459117	7.43775
de9/b0feda59877e7	2.852459735913317	2.299
dea/6e6217674115c	3.356015736607599	7.324375
deb/ba1281d0a7fb2	3.126303020790849	1.8700625
de8/7d870c89ede2d	2.8117469565412514	2.0666875
de9/0eb52919732d9	2.9360797261031526	3.0076875
dea/5a17c9005ebe8	3.3461572434866773	6.1026875
deb/80f7ac61bf66e	2.975944608622891	4.81425
de8/09577e3447390	2.2073358746295257	3.65375
de9/fc9ed4b04c715	1.831600225846625	2.1265
dea/a8b28020ab68e	3.322790900398192	12.856625
deb/3cc4ae77fed27	3.384948594133777	8.03325
de8/16322e4b9b9ba	2.041012189642598	2.277125
de9/0b1075b5920f2	2.6686984331279766	7.2069375
dea/5c7847d91545b	2.601449300514897	2.8133125
deb/9f7a8cc69152b	3.0385062880733105	3.205125
de8/8db857849d7d7	2.495195267325544	3.958875
de9/09c76636fa6a2	2.4950772812007953	1.664875
dea/eb8fd47d3de88	1.9346560097836754	4.13775
deb/12c0f1d7c7af4	3.4200372571970945	7.550125
de8/0bc59ddb225ec	3.1456651885411198	8.23725
de9/732fba0bf6f7e	2.4908148757108	1.4080625
dea/fc3d272ef6d88	2.436398642491171	3.6093125
deb/a01b1026e45d4	2.7253135728090245	15.888375
de8/8bfc72e83cef6	3.3526143648210094	6.36425
de9/ad4ef9e890e05	3.279321932847957	9.768
dea/bebfeda4cb7e7	3.144483670184217	2.7309375
deb/f492afa740c47	2.4827507507168414	2.2080625
de8/1c8008c387ca8	2.5994081032713168	2.5265
de9/9b993332bd6ca	2.011935218790987	7.0225
dea/c9182cf788684	2.152077158245167	6.030625
deb/ad614cf823afd	3.4542520433529673	7.021125
de8/ecf6573a99955	2.797448516800259	5.791125
de9/593e29d1dfde1	3.2862248924082174	3.925
dea/16996d649803f	3.201997998483894	4.727625
deb/e32f2e9ecdbb7	1.9580744846737281	1.249375
de8/e7e2da071c837	2.926174944075623	5.0699375
de9/30609b6420cd3	3.1692172617853553	12.4804375
dea/6b70d3ace9673	2.8731780900694464	2.3138125
deb/635e5dc6aabeb	2.7569607177024147	5.3485625
de8/72912f2576602	3.428656714438869	2.908
de9/5acb9d756f1a4	3.149303201018711	3.8165
dea/a142fb2802cac	2.5787945762511106	3.989
deb/dfedb339eff5e	2.9907487865275604	4.201125
de8/d2e4b8276e4b1	3.3828397033419906	22.7095625
de9/a9db4c7e1d965	2.638126917619905	29.6859375
dea/a84039c6eb5e3	3.0284053019014516	3.72025
deb/1ebca1615946d	2.861474598275675	3.7299375
de8/ad60fd0e74651	2.892686317005297	7.3985
de9/2b426cc851116	2.1940041910932337	4.82925
dea/08b2efc7af90c	3.0304441976112813	2.032625
deb/a8f1efce69791	3.015833938219552	3.897
de8/74cdf12e5c421	2.85855890534244	7.7538125
de9/5ea2f86c1dfdf	3.1052759415894213	3.5538125
dea/b08db0afb3ae2	3.2651207063156074	8.0201875
deb/b86e6fda2d593	3.0879373633578227	6.153375
de8/8757f0fd1c338	3.20132082445837	4.7445625
de9/e16baa772658c	2.6486600744996873	2.7455
dea/c86e753d541f8	2.079995522542711	1.05725
deb/ae8e39cdd52de	2.710464230493847	7.3129375
de8/590e36ceed63b	3.3475776545638682	5.7259375
de9/e8baebda23212	3.061676259816996	6.9410625
dea/6a272f899c29c	2.918558893441204	2.3548125
deb/25b5a41f12403	2.5904818360362634	4.5376875
de8/e9cca94195984	1.184972677141337	3.2708125
de9/adc76fa3e66df	1.504642642259204	2.8855625
dea/eb959ba1770d5	2.412695137582114	4.6175625
deb/886a531eb3e6f	3.0235908321076495	5.2428125
de8/6f30e45570298	2.9920612162002214	4.4961875
de9/3db4ee1f119a4	2.7083792879419195	6.0525625
dea/343f49ea694c6	2.847224423300288	5.6700625
deb/62b9da342c292	3.388273328835825	12.5295625
de8/d89a6acbad663	2.9899828129290182	9.23975
de9/3db9dfd0f122b	1.3993798810212235	8.6615
dea/69dd95ea318ce	2.864881839516783	3.252625
deb/b133df15d78a7	3.4149807513366106	7.990125
de8/13220cada59ee	3.0725721516645947	11.5798125
de9/7c47303dcdaad	3.0016035155580973	3.01425
dea/c2aa4ccdf9302	1.795508696887111	2.939
deb/053e32de0f698	2.2932155442689433	7.72775
de8/0af21f040436d	2.93223402140947	9.927
de9/b2e9f377c2dab	1.7694256602543745	3.6701875
dea/4ce4cf946bf00	3.276678768603309	4.7215
deb/ad9332266370a	1.6695175730419127	1.7718125
de8/bdc3152c8cd10	2.563423560016879	2.4639375
de9/3cfbe1b38cf44	3.415401550563403	3.3710625
dea/2895be8ab0b32	2.4402116053631535	6.1983125
deb/f31039539f16d	2.3807883635978535	2.38475
de8/a8687889e4568	3.4375524866706466	13.766625
de9/3b3442a4795e7	2.9712134218134385	5.30525
dea/c876c59f5a6e4	3.290534224331202	13.2576875
deb/d762e3b4fd857	1.8902450649611822	3.175875
de8/9d0ec0c805c12	2.070102742934396	1.0109375
de9/206c029c49725	3.3077163316561524	2.690125
dea/a38bd16fa7b98	2.5203960963533643	4.548
deb/32614ec6caf66	1.1188004044990507	2.2505625
de8/674f115d0fc8c	3.1539734837470683	2.3975
de9/ffea9d94dfe06	2.773935088691061	1.2640625
dea/f2932fc209e3e	3.277045393689603	6.6045625
deb/99295ce92dcab	3.055918793577878	1.655625
de8/fc1207037303d	2.403977309359298	8.2330625
de9/1e970f3981843	3.38051343057366	13.178375
dea/9a7dfd3cc6d3c	3.1383182152936326	4.3966875
deb/1413c0a512963	3.1892396084381502	7.649625
de8/0b5e995522fca	3.4667004616282737	5.8599375
de9/bee4918696b00	3.3088326124497924	2.6704375
dea/500479ca65966	3.4063786535192286	8.650625
deb/a524d67ce6ac7	3.2788888720196674	6.365125
de8/b59f70aaed718	2.0453705513667937	0.864375
de9/df6bd0c5a28ba	3.380765300737269	7.166
dea/a3759a4d141e6	3.064756260077395	3.3863125
deb/da60ead4de57f	3.3725442392638483	13.17175
de8/33a22babc843e	2.1870416610021075	2.003625
de9/92f4cd130397a	2.7241249235657423	2.4575625
dea/36fd6b2f6096b	3.3396353855105185	13.922875
deb/345c0ca30b875	2.639811181084553	3.5425
de8/bf146a5015e56	2.6909543619169267	6.510625
de9/1470d13e2a9c9	2.781003071388507	2.550875
dea/915333e98e710	3.134674483688761	8.2745625
deb/c95029653a81c	3.0457951875953753	6.2813125
de8/e1e91668ef7ce	3.178430944629016	3.8956875
de9/8dad0e87571f3	2.5220791675660754	2.0111875
dea/419273a5b3b81	2.948468907926337	5.1786875
deb/bb7c277aac286	2.852410935305833	2.614875
de8/6c80cda3052dd	3.317406740580992	6.152
de9/657a16826423a	3.326001778124758	12.138
dea/869e48c8cbbcb	3.165703393397289	16.0895
deb/9e818722edf71	2.4936628058376296	5.09725
de8/daf177244729f	2.6386106466094157	4.714125
de9/809310d9fda20	2.69923205403381	1.6115625
dea/8c19872cadfa2	2.7627670486456433	5.7975
deb/e87c9d16539ab	2.597208012338417	0.8554375
de8/7124a87bac79e	2.2222904634794154	5.822375
de9/bf784d245dc22	2.60128621003615	5.5115625
dea/0c59afec9bb15	3.1675655432696472	7.09075
deb/927fc666d749a	1.9601659803258604	1.5853125
de8/5f3b7cff4450e	2.709628721937413	4.9966875
de9/816296c4e03eb	3.360289818587656	7.4768125
dea/6bb5f7183fcd2	2.5127189570987225	5.087375
deb/855c77ae7602e	2.910648023732955	3.869625
de8/e989d39d675ca	3.3084324893689483	2.1965625
de9/9cf3b230d7528	2.8133447281653443	6.7064375
dea/6e972d90460f4	2.664212091057279	10.9016875
deb/bba243fb7f12d	2.310597117816075	1.206375
de8/0da86cedfa291	2.596703287037143	3.32475
de9/0178b1b931010	2.1970563718647815	1.111375
dea/81cabb3214f29	2.6866190277003787	6.18175
deb/5c07320502ef6	3.272573668717706	3.5664375
de8/805816e9e28c0	2.9868604067768914	6.80975
de9/c4133c33dd01d	3.2779923069333416	2.6776875
dea/14bf35846c920	1.2711015837192474	1.5630625
deb/52f42ab71a984	3.2275219979728567	5.17425
de8/1d2c4b6089739	2.9636726810194878	6.851875
de9/61d335256df00	2.509176354865422	2.537
dea/9c209a108085f	2.6418575438078906	5.78325
deb/550beff1d6955	1.971223740162028	1.1320625
de8/0a67ef2c2f544	3.4720856749623423	5.1689375
de9/04407e2ec5a9f	1.9515540780815464	2.9785625
dea/3854a3dea7a0f	3.1421183747374966	7.9258125
deb/3994febb699a2	3.479120362609258	9.866
de8/0e99c80d06b20	1.7586076974087863	3.1189375
de9/263bfe8478afb	2.926132253680719	10.1113125
dea/1336be03a32d8	2.759179478470783	3.133875
deb/73fa83e3c4da5	3.312036991212812	8.7824375
de8/6ab60e533d47c	1.7227293885963426	1.1614375
de9/67fecfd8a4c88	3.2423074382504953	7.868
dea/f3ca040446498	2.9274038156141637	2.59725
deb/24be875103554	2.5581434576601145	5.740875
de8/06d75ba1c9985	3.2240052825629157	2.20025
de9/c74e3cdab235e	3.120146035186328	8.59775
dea/deaabc42c667d	3.093417933410573	3.2200625
deb/b120478f645ad	3.181219314847644	3.9439375
de8/a1c0b4292148b	3.273542324330834	3.669875
de9/bee35e69cc90e	2.9074616716875994	11.336625
dea/b806584990b9d	2.560112160993887	5.7515
deb/3e83216931aef	3.1411568480509957	5.7975625
de8/6ea5e1146f989	2.761306537863337	2.357
de9/6abcdc1b01370	1.1938261796241822	2.203375
dea/7b41352fda4f6	3.233776010859909	8.157875
deb/2cc2d136d9a86	2.5301322774034625	8.580875
de8/3d54e00b8d6a6	2.8583115240446357	7.6170625
de9/b517989dcf721	3.3329040925088997	6.376
dea/bfbbf3e31b469	2.5464946020869315	5.691
deb/569e92fda1cbd	2.833426623013217	5.16325
de8/4c92685bab7ec	2.6515164885029137	10.133875
de9/d1341420ea621	2.613355971961352	3.6776875
dea/774cbb96e3c00	3.2042840428361847	2.9848125
deb/b8321559347b9	2.7269039009429688	6.1966875
de8/77f75d14f5f4a	3.242566786134207	10.6911875
de9/1c3df7a34ee75	2.341394309830491	2.243625
dea/cc971d4997792	3.383717565610018	12.6446875
deb/c40e00c6c6c93	3.0446068537313056	3.444875
de8/51486ea6c38b0	2.8571666954514963	2.582375
de9/ad0e519138545	2.6825066885333277	4.3426875
dea/fc553d7d18690	3.378366344566398	10.601875
deb/1a9f315d643d4	3.4386939913133845	15.406
de8/f3adb48bca01b	3.479211300807812	7.1551875
de9/d62a17e54713e	2.0461998754555317	2.8053125
dea/5fb7555c3461a	3.4109626384938663	1.8706875
deb/b9df5b0e178c9	2.932839019612935	3.20125
de8/b8aaa89635bc9	2.869853370590988	6.120625
de9/b278421bc2ae4	1.9211522112147723	0.781625
dea/22ed154e368bb	1.7908409718744638	1.425375
deb/7632b2e799fe3	2.6019012367183656	5.7438125
de8/572dbef312a39	2.98401868969486	5.2594375
de9/9d89cb58a6b22	2.7856242223916476	5.0736875
dea/b634c85e2ea16	3.4347597714479687	15.1599375
deb/fc67634ce10b7	2.925925262077712	7.8794375
de8/bae9526e485bb	2.9737346610329	6.4114375
de9/b3bb4ab49d3d1	3.2280082958366694	14.4289375
dea/0a7a006fc1835	2.7414358393654124	8.131375
deb/b557e6960d19a	3.102769242308064	2.262375
de8/7bd7fb75a6c53	2.6039221608978225	6.6259375
de9/3c506d2d86671	2.2860461735745763	1.353375
dea/c2de64be1fc7f	3.372436707162523	7.3378125
deb/2a15fa1aad5c0	3.3300970529303213	9.8923125
de8/bec9c04b07bb7	3.2014677664630162	13.72525
de9/628a0d36e9bc5	3.270946166056477	3.6554375
dea/491cabc0d851e	2.309742026255344	1.528
deb/1dea05474c75a	1.9371778152318722	1.2249375
de8/f735c3fc3fa1c	1.6599470203586844	3.175375
de9/a5b95bbb37109	2.4221248875029153	3.9440625
dea/a15233b600bab	3.2692747311572687	5.47125
deb/2c91e41cc7b9f	3.211527970773876	3.2060625
de8/23f016e7d665f	2.774760688952735	0.9603125
de9/e25c06292a8d9	2.9273356268006934	3.36025
dea/e6119c95d8927	3.3785613473629765	17.0226875
deb/da6d9e232f824	3.1918686682839326	2.6401875
de8/f330c907b34e7	3.390307601636915	7.649
de9/bd96e6b67f47e	2.6105570227293833	5.309875
dea/209e9b38cf243	3.1562790257654565	2.4005625
deb/033b204c85bbb	3.453089566783504	5.672125
de8/2b69a8f9c3dc5	3.19092727854387	6.6063125
de9/3dd680e45e245	2.9536907913034938	7.55
dea/a599f91f4e910	2.952608726103797	8.4474375
deb/9996da1bc2e65	2.476656817329691	2.7238125
de8/84773ec468898	2.990193160496355	2.431875
de9/82df3258d1dbe	2.479567391208017	3.525875
dea/7701b0026e6a0	2.946002908629719	2.5431875
deb/a280c2eb4f6f5	2.9978870687696273	5.11425
de8/fd38ffbbc4228	3.4355330202723113	7.7935625
de9/29643cd211675	3.0358827023967327	5.5273125
dea/0f1cc9a2052d4	3.3876302556063194	15.819875
deb/245f0ec71ff87	2.9109083407737124	4.0595
de8/4db8944f3a8d0	2.4087611232670936	4.4029375
de9/7e1465a8fb960	2.385609835733802	6.21925
dea/9162af0217766	1.0503697482007572	4.8045625
deb/f066bbfe9fe77	2.742056284618421	4.6680625
de8/97c9819779d32	2.492508632797469	3.024
de9/7203a9c94220f	3.027771759693246	5.79
dea/b36ef64c5a320	2.036376522591969	3.501625
deb/ab8a1eee73dc2	3.466506957369036	2.5894375
de8/64f237b6ced14	3.136538835867055	10.6013125
de9/248308daaa370	3.1064227070143935	11.9026875
dea/a771c3e646a07	3.2655448185455396	2.1146875
deb/27e6f469b0bad	2.719069397919781	1.364375
de8/2ec18bb8304db	2.7877833940377164	8.10375
de9/57fce3cebbe2e	3.414485709228476	6.521625
dea/9fea84156ba1f	3.0133885893919268	1.350125
deb/b7fbc7d92aecb	3.062239362900504	12.055375
de8/193c666cbe1af	2.920806222953036	3.7995625
de9/8c454253976b4	2.810488853530638	4.0601875
dea/b4a9a643ee673	2.4174642481463438	2.712125
deb/8a3650d6b277b	2.7521572340524907	2.11525
de8/ddd5919aec891	2.802467946389529	6.64925
de9/dae918300922d	3.127393162374057	2.3629375
dea/21cfd8ef28e49	3.153668347973508	3.161125
deb/b2fbb4652f298	3.2105967230627086	7.8790625
de8/e4a62cd44015b	3.0460229388138886	7.3178125
de9/f6e7623b5ff33	3.4173157417203464	4.9335625
dea/5b23d851087c7	3.3396900348088487	13.42
deb/26c08ac2e7234	3.2449610803161235	3.769625
de8/81ddf8c6a351a	3.0725220626357608	2.6059375
de9/156cdc5b073fc	3.219790450949193	3.534625
dea/0b0c7350b84c5	2.6982364345352225	3.25075
deb/ace113730a130	2.4643299244705315	3.9089375
de8/a217dac3cbe87	3.249633066053751	4.5051875
de9/16cfb62c76020	3.3471527025590277	7.2646875
dea/5bb744ee8f94f	3.140736698707725	6.7670625
deb/6016eca2d89ff	1.118382331671341	1.008875
de8/48769318a202d	3.158096687891204	1.1533125
de9/c8e8640df7c52	3.35922686662295	16.178875
dea/0d5262a838056	2.5736161958839263	2.019875
deb/3cdaa0628cf75	3.1456288572424547	1.7161875
de8/e29db7397dc80	3.3886001873981044	6.50125
de9/eed52144e8170	2.5006362797494104	8.7645625
dea/b2d87010acd69	2.923451671538396	1.8948125
deb/2740054721314	2.750816353075333	3.670125
de8/3daa20ea4c34e	3.4322998209052047	10.3659375
de9/702328a90829e	3.167970121536448	8.7908125
dea/4d1aa1eda5a38	3.2671837554659073	7.84175
deb/6c444b7807d38	3.321601861430646	4.800375
de8/e834610548c7f	1.9415193124467285	2.3576875
de9/5c5048183d027	2.4695934210260746	4.07375
dea/2bd461dab7222	3.5471606857692235	13.026125
deb/ffad2cbebda86	1.2191667045472656	1.974
de8/fd21f7fdd764d	2.554125824477088	8.4809375
de9/7ca963c0205d7	2.526085533269772	11.609375
dea/ab17c4f125335	2.670479595138556	6.5171875
deb/906963ad089c6	3.177106934130228	19.0080625
de8/87ff082eff1b3	2.680995686596386	7.8646875
de9/5a05ded9aeb5f	2.76393219926165	4.9450625
dea/7585228cc1609	3.3327267959327744	3.0303125
deb/3b7bd5a048c1e	2.848688320288953	2.9905
de8/6dcd8402c4683	3.1489273622615994	2.3908125
de9/f9a3670f74f43	2.029499177620778	1.737
dea/2ac3be2623e74	2.8461995855791673	3.821
deb/1db268e575624	3.0501039470480107	3.409
de8/97cebde2614ec	2.5943616824652467	1.8736875
de9/4bfc9325a11fe	3.2876105986171544	12.60175
dea/7a892a531d2a7	2.1410550013736436	2.3545625
deb/73f609dcf7cfd	1.9869318495639323	2.116875
de8/c1fa3042f283f	2.9397369805751863	4.585
de9/5d378dffba3be	2.2242980110037154	2.058875
dea/72a85f913424e	3.5193405956253234	13.01875
deb/077579b7bd9eb	3.2866505218027493	9.4655
de8/7b15efc714d4d	2.0604141634157167	3.989875
de9/165eb11f49690	3.348981590862419	8.759
dea/010d6ca03a024	3.405025699402188	13.191625
deb/53784b8212326	1.75722950074346	3.3505
de8/f9782043c5745	1.4066371066005388	1.88275
de9/fc367adea350b	2.114229290111797	4.378125
dea/a26092f2b23fb	1.7553303377211618	1.2771875
deb/8270db61a3c6f	2.5365865515819306	5.1090625
de8/b2a2eef256585	2.36727361639471	1.779
de9/a559d338ad3f7	2.928710857119687	2.5388125
dea/5d76dc4ca6bc9	2.8473026767553624	11.0265
deb/2919ff26d25e0	3.30925412552597	16.311
de8/326b7a0a9d123	3.0667212891447324	5.578875
de9/f303d23dd9270	2.974648172508757	5.5264375
dea/f3acf0fb48479	2.0677984327586714	1.008625
deb/4d03e7b722760	3.302309001905789	7.4155
de8/9fbc93aa8319e	1.9922557647779062	1.54375
de9/11ef40de36512	2.820218112117421	3.35225
dea/fc02fddc58abc	3.248153009406745	7.4654375
deb/3b0ec2c381c6d	3.2608142602900876	9.0755
de8/870d9eb096b0f	3.3873702813467843	19.0275625
de9/bea6f8b474178	2.8408640926679376	6.6110625
dea/857cb571ccca4	2.926284632444579	3.0789375
deb/5cb41475450ed	3.4145350600659246	7.70525
de8/95965c05649b3	2.4804335167918947	10.1875
de9/b04355ec8e1d9	2.943501545056337	4.4258125
dea/e34fdcfd98c12	2.8749855149081127	19.1138125
deb/710a22d7ed9d1	2.7946023209396915	10.373625
de8/b0c2afcfe5f56	2.7477426758032277	4.153625
de9/bfe92f0d2008a	3.386662757505082	3.7655625
dea/be9606dddf59f	3.2157276494277007	16.607
deb/bb4aa90137754	3.194714507390444	6.447375
de8/6435b94d2d110	2.624259152115698	9.0835
de9/fcc505deaddc3	3.17285959483644	6.3514375
dea/1529bbbf9b9d1	3.1164807056326103	4.936
deb/023535d700177	3.374299217340011	5.0990625
de8/3f7fedaa79ca8	2.758337109937575	1.22525
de9/e7347fd0dc904	3.3306446380018997	6.8290625
dea/3f73f2e98f946	2.9884490476430594	5.9201875
deb/ca3c99bc427e3	3.1712184854175267	9.27425
de8/d9e27ad5cc23a	3.40246614188655	6.8330625
de9/8b5a48ff1857e	1.2721860365372404	2.2715625
dea/9edda7a8f7bc2	2.452339646088278	9.2816875
deb/59196026abe67	3.3912840017869916	13.418125
de8/d051617f360ac	2.1562470004077285	3.490375
de9/f5d961a68e195	2.916530951989899	10.118625
dea/134650b42b220	1.5431186510735586	11.8168125
deb/b39a82651c121	3.3802666105012142	8.6234375
de8/b5706cd2f614e	3.139534678088482	3.240375
de9/9a527279e8cc8	2.781503298905108	6.077625
dea/85316e1d29dba	1.7339110511722045	4.1406875
deb/435b499911088	1.322492824319273	3.8408125
de8/25e1b17b720ef	1.8949620901423443	2.8359375
de9/207a99f8b9a65	3.4229743499109655	14.0976875
dea/400988401d1ab	3.521211238310863	8.4491875
deb/d3e99de40fac2	1.2736742440129993	2.593625
de8/bd5b410ca1fdb	3.187932940348653	4.7304375
de9/6f9b57ddc9aa1	2.650325726063591	29.973875
dea/82d1843c5dd85	3.1673448272482037	7.513125
deb/668e08a69d19b	1.9088412682717595	9.1025625
de8/fe2f4999cb859	3.2433225102670846	9.5743125
de9/fbe7fce7d2476	2.4967366594022278	8.317375
dea/9fc310125754c	2.8519334237269542	1.5385625
deb/674bb7b307f88	3.146444429729692	3.0784375
de8/09c9e7a6d6a27	3.0343153802921075	5.419625
de9/8eb737c26a811	2.695657511224862	4.420875
dea/77364689bb7d0	2.5504423902349105	2.0145
deb/47bea34843e78	2.7943394806516118	4.6450625
de8/7d47d3891f79b	2.896245465654001	5.2435625
de9/726a83cf42858	3.2351654972993	6.7329375
dea/ac061bd8a9ed3	3.3243008330613004	2.9326875
deb/6c257de7d5de2	2.1839036577923907	0.9750625
de8/791e711bc2dc0	1.7050916943042502	7.01
de9/7354c4b1fca35	3.1991752556773	8.884375
dea/ccd64e1244a89	2.235654053442406	5.4776875
deb/0e3e1138e31bc	3.2276086923955702	3.3953125
de8/8cf5126f7b577	3.1746438872606904	2.41025
de9/e33277d33cb43	2.5633593708945397	4.0178125
dea/364463b8462f8	1.7557772887194116	2.767375
deb/03761a570e91c	3.0985407061795507	6.56525
de8/7c1d5e943014f	3.103141309611043	6.901375
de9/06031ebc8f31a	2.9645806850054273	4.5355625
dea/177b40e186c21	1.1106156774025477	1.2504375
deb/9f95cf3cda2e9	3.3332632021000284	10.0775
de8/85c4a8e846d33	3.397229975212374	12.0061875
de9/3b2e19dbf5234	3.201724139689205	4.9348125
dea/81cb5c5895dc1	3.094018404879089	13.6021875
deb/0422145d8da81	3.230701695877283	7.8075
de8/ed6615d89ee78	3.28720896884842	5.4898125
de9/2210114f04326	3.053643835360868	8.07
dea/c81f51a7f9de0	3.202604594645279	5.0268125
deb/1922912e3307b	2.525212860276785	5.2011875
de8/248d0e2c4eb4c	2.1883475565275683	1.8316875
de9/10949fd678acc	3.536783811727988	11.5093125
dea/6aa8835624cbc	1.0993699457891566	1.489125
deb/de6bb787c3070	2.3625292009523284	5.068
de8/b8fbab5536b5e	2.940342079543119	4.927625
de9/532b43df3988d	2.428434182473442	5.5745625
dea/36aa244062b9a	2.769219349759097	8.2033125
deb/29e9f66dc8f75	2.283160215672445	4.4141875
de8/62920d09c90aa	2.0858051409839433	2.9731875
de9/2e4c2216db1df	2.177547232356644	1.3244375
dea/e2bac9acd4337	2.571656282559088	2.502875
deb/09919796dd619	2.587767921959558	12.0809375
de8/ca90197804446	3.2123746451961592	4.396625
de9/27cd978fc7b25	2.3934632580930875	2.202875
dea/fa7bc483445d4	3.3222709698551944	8.7733125
deb/5f50de28b6adc	2.6180959212946004	2.093875
de8/a50ad793cff8a	1.528597792440077	1.0193125
de9/a4abccef8e641	2.30405319602216	4.239
dea/97d8e6d543380	2.288667940240831	5.4986875
deb/df500a353b377	3.1702931350189196	6.994625
de8/3f150afc84470	3.0926240791746222	13.4728125
de9/9a2cc4aee7411	3.12481300668118	1.2734375
dea/bfaebb2c7047a	1.6653643332851105	1.4991875
deb/9e42f6dc569c2	2.9962221254990955	8.2454375
de8/a1a43b05cb9a3	2.6067870318464688	2.13925
de9/79ef2e94ea677	3.052165800003942	5.0175
dea/7572c9fb837a9	2.695499966072692	6.2705
deb/3f404379277e2	3.176779690221616	7.8965625
de8/737d4cc8a224a	3.4546835334562584	12.6371875
de9/ce1d20d4a88e6	1.682401429082889	2.633375
dea/5498e5de389ef	3.1991022378975407	5.862
deb/0ef41c3933d85	2.843422635277844	1.73275
de8/1f3ef6d7d1fd3	3.0035241823781016	27.161625
de9/63a1d533c2222	2.432951210012948	7.3936875
dea/30abac8909839	3.269638460369798	3.011375
deb/e182ffb1d368e	1.0541405373687627	2.7643125
de8/2dd76fa840253	3.0604712613755476	10.460125
de9/0f5eab98a38f3	3.178014340701767	10.7576875
dea/5726fcae0f47d	3.12899686869562	3.618
deb/ebd2e42d69d27	2.1996472695732914	3.2638125
de8/be39c37d5fa0e	3.3650715324399854	11.3029375
de9/f297866ef292b	2.382828982596562	6.2213125
dea/8d514b8e1da33	3.1352294820928313	11.2258125
deb/d6bb316f87642	2.3627399489980934	3.84375
de8/bf8f808672e70	3.530606207227113	11.367125
de9/5223790afc3b2	2.149096867582518	5.94325
dea/d53852ebe679b	3.3067763692295067	5.807
deb/aa9091e7197d9	2.3594365800830617	5.553
de8/04f5e9a795c63	3.6295823412243813	8.09875
de9/45d439b019e38	1.9120080857646915	3.7448125
dea/2369640a7b970	2.5509872549077772	9.9405
deb/b82235c2890de	2.3632550094987357	13.9979375
de8/3bf70bdb0b591	3.3548631693613795	7.9929375
de9/92a2028563868	3.191843414080819	5.1900625
dea/5be4fdf637e16	2.098784711680106	3.306875
deb/68c5b72bf778a	3.467754420831583	6.7493125
de8/7b8f9e897d4c2	3.2771534028181386	9.4714375
de9/e096b238a5478	2.808323299504166	2.30775
dea/800be4c24899c	3.1020265592939005	6.6576875
deb/ebc895da24fa6	2.324644744217301	6.3700625
de8/e3eb57315ba20	2.9060547864773003	4.82025
de9/dd83a564c0e19	3.234330826573334	12.898625
dea/ac325099dac4c	3.408794938662897	5.546625
deb/fc7fd973e03b4	2.329325484809731	2.447375
de8/df0f9a2d083f2	2.9042983095210264	5.655375
de9/806c2c68aceae	2.9921354765482624	2.9793125
dea/2de51930653c7	2.668198252957264	2.6071875
deb/9037d987cff31	2.8918257122483335	4.0875
de8/4aad57767386b	3.270988673690799	4.8135625
de9/ae36507845ecd	2.7540122260942894	8.3883125
dea/790db8a4ad473	2.982192730991396	11.6061875
deb/fc798ad5deefc	3.2066591325422924	4.695875
de8/5f4ae69441d77	3.3853561942489097	10.49325
de9/caea729f1db4f	3.0390468260343586	6.231875
dea/6206a1790788d	2.758296703198498	1.906875
deb/e0df2f89960e1	3.4327233597534432	7.1965625
de8/bb49aa951d5d9	1.8136511465129639	2.042625
de9/09881c30131f4	3.29706568628572	9.9565625
dea/4a73f84c15c3f	2.787135954489866	5.0913125
deb/c45a260841618	2.6952447752265205	1.1019375
de8/76247dfff0d29	3.288080474761794	9.8590625
de9/45fb3f5fbc27e	2.698892701767526	2.4023125
dea/6ba57427008f3	2.341989626664108	5.6773125
deb/c5585d1b20e22	3.289073786611594	4.977625
de8/2b92c0de0ae92	2.3322595563214117	1.4659375
de9/93352f486d1b2	2.9626351889886577	11.1748125
dea/203b175c07d22	3.1458519139802132	9.040625
deb/6f8ac418ad329	3.2799435842417384	26.2240625
de8/bef60ccc5a093	3.3711236307912755	4.9043125
de9/fad5202c19590	3.108208771922943	3.231875
dea/529faf5a662e6	1.4947965321463952	0.6321875
deb/d5eabb0c73d74	3.3654656682655655	6.033
de8/e75899ad184f1	2.7460799641218845	4.73275
de9/b467dfc0e04af	3.405199920211908	2.953875
dea/38b3419f6c96b	3.3438401185747995	14.2010625
deb/f82c4f17431a7	3.4213757835600145	2.7129375
de8/9f786474fca79	3.443874531684793	5.288125
de9/6d6e697401a23	1.93584974641757	1.2498125
dea/783f999e4f5f1	3.2379722130710347	10.0138125
deb/28c1dbfc499fb	3.0097855637313695	6.334625
de8/4da53b7e41436	1.9596062102255696	1.9886875
de9/ad9142f436f6e	2.8679453183575716	8.24575
dea/d9f138214f6b1	1.098948865345984	1.8265625
deb/29c4c2d0cc52b	3.143287544710418	4.0870625
de8/103e050ba54f2	2.859212670418359	3.053375
de9/2a903bee3022f	3.3474461637247117	5.67525
dea/200b81ebfac54	2.638583604394019	3.4293125
deb/57cc59f95ac05	2.9210413096921823	4.201625
de8/a43c601177d75	2.897782937024279	5.3159375
de9/8cf6b22dd22e4	3.4214206181337126	5.3573125
dea/7a567e948245d	1.394014667824273	0.7203125
deb/cbb0ae43071ee	2.9942340696410836	2.1495
de8/77e2519d299f0	2.0521483174042796	5.91725
de9/64179cc3a324c	1.9081521310170566	2.5958125
dea/7bf792f6ae006	1.6595869796454856	3.1473125
deb/3c37f6061635b	2.462135871656398	3.0488125
de8/93ab6bf4221eb	1.8186304534702789	1.4418125
de9/3cd8e0515016f	3.1035071068123745	2.8950625
dea/561fbd503f202	3.408799956148577	6.60325
deb/30fa033792303	2.9926956359671935	6.2028125
de8/e49fbe5e336c2	2.1454551904405115	6.0768125
de9/204b3cb97ccc9	2.980798058331821	7.3675
dea/4dfe739acfd65	3.072948879284557	8.2424375
deb/6ebce1885ea90	3.185200965121262	3.28825
de8/914c05f292e76	3.2857655498638154	10.7685
de9/4822f2b330059	2.9709644880127373	5.37925
dea/f56e696616e1b	2.8849167525980994	4.4294375
deb/76341e91b6e66	1.0716237261342503	2.9820625
de8/2cb63011dddeb	2.758944439686662	6.8901875
de9/70b3f9533a022	3.1799263334721197	1.5225
dea/7a1f15b20d4bb	3.2525483691061234	15.3181875
deb/bef50134324b6	2.3866677283945608	12.670125
de8/f5bb2da717fb8	2.4787504080116434	1.10525
de9/5f5bdb09c7310	2.8458809551728232	12.5354375
dea/3c301b56cfaf0	2.775709441057026	12.301625
deb/0745bac19cafc	3.481104943270961	14.4831875
de8/56fea58d52101	3.2366058947310816	4.0228125
de9/ae87df14ea21c	1.707741718573572	1.5374375
dea/8ec906882acce	2.1219605897758	17.834125
deb/d1a2268a2513a	2.5983053341562874	4.95725
de8/967c005d1ddb1	2.5588971954339987	14.331875
de9/f522554bc7916	3.309559347105291	7.3129375
dea/6d80f11f311d2	2.0713352774411042	4.3486875
deb/0c329e8c9778a	3.132109519996314	8.3208125
de8/50a72e8595344	3.073847661947307	6.003
de9/eae801193d11c	3.0128297971297973	22.359
dea/a6d08d2a2be1c	3.459232774128379	6.4644375
deb/6516cf7e12497	2.211586919651342	1.934125
de8/9899577fc6ff6	3.0635956071211337	6.1615
de9/037f4aedf378d	3.160694159910626	2.707375
dea/67220ca594e11	2.439267467377933	5.7140625
deb/839bdf7a70e2f	2.073790785308343	8.3538125
de8/ef6a86b650f80	3.0949323740660977	4.1539375
de9/af5f7bcead402	3.0024780512041422	4.105
dea/500f1113a9793	1.6015404283733734	7.330375
deb/83ab5b6f5d97d	2.0359174270170683	4.621375
de8/fba87d081d692	3.2674808655474257	2.4049375
de9/4bba8b5c6f68b	3.194551086138513	5.0985
dea/d5086b1c91619	3.4920151269434028	11.467375
deb/ec156512566c4	2.543881377209957	2.193
de8/57e9f0606c968	2.977150162569432	5.577125
de9/801d66e2784c1	2.9072889561773727	10.5186875
dea/82ae0ded883f7	2.331493096972833	2.264375
deb/463d61663edfc	2.8918430285250416	7.883875
de8/bbb0d31f4e34a	2.648147926003158	6.622875
de9/62adf02b6917b	3.117532376300172	4.7616875
dea/beb43ba464922	1.9885338226984786	2.903
deb/e705a26d9b33f	2.7040166541648425	4.8596875
de8/db45c38f13863	3.396723040937838	7.4244375
de9/3a8bbb519bba5	1.6681575926140955	1.7933125
dea/41eefaa35cc3c	2.732033927070596	3.187875
deb/5b325796aec1f	3.279686354539959	8.233125
de8/856412348e0d4	2.8051794991620973	2.9736875
de9/e716314b91e1b	2.413019579876136	3.2695625
dea/a784163fe6df8	3.1546051575064915	15.714125
deb/04cb629d48c2a	3.1229968998504805	10.916875
de8/85753a2ec9ae3	3.270950464873291	5.5109375
de9/4eaf83285cc68	3.0987734435366825	9.1545
dea/3bd18022f09e0	3.198377359519285	4.7599375
deb/685df091098bb	1.9085557264180635	3.8995
de8/f16bb2836c8b3	3.0872185109732775	6.0961875
de9/2b51fa8ef900c	2.6119733738492603	1.8595
dea/22282acdbbf79	3.177309292851779	4.6885
deb/04e1f7190a98e	2.767601240825115	2.346
de8/6b17b35e79c69	1.925101901462006	3.031625
de9/6a5494453fc4b	2.738174005048227	8.5569375
dea/9d40e1f6d5344	3.1069055116787516	3.2495
deb/80b0255b511c7	3.0458849988917875	5.9383125
de8/41f6ea375bcde	2.3277145931049685	3.0779375
de9/e8bd77018a8cb	3.0802656754514772	8.736
dea/118db669b13bb	3.0626804562973975	11.5820625
deb/72dd7917fac95	2.6482450899491816	7.72925
de8/508705e482db2	2.8852304887601883	3.75025
de9/ea63f6a8ce066	3.381731671358577	11.26475
dea/ac8e940a3e0ec	3.1819693570649408	5.8130625
deb/52dc7a9646e22	3.3872780525925332	3.4438125
de8/f52ac58e57df4	2.643011949461738	19.677625
de9/d4cab5b2d6a48	2.916111990552276	2.7155
dea/7f207211f9e81	2.2595124205501596	7.5715625
deb/07f8a63206973	2.802814826641621	2.70275
de8/ff4bd758d81e2	2.4846986832297002	2.3035
de9/c6a65882b63bb	1.8843677969638286	3.9373125
dea/23aa7ad4e4219	2.9678400466878165	4.4180625
deb/e3b7266ab44fd	3.1407913451273735	13.592625
de8/313864fa9b10f	2.8434965199775286	4.999625
de9/3605b7a284a73	2.9276808485199917	8.405125
dea/b35a5a1a47d30	2.180693315538204	6.5114375
deb/ae0471dda57bc	3.271106694699768	9.086125
de8/b888dbda8d390	2.2113459334034187	10.3939375
de9/bd16e8d8b5e57	1.2278743251866913	1.4174375
dea/330d1717cfe01	2.442611662789533	3.6484375
deb/26a88f1858985	3.492900076325377	10.776125
de8/731b27959010b	3.0020089654906483	4.6153125
de9/3c3955910d825	2.973502700179507	2.97975
dea/f1da97a157207	3.411279493477116	8.5851875
deb/93f95902e2d55	3.419627691271259	5.4501875
de8/fd1d9aa9b4eb4	3.2190528111766272	10.8516875
de9/ddf6322721e3e	3.129445817475677	6.264625
dea/09097df2a7184	2.803980498079256	2.9279375
deb/71ae3917e4723	2.6059521852993983	4.2565625
de8/4a216d80d13d9	2.7071240913948706	3.0555625
de9/a5fb47a9637d3	2.733094069669608	2.8150625
dea/e7b4bc667369f	1.9709811710548795	4.09375
deb/ec576b0cd75db	1.7781598455431464	1.74625
de8/f886c0d6865d0	1.1026572016199718	3.1853125
de9/468bdad212f50	2.4248506175626217	2.9581875
dea/1590092c6bea1	2.1760194551712404	0.912625
deb/8ddc7279d5972	1.9952370880575891	0.76925
de8/8df04c96abe17	3.197801936616093	2.455125
de9/b5936daf19828	2.434581791874539	2.3256875
dea/ec4134d1a1ca6	3.0888542173586035	1.3209375
deb/cba0444b32ac2	2.6017862552284643	4.681375
de8/513a5f5e29444	3.426370912846561	19.3216875
de9/b72b013a8d009	2.1499432452653857	5.187125
dea/3c60b8c1b0985	1.3916533553733033	2.86875
deb/0e3cd38bc0537	3.0742316176243056	5.50875
de8/219c4c981f8e8	2.8593394323296777	2.304875
de9/ee8964be72c2c	3.0530960414892534	21.774
dea/cec814660b423	3.2489642278105815	22.970375
deb/23488b90b3b31	3.2557491136597725	5.1731875
de8/5fb127b0db0f5	3.455713851759735	11.1875625
de9/4ee0264577278	3.430123625724206	6.794125
dea/fde11717e5c4f	3.3668427032511032	2.4278125
deb/fcb33d35741d2	3.1967475742499616	1.682375
de8/c86e062a6f3ba	3.137597621132667	10.292125
de9/5408305b3c427	3.292726985947451	7.4006875
dea/7e766a3b8a3c7	2.7814738326488637	11.235375
deb/090968786e588	1.7568241087757008	0.9126875
de8/eb36a793520c7	2.908612696266884	3.3896875
de9/7416e3652d969	2.4413443917458237	6.9891875
dea/76b7d08ec3598	3.424963205694361	21.2141875
deb/94242b27538c2	2.199796723685592	1.0335625
de8/e017caecc20ec	2.6297082354092223	3.163875
de9/e5bc50a4a6c0e	3.2741350216188407	7.8946875
dea/ef7d42dea9400	1.1459468308893916	0.8644375
deb/438c930fe58ca	1.9697426677780745	1.0085
de8/5d729c3ceeb99	2.9233344965690407	2.7851875
de9/9d4df39f65886	2.8182048441490632	2.76225
dea/6eef36fb8a76d	2.800536584089205	1.5861875
deb/4c614b61b800e	3.3648425762743557	10.9813125
de8/21d0e584e45c3	1.6131981455558135	1.96975
de9/d1bedc8fc2903	1.8324633361053255	3.1268125
dea/6c9f7885a4bff	2.786655676191139	4.3981875
deb/bc220bfca5b6a	3.446039372391636	3.9975
de8/dfc2d508f5ff6	2.187364430379733	3.849875
de9/6058c669374d2	3.122783196381231	2.1475625
dea/d750fecc8042b	3.3557259825868733	8.02925
deb/6ab2abd56b0a0	3.02706883880457	6.68925
de8/a1187bc10e45b	3.2251785796973933	8.1370625
de9/b2a4864630f57	3.2340655414858537	5.59225
dea/b0bdfd56c1dfd	2.6292205940207434	11.62175
deb/e8f2ab968d4f0	3.333507419458973	3.513625
de8/19656533b4fdd	3.378203177509682	13.672125
de9/bd0ef670cda39	1.0873384726291389	2.67475
dea/a3299e6d4cd74	1.3047049342694548	1.7058125
deb/68b1159b7b27b	2.624974886247469	4.0265625
de8/121f4da73fcda	1.1121192062492407	2.253625
de9/8c7b7ba57d51f	3.1052484549572106	3.085
dea/7426418097370	2.8298986578959764	9.358375
deb/4aa2aa3680361	3.2152426732189108	9.06175
de8/3baa0f7299079	3.309711288469129	6.35975
de9/46721b52304c8	2.2792739779759907	4.8266875
dea/e3f402f91ff8f	3.222889039108539	4.581625
deb/00a83ae53ec17	2.7860250408129015	1.3983125
de8/9fc806e6cdec5	3.4007100549675098	3.0770625
de9/a08de7b875050	2.1094687007040993	2.699625
dea/0d526b9657f6e	3.164604980819	4.2853125
deb/2058c779f7f28	3.129639839747753	3.6205625
de8/869571ec39356	3.297082035962409	4.140625
de9/934f7f10ba974	1.7972875501867087	4.4424375
dea/287bea4ef3782	1.1087056190237414	0.7685625
deb/0fafe324ab661	3.36291365186407	12.881625
de8/5bfc87fa0a70f	2.646324448631683	5.4008125
de9/58d06d39bc956	2.8209858578075373	3.32825
dea/ad9848d9820ac	2.8464777422212943	3.7039375
deb/62617d4a9bc32	2.3607631645194878	3.985625
de8/58254807ad333	2.9438869737308515	15.81175
de9/0de9196312d3b	3.0049982081951656	2.5175625
dea/1a70e0e379b58	3.28479659067134	3.4154375
deb/6a8ca1f918792	3.2766100373572655	4.44275
de8/26e240ef9dbbc	2.868365517842402	5.09475
de9/0fdb9e2b72abb	3.382640934848769	9.059875
dea/c0d005858e77c	2.535814407585157	3.494125
deb/1dfe15a73c2af	3.3294056479586414	3.3841875
de8/130636bb5b856	2.2623812063928215	1.9333125
de9/4b5e26924d8df	3.2367467771371894	9.089
dea/4f5f960b98a9d	3.341226577442793	6.5269375
deb/312d08944d05b	3.2261947554632617	3.40125
de8/2a7a011c4546a	3.0325442270069694	8.5684375
de9/f8ab2a779d970	3.014892129076308	5.1441875
dea/c522fd998be44	2.43213943915063	2.836875
deb/a8b9f2bea8f29	1.2575902314254161	1.393
de8/a4b08e773ed3f	3.2659686829991137	4.702875
de9/b3919d5d1cda1	1.1170294352910408	0.624125
dea/23b622fecd22a	2.643390283545279	8.2646875
deb/5072e289750e4	2.6938822913500498	1.4284375
de8/0f6d418f5cb04	2.0985698626077034	4.402125
de9/095710087f1c5	3.2142589845655722	2.270375
dea/e1c4f30e418e2	3.213410842399753	8.01775
deb/6ae22b8a7a937	2.8571472644151488	2.8610625
de8/68dc672aea752	3.140935794335024	8.01825
de9/a04d6a7f51145	1.4228250305981853	0.816375
dea/8ae17c41f3fc8	2.5859443217699827	2.0769375
deb/63d453bb20bef	2.8513889822731513	7.4964375
de8/5e7fde4d74279	2.8300252228525338	2.885375
de9/acc426501f7b3	2.77618554039409	1.8134375
dea/3d34afbef2945	3.427180406998231	8.4406875
deb/e1b38b16e5925	2.52953079313489	8.824375
de8/d6bd6d0279d5c	2.029945249639071	3.14775
de9/6013ab4ea4746	2.9106621384377562	3.6973125
dea/f5ee3a1ecf7cf	3.1642239556265	9.5688125
deb/e7b680b08937c	3.463386049720756	8.54125
de8/74d0d8bcaa6be	3.1200854826565605	5.7768125
de9/839092cb87fda	2.9707830220083644	7.1053125
dea/87cdde36975e0	3.378168874538965	6.75875
deb/7478271f82e99	3.2977494270954133	6.8570625
de8/1e8f3a4f06643	2.343729455178925	3.975875
de9/123ab83f8c91f	2.3600763193295657	1.14525
dea/f741bc13a441f	3.023158431604629	5.444125
deb/f5e01598ac665	3.0993929470894375	5.0999375
de8/5c40b7157ef63	3.300353388575062	9.3871875
de9/b44089dad927b	2.6243196907830324	4.4665625
dea/6b3c66ff79da1	2.9155251018364234	1.3713125
deb/781b6bfe679a8	2.775742082673521	1.664625
de8/84ff11c4b363d	2.7846601005565828	1.75275
de9/cf98544095f76	3.4155696353141294	7.766875
dea/2e324eb11b4b2	2.8503064748270606	6.5100625
deb/784633057d2ca	3.0859403818611693	2.9919375
de8/1ab0586617727	3.1164734065111364	11.4984375
de9/c61e8123d8eea	2.8485534357936504	3.9235
dea/5dfc9755c4273	1.5161464106521525	1.507
deb/2f1fe833131b0	2.4848361324222235	1.8826875
de8/11336ecf2b633	2.8456051040219705	1.4750625
de9/211155b19aad1	2.87508789692807	2.3975
dea/28ca7b5974ebd	2.6406618709125618	4.682125
deb/944386b3991e5	3.25878501815914	4.725875
de8/0e85c15b85202	2.6720338355725928	6.7291875
de9/a9f0274e3d231	2.6508016838805215	2.7833125
dea/843d68bd52541	1.1008214380222472	1.44825
deb/6b399176bfe45	2.700675175825373	6.857375
de8/65a1cc67e9d1f	3.1022234886206945	4.5025
de9/5c8289bcff9ea	3.2262525404592433	7.4055625
dea/86dd0a2faa45c	1.1676220171971305	1.1250625
deb/d55aecbc8dcde	2.976865365288615	13.9654375
de8/4c0ba3a82a522	2.768747146017331	22.80925
de9/7cb10092bb611	3.4170661352597747	6.3800625
dea/3a4cab8d0bf30	2.937300093766817	6.939125
deb/b5c55d67291c0	3.1958318978090774	5.141375
de8/ae53a1b8ff350	2.5598893575761825	7.749875
de9/38c265216b610	2.9436776493173573	3.5294375
dea/6ffef8fbfc37f	2.6783402433900925	5.38525
deb/f172bb4a92a8a	3.0110078665395545	10.1315625
de8/f2c53c0c0591c	3.4026193517166563	10.33925
de9/48a2da2d717c9	2.2488638181393283	1.0811875
dea/50df1337613d0	3.385863700087672	6.953375
deb/1dba8669cc78f	2.9529632294443897	9.7043125
de8/0151d9643c473	1.931696142287791	1.5855625
de9/609c6e8f58af3	2.822964630282523	9.657
dea/76f41500b460b	2.2641403033525127	5.43975
deb/476bc18ae6796	2.2468679150677433	2.883875
de8/e769c521249e8	2.485406609315468	5.250375
de9/abdf4539a655b	3.2549142688970036	8.1725
dea/c0e03b86c362c	2.9062308550390332	4.6308125
deb/b27f69dd0c3ba	3.0964739483206176	3.2223125
de8/2310720eb383f	2.9584829732557885	6.268625
de9/fc4f82f02da28	3.0510918155452083	7.96025
dea/7271d959aed77	2.6865476810310174	4.972875
deb/6c41088179b9e	3.178123306204025	2.615375
de8/199e364272e95	3.2027410114892887	9.75025
de9/e1713900335e2	3.1260982101767145	8.340625
dea/2e6619d2f66e4	2.565539545850982	5.15425
deb/0cd8bf28b3b0a	2.773818741586674	5.7956875
de8/286c562851564	2.9146285435111943	8.0464375
de9/64ab82e5c0ab6	3.0190615804417775	4.5688125
dea/2d5a2e6d65e1b	3.2426352447469426	6.25575
deb/9d1c248a0b476	2.666117228630401	4.3938125
de8/69b0de5bbb06a	2.987983183853344	23.19175
de9/09a590a427784	3.5254023781999067	7.7369375
dea/46754bfd70cf5	2.475462785662917	7.3049375
deb/1cb9aa03c9e95	2.884161430285862	2.2203125
de8/7753ced8d9e5c	2.7387025016409976	2.4526875
de9/09af5482f895e	2.359404602459314	1.0090625
dea/4a7486dc0d71a	2.805061080923125	5.3166875
deb/bb905b4d60bef	2.246273088175665	2.722375
de8/c9b7fcf83ead6	2.0292034880801326	6.6575625
de9/f4b3fb206e11e	3.240817310398684	13.032625
dea/24fb68e38847f	2.842526960483172	7.61775
deb/50203c06b32df	1.7008540351532824	4.2040625
de8/33237e9edca25	3.451883245665262	7.174125
de9/125879ae3c783	3.0365839568329944	2.03675
dea/d4060dbd115df	2.172577847503525	1.0566875
deb/99bc475fb9846	3.1691062744905536	9.644
de8/b3b3c5e1dcab0	3.223127473124427	6.814875
de9/fde65bad494ad	3.316012115309252	4.87625
dea/ed6ee556755f5	2.9620388306992544	3.091375
deb/eeb68e49b72f1	2.4137692880950286	24.622375
de8/ff8bdfb8cca13	3.2441000972848535	5.772875
de9/55e417e7715c3	1.2437878391624675	2.114375
dea/efa276ca3c9ce	3.2941537474434024	5.446125
deb/99ddf36852059	3.278248559561174	11.1161875
de8/f4398672efee6	2.9823691542112845	7.0939375
de9/2ec23530330f3	2.754784990709379	2.6675
dea/0e3c4b04af0fd	3.34842114350184	21.189875
deb/c832423684cfa	2.586556925747076	2.7435625
de8/8fef4806db91c	2.505055920035108	7.1278125
de9/09922acb7d8ad	1.689270608910316	1.4899375
dea/16631e4145c7b	2.6536530973817336	3.0938125
deb/cc1bd326cb60b	1.78122859169594	1.809875
de8/33db2ee500e29	1.202816797535286	0.7684375
de9/ac221f1dbb87e	2.728603339480977	1.154
dea/4436f39f075e7	3.234852759524095	7.8784375
deb/2c5605226a73e	3.093332050326599	4.448
de8/165b3dc5c7caf	2.7743509294279227	7.112125
de9/951ac8d708a95	3.3769926493181486	4.310625
dea/8061be0b74f9a	1.6747177328493261	2.0230625
deb/129f249367ed6	2.381981676689249	3.5729375
de8/dcff8086318ba	2.2719271129086023	5.6891875
de9/1ba84574bfff7	3.320708980285224	7.1208125
dea/e11b9bcdf547d	3.3004261111055357	3.70275
deb/d9e5b88d17dac	3.0763695435580116	13.4289375
de8/d4d7032fe12d8	1.1044293132655791	1.2016875
de9/8b5054b2c86f0	2.151078301266607	5.1696875
dea/d76bbfdf4327d	2.5228947485333433	2.404875
deb/3c3008fa107ca	2.717539203302228	4.185375
de8/cd61add1f75b5	2.5039313870107702	4.3144375
de9/d1b71b01fd255	2.334335361362724	3.9300625
dea/3d6b562fe437b	2.986102828637908	8.8011875
deb/071ff36d9cd5b	2.0566723072444737	0.91325
de8/c2961e96d5cc1	3.138843568053883	4.04975
de9/71be9512626c6	3.3430843521232156	2.2883125
dea/bbd96baa5dae9	3.3966255097050695	5.332375
deb/ad4682014c141	3.382069495335022	11.4346875
de8/c61e3afd1dd60	2.6117124819269866	3.2145
de9/b9d2322a8f069	3.1500778270387184	1.8774375
dea/fd0257324801e	3.3548851900920105	6.0505625
deb/bbac7eeb746e2	3.350401879511265	4.7204375
de8/b58aa7b9fd45d	3.01007271679251	2.3655625
de9/7588d93d29177	2.633759419237431	2.2563125
dea/ae6c89ffe120b	3.078780950249475	7.607625
deb/1534eab560dcb	2.93966495846047	11.62875
de8/b0a998829ad13	3.2313209175983397	7.278625
de9/aa028d48d2b0b	3.253568369028261	10.6385625
dea/06ebcb33d6b65	2.6341388440229525	5.473875
deb/e33461f2bfe4d	2.6187189065832968	2.0789375
de8/64876db5dc66c	2.2447801600386468	1.3465
de9/8345faffb4377	2.6710800844082394	11.55325
dea/545058ce30a06	1.3466830870580822	1.201
deb/3378e8e369d20	2.6320869212261275	4.6191875
de8/3aac014185a40	2.723076434150465	1.153375
de9/a92ee179cda9c	2.5985136353131106	1.7370625
dea/1c8255870bf6f	2.378827782194886	5.7878125
deb/d8d142e22b3d7	2.6743211187024696	2.07075
de8/da2d654b9a68a	2.090528169848876	4.746625
de9/6041678966587	2.887643364290352	3.4564375
dea/076c5ab8163dd	2.204093823474918	1.7278125
deb/518241bfa10df	2.131164232157332	1.8901875
de8/2f02ca5822ed7	2.6863615609555707	11.583625
de9/f2652f49c4d3b	2.875587878116685	2.7548125
dea/75ca27f4fbe74	3.021886628609714	2.154875
deb/a925be095fd1a	2.4554839868689933	8.3285625
de8/80fb121eff040	3.218794680867979	10.5990625
de9/56e9a5f2460f0	2.669506922791328	3.967125
dea/7ef307cf191ce	3.294512270387202	8.020875
deb/9aecf6033c936	3.0950912566398876	2.62175
de8/5c595bdff2479	2.7808878616467085	2.23225
de9/745b30368dd83	2.933128012866617	3.5615
dea/e2e76614ef07b	2.561516585634299	3.5325625
deb/b6c2abf97c9ee	1.8905086769431474	6.4430625
de8/4435f7b2deadc	3.234518327510576	1.808375
de9/88c1ec83d46a6	3.2844543215181425	7.0105625
dea/fd217f10f0a59	2.116284094827052	4.1421875
deb/3317772566cd7	2.9419323393213213	2.7033125
de8/29c5d56c1c519	2.550478638856015	4.38
de9/2e0184a43518a	3.2465271942280647	2.58625
dea/2a0bad0dfd674	3.112031093064471	4.2806875
deb/4123714b4408c	3.2726471328319477	3.5205
de8/b8f7937d4c791	3.1812053807955194	4.3904375
de9/33cd9eb96e5e7	2.1924230490424574	1.115125
dea/189c8580aaa59	2.694138476844679	2.49875
deb/b56b92763a9a7	2.8354021057045857	2.1576875
de8/7a40d5478ff6e	3.220076252118672	8.866625
de9/5ac8bc8b93a7b	2.6020881480342775	7.5404375
dea/63c6c92189a88	3.3719819183294666	4.9070625
deb/4232395acb11f	3.1351738295571945	3.8468125
de8/25bc3947feaae	2.8304541981780127	1.5698125
de9/288afbae5eb1b	3.1676151082103807	3.4315625
dea/13fa53290fd37	3.278416343001733	5.1299375
deb/9f3973e4f2627	1.9660393298335466	2.5756875
de8/c6fff58b78f2f	2.784998192243802	2.778125
de9/d9c4b1585b313	2.7101967569755363	19.1663125
dea/67621a10c4356	2.764873765521744	2.6383125
deb/74fbdc132dca2	2.9984937451650833	3.22275
de8/af37e560bba91	2.593368648024547	3.313875
de9/fec894c1c4771	3.2919776216274923	7.75625
dea/4b6170273a93f	3.1321678539877893	7.8568125
deb/ef40f7d4cd2c9	2.5920800685615037	2.04475
de8/b2ef322af6571	2.612616484704174	3.639625
de9/7092ce4ef18bb	3.198754189227864	10.2123125
dea/5cba1b9900d0f	2.226970102503993	13.979875
deb/2da975d45c244	3.281012517841341	9.481375
de8/37748f0c9a8e4	1.4458280467399314	0.7683125
de9/badfa374d1f80	2.707912057047873	4.1615
dea/cb7ba9df3e2fe	2.946133635745866	2.483875
deb/3c416eddc5fab	2.6672465388065842	4.6954375
de8/98bdb1f465baf	2.7820933263459726	4.52025
de9/903eb0e6fc245	3.286100084048644	7.063625
dea/b349cafbdf4cc	3.057814639569644	3.12425
deb/569304fd1f4d2	3.033445568115978	11.7439375
de8/865a8483e145b	2.1494245898573356	2.4353125
de9/fc9437ec05e9e	3.2926064882887833	7.812
dea/ce1d89c6cf53b	3.0029209923166804	7.809125
deb/53521229f1e2c	3.4653028169634768	14.5480625
de8/42a62a4f4dd6a	2.7882368141609666	3.2865
de9/b05f2c9684897	3.12621234951756	7.889125
dea/a38eb5d835ece	3.2448675751634126	2.480875
deb/f492d517b2a09	2.1973376041269304	2.182875
de8/8c418c0f4b263	2.79909042448907	4.644375
de9/cec84cd8c549f	2.83807887229151	8.654125
dea/31ec24118f1c7	3.102781748509507	7.3380625
deb/c1f4ce9f22f86	2.0172622773096474	5.4606875
de8/b723e61501f26	1.5839510088515159	1.32825
de9/dc646d7e98fe8	2.750873126391019	3.742125
dea/1e6c91980b9a0	2.9390494578547695	20.9366875
deb/029d1d15e0da5	1.082952532798169	3.12625
de8/6becdfece3d0f	2.683585878877455	2.864625
de9/f90ccbc00ddb1	2.79931057223238	1.280875
dea/addb5161d2937	3.0655121092656743	4.933375
deb/d806516f9529f	2.0842913572524213	6.057125
de8/bc9af36237e13	3.351578168180174	7.1041875
de9/35d2799e65782	3.451273069843674	7.4855
dea/491638ef339cd	2.632822135850994	1.9550625
deb/a9de2912f0c59	3.223190590257727	2.449875
de8/e42a954f88c01	2.767443341289652	9.5388125
de9/3ef6347c25019	2.373164041764036	2.0675
dea/465e4124a0fb4	2.133307494389109	4.4806875
deb/020c31799204e	1.7920537541771062	4.8894375
de8/1fe0f68b58755	3.2582190350158986	21.06325
de9/857f5f38238aa	3.2212913495033693	7.569625
dea/3989ff15cd448	3.2861353265040187	13.235125
deb/275edf0736f5f	3.181038623861082	2.248125
de8/95c3e916d80e1	1.8947571736073012	1.1881875
de9/cf1797f71cb08	3.211987133162156	7.2293125
dea/71a7b32eb149f	2.1145346024942153	2.84375
deb/6f185c5b94328	3.409458427476138	10.662875
de8/66e855555feef	3.1623582214078043	9.0835625
de9/340acea8f9a34	1.1000378412031742	1.3936875
dea/dc6c960788771	3.2641349686962813	7.9385
deb/f9c3375a3eb8f	2.3277371232386646	7.7478125
de8/9a7b4455a6aa5	3.0209521175893403	2.6454375
de9/ba16c9a41fa9a	3.4662081494817123	10.0750625
dea/2dd7d3159b9b8	3.324316789312094	3.8121875
deb/d08154ccbe247	2.564447494859681	4.0684375
de8/77cda43ecd74b	2.431273606418225	3.135625
de9/2910ff0dad46c	2.2964302404270263	2.5243125
dea/3e559cc143285	3.1299371926227955	7.9758125
deb/6bde818e183dc	2.3058952060863183	0.7203125
de8/ee1bd40c3a8b1	2.912420081924593	7.0795625
de9/6c941e286b97e	3.41572639427964	4.46525
dea/ec3162fde1787	3.3192335337069157	5.3930625
deb/2c034d496a053	3.385571057813732	5.6483125
de8/fe47a711eb576	1.2693007773934175	0.960625
de9/f6338b512de94	2.515051613995729	3.7403125
dea/c89afb17f9de3	3.1764316912980037	6.8178125
deb/ddb77f616976c	2.5373896064388317	9.199125
de8/3790c13ae2561	2.8751866918146063	1.1309375
de9/fc0ff6fd2d114	2.256817862662363	2.0431875
dea/fc1d729069fbd	3.0259688121663713	3.604
deb/19f05e6e3fde8	3.30355249465047	11.6965
de8/90f00b25d5991	3.304983897389082	5.9284375
de9/0aeb3c26365c0	3.291705784845219	3.803
dea/d176dab0cd97e	3.238865603479464	3.41575
deb/ec287a02d258a	2.938183509005144	15.226125
de8/ac8b66f9b52dd	2.958012271320525	5.3963125
de9/3a4f949f3751d	2.7389063626303005	8.70025
dea/89fc42a2bd55d	3.181534834117726	2.786875
deb/a19864e9ad4f4	1.8230849678690109	6.711875
de8/88f84aa953093	2.315239820987274	1.7619375
de9/225c54e137897	2.923414591476406	2.1191875
dea/5d1c4592f3b91	2.954172763486542	12.1005625
deb/3d20e97569291	2.393259375758655	5.0476875
de8/3aaba3fdbca5e	2.795454993611868	4.98075
de9/1b4730b1fc896	3.1348316033861336	3.8119375
dea/c12ff9fb741ca	3.143612966677716	9.559125
deb/0122801c4bde5	3.123543931170637	13.03125
de8/21b0208978174	2.553376784457346	3.7976875
de9/f479b006f2e6e	2.1024361367440303	2.9516875
dea/acef93df3cb11	2.951200637563924	5.317875
deb/bd488f9e0cacd	2.905576911633548	5.9573125
de8/f6cf6d319edb0	3.444107863822474	4.04525
de9/be23576898363	2.857765535135427	4.008875
dea/c57680f7bd06c	3.1108864922784996	3.6934375
deb/39fab6672264c	2.032574931987908	4.2176875
de8/f36f414046c2e	2.5241753017812876	2.6966875
de9/a7ce7e40e0fcf	3.3717083496417923	4.9046875
dea/fa2615ececad3	2.1927967012442733	3.91275
deb/3df21b43b1749	3.4405582965635997	7.832125
de8/eeca2a4be83dc	1.068281480021797	1.502625
de9/9cde5a63e4ccb	3.3676117821715903	11.0054375
dea/2e12aa1b9955f	2.863119566576329	3.561
deb/0ed96bba90236	2.644541261360803	4.4050625
de8/2dc421e0a3bed	1.6485806511745345	1.462375
de9/3226c5b8b7ba2	1.2418788051702403	3.148875
dea/efbeed4e08a24	3.1751926025027757	9.4608125
deb/350b0611d4c23	3.418853384126785	14.5659375
de8/a63a2307bc22a	3.2128061106530703	17.3476875
de9/4f327cfd5e33f	2.9152631301463736	14.1274375
dea/f41f5f1bfc1ec	2.821447324093399	3.2704375
deb/d7538b47a542f	2.8241203871889216	6.3664375
de8/adafd988cf81c	3.0849841523629604	4.5944375
de9/139dcd10b3b09	2.661335704551665	10.497125
dea/97199ade97097	2.4257376043301377	5.38175
deb/1fea0b601c744	3.282953619347644	4.3849375
de8/8b2673880d155	2.306804177251078	7.3393125
de9/33f2c25a36c43	2.1046989003409085	1.71425
dea/cbbbf6602dfba	3.3771899724418106	6.395375
deb/be36c00b21cf9	1.6156837220191642	3.32525
de8/21dc867645c1c	2.7456890025008596	10.8299375
de9/a540def966a90	3.463507862310889	9.09875
dea/3a988bdc09564	3.1313811030056002	2.8705625
deb/854851226b169	2.546919571105721	7.0380625
de8/bf15283f6fcae	3.44102562001189	7.160375
de9/910e92823f49d	2.8356124789642516	2.0180625
dea/ec83b27cba977	2.8464730986857973	2.16425
deb/7489ef3c42508	2.4019920998242035	1.48925
de8/b8a55dbd13ea5	2.7665207942480925	4.3381875
de9/72132838f8e58	2.5220470338711447	2.4680625
dea/6852d63a77b25	2.0162881609840277	1.008625
deb/2b66f84db023d	3.1497936780369735	9.65725
de8/98795c411135e	3.091277583279445	5.8416875
de9/32b9c25a64ce9	2.7009377060815756	10.0184375
dea/6ef3c3a759e39	3.3594828242299437	5.43825
deb/5e2548f36de3d	3.4529001197493367	13.4621875
de8/45de5ab3696e2	3.0626289973788916	10.7159375
de9/ed3a683006e21	2.887478321675721	6.24225
dea/9d0beed587cda	3.024554354690417	20.3463125
deb/89a832f5e14bd	2.5309674401276423	2.3728125
de8/6191129553968	3.4970828719885874	10.8366875
de9/6df20dc3a6653	3.0027060107085948	5.4408125
dea/af291600cc8d6	3.4618255310557107	5.965125
deb/36d5a3385611d	3.3399981373055008	9.5091875
de8/778eb7c8a7118	3.120049236993438	5.7828125
de9/90096d6630b43	3.357256532683231	9.367125
dea/daa3409e0da1c	2.9290294541951476	6.0643125
deb/485280e5d62f2	3.375152253468806	8.548875
de8/c49b9dfc2a5ef	2.411558300459956	5.174625
de9/b2afd0268f7ef	3.34707180705566	8.51325
dea/8e3cc4b737763	3.1191397315707996	2.778125
deb/f7b327031fcb6	2.9959191462197374	5.0675
de8/be1e723191553	3.2715520567974314	3.7386875
de9/d823a26721736	2.3637132921724073	2.4989375
dea/1858c0c044f21	3.340512324734736	10.1361875
deb/552aaf22f91d4	2.6997887260487032	6.6959375
de8/c0f753bbf1482	2.13639003679193	7.0688125
de9/3f0dd3e7d822c	3.130974828837664	10.1355
dea/53e23f1ebbe80	3.4420085355145953	4.3714375
deb/63e3dfc5566e7	2.764110806895945	10.914625
de8/212c46dc2ecfa	2.8781759845690025	3.216
de9/104adc2b7ee79	2.3321902967810146	9.3509375
dea/6c0dd05025338	2.9425549656180614	7.9785625
deb/4f6e189d69d26	2.269793477163029	2.3035
de8/6bff544dcc04c	3.3964917231673715	4.754375
de9/8ed0dd975ae54	2.453269244767043	2.6230625
dea/291caddf8c5a4	2.9125427134772384	3.1518125
deb/6e008b0420e46	2.1183791863890282	0.8488125
de8/9d824098b382f	2.1025138521997655	4.7774375
de9/a6f48e8be7c13	2.3318428656949988	3.7284375
dea/fca3c1ae84275	2.9720030748665844	4.0085
deb/2bc622fac7224	3.423804016576182	11.8655
de8/6ea93ddfd2964	3.1418285380519237	6.171
de9/6cc66d4e3b559	3.020173861221647	10.279875
dea/35521ff3d83a6	3.2769406246048645	2.2103125
deb/a590af9a19147	2.8825121020499256	6.278
de8/800ca44cae777	2.1017139669150073	2.764625
de9/360404e5e05bc	3.090431703006115	9.082625
dea/afc91c8adae09	3.2507891548001404	5.5935625
deb/d06a7ed82691f	2.771134322559403	5.244625
de8/e27bd05cb6452	1.133106254979332	3.3655
de9/0c94f56261be4	2.2332919916397325	0.8644375
dea/b4f23593a383d	1.7234346622977237	4.4859375
deb/83d73e3a5692e	1.1918944305031902	2.5458125
de8/22265b3574e4b	2.8169420223012933	3.3730625
de9/1590856358f22	2.6232107144882253	2.6084375
dea/1ce77959b6d4b	2.8963517902113773	3.6039375
deb/9506a85557b04	3.0736146947064333	17.8315625
de8/c7902501e8266	3.419814973141064	2.3831875
de9/7910a7673b28d	1.1789768063225696	3.3804375
dea/e5613d7f581fb	2.4077089513894725	5.11925
deb/aae3ccd1f3326	2.4544710271063668	1.5465625
de8/3199ac53ba3d4	2.500896599833328	2.35425
de9/ad10087ee7899	1.1663275558450108	0.721125
dea/3e56edc3af227	3.155083285417863	9.820375
deb/e367b886a79d0	2.443474576335924	2.909625
de8/7ab0f214c6cfc	2.6877965509082613	4.8569375
de9/438ab14d72b56	3.1269023512983773	3.2684375
dea/bb2e4946876a1	2.1524216469980653	2.16525
deb/7133164e767f4	3.248475745802058	5.391875
de8/889c7cb4f8406	2.3585528871005583	4.7396875
de9/a7179ad9c2f43	3.061758184387637	5.07725
dea/c3d912c9f6073	3.4360795157493973	14.72225
deb/8be7b50097c8f	2.6007097142530915	3.9809375
de8/85626981ad0b7	2.9080456229361427	5.00725
de9/1c96d44678033	3.444944890522055	8.0189375
dea/d5ce6d72ae64c	2.6839605141637515	2.76575
deb/2fd4049e6504d	2.67810587393436	2.0225
de8/41d193239d7be	3.304996535322119	10.6255
de9/7998e03554c2d	3.0990275359431108	7.091375
dea/6a81dd88c12e6	1.8823029832162803	3.981625
deb/f76ce7d19c419	2.381874256826366	5.3308125
de8/00573155b131e	1.1656614202852587	2.1636875
de9/b54f40d3e9644	2.9493640611844376	1.6661875
dea/b2d9934485712	2.8348451803575365	6.8479375
deb/5b217daf72741	3.3276561670602947	4.0803125
de8/4e520a7fe6873	2.602529334127655	3.809
de9/4cea1d16c9b74	1.3488731902801085	4.7283125
dea/5ef489a3e12b2	2.3310757252676435	5.3621875
deb/1f02d05088c43	2.4001080959483834	1.069625
de8/5c870048b4f52	3.1577037939701214	1.6615
de9/bbe7a4dcdfc03	1.0785018786750808	1.7775
dea/748a99bcaa7b2	3.345770859362785	1.986875
deb/8b569f23e4dce	1.5719825405712606	1.7496875
de8/704095ddef672	3.3315399307151727	9.512125
de9/aa3e2bced3fa4	2.6290212856989754	6.1805
dea/816ca9d277a59	3.151795238506707	4.3969375
deb/463be57782ebe	3.3143669424579394	9.086625
de8/3d885632222e5	3.527936072972134	4.098
de9/694025f1a7d66	3.084814339246723	19.180875
dea/398478447581d	3.1718705292914917	6.8765625
deb/1e1e332a82ae7	2.6959666823326875	7.07975
de8/91341ababdf07	3.246116126256352	2.9335
de9/4f7f99485ac61	3.363602901245841	12.07875
dea/b2314d8915d0b	3.293421151482323	13.449625
deb/636f0dd069b48	2.8333416967097835	7.9985625
de8/af2848069dca6	3.4008585189896863	8.8385
de9/f391a8ee6148c	3.073617827715822	2.3884375
dea/9f753a660e1ca	1.9244395379268662	1.921625
deb/7e67d85090f3a	3.2701010221989084	5.2825625
de8/c0ca252de26f3	2.756357440385487	5.4851875
de9/e20cc785fdb81	1.8695735077204332	1.01175
dea/c09db2bff5492	2.6507896082496845	8.877125
deb/cd40c6a2f4f92	3.4115084369506365	4.0996875
de8/6d7e9cb1605f8	2.548317169725766	1.856
de9/ba4efe82739f2	3.4967788691492596	9.1508125
dea/72347ab9b48b3	2.534934198118756	1.8719375
deb/8456703c98f5a	3.3612986430200875	8.9808125
de8/a1c6e595d1bff	2.697536995646247	5.105875
de9/768ccbad1708a	3.5347408816193773	13.98875
dea/7da7240e0847e	2.6679447122843643	5.768625
deb/3b81f0b78a6a6	3.3393217448157104	2.487
de8/778bb1e3f0d01	2.5955185251904385	6.8800625
de9/9d00b5fea6791	2.3693818769056696	4.5204375
dea/16800e5242cbc	1.3589019466333048	1.96225
deb/75713a47ffad5	3.2929909145129437	6.1363125
de8/0b20e0a5d6923	3.4855070457838506	9.4898125
de9/7d83fa1e59e3d	2.4717767789425804	4.8418125
dea/e301880a4a131	3.4065908215229403	11.1474375
deb/c83de262e6493	2.8013236808688844	3.96075
de8/61fcb9bc8063c	2.9253399072245037	4.2374375
de9/5b5f7e05d138b	3.1671838891607975	12.0804375
dea/6d726b74319c5	2.081621938227693	1.586
deb/6ac6926262c2c	2.245920002769904	1.5861875
de8/2db8d276e24e4	2.7413018799923323	1.420625
de9/33645c93a7eea	3.3412666258546144	11.2858125
dea/ad65e5a0a71dd	2.709422661217609	3.023875
deb/52ec4e43c9ede	1.806101798663342	3.4914375
de8/dd5454aa08a44	1.0987248347360865	1.803875
de9/6829f01d2e0fe	2.0388872054912612	1.48675
dea/6cb91a76879eb	2.1900095626661726	1.10525
deb/7fc191283172b	2.359349251709542	2.6201875
de8/c2a08e37b4d06	2.951277598964795	2.5464375
de9/a2da269ab6269	3.2808089019336686	9.569375
dea/f3c2af63ac232	2.75634282106495	3.066625
deb/eca6093e22e8e	2.459307900568569	2.1383125
de8/551f1f80562d8	3.07917450724241	3.9664375
de9/74697ada53b9d	3.299380279985798	3.420875
dea/63340c131b391	3.232075633991213	11.94425
deb/c9bf1e980149a	2.3377521778491377	2.0680625
de8/fef0af5cda07a	3.0977867595540713	2.58575
de9/f3e8777945806	3.0433089101505337	2.2473125
dea/059ee6a1ffefc	3.3029904890186486	5.680875
deb/82ff842937108	1.8373242626813007	2.0515625
de8/0f0aee9c9c89c	2.4520670258463926	3.490875
de9/834c0e257cb62	2.4980648934089555	7.3934375
dea/aa7c732cce7d0	2.716835092195329	4.655
deb/2c13b04bb1de5	2.732063703254441	2.2471875
de8/64e1d5d0bb2bf	1.8145924803945164	1.5864375
de9/878fab9f9b929	2.227157313058447	2.339375
dea/809daa0d765ff	3.2558113757978555	12.2740625
deb/a5d04f7757158	3.32489413332063	5.88725
de8/40305a72ac9eb	2.683451061431396	3.7455625
de9/d8117304e0b1f	3.2503435100802256	1.827375
dea/b6268664eea6b	2.7039461997591823	7.8555
deb/df24c6db73ab4	3.2699556688137354	4.8136875
de8/58a0fb247ea26	3.029518014917153	1.490125
de9/8a19c485dd1c9	3.01722949872286	1.8343125
dea/71a1315c9bb0c	3.2738288470796166	11.922125
deb/86e8bda76cb3b	2.529369570622144	2.3085
de8/d101c1764e70f	1.2042971156199647	1.401
de9/48401cae93477	3.3013387008145343	3.8065625
dea/bb8573cd3b9af	2.377049465445102	2.961875
deb/73223a71814f2	2.5801523454174	2.0979375
de8/afea84da598cc	2.3433594189909894	0.7684375
de9/fe1c3d40d155a	3.11715928385299	2.41825
dea/8e6348e2d125e	2.79079323807097	4.9770625
deb/e14ae146ecec7	3.2644633892164667	4.9715625
de8/1642379c2ea2e	2.29419511768024	1.335875
de9/1b83d5d2c5385	2.6373541388889756	3.20025
dea/96f37d8b96944	2.8279379481003013	12.1820625
deb/7399cf8d7e4c5	3.347758678312737	11.800875
de8/1f7e7d9384c96	1.874752073612142	0.8645625
de9/e6090db69292d	2.86816556145091	4.6405625
dea/630bb4f0ad889	3.456302342456868	6.6571875
deb/1e3cccb2c8f8d	3.248130610317351	12.22125
de8/3d5ca62652aeb	3.0939240644467123	6.725625
de9/c1817d2faff5e	3.271760966743783	21.0079375
dea/3282ca77d44f8	3.3470474973075106	12.0461875
deb/6bfd0c328b923	2.1236996367494627	1.7775
de8/fa98b90297618	3.1261205592850954	4.4516875
de9/27d11522c1830	1.907763954893466	2.21075
dea/dad87c58c8608	3.016588062885698	8.0120625
deb/fe67a4fa853c3	2.4085924190898367	3.1970625
de8/266f67a8531f0	1.1037273928085996	1.00525
de9/dda9b9540136b	3.2022201517727757	7.4483125
dea/2c979fac0d4a1	2.6306121519902765	1.457875
deb/ad9209931c16c	3.2010401785224314	5.768125
de8/d68c27c962b99	3.1852252545335404	11.36925
de9/532b0d3748ea3	1.78746176665135	3.4201875
dea/f95a49d097ab4	1.7157740729685529	4.056875
deb/d0ebd33fbc508	2.3910122004558727	1.2006875
de8/700d09651dc3c	3.1795211019601246	11.5843125
de9/0a205e645c38e	3.2885524360600265	7.702
dea/6cb5be1fdeae2	3.0019626097386545	8.2219375
deb/7ffba5c6bccc7	2.5789753043988215	1.302375
de8/05d1dd75f2f91	2.5830986576703108	2.6015625
de9/5ed1733e2c6ca	3.295009393277483	4.667
dea/21a1bb419b238	2.5776108711945525	4.732
deb/7afcd5bd5146e	3.453208040159064	4.35175
de8/2388b664c30a9	2.967375162322546	3.6069375
de9/5582c110cd9e6	2.9009874850819286	2.74
dea/252e1c2f883eb	3.1941438989998807	18.163
deb/e5f6aeab6c675	3.148393132982539	4.812875
de8/916a1419a1798	3.1030096345806615	7.1835
de9/6ac4e4babf6d5	1.0841938642302293	2.1368125
dea/e5469c3d8df1d	2.4703018290984833	1.8718125
deb/2c88751d30a65	3.430084700428278	12.3615
de8/a1593f4c3dd56	2.1923631249842206	0.7025
de9/3fadf7f552ac7	2.824058247737483	3.4548125
dea/be45cd7084f1f	3.3972627663244452	7.6484375
deb/8a813a33c2f88	2.3593091103931396	1.7313125
de8/b82e314a06700	1.6531037234708534	0.841125
de9/15999fe4c74aa	2.6786938778942018	2.469875
dea/8e34ec48d53a4	1.952337224487098	1.748625
deb/5371c6e08b909	2.8805361260481073	4.957625
de8/85c445759414d	2.148714485079962	5.167875
de9/739471d166df8	3.087767649861207	5.104875
dea/7a2fa87c88708	3.136711253004285	4.2773125
deb/5f386a0e98bf5	3.0778401701526943	2.6240625
de8/e8b84b939a57d	2.973080878528418	6.244
de9/0e848ec52b5a8	2.518127506768542	8.23725
dea/5f5da06195b24	3.276543480297549	3.103375
deb/b596de3f25307	1.7757353212009168	0.9605625
de8/aa2cf14a56790	2.195449250437685	2.76675
de9/a9f9b34e78ed1	2.5223539503486014	1.2155625
dea/be82a048e1ec3	3.054409275614121	3.3400625
deb/1dadfd79f469e	2.7836313594143935	2.5776875
de8/b977eab819fd7	3.4179929974038594	4.7211875
de9/564db94e4ab1b	2.044858033293674	4.43475
dea/46b35e1e1c239	3.4993884828196	7.448375
deb/2cc779a475c68	1.2726400674271532	0.8169375
de8/58773d7fb0207	1.4011986751176337	2.2124375
de9/c161ca88f012a	3.0927766175334557	4.7276875
dea/217356e3140e1	3.3723408416105523	9.418
deb/6d8acce59d436	3.17414870273453	4.750875
de8/46e1ff81968e9	2.112961985027925	5.374
de9/3880e0c497e64	3.079589439505728	4.047375
dea/b51a1a70435fa	3.389567980479954	3.141125
deb/bcbf53f2c08ad	3.462104431673679	10.3351875
de8/1b5147c933aa7	2.6629671074220824	0.9203125
de9/cdb2f5096e1b1	1.08851335639669	1.1535625
dea/766eaaccccd72	1.1149972203820637	2.1603125
deb/0923073bde1ed	2.4679099572276217	1.9878125
de8/bb0dd9556f5d1	3.039717778457049	5.1715625
de9/93dbef2f2efe6	3.2901741010716727	10.59575
dea/96dcd9b332dd4	2.276735680083651	2.241125
deb/ead55fb866dbc	3.4206725672677165	7.7273125
de8/b014aa8334897	3.2272041632241746	6.204375
de9/6b7ff8245b516	3.1737196758516375	4.42875
dea/524b092ed0e3b	2.8700130978895704	5.7970625
deb/5ef7e8dcecc23	2.9837290064414783	2.3694375
de8/74d95dfcc5d10	3.2728989156840376	8.1655
de9/e48c9406f7ec2	3.02724817686124	7.3329375
dea/cedf5bbf6ee26	2.6674499561464144	10.412875
deb/37bedb838cbea	2.5372729840749737	1.8125625
de8/2897a8376192f	2.9244612638737912	6.1783125
de9/45b187ced48f9	2.739633166008551	1.7069375
dea/05bc3aad07472	3.2355919663564454	2.45175
deb/e8347f8a042f5	3.169335178339663	1.2109375
de8/7e12250bba1e9	3.0971136516289546	1.849875
de9/2b4c396da251f	1.8858231139893555	5.8649375
dea/104328fd661ea	2.6003238875975105	7.2101875
deb/c1d9fccaeafdf	2.7333497748182514	2.355
de8/a39c3348e3952	3.348902093862669	4.907
de9/9e98c8d7f34aa	2.698481559462126	2.679375
dea/73ca068798196	2.4967445322676434	2.65
deb/ec1a16396d46b	3.0660020507777426	8.8573125
de8/16c4c11bd0b0f	2.0199542409017472	2.0698125
de9/950f16d14580f	3.218690553650837	7.304875
dea/89a11d5c5d136	2.861897629751817	7.3613125
deb/0e439663f005d	2.207579914001968	6.7774375
de8/8358ed566c96b	2.5568201430957527	14.62825
de9/edac4d7e378f5	2.27661352896281	3.98225
dea/4c8b594d1282c	2.4606688270204216	3.304875
deb/3be8a8ca597a7	3.3806638628607177	6.1698125
de8/d2ecfaa775167	2.797449923321228	3.553875
de9/c859568a3d9b3	2.947488560392848	3.7379375
dea/878f9058f0f05	2.8733461995434877	11.3105
deb/fbe789876256d	2.6278162395700972	7.975125
de8/d60ccad5e85e6	1.8410945747861673	4.1085
de9/0c34433cad0ad	3.0218238288964616	2.762625
dea/5e77511fab9d8	3.087696642416742	2.275375
deb/efacb2597f37c	2.100658719293538	4.1775625
de8/0683e4b1eaed4	3.172237273684612	6.7563125
de9/12ab92678adc4	2.768088813822289	8.39275
dea/f3c9764082c8d	2.5411766793398685	4.009
deb/746bbae818ff9	2.4455590142083468	7.30925
de8/b8122b948f255	2.5010572411928247	4.466375
de9/771962b5571ef	2.150553683614932	3.1553125
dea/753efe03ad8e0	3.176645710640338	7.705125
deb/538c46c08e83f	2.672892969343915	4.7379375
de8/aad4c6e8f8d65	3.034405443082497	5.6843125
de9/d6e5c975f04b2	2.746942253449591	3.4383125
dea/fdb6172c99d0d	3.3638998310864676	8.7671875
deb/58417ea213c90	2.0809083264994426	5.8623125
de8/cbe0ea4ed9b44	3.024263708664211	5.1429375
de9/0837f964fddd9	2.751408797138123	3.5221875
dea/fa50cd0fd711e	3.4817389792708555	10.2879375
deb/afc92803bbf07	3.302115769141082	12.870625
de8/356ebb800b2fe	3.036295571210524	4.5016875
de9/c0efc5232ff9c	1.3207171286385775	2.3495
dea/5bf8bfe72c2a1	2.011737572784005	1.5260625
deb/5652eb3c72606	2.9722105890353467	6.3423125
de8/437399dbf2f4f	3.0196358911645915	12.399
de9/53d6564750722	1.0085691249544826	1.2754375
dea/68853ad78b2ac	2.01595165207139	3.8165625
deb/3eb5191d10544	3.1741220994499906	16.922875
de8/f119cede09846	2.7487707004119115	7.1528125
de9/e4119959177f4	3.105097154180552	1.7608125
dea/c698938041933	3.3110820699315915	11.2385625
deb/da9e0010c2a72	3.242314785144536	5.3294375
de8/8da1143b8c0f2	2.6375341039321616	8.176125
de9/4cb1726dac67c	1.856645156818793	4.7284375
dea/fe54030b76d0a	1.8954174952512772	2.119125
deb/e63e472dd3a09	2.9685806025590264	5.9496875
de8/9958150c5897a	3.004630189948562	0.9905625
de9/a3df31239252e	2.4678280355561615	2.6829375
dea/db718f1902dbe	3.2766410680187166	5.693
deb/97460925be8dc	2.6772441711956705	6.29875
de8/a32085dec6c8b	3.1981141130058988	7.81825
de9/e38af8d56073d	3.1329301412449237	4.814375
dea/826dba3e514e6	1.8046833205812374	2.6988125
deb/435b5403135ea	2.7011070418866443	9.764125
de8/82f4c4685297e	3.3063189838468516	7.9785
de9/7467a3f3a71c3	2.9983878792521255	22.4460625
dea/02708c0ee0420	3.008063562218287	7.079125
deb/a62924af318db	3.2940655923523385	6.7578125
de8/949eaa6984037	1.2501165852715659	0.8326875
de9/576dd5e744055	2.842621825505748	5.5816875
dea/b65eddeb80e60	2.431079227365273	3.3980625
deb/42cefe38ad8b9	2.643029401138295	2.3021875
de8/104832ffb78cc	3.1875074829499352	3.6905
de9/1e520faaf3d02	3.160480308500688	17.7578125
dea/474117d8cc474	2.7990927044507505	1.4415625
deb/ac8a66ee0c8af	2.5117081992714794	1.6890625
de8/ba8d1ff5307ef	2.756456579120896	5.8263125
de9/b903ca7f1208a	2.792279643227996	3.3345
dea/b7a6bb132024b	2.985011348754501	5.74075
deb/ef11dd6f539a3	2.9573532088692533	7.2631875
de8/baa18543d4e26	2.596381383224416	7.4053125
de9/cf9ee58d95846	3.437495437608739	10.507875
dea/b977b80b30999	2.9280927616098795	13.1001875
deb/88fd070ed7223	2.988007028298819	3.1821875
de8/459a42a318aad	3.4020982030630704	7.571625
de9/6531c52b06d65	2.3778740441563695	0.960875
dea/2434f1a7791ef	3.0649888458772803	11.0946875
deb/052691c29bbd7	3.370525903656608	5.138
de8/c92c4bd5ef09f	3.246915065351842	16.4744375
de9/4e72517c4e4c2	1.669471401109596	1.3758125
dea/76a90f46852fe	2.822547732687575	2.8471875
deb/9c179299be91b	2.9087347444214493	2.082875
de8/27b96807c88e6	3.3448604000109023	21.58125
de9/6efff05d09f38	2.1500049397320375	4.851375
dea/71fe6bdac5070	3.160833211578971	2.9973125
deb/94b89d67db0ed	1.950076598567475	3.17275
de8/4572fd6ce8fcd	3.090731962172246	4.881375
de9/f4ffdb4b53cc1	2.227521306105502	5.4790625
dea/25cbbe3ec1b20	3.213909181415263	4.889375
deb/6f4647eb56259	2.6450530573204523	4.23525
de8/fe59720cb76e4	1.573603423265188	0.8166875
de9/b76a508b3a21f	1.9331118949244237	1.9316875
dea/6db8fb363c7b9	2.8365358797364104	8.1946875
deb/cf045a49306a1	3.1090040569775406	2.9339375
de8/b822cddcf9aed	2.961481139968289	5.2589375
de9/aa07e15ae53b5	3.032420392611229	6.2771875
dea/75997c2400adb	2.979729861387995	4.3213125
deb/3b344cf48d3e2	3.187686865838646	13.0590625
de8/332cf1b747a60	2.774872719934512	7.07975
de9/8382bf7d6df8e	3.451123974324821	7.8969375
dea/900e24df207a6	3.165453680280044	7.1355
deb/15f7bfdb5bb00	2.929606470238632	6.4555
de8/cb926d69e997b	2.4847814172627456	5.0185625
de9/31010a0cf9733	1.5385428715913005	4.7365625
dea/e742f615ec4b4	1.9059270065342366	1.263375
deb/f5ee9cdb02380	3.4090023067022726	5.5614375
de8/fe7654aea887e	2.6529135696757793	5.3560625
de9/c7f004ea56bf9	3.3467976408831586	6.347
dea/5e6ef8380ba94	2.164933834967979	1.0571875
deb/62c46144429c6	2.684196350341649	6.737
de8/16d40e7e9897a	3.1232393803372065	8.1241875
de9/3f4b7cdc70fa0	2.176772282270955	1.886625
dea/d6c38c773bef9	1.7143727739831314	3.662125
deb/f50903b50c681	3.3768907835274624	8.9939375
de8/27afd7b2216fc	2.933012582698097	2.0115
de9/302942cfd7e3b	3.281604726745002	6.1315625
dea/48ff7a65a96ef	2.9484906862542286	2.0435
deb/653e10276521b	2.914115199417289	8.6865
de8/575cec8245ff9	3.4420954300353475	2.6731875
de9/788394d61d018	2.664301209514503	9.373
dea/13404d67b081f	3.2202047308443014	3.0125
deb/3297112f8a262	3.3774391077712917	10.5786875
de8/8356be6ff8d91	2.877350250574366	5.30775
de9/62dcf7ceaf567	3.0384257136920922	6.6913125
dea/f6a6d3f55fec5	3.1787849766400424	7.78375
deb/fcce7248d4e21	2.5720784773611762	2.512
de8/7e830a687ae19	2.608412407316285	5.6688125
de9/6697694bd867e	2.6503864919533595	5.98825
dea/3f3538619169b	3.112986029848679	9.52175
deb/f699589d605e1	3.5007671722518685	21.6594375
de8/4ee6b95ad3caf	2.824937898590417	7.5735625
de9/2fb09b77ff313	2.857292251768181	9.508125
dea/e54ff793af861	3.2260989684991443	3.464125
deb/76973ce9706c4	2.85055961160511	2.18325
de8/44fa21407be36	3.321611872222213	4.129375
de9/1df6e749cbddb	3.4168668497395775	9.826125
dea/e861ee63c4ba7	3.003260226233414	7.8706875
deb/dd557528c5c7b	2.770207705168187	11.0775
de8/2e70e79e5d547	3.3397292727431513	9.815
de9/2e0806138aeb5	2.845284290142574	2.113375
dea/932d489f45964	3.057108351106275	4.4734375
deb/e4f87e549f44c	2.7620063016137353	2.0641875
de8/efd979fa3f8f8	1.3471642002038677	0.8169375
de9/5b9088a1a4cac	2.5248254183192023	8.7023125
dea/748de3f3eead8	3.220051368050493	6.135
deb/f16f8dee721b0	3.0376360179886452	6.95325
de8/dce0212e5077c	3.339672702105811	1.3438125
de9/3db9f32ae3523	2.6869912447974706	7.764375
dea/06aa6f3804fce	1.4786388143107991	1.496375
deb/562678ec092a8	1.101636026228239	3.9126875
de8/106122f4a3ed8	3.2001328602877908	21.805375
de9/a55e2a190311e	1.1483089500100228	1.5775625
dea/f83694f856cd2	2.184104298982994	1.8229375
deb/22e01a8ac1af2	3.4088876525681076	6.4059375
de8/0712b51e6358b	2.4420281035750278	1.541375
de9/8e1fee78ed1f5	2.1735471808930966	3.816625
dea/5bfcc838d7dfe	1.824296436479628	3.17575
deb/ae41ed2eeeedf	2.7243395711871794	7.573375
de8/2c6eb89bc1a34	1.1254171876960513	4.538625
de9/c1f5c18d827f1	3.2465483911424715	3.960875
dea/f0d44aac419c3	3.3303689978895235	9.186
deb/ff70c1f272a1f	3.2049082179176014	8.1733125
de8/0be4e11e93a9a	3.3941696007015993	8.3481875
de9/757885db06303	2.3719320593279596	1.0331875
dea/49e6ed95d8f55	2.945206863182839	3.892
deb/c900d1e666934	2.8709758152175477	4.6825
de8/25564e4cb1df5	3.2977525330997577	6.5351875
de9/d6aba1aae9aab	2.0158763181549935	3.5119375
dea/8f6b38ad5dfb8	3.2443029511104635	4.918125
deb/f4931b977a64c	1.8726882103603564	2.097
de8/c25391e83ded8	2.9855409884356963	4.6990625
de9/a87844ad581db	3.1426380516735573	3.36275
dea/f430b0c23bac9	2.9533386368294137	1.7525
deb/c44bc05a7dac9	3.4184608296381103	6.3638125
de8/62a82b61c42bc	2.6663198883513988	3.0930625
de9/999a6116d3431	2.560951042964674	4.675375
dea/c615f4ab84cfd	2.9798125282732717	2.2530625
deb/1f5c75d3cca90	2.969584326086281	3.4198125
de8/0934490ab2c97	2.4995961449125215	3.2645
de9/fdb3587fe8f26	2.659015084556202	4.3533125
dea/80c6f8007690c	1.325686902981071	2.4854375
deb/4325a01e38b80	3.314294341185497	5.49875
de8/659e083c00374	3.467821507589784	6.0020625
de9/063cb6a8e2a2f	2.5011509442233892	4.8843125
dea/0b1aee8b58d75	2.3787735340492304	7.727125
deb/c7fc8be5ec743	2.315579427325973	2.3561875
de8/6723d326eb808	3.296159565741475	9.988
de9/4694e52e014b5	1.8365125741767656	1.5115
dea/3ddd831692b1c	1.0869339405946015	3.012125
deb/e9e6efbe1b5aa	3.227464530485781	5.8864375
de8/628e1a7d0aad7	3.4717919970035664	8.3220625
de9/7c185869c5c91	3.213308593123618	3.358875
dea/c823dfda9c3ae	3.2331901481637098	13.4075625
deb/2956f845d79b7	2.0775196279246195	1.3935625
de8/89abc34253105	2.885682295409668	7.906125
de9/bcdf488d63fc4	3.4810136479505593	16.77875
dea/84c2d7e8d4037	2.8280526863883035	6.816375
deb/5ed2248dab2ae	3.0289856897816665	2.6434375
de8/58ee80fea9b84	3.5478732370111103	7.4185
de9/13e223ec3c225	3.3028663487067007	28.15075
dea/0c04648a64f11	3.321067226674744	5.8373125
deb/5d69c33e494aa	3.0951310745439837	5.0665
de8/67eb51d7fa4c6	3.2782760676824876	4.9991875
de9/1d4d30748d293	2.6483450512259483	5.5334375
dea/b4bc28851aed2	3.0756413683637676	6.200875
deb/41cdca505066f	2.2182917429184377	1.452375
de8/628f5b119e605	3.1640191181528805	23.7031875
de9/a06a2cfa9582d	2.5646585674038875	6.1504375
dea/5943250bf23ca	1.7455414064849746	3.0536875
deb/665860002e5ba	3.393132773429629	7.0131875
de8/ae8085976cccc	2.511910140798613	6.544625
de9/f8277a8ad4f3d	3.3172555390661747	5.9425
dea/b60fc595167e4	3.483316593339836	14.4288125
deb/b7cb8595ec594	2.4705729181946507	3.4139375
de8/e60bb42d4021e	3.3469287187442722	7.2336875
de9/9c876ec965fb4	3.080653275299344	7.99025
dea/e5825ed9d01f1	2.169607979651932	2.95875
deb/0f915c1e19a61	3.288541413095892	4.2754375
de8/bfb8ce401a777	3.4201617819598646	8.82025
de9/87090495d71b9	2.955783118342166	3.027125
dea/a70c824e5e6e4	3.3365577670758184	5.85475
deb/ac0e98a0950e6	3.118757350513266	8.679875
de8/7b6426bfcc5ac	3.4136500018882914	12.110125
de9/126163ee178b7	1.0969388066837078	3.1249375
dea/08e272184f3a3	2.7904860172413706	2.8415625
deb/0da09198755c8	3.457964413810405	18.4323125
de8/f607a03d8a6f2	3.052789112621165	8.3761875
de9/d6629bbfb43d2	3.3605290624307664	6.291125
dea/d2e61d5871261	2.9458281766986287	7.091
deb/19ac868e8188e	3.415643744386643	13.383625
de8/1285170a54830	3.1923931938734453	7.2169375
de9/e5579d4e67fd4	1.822348592515099	1.9000625
dea/975a1d5b59e6e	3.1499753124108163	10.758
deb/643d94b5d47a9	2.3908982986820697	0.9125
de8/b563b62b07b0c	2.868633883916512	11.4900625
de9/9af4c0a076192	2.3976089098039233	0.961
dea/5d8414c4b3c23	2.0382131277362014	9.0680625
deb/f468657aa0158	3.492686391726323	6.8650625
de8/52a1745a8abad	2.3026296537107793	5.64225
de9/935c4136d948f	3.122678393904674	5.8015625
dea/1c45eaefc6d6b	3.1803506306593605	1.5441875
deb/6288e7c670898	3.1745306609166537	1.874875
de8/928c71dd11238	2.1104262720630804	1.38175
de9/3ca4f80e44ab4	3.00670095792409	1.857375
dea/27aaa3f56c6f5	2.7667677067668137	7.361375
deb/ff12109d4a6c1	1.26254159761927	2.0928125
de8/e773637fe72c7	3.545802094982174	4.8258125
de9/38f0a4115ffc3	1.7243186493256233	2.6763125
dea/2666f60503423	2.846398282853636	6.124375
deb/9006aca12aa4e	2.8464812631988665	3.9179375
de8/a1f6df4596ed7	3.3529400532918845	14.4540625
de9/6d0d01f7f82bb	3.1468698257792367	2.9996875
dea/df242257cf1af	3.0857246626834387	5.9981875
deb/6d8a80cf2ceb3	3.45802572954509	7.5351875
de8/7f310448668a9	3.399468812511156	7.70875
de9/799b925d5fbf4	2.908458977547738	4.6366875
dea/56b36ad167e03	2.3361263509292	5.0456875
deb/cf779c842d2d9	2.5760624574134696	3.10375
de8/bbbd0d725a92e	3.1479813640413794	4.9799375
de9/0fce93a44b28e	2.977290342204695	2.382
dea/e102af71703d0	3.013789817405079	9.3859375
deb/25bc46792aa25	3.074589811976067	12.3800625
de8/9dde0f3ef43f1	3.37669600427176	8.9290625
de9/70a84c1a26f49	2.0898733527691262	2.2825625
dea/a7c7c2024cddb	1.9477323108975853	1.5593125
deb/e7a5fc59bdc58	2.7630877150045476	4.381625
de8/171d1af3ec900	3.2204154080820864	5.0576875
de9/6c79c3a9c6877	1.0721714723300069	0.8165
dea/52fd02681fe6a	2.413631291448393	1.3535
deb/7470348d693c6	3.3226330955281624	9.5233125
de8/f23ebf2ea6cac	3.368228029936141	12.5276875
de9/c102774eed860	2.37901301640226	3.4746875
dea/01056f91831d9	3.208073213505982	3.2994375
deb/3aeb434c2b107	2.4444332998362706	3.720375
de8/90ce37401580a	3.29657933095886	20.103125
de9/e3d759f828715	3.481295788511608	11.848375
dea/80a9dea545c31	1.3791712119591188	2.2101875
deb/0c65f9b135864	2.522108223174152	1.9225625
de8/4c22fb9c36480	2.5444813925827283	3.43925
de9/778942379f26d	2.382509703370755	5.043875
dea/b4583a11fef72	1.2216272391554173	2.6523125
deb/f62cf501b9311	2.555308823644573	5.51775
de8/7f0da5bca96c9	1.5992484182161437	3.912625
de9/de97a3e3d78dc	2.9388058746822963	7.5245
dea/0cc6ed1a90c56	2.230920385890917	2.9908125
deb/0f65a65b75afd	3.1259529716516807	4.262375
de8/6501e599072ea	3.505099348858983	17.02675
de9/598961e55a813	2.636194964693915	3.6565
dea/ef20985109ebf	3.2142252288662423	5.63675
deb/f63635b7b04d5	2.9991439167775003	7.7469375
de8/3f45433f7ac40	1.8240778605825496	1.6576875
de9/3083f1f5aa63c	2.7211236015246993	3.274625
dea/5f757b70823e5	2.350143983363656	10.546
deb/2271b27ec23e8	3.2878641434462303	7.7366875
de8/76ea7b775eed9	3.026462701619908	4.461375
de9/69b7b11061153	3.335872741263691	9.8034375
dea/d08477783d872	2.4905437452291532	4.5169375
deb/d17b4c81786da	2.262980577930263	2.34925
de8/8038661c3821d	2.8713064845351512	6.574
de9/57af207dba427	2.229250757366524	3.2980625
dea/f31188cefd9c8	3.2198026839943727	6.82525
deb/704b5decbf9aa	2.483091250990414	2.362875
de8/72ac7709dead8	3.1552285404565827	5.68525
de9/b87cbe6c7d27d	3.4513085472585474	12.6769375
dea/288a3baac7e93	2.5002198271578067	1.826625
deb/74c37672dbe59	3.414410815066222	7.1878125
de8/4d526d44893bd	2.2052834330400883	5.3540625
de9/5b25185ef93b4	2.0704968109988915	1.9698125
dea/cbc9aeae3b719	2.4380942577758886	2.31875
deb/d9ecb3396a50b	2.274438929692862	4.9216875
de8/d71a45dd18e89	2.5497085805893165	1.0085625
de9/9f6458c3796c1	3.120844458457176	6.227
dea/3d65698d2763f	2.4855176416828706	1.5860625
deb/0acb6d007b15e	3.2338254380369547	5.3591875
de8/d2df68cf47661	3.274269382798197	2.78
de9/b95ed7349d89a	3.002472778413942	1.249
dea/3e62632c9fac3	3.2199025474223193	4.86575
deb/b99ea875257eb	2.204779962288843	6.307
de8/b29fd5114b084	3.2122624744354633	9.0515625
de9/c806116cad482	3.2348059902834434	6.667625
dea/c7cfa630cafb5	2.8537217526354097	1.5384375
deb/7d37d72fd197c	2.6111970154701036	6.238875
de8/28683aa95a6e5	3.1761202058860034	12.283
de9/bf3ac1078a013	3.0937178430007024	2.5848125
dea/2b8326f6ee095	2.3163512083529105	2.7988125
deb/99bd1944a6a4b	2.0641450234359477	6.34375
de8/bca88c2762a30	2.8724936342314993	1.9225
de9/e7885f0de41e1	2.6289374430337977	7.110875
dea/4df6b48c25a1f	2.4894071664205883	4.2045625
deb/c39d914ab4d40	2.2552040846302104	1.9490625
de8/b45e17d7f3b3c	3.1175520184703744	9.766875
de9/b080a8c10d6e8	3.146354397956724	3.1609375
dea/470dd95a7904e	3.102179016631118	3.9895
deb/ad831196ccad9	3.324563733549454	8.78075
de8/2538b08851515	3.2350394564743987	2.501625
de9/d2ee5f602a9b3	2.3940120361086192	1.009125
dea/1ebc33943bf47	3.4472498009923926	8.8585625
deb/46f21fff500cf	3.381808861656181	8.44775
de8/de82f99831e0e	2.8694556604175907	5.0895625
de9/66fa108a8569f	3.0061981033049747	7.6725
dea/f5b0496908027	2.1805131122579873	1.39675
deb/430a77631392d	3.0503841536393708	6.77275
de8/7bea0dd12c43e	2.4373239344082185	2.8866875
de9/b29246bf9beff	2.959621297723757	7.3256875
dea/f5b071f2af166	2.4538050140472385	3.7330625
deb/5e67abf48af12	2.3094298206152084	4.5136875
de8/ccb050e64df73	3.0255029528065394	1.801875
de9/7ce6f253523f4	3.105986741796574	7.5801875
dea/bec67aadfa0ce	2.3038274000817283	4.47275
deb/43ce8e5f9382d	2.604789805167539	2.55475
de8/89e547c4747da	2.195883673284763	4.809
de9/e6c56e60f79b3	2.4775832869575933	3.1245625
dea/aa0a419ac0e97	2.88769926431804	2.90925
deb/8a20a11f7aed1	3.1765689762019544	5.7823125
de8/60e84f70d27db	1.9813601871152806	15.6270625
de9/9c4c8e27611c6	2.308732657590386	4.44225
dea/11ed1a3898d18	2.9797792452129417	4.386
deb/139b6e6022a61	2.625397722221404	4.42875
de8/d192cf30281cb	3.246339312686945	12.759875
de9/1c1b6cf0a535c	2.023416860509414	4.385
dea/dde44b0e9cdd3	3.2829108995110525	3.6300625
deb/1540ce125727c	3.227893406818019	4.005125
de8/ca5b4fc3b6e3c	2.536273821671775	6.82825
de9/dee5118a9bcfd	3.261099289007142	9.975625
dea/1455314bd2b29	2.4156611105803885	4.730125
deb/fb38a3fdd0e10	2.169654002466817	1.0091875
de8/a5eef7894d272	2.848963516649804	19.7621875
de9/c2dd82fb4775f	2.9677042214696625	7.31
dea/24f5590e416e7	2.194773821697252	3.0316875
deb/9baf39c2ba975	2.154463635827395	2.9336875
de8/2bf3be64196cc	3.0473401880292883	3.7985
de9/c9b3f317d97f9	2.1488970566792727	1.05725
dea/aaf4df985f677	3.023509995890915	2.118875
deb/bab979cf783f7	3.1466660879949053	16.509375
de8/34be1484bc421	2.3235843791164252	6.9445
de9/99de3a0ce9481	3.3361113695445255	4.9251875
dea/34516c5a9ae15	2.826003533388821	6.164
deb/bc525394d47a8	3.3262004125613274	8.792
de8/2b12d9e169a4f	2.9353844061959693	3.4036875
de9/8a524a5531a2d	2.654742804240504	1.635375
dea/987134d9f822b	3.0032521437045276	10.332
deb/4d8217911eacc	2.944406306739309	2.421125
de8/b2d2736c20573	1.7922962295385938	2.8639375
de9/bd6d3fa8b8857	2.914484138909264	7.30525
dea/d1aac82a47d0c	2.1025263590456014	1.85
deb/fa218376379e2	1.4308746218818147	2.2750625
de8/1f154fe18e8e6	2.020994127922612	1.20125
de9/7c768248992ab	1.922901697513986	1.1535625
dea/2e2ef36360beb	2.3477425245036723	4.82925
deb/f3615c1cf6362	2.6144595774361763	3.3970625
de8/c9da28796a3af	3.20877222980098	4.35125
de9/9f84cdfa56f69	2.78575017349281	1.7281875
dea/5308251311c2a	2.9879630184888994	8.866625
deb/9e1e4e4639407	3.314610190767576	5.1781875
de8/a4ea19b2487be	3.540978796526925	9.4026875
de9/f2bb146e26a92	2.9395663617483483	12.665125
dea/a1c1b78f5ba29	1.4946518132347126	0.7955625
deb/77903c4d5d427	3.0131636141997933	8.147875
de8/d8f83258da3d7	2.5225168083795517	5.9795
de9/afea6d5ee89b4	3.326746817703278	5.937875
dea/5087eedcd3bea	3.2500984415362764	6.88025
deb/695fbdd103c3c	2.6203404672334334	3.8055625
de8/bd6d8f6853184	3.204842420280328	21.435625
de9/5b539cbaf130a	2.597914522202531	3.437125
dea/5584ec925f5e9	2.844643509913285	6.96575
deb/7bdaf85a66814	2.2369912784134844	2.5255
de8/313e229362d19	3.230586924466834	14.977375
de9/209eeacf66550	2.6238664046123183	12.922625
dea/fdfe52954b82a	2.0852001924868184	2.284125
deb/0e47ec8fc2473	1.9752427963129564	2.0436875
de8/c427213672788	1.1231533415223505	2.644125
de9/9c4675e9c3165	2.7288689236278922	6.47625
dea/0dff051b68b92	1.839589537516522	1.393375
deb/5b7e9147e0d6c	3.1492757810411693	4.363125
de8/aa24dd4de5b56	3.1692047086710398	1.1050625
de9/1a425c0f501b0	3.0261103651758954	3.18025
dea/b19674c99806f	3.137151833604001	4.3789375
deb/c5129eeae6ce8	3.04746011763924	3.80825
de8/1fa2465b588ce	2.9850375848340875	3.9971875
de9/05dd4067c3def	3.4459156485922704	6.6770625
dea/206c5687feb19	3.0666545694892795	14.8790625
deb/f30b6bfb50fa2	3.483690561801585	8.0083125
de8/fa7499f132c0b	2.4522667644690292	1.8995625
de9/bfe87527339e1	3.046648092808773	6.3843125
dea/b8b44d726fda7	2.551608971248752	2.21275
deb/6807085b4934b	2.7371108065800627	3.0803125
de8/2542e97c4f21c	3.013332971060731	6.8574375
de9/f5635bfe204bd	3.1497980585562253	7.5484375
dea/c8902684a92d5	2.398010104982858	1.6555625
deb/60619f9f1b09c	2.0225282736386876	2.9214375
de8/73d83589725db	1.1197846829581821	2.890625
de9/9e6a4cc9bba8c	2.1651168040270146	5.016
dea/b6e2122ae8317	3.053864917545451	10.54175
deb/bc2094124bbbb	2.9916129433821146	17.5665625
de8/2edf96e49dbd7	3.5528388249145015	13.7073125
de9/1cd60300abf67	3.3303530062494757	12.1165625
dea/55826061ebbdc	3.3888424943733897	5.4214375
deb/594589c29938b	2.3934941065214708	3.1711875
de8/c86bdc4a9c66f	2.2474476194067297	6.66725
de9/689161b29f5dd	2.9443435722306424	8.8398125
dea/f99171e5e2ddf	3.1293885333805296	1.6776875
deb/dacec1bec80e9	2.638278483453199	6.844125
de8/65ede1fb3dd47	3.456371414737372	8.2021875
de9/8899bac909e13	3.4097603584550127	19.9978125
dea/a4a2df1888f66	3.251959433201021	5.3548125
deb/846b39ec1a6dd	2.9357102581337413	4.4543125
de8/17ef72311cad1	2.3245256247449366	4.5866875
de9/b94660cc96808	2.295795150117883	1.9364375
dea/f630a24520c2b	3.42551904893598	5.977625
deb/d8866afc3f273	2.4444101085073555	6.62625
de8/acece4651037e	3.203761500705609	7.502375
de9/15f1d9ce9d3ec	2.1696224733153198	9.1730625
dea/2885e52bf85fe	3.088285692164881	4.5474375
deb/084d3f5f4359c	3.262173269814916	12.54025
de8/1f281b9b4b6a2	3.280404453584489	7.1106875
de9/82b8ad358c9ef	3.3421167845012203	17.071625
dea/46c34c1a4b092	2.9833725182768123	3.52225
deb/30559f0353e78	2.4454569767186323	12.1689375
de8/61d6c959b40cf	1.827501219693415	1.9000625
de9/2f651ac2def49	2.243335382246573	2.290875
dea/39efbe958a2d7	2.9900333610376215	5.4505625
deb/bb8e79f4d4162	3.340121314785883	2.7345
de8/c6d8469919763	2.962876374913594	2.7546875
de9/d8ea05c8e16e5	2.332005009416152	2.9395
dea/0af3d8f2f3dbb	1.346043359025733	3.5295
deb/645e0515a642c	1.1173210693012192	2.1215
de8/8972870766b6f	2.220777310022966	2.1169375
de9/b82edacef658a	3.253826973537842	8.5
dea/3d795d3087a2f	2.8344492320515196	4.362
deb/1e5acaf3ed323	2.2439676855701793	1.7043125
de8/aea0f33eb258d	2.44963918345137	4.7728125
de9/aedc01658c361	1.1207607310402976	1.162375
dea/09f668bf214c7	3.0802379849997927	8.086625
deb/5876cf81886da	2.74745506797336	2.949125
de8/0da8c5f22e086	3.172279891362453	9.2561875
de9/43afbe570a6f9	3.3133874680584063	6.494375
dea/6ed4caa883c36	3.411840947574693	9.26775
deb/a84495f04c0d1	3.407723314403338	12.097875
de8/8277e89454861	2.707102623639291	5.32625
de9/763fff3951080	3.2540753367000885	3.7965
dea/9dc718408165b	2.7687194687867196	4.3756875
deb/a580763682d11	2.896702163249807	6.8454375
de8/51746487634da	2.9050649891606466	8.389125
de9/57c71aa02b1e8	3.2732457510059754	11.897
dea/7e38302ded770	3.215617965809915	9.649375
deb/1dff208fab61d	2.45913811115861	1.925
de8/b1c06164e62a0	1.465023422580719	3.240625
de9/81a363963e90a	3.024033187882342	10.7536875
dea/46a38c161cfa5	2.745456156931582	6.636625
deb/a29456f08ea4e	3.5035437167211207	18.0878125
de8/83ff020f013a3	1.5375621350172495	1.779625
de9/3c9cd1e7fb5b6	3.017051787229128	2.405
dea/953814035bc65	3.3741719364790486	13.4274375
deb/71178c36fd755	2.668734935670553	10.7670625
de8/c25cbeae60ce1	2.740908141963443	3.939625
de9/88159203d2dc2	3.1652054054942615	4.104125
dea/adf7f3d4c7ab2	2.2458196697627995	1.278875
deb/22915fd0a48f5	2.895122927867314	3.8960625
de8/7e36ff3d83610	2.192730759042809	3.4725625
de9/6de3295177878	3.3971685474260687	15.002
dea/b8c1fc6bfae35	2.5159763041827663	3.768375
deb/f95e5c13407e9	3.0507804906708285	10.4960625
de8/59cae5404e4a6	3.1204910435772093	15.2895
de9/ee5451b867cca	3.2812258245148116	7.05025
dea/7eb1e4ea090de	2.836820241227611	7.8411875
deb/5044f2606499d	2.877567876978437	3.928
de8/95683ca9ed562	3.0084475473871493	9.029
de9/74beac1e0776e	2.0384610384979807	1.0085625
dea/7903c82208e42	2.9627409903104556	1.9216875
deb/355bbe7189724	2.6617257367804403	3.0551875
de8/00795c43cfd80	3.4371108876141703	3.6635625
de9/427a029a26088	2.968150091376139	7.449125
dea/2de05e3d7eda3	3.3908855960905697	12.9931875
deb/94ebfbad06a1a	2.4030963297348995	2.942875
de8/c724fb70847ce	2.6630586487865284	8.2401875
de9/2da94a2042654	2.5681233353428627	4.7689375
dea/fef208c88aa08	2.4667398640704765	1.837375
deb/5af0712f94990	2.856865735458268	1.4873125
de8/8c3b399ebf097	3.2671241552059493	4.0360625
de9/e132e0be899d5	3.1863159849233216	4.9003125
dea/90d277f57d621	3.052235629386959	7.2006875
deb/9b8ddfce88c60	2.865811996343021	5.963375
de8/2e5d48653702b	2.6084663148194545	8.9161875
de9/8baade2215f15	2.6300496145751704	5.3896875
dea/ab9c04dd70903	3.2150124661897643	4.1755
deb/8e3c23af8ca11	2.0887652839811834	1.327
de8/e27a2d6f0931f	3.1684191355866513	6.64
de9/013b8883ea311	2.2210975414231475	8.9270625
dea/9861d70babba8	3.1509461985445784	2.3194375
deb/ac168b46f55dc	3.1100054949231204	4.654
de8/8d8101237a640	2.7141457364116484	2.2755625
de9/31781d58e9003	2.3852436199459772	1.418
dea/84bd9eedcdaba	2.8902039600819327	4.2086875
deb/10f7b1d1f260c	2.080656391979133	2.6583125
de8/438c3b5bf9f47	3.2191300534185348	10.0354375
de9/749708080a069	2.9693262494667154	10.160375
dea/e14fd75160c37	3.568122785980946	5.9404375
deb/0f92d3a17f7c6	3.294005172602877	5.639
de8/b950aae14548c	1.9408848057768433	5.4551875
de9/3ac922ae6fac7	2.7914801068844053	4.8053125
dea/a5b8cf88e088a	3.3363350746162466	7.1915
deb/4c2760529abe0	2.826785618821262	3.02875
de8/8925a45465912	2.528207734995145	1.5429375
de9/64e1489b54b75	2.498777662555041	4.1529375
dea/e3b4f20318c1e	2.3809007154471034	3.80275
deb/8f413c0b2d908	2.627712326859687	1.7788125
de8/aa0b97c3dcf26	3.2634626134939877	6.772375
de9/fe305458227de	3.255390817857076	9.0286875
dea/753f945cedb23	3.0176846767931513	15.8481875
deb/6e9dff36ab77a	3.2760759509983948	3.1494375
de8/d03e7a58d10a2	2.6318101781922443	1.9115625
de9/9e08d94318b7f	2.5734360405022114	1.39425
dea/ca12c5953e398	2.535268284912877	4.4574375
deb/9a8798f2d69c7	3.1288190582674296	2.1624375
de8/e12c2d8005dfa	3.1965343232387133	3.1358125
de9/cf77c69df03b6	3.500763023394589	7.7146875
dea/40450861c3f1f	2.8033499296416258	8.8923125
deb/d5ceb60d7dbf6	1.85986839527692	1.1444375
de8/138e7933e0839	2.739259873737098	7.6984375
de9/84e656e739866	2.980758461225773	3.3019375
dea/1617139bc75ca	3.180292003142678	4.7605
deb/3f2b49d5b1e05	1.5348188981638595	1.3458125
de8/4bddf6073a1f3	2.2953124608855684	5.848875
de9/9bf5d8501387f	1.6632207077427528	2.0218125
dea/9c36cc46471ad	3.2996946501636932	6.9499375
deb/ef27c9c4b44f4	2.871925493072735	6.1765
de8/9338e0bc7073a	2.424847012888408	0.9855
de9/adaba62197e60	3.3624012618601378	13.5228125
dea/71a8e11cbffb8	2.662974666423161	11.084375
deb/6a11663100c11	2.7868943591768547	7.129125
de8/f2c876d735cba	2.81312155142591	5.626125
de9/336685615ab77	3.3293630529865967	3.8478125
dea/deb46d1a49e3d	2.612634525821214	7.9575
deb/484d470f0aa2b	2.4595462508306145	4.7523125
de8/f7963c86e2d64	1.108568830576455	1.8998125
de9/a908985ed398c	2.987598541758842	7.3641875
dea/65edf74feb423	1.7175029863099893	5.3269375
deb/81de97e47079b	2.975188061497449	12.3631875
de8/ca55c7af63b6c	2.7572470117611085	1.93525
de9/e9bb7bf9a3968	2.4126408590825585	5.3950625
dea/7d97a0259e590	2.7802862023983472	1.950875
deb/0ef1057ae8f3c	1.0981375821429737	5.3475625
de8/34bf0a47c8d57	3.033129106660726	7.0568125
de9/6f47c60020bdc	2.427290683319839	12.1919375
dea/1d6c58649a61c	2.626299452134188	9.2821875
deb/ea51c857d6b1d	3.500905839368592	23.2760625
de8/47df43fb45a3a	3.3523771802574975	2.7539375
de9/b092442ef834c	3.2785222692769223	4.998875
dea/5b0a31f07f0ab	2.801631596028744	7.33075
deb/e1c84fb13b0fb	2.939215324266559	5.3055
de8/c3b67ddbe088e	3.351687295495118	2.024
de9/c812ea6f1156d	1.3883000119962716	4.172375
dea/5f8691dd78389	2.7270102558305345	3.6901875
deb/1da738fd5eb00	2.7001334964375787	14.713625
de8/69f35bba6b092	2.3778244765339602	5.3545625
de9/a131ba0840379	2.8277462493594676	10.28225
dea/559331f4153ce	2.6335653061528186	4.3501875
deb/fbae4664370bf	2.682751941224342	2.2321875
de8/9807723a78a5b	3.2614471523547217	11.55075
de9/5a433230d7b00	3.45359816535031	7.0310625
dea/c174a09aec97a	2.3691733146679583	10.54125
deb/34ad27598d7d1	3.0332962813891484	6.6788125
de8/4eb1dcb279bf1	2.825589105162817	22.7550625
de9/e58b4be3fda90	3.2941827467031244	8.5684375
dea/4554709971812	3.164322516096113	3.5058125
deb/70a51d6a9eebf	3.2388909460998065	7.69625
de8/ca6c9e9e16f23	2.813032235936366	4.565625
de9/69eeb9e17674a	2.099562558892113	2.355625
dea/acf90e105bd61	3.2848113023802084	8.0143125
deb/5526884caa4f7	2.7974645427348577	6.345875
de8/5e3df4a220f61	3.4202369435651496	21.592125
de9/baf5c080af6f4	2.533224198761971	2.694125
dea/bc9e9808090ea	1.049101586657325	2.9421875
deb/55f5667e5b88e	3.395539082985595	4.7853125
de8/486b5a687c466	3.0314418087382773	5.19325
de9/67fc1a52eb903	3.305274219145256	7.136375
dea/6554ba2444811	2.4738819311447426	3.1951875
deb/a34b26aa92267	3.262479163756364	6.2595
de8/b8fc0f43fb031	2.4236191089687247	7.6340625
de9/6b8150256d65b	2.9650320256725275	1.9185625
dea/5e3c8210c2be2	3.214255574228576	4.848375
deb/f8d21fda3f9bb	2.796561469466289	1.7774375
de8/64599c52fd25f	2.1462838887369085	2.5883125
de9/9f9aa21ecbce3	2.8544384727975136	6.143
dea/4872aa4061ee2	2.3562572204484757	3.566625
deb/c79cdc80598d8	2.1653843229410765	4.4298125
de8/5efaa69bb3dc1	3.154254868539664	5.4031875
de9/8f6655e5e62d5	3.0037702114767524	6.03025
dea/76ece4c87f6ff	2.537972720867343	3.3485
deb/abea6362a9d47	3.315981635678109	14.72675
de8/c6c51d3ab6cad	3.402670564287968	2.8181875
de9/7f21fdd6be899	3.2563331262470365	8.8236875
dea/cb4e44d4541ab	2.5177283624428415	1.057125
deb/3c78211bcfe22	2.426778179089236	11.1209375
de8/2f6b9b1fe0a2c	2.5782855192878484	6.803375
de9/959068a7627d3	2.542790371727589	4.7416875
dea/f88cc2d29e4bd	3.4585070908482582	4.0381875
deb/4d4d14f129732	3.309058706721223	4.6694375
de8/47d777ad4ed14	2.714622831674554	6.005375
de9/63a4ecf36f7f8	1.9579454991356406	3.3365625
dea/3f2a88a645cfc	2.4931563056003694	2.5509375
deb/b3d0decbef47a	2.7237454024009398	6.6536875
de8/d241d17f0c269	2.5716692517456785	1.0546875
de9/9be93dae638a6	2.8289884123579916	5.2709375
dea/52bf68711c6eb	3.2591486143724913	7.117875
deb/96706e40a9c6e	3.3066940116837067	8.3070625
de8/468b6fbfe7fd2	2.7695622179347126	7.0233125
de9/18e09edab9569	3.2738878880136286	8.62975
dea/5701a0a4655bd	2.5865993874977216	3.403875
deb/f280a15022046	3.143722490076537	5.9415
de8/d43f76807fda8	1.811273043237054	2.4706875
de9/7aff862856a5f	2.0395755506839257	4.575875
dea/a9b09a94d00d3	3.186303705273363	2.9804375
deb/49481c8554afe	3.3857101680513217	4.435875
de8/b6e15fed1f589	3.147564987510404	2.224875
de9/e7fbbf767b8a3	3.1010646535710698	7.9565625
dea/9519d3eeeaafc	3.185538839951832	8.2158125
deb/b645fe15b0933	1.7681109981789631	1.20075
de8/32466a806ceca	2.093493252527137	4.1218125
de9/76d138d3dfd1f	3.2051465784064015	3.0085
dea/18f66a0413839	3.316563662452264	20.1816875
deb/838ed27b2ae74	3.495664599013101	4.4558125
de8/b555550656363	2.481486138413294	2.2965
de9/7c317c5ab83fe	2.610328201570683	3.2234375
dea/a6422f7ecc354	2.623052026941626	3.619125
deb/2dfaa9c17fc2c	2.6730790794573496	5.7066875
de8/c540fe5787a1c	3.156483664664316	2.620625
de9/706308d75ea36	2.5249928042823746	5.1025
dea/b3cd7c2f98ce5	3.201809854111169	6.1975625
deb/18edf3e0457e7	3.179054103826136	6.5735625
de8/725e8f25981f6	3.368410842494756	9.678875
de9/6f3fc1d3c3939	2.9665251811730426	7.0223125
dea/a37d0564c6a52	2.946470529765661	2.3568125
deb/9be3e95f752ea	2.6801972253082296	2.0003125
de8/78e3467e0088e	3.0984824699984954	13.7250625
de9/648cd9a48767b	2.2447601820356073	2.4519375
dea/50d5f8f1ad731	2.9402235086824895	3.169875
deb/e82674acf5af3	3.3125106584692823	14.0639375
de8/fb82ab593a47b	2.5947772438013774	2.5625
de9/a59fe642749e6	2.155112573953564	3.5726875
dea/c7a50b806b8e7	1.963894197010564	1.4374375
deb/b584258fcd385	3.1757195221481145	4.0034375
de8/ef293ff8e8e5d	2.976798013426803	3.0480625
de9/262bcfa14128b	2.9597958903835213	7.2765
dea/1747e72dc4924	2.907452577516592	6.9323125
deb/6335a595f1f89	2.9310967842505184	6.583875
de8/9a847b14e631d	3.3129732000050396	4.6821875
de9/1920469c5900f	2.875508457026267	2.6633125
dea/e2219cc02d242	1.0904877808659228	1.297125
deb/430448437a3f5	2.9368163392180655	3.39575
de8/de366f3b8282f	2.612856037187293	5.3494375
de9/ab73b3c1c68c6	3.3745671981435463	5.325375
dea/e28b49541dc29	1.4372664594135949	2.54675
deb/371881f29533d	3.3945116973661587	9.6309375
de8/74b7b43a33761	2.393978421000772	2.533625
de9/7a357563fa3ef	3.1302504500956796	8.397125
dea/150d54bc1a259	2.9364757236146226	2.748625
deb/49a9263ebff2a	2.7765187401627967	2.227
de8/94f1a1d090878	2.8444836002784264	7.7588125
de9/2ecec309a6712	2.683484355869332	16.4386875
dea/a43d32373a628	3.189830661968378	8.5444375
deb/8161f102d6c87	3.164293555421235	2.535
de8/19569c1e14ee6	3.0464102304702387	3.51125
de9/4adc1c5367da1	2.99402698630374	2.259125
dea/5ba01baae1665	2.38553439457409	1.602125
deb/99705461378e6	3.4930050202967817	10.823625
de8/a3e3c1dee24af	3.0284709663618474	1.74175
de9/2db2a2cd959b0	3.3188340657542272	6.9523125
dea/ad5321356dfa1	1.1684904122448665	1.0218125
deb/4c37bac081b0d	3.120007881008871	4.360125
de8/e4b96302a9c3c	3.4580652649373245	9.205125
de9/925a25e49e1fd	3.3748220613805024	5.883125
dea/d4d4125b8eacf	1.2294595714737915	3.1695
deb/9f1dd03f6f72b	2.4303189333392594	2.6880625
de8/fdc1ef9d651fc	2.6957422119075742	1.2296875
de9/7f8389912ed81	2.906132058450954	1.5860625
dea/d44acdab48a32	2.4035392603593846	1.4415625
deb/68de9980fa08a	2.6639476042244157	3.7075
de8/8b0e3baec16ec	1.305818571785577	1.6850625
de9/ad87bd4c7871a	3.343866475904541	4.3996875
dea/21e59a63709de	3.3522790851834667	7.8106875
deb/be8c967e8d381	3.113112112480597	3.2020625
de8/e391718628317	2.7853658811050517	8.93975
de9/eab65e8abb6b4	2.2721377819699007	4.5633125
dea/0be54f7e45e2f	3.3185524106466127	4.0105625
deb/86deb42f4cb61	3.3139661475875006	6.3511875
de8/e72a3247dab8e	3.198758412232943	1.8755625
de9/e71fdcf47348e	2.984254080197515	19.2145
dea/5866f2a3d7d3f	3.3792937798459213	21.6464375
deb/245c05cd3e85b	3.3810125665874433	9.6743125
de8/0dfb4b24c989d	2.141606360318093	1.5385625
de9/7eed28f6b5439	3.373856846460715	16.726
dea/c065637804d5b	3.1658065464629384	9.2235625
deb/69cd451534c4e	2.1248877768586025	4.1535
de8/1dec20affee65	2.2807088029659726	1.0329375
de9/5e5b2d7d32f3a	3.0702988715554236	4.0743125
dea/9d3e6c1263007	2.980960539540475	11.952875
deb/13f8aaaf31de4	2.6479538067669854	6.5910625
de8/4a6dc61b64b8a	1.4210202213287602	3.909375
de9/32bf818be5d87	3.110545556346768	2.9328125
dea/46bb1dba44ded	2.68279730390346	3.4344375
deb/9d3eb980454c7	2.990137433434905	6.1760625
de8/d52110d5dc4a6	3.4053957673593223	5.978
de9/e58f26dbeae4e	3.2103293591702324	7.4480625
dea/15c8e4f10c8ae	3.39218388003181	7.336625
deb/e7622a29b08f1	2.724959104329625	1.4435
de8/9c7542a689012	3.0636257778153135	1.4413125
de9/2e6f883ddb2d7	2.333642783215542	2.0940625
dea/b2b084a53a784	3.1842805047379827	11.0988125
deb/82f0414e83de0	2.3779488679489407	3.1519375
de8/20e97c9085e4b	3.1817090706796836	4.060125
de9/2762da8e7ad45	2.62794605298938	4.2518125
dea/349ffa18ac8ca	1.855338066699266	5.0026875
deb/14dc12ad624fd	2.6949517712261084	2.9475
de8/5ca1c2c8ba94c	2.071774896730562	1.1529375
de9/4c5c5224847e2	3.2402231105715917	6.2249375
dea/8d689499ba2fd	3.3274998362955635	6.0413125
deb/773136877395b	3.084357309580454	5.1414375
de8/cd3d93b9f8318	2.341866410858802	5.270125
de9/6aed3145f5024	3.3683488309273835	1.970875
dea/ec1cd403e2591	3.1996086389722724	4.6831875
deb/b4127df39dbb7	3.1768056956988397	4.922625
de8/9cda7e870c723	2.329336035390842	2.162125
de9/a77529ae50317	3.2515314188127156	17.927
dea/7f6eaacb42dc4	2.168741629806245	1.9218125
deb/07564c8629496	3.5342352167935527	6.07975
de8/4c33669ab6602	2.3004040763347717	4.68225
de9/f17d2f25f80eb	2.306830210734257	3.3938125
dea/46cdfc3f70c6f	3.0231329105175138	9.9441875
deb/4988429058bc7	2.65475894412778	2.49475
de8/d83e629b23983	3.3171095016185737	4.208
de9/4e78c0afab85b	2.2660075923716407	2.395875
dea/6edc519826b9b	3.251713430444151	9.68425
deb/f00cf8ef415b5	3.1926140863804093	6.450875
de8/3d7b5ee04e6e6	2.0448743400565745	5.660375
de9/4f39adcb79aec	3.4281624992664326	10.1376875
dea/aae4c630894e7	2.5745788281108957	3.9865
deb/87b3c14c90306	2.742343679903485	1.682125
de8/8d8d994a2bc95	2.242954755183389	1.441125
de9/ecf83d43b5851	2.6934717189223587	4.7286875
dea/7c4d7133d6e9a	3.367617452932521	5.6145625
deb/a3032360d14b3	1.9870077026042423	5.6053125
de8/3b64d4b3f5108	2.087253244718672	0.672125
de9/050723f72bcd3	2.7865383706048092	9.9561875
dea/1095026cc93de	3.2973784086301032	9.4793125
deb/23fc55b53ee58	3.0173022079835734	8.4729375
de8/1808413d5116f	3.2185936825808636	10.8014375
de9/0745ac7dfd602	3.259134989744182	14.73675
dea/15984ce35c9ad	2.1497046861460873	2.4150625
deb/722d406b75691	1.9321162270399646	1.201625
de8/fd699a684627a	2.1055303633424596	9.3115625
de9/9f03554247080	3.3170212199098374	5.173125
dea/062b9018c5224	3.5129927846569062	8.988375
deb/c091004fe6525	2.9924369646968505	7.115375
de8/5659112ce1fff	2.7336100759217197	2.169875
de9/2c3b8f50bb560	2.1775785667843257	1.79925
dea/a1cb1eee5b2e3	3.1569758081756065	10.10425
deb/22bd82d6a202e	1.5009299492143795	4.529625
de8/f78b15c92083f	3.1320113935602403	6.0865625
de9/d6fdc6ce6e72c	2.761924016036088	3.1614375
dea/cb1655ee23440	3.2858227005486516	5.2045
deb/54fb31757feea	2.169593872597132	3.518375
de8/82995682c0062	2.9380279723846727	7.264875
de9/253bf7d4a2211	3.0756043487009554	3.4333125
dea/79914fb84239a	2.3171664970358274	2.58825
deb/e8d47f66d6614	3.295219563909289	10.1475
de8/54f40efb4227d	2.7027862780768235	2.6090625
de9/4e88dc17b1251	3.5026622289839833	10.3664375
dea/2dbcad434ec9b	1.9700555825723702	3.9125
deb/04b3fdd5947e8	1.760613004050914	1.84225
de8/a080a499174d9	3.0792785887434078	3.5596875
de9/2b14b6927379d	2.3677644447292856	2.484375
dea/61b29f9884256	1.386270729391755	3.72925
deb/e097ad9902002	2.2666742964712	1.7893125
de8/6f76463c3de9d	3.2955876896410854	9.588125
de9/af733e4a2f8ea	3.152333934739289	7.311125
dea/1269fa6a1b69a	2.905411913899119	6.3705
deb/4a2b58f941c2b	1.210177883627034	1.8614375
de8/ed7dc51febeab	2.1234250172271327	2.540125
de9/e5e91abfae4af	2.3880370423298567	2.1931875
dea/0350704df29a4	2.876153744620291	3.877875
deb/0cd0a7b016ce7	3.2229099854473717	10.667
de8/f6bb4e5dd6ca6	2.617902310544759	4.3531875
de9/f2922b724cfcf	3.2209633041239525	6.1806875
dea/be15214c6fffe	2.691775469373745	9.861375
deb/cca2636c5b43a	3.444563695496935	3.9743125
de8/ea3a4b08252e9	2.360994219773875	1.1530625
de9/42a80ef67dad8	2.8449658763141374	7.16975
dea/ea4cccaf69762	2.296562351998989	11.780625
deb/cd8a5f9d01f5c	1.0606442492863293	1.9923125
de8/dc578ab57bb20	2.6949723539177204	2.01125
de9/b49c61aa7495d	2.9890334024808123	4.8074375
dea/9ec636d66d2b9	3.053692002689629	5.1091875
deb/30a17aac774fb	3.5478146116373646	16.5575625
de8/a4c5792c85aa8	2.4621569708385342	12.8488125
de9/dadb2ca7b0e43	2.1278242415663584	0.96075
dea/e65e30d7cb0bf	3.1587184532398043	5.886625
deb/2c058064a2219	3.0675574283246374	1.273625
de8/c8f111a91f83c	1.1320478664116667	1.5265625
de9/f341ebc2d400e	2.383036159235653	1.2969375
dea/55e6422bcd74b	3.448506679435758	6.071625
deb/c0761bd304b4d	3.452952720390983	5.1279375
de8/6e89ba875d53f	3.20369641218026	3.8811875
de9/98c5dd53a8786	3.117734953998137	5.853125
dea/1a173f9cf4417	2.6780689516100504	1.5174375
deb/56a77ed237b9a	3.15966431977055	7.056125
de8/0b7fbad7c6583	3.115642070196287	9.553875
de9/59b204e158f96	2.5959321529810997	3.0443125
dea/cf87416e1b0e0	3.2024661095811973	19.0704375
deb/ed7b5695eb306	1.1474133479504498	4.674125
de8/729ff5d6d022c	3.325129230652891	4.5819375
de9/32179203db8ed	3.4178239041379714	8.1569375
dea/1d85e9b1a136f	1.0969898667272806	1.2494375
deb/17a799e3a010d	3.436933289447155	8.3605625
de8/5cff5a1fe889e	2.366651214180031	1.249125
de9/dd356ec0eb76e	2.485083249557476	1.6824375
dea/e0d6781a6dc5e	3.0119154074362298	4.58725
deb/6042ac615af11	2.576158218512313	2.883875
de8/1ecd9e8a57fbc	3.305589331186512	5.6546875
de9/0f52f1d70a583	3.469426650351658	17.0974375
dea/739070158b3d9	2.9781502592182147	7.59425
deb/1e5586bd22ead	2.815628659432007	9.3001875
de8/af2a9dcee144d	3.4473082235649466	13.2723125
de9/b45e40e636424	2.43417466102015	6.8
dea/e2dcac64b74b6	3.3802405886041877	9.8669375
deb/bbd4d213133af	3.335666469104153	8.1114375
de8/971fbdb1a7ccf	2.6849861632475815	1.3454375
de9/93b970f9b16e5	2.6552217342253845	3.37325
dea/4222880eed2e3	3.409813060926477	15.6251875
deb/cd471878f98a3	3.0155680759829795	7.92925
de8/e555a2d0abe0e	3.4063349153537765	10.48325
de9/21b7429d7b004	3.3720865808032707	9.6526875
dea/4fb4d9e3a0526	3.288048285160959	9.08875
deb/61637e5aa168f	2.4410306583399444	3.113875
de8/12023cbb327d2	2.8743766145517595	3.3246875
de9/9ce9462c8809d	3.235560145775262	10.6610625
dea/f2d687b30f70d	2.3724360119800707	6.9366875
deb/ab2d5ecb69f27	2.979537961036848	8.362875
de8/12252cb1d518e	2.1388397566391943	3.0401875
de9/1759ffa71b993	1.9913273150422162	4.5389375
dea/356ae2cd04aef	3.2363341586350463	25.7355625
deb/c6409b881da1c	3.2346887325096105	11.8965
de8/4cb7904331bd8	2.892271402078199	2.8631875
de9/afde45ccfe55d	3.4368677587595413	11.504375
dea/715a15661fd3a	3.1519389288251176	2.937625
deb/f608f107ede60	3.3250736620701153	7.6725
de8/7e2f83e2b46ee	2.3495175819817558	3.9576875
de9/073b08a17a677	3.204509153861561	3.9981875
dea/d42c306725106	3.2876091474282996	3.507375
deb/77b58d263c133	3.2891666708983895	19.984125
de8/900440e6b7b1e	3.1103373438672715	6.9881875
de9/a1142046ff4a7	3.088190273259152	7.2845625
dea/924e52cd14e52	1.1020128926188104	4.2398125
deb/071e183baa65b	2.356767439680316	1.7295
de8/df03cff3316c5	2.8771271668530143	2.225875
de9/63964c1d51da5	1.6360423496286212	2.2669375
dea/ce972d18df832	2.9176844445838404	3.2766875
deb/72e0d8242fe50	2.780064737690494	1.8091875
de8/f645dc5e9e0ce	2.7994392458322417	6.38925
de9/1088952248b3a	3.4626739792011607	12.4245625
dea/44ca055cf7f94	2.752214662424458	6.642
deb/159c85fe15aa8	3.258795217351974	8.22375
de8/1064e38e48539	3.0866936926177524	19.894
de9/df09febd48227	3.137181756165521	8.5864375
dea/7d79898996044	2.788964637570004	3.90925
deb/cdd21c05ea630	3.0768023590467726	15.4456875
de8/507740e19a53a	3.277442351918237	8.3720625
de9/0c90eaca7b135	3.362329276246433	10.883
dea/98be3f1dd53eb	3.407478919768231	5.3235
deb/121ee978bcb86	2.540043041992058	7.2800625
de8/5ae646f464207	2.578160288862463	9.93425
de9/d36fc2fac3463	2.5799501132216265	2.0586875
dea/825c2b7ab4efc	3.3759648241953553	7.730875
deb/5ea26cdf71e86	2.88203162999419	2.1626875
de8/661c3cd0f1751	3.170098259530553	5.186
de9/23adeffffaa91	2.71580821251582	6.9966875
dea/645bc98e12441	2.2555099078178382	3.9780625
deb/f4c0b2c96b8a7	3.4051665121904913	11.9356875
de8/1a20005e28008	3.166131197134599	7.3326875
de9/a76c70575b940	1.292822588191452	1.9235
dea/6fe02817e102c	3.3088385662791837	7.3339375
deb/fda513cd4128c	2.9181034081469814	2.416125
de8/020231d944675	1.852485301776632	1.2455
de9/2dec2f7e6dc3d	3.304887274523525	4.0670625
dea/f597ffc100cac	3.415219226061553	4.109875
deb/bfe1ba17089ad	3.283435845778508	10.713
de8/1bbeae115496d	3.215824110238508	5.6390625
de9/c3d719d6082ed	2.5524364398095205	3.483
dea/2046b0fe0a59b	3.2053609574489035	5.4174375
deb/69c69b71a1db2	2.3767995237338475	1.44225
de8/6d1da6e2fd3a3	2.8702350098559584	1.97775
de9/29dcd316f8379	2.927689219811554	7.201125
dea/a94cc215329c5	2.9565972105591816	1.970375
deb/4a00f862f48d9	1.9311296731668632	1.8986875
de8/a4bb29540255b	3.4297148130918593	7.5353125
de9/08662d891c888	2.8005935868396055	7.892
dea/e872cb03ccc0a	1.5811067590902672	0.720625
deb/505a2a04c7d87	2.1691821087555887	0.9888125
de8/70b0bc06da617	3.2072628537620878	8.221125
de9/dd3f8f851d7d9	2.668807084518369	3.0551875
dea/5b5d8f1f50450	3.446096449107478	5.5629375
deb/d0b0c08852f37	3.2066351967041915	2.544125
de8/3ff514d4cd664	3.214370958807303	3.3159375
de9/5d4fa92a0a104	3.390947965812334	14.036125
dea/242931960e13c	1.9316940613661633	2.30675
deb/daf2f7d21bef8	2.2329351920740304	0.9608125
de8/da2a4c2a04e52	1.3326083992689717	1.1054375
de9/ccc854de1ffba	2.729190078955571	5.595625
dea/0e75e5b022dd9	3.514044698678208	7.02325
deb/3e018583744a2	3.126606303267318	3.2894375
de8/607832f80fa9d	3.272802638846091	5.813375
de9/32409bb853fbd	3.381223901612266	3.034
dea/ac83ed477c58b	2.806517141100245	5.09925
deb/8831f3737003d	3.404120919588294	7.3534375
de8/ab583afc145dd	2.6629754217714576	2.8831875
de9/22ff1157645bd	2.8378658984603984	4.9361875
dea/b9246e7ab8c52	2.9956714213796904	5.453125
deb/5a04051d01f2b	3.333720692470751	10.7988125
de8/9503e92e9e333	3.3861749261946126	10.45275
de9/2b04ddf130847	3.083330776956188	4.2844375
dea/93f4834c86340	2.8917320075691944	3.1321875
deb/f53ea0ee39c53	3.4195421106686292	12.383875
de8/247e14c6585cb	2.723868541850696	4.513375
de9/0732b80c15b12	3.0406980477260763	1.58625
dea/fd92f296a80f7	3.4879769352820555	7.6025
deb/acad65b558f17	2.9265179879780683	7.9956875
de8/46c4bc1583ae9	3.0582325934505903	2.1279375
de9/4ddd247d4dd3d	3.0385621668854164	4.4064375
dea/928dc571b6246	3.109373537251027	4.3666875
deb/3621881bc47b6	1.9201283522516746	0.72025
de8/0feb2402092a7	2.5904529061244648	4.1841875
de9/878f0e8046ab4	3.2573043420877106	3.203625
dea/aac759eb5ea22	2.181658731178234	1.7703125
deb/8bcf828ebd3c2	2.970665905042292	14.6434375
de8/a4762c87111dd	2.8926609062551103	8.74375
de9/7f4957a821f74	3.01643108172043	4.164875
dea/c30f395e94973	2.288652096580719	1.5144375
deb/9289acdbd392b	3.3839043767388346	8.7419375
de8/793063917cfee	2.183759072569071	1.4418125
de9/39ce3d9db4edb	2.571313161132469	2.8971875
dea/f1d800cc1e432	3.1790822694572314	19.1963125
deb/09abfd590962a	1.638539807964575	1.0335
de8/74914e9075d07	1.08290312969322	2.95075
de9/994e24ef9916c	2.4815879792779207	6.3959375
dea/e279b39052092	2.5618187332013758	1.442
deb/bebf17af681d6	3.2977385859572657	5.1136875
de8/db18167f46ff3	2.9320082473366473	5.1821875
de9/74d0a6e7ac3e1	3.1482337403877594	4.8865
dea/fb4b558969ccc	2.769681318582145	10.7750625
deb/37766479320b2	2.989725197000797	9.2825625
de8/d7e890495bce1	2.82999806150179	9.5366875
de9/1e43c6250cb9e	1.5184234007871953	3.6855625
dea/982601ce1c92c	2.536821126391506	1.2869375
deb/9e086c7c0eb7e	2.7043103859894195	8.993125
de8/e53b1c445d128	3.255007400351104	4.31
de9/93f166bd2a174	3.5025399860323954	10.718
dea/8953cf14f9c72	2.660036679866858	12.7900625
deb/956fcc5667ec5	3.419955997487921	20.019875
de8/b9ec926f01381	1.6396952817095265	5.1416875
de9/05399a0b9db17	3.016403106950679	1.4414375
dea/37d7507c9982c	3.1436561135454824	5.1266875
deb/6d188f03e742a	1.2913570288746932	3.012125
de8/39dc92b997569	2.764967773177205	2.3564375
de9/9965dd148bfd2	2.062138931415525	1.5378125
dea/92dd741d71647	2.87453070147305	1.15475
deb/711a79ce083f0	3.4523234698546545	18.74625
de8/94fc41c25eef1	2.976571978821564	7.681375
de9/fb65dc826b4c3	3.3482954297934584	11.7990625
dea/cd61f22e97e2a	2.5029940701566855	1.577625
deb/a6063099b1120	2.431483443890976	1.4240625
de8/f50e62efe91db	2.9205989884808954	5.55975
de9/eac5ce92a02d1	2.4691494517408046	3.3468125
dea/890649293da3b	3.2912212383248876	11.2209375
deb/29bea69e3ea9a	3.340437159089988	8.1446875
de8/1850cd7275afb	3.4237894575423296	9.6045
de9/7b6404452345a	3.038458775230539	4.712625
dea/cab4b100e2230	3.235062023292259	8.4266875
deb/45ed25633ae5d	3.2732143691895925	7.6771875
de8/bff5cab8c7db0	3.1501996470243854	6.9975625
de9/4bdb4e167d0c6	2.822315298494704	2.36475
dea/36b0f1d1185e2	2.4198855444507723	4.543625
deb/f147b675f377b	2.9128407571551964	2.8210625
de8/bcdc7d7413941	2.786463897768754	7.1616875
de9/12e212d88b845	3.0418326148582913	3.0795625
dea/f09af2ad0b78c	3.0140084638834344	7.3245625
deb/e99649cf24925	3.2595212239558706	7.0423125
de8/2cddd2140e36a	3.0662347219004173	7.0100625
de9/91146cd21dfed	3.0397316005568285	2.4359375
dea/c49d8781eb983	3.2643248887105156	9.1869375
deb/e01d1f6ce371a	3.1772490666202566	11.2775
de8/26a68bf0d0d52	2.647874149104087	1.682625
de9/ebfee8e8a5187	2.750207777019785	2.1141875
dea/8d31b6d9fc22e	2.6043718442182158	1.9268125
deb/585988ce9be06	3.028174607281031	5.0955
de8/f5c9c191c94b7	3.106599170608962	15.241625
de9/db795bd92e001	2.991151186834549	2.8883125
dea/49e8ab2fc9641	2.7678477205175582	4.8701875
deb/126d470fa82eb	2.4524993383027147	2.7395625
de8/a9bbe944c771c	2.759584473054296	2.59
de9/b151b75213278	2.6894847275583915	2.45375
dea/63f3668f3d264	3.039263577657324	5.6249375
deb/2ceec72da14f0	3.4965818464621385	15.708
de8/8cc8e2675dbe1	2.3453720132871707	11.6700625
de9/f630ede23a917	3.4363131014767454	4.9458125
dea/e9ae29aa88194	3.0516194474730605	1.781375
deb/71796892f6de8	2.531817190317593	1.8259375
de8/88fe081d01257	1.987391285837943	2.4640625
de9/bcea7c586f7a3	1.3262809086453582	1.4755625
dea/afd75a8fad3ea	3.418643520925993	11.5420625
deb/e5c1d2837399b	3.2749119369295414	5.6215625
de8/5c9c648571426	2.9878319041080337	2.645
de9/7f9fdb0f36c94	3.017393502815757	8.235625
dea/836bb5ce8f625	2.7375572085293833	4.19175
deb/5b2d1bcacb5b3	3.0500515638631405	10.065
de8/d79e1d3f55fb9	2.6071782744972967	2.4456875
de9/4592e1c27ce52	3.2131820055352547	5.0104375
dea/0b92d73026dc7	2.8068546864208734	3.6524375
deb/ea2c8f4772b2a	3.3684450845780574	7.15825
de8/bd87ee50f2a9a	3.022472666253963	1.65925
de9/1e5f44c8c669f	3.3036342145601574	11.4190625
dea/dcbc0da05742e	3.3882338213023413	6.8736875
deb/61ef3f1068b72	3.1204551670945255	2.319625
de8/485ce887f51f9	3.308694540172937	8.447375
de9/8c24bce003b6b	3.3623777015348475	17.486375
dea/2ef4dd7d3abce	1.4000504251556773	1.1535
deb/081420bee602f	2.2099059085417525	2.690125
de8/c4bf4e9dada6f	2.679596139289127	4.4345
de9/e73554fc22bd9	2.940645538365051	5.546625
dea/2e9201bafb4a6	2.696519194126323	8.7753125
deb/ff0746a5fc934	3.110667564714101	5.845625
de8/97cfeac5fd1c5	3.0462680732572074	6.438375
de9/54eaa704c5bf2	3.167716141198114	4.4813125
dea/302651ee9490a	2.565579773484283	2.7258125
deb/194b50db15572	1.8066953287796537	1.8390625
de8/890faf3fc4bfc	1.16089983851725	2.8475625
de9/f7c40ae12586b	1.6578400602978387	2.5765
dea/1afd8115e7ae1	1.5914431376057148	1.15375
deb/83ea110f60061	2.2082925378891844	2.493875
de8/7d25742311aca	2.5212712306373013	3.1014375
de9/494720e99ce9a	3.502793597985405	7.0344375
dea/57586cf1bd72d	2.234766727017585	1.297
deb/753459712c17d	2.7286428935727	1.4900625
de8/55d33c868cc9a	3.012506373717337	4.44175
de9/9abc809e87339	3.307547903856925	7.00775
dea/d4dbf22ce63a4	3.4417072787241	9.250375
deb/e2aa98f2af382	2.7885438722396514	7.5715625
de8/bd05ddb8135b4	2.718223123436342	2.6706875
de9/51b6138da0965	3.003353381364237	1.58525
dea/65897f8e5f4de	3.3698332972583933	8.3746875
deb/cc3e012db9455	3.121979788154068	7.87775
de8/5afcda1e569b1	3.3714528200267644	12.0928125
de9/b6cb9a2b18357	2.1685145259972747	4.5860625
dea/68d9c454998de	3.0187137901390138	4.6146875
deb/84f73360fc8ff	3.3271595882863494	6.682375
de8/a7cf8b45d76be	2.8126938663445973	1.49025
de9/0b7fd39e29483	1.1002761486316497	0.6240625
dea/d14db8d11908e	2.95083385095739	8.8055
deb/3596402093059	1.2575727130708774	1.080875
de8/3a2bf639c324a	1.895693155803364	0.720125
de9/8be7dfa90e10e	3.464507592821529	8.4115625
dea/99c9e84ea19ef	1.9126937446437193	4.6349375
deb/7cc42ab6abed2	2.3567048541337487	1.2971875
de8/73cd929a253dd	3.302396970149505	16.4801875
de9/1b4a5896b0b70	2.9689056390763082	6.850625
dea/6445f085d7179	3.3435868930589754	4.363
deb/de010b4576481	1.132358796257864	2.7391875
de8/5e2e67dbe92b9	2.6234892456305228	5.2855
de9/74a82ab4227b5	2.64987133846811	8.1259375
dea/4c1493392ce13	3.3854517327503006	11.70475
deb/225aa0e2ae9e0	3.3003942941227815	8.2181875
de8/2414b11c3d105	2.610950920760366	9.5076875
de9/8d68d0fcfad74	2.6399109658188658	1.51425
dea/ae0c578579f5f	2.883604444315146	5.136125
deb/5acdd80e046ca	2.539734376282279	4.3401875
de8/a73ccff4e2242	2.9923664313631138	5.3490625
de9/6de1150f5439b	1.9838025318155967	5.5655
dea/0b3e40f2d2a8c	3.433692760969183	8.6753125
deb/2cde768b13e25	2.7861457128897826	2.1985
de8/811c89e9b678a	3.0559790783942065	7.485125
de9/b7b1897fe95ad	2.9282186550421336	3.4649375
dea/8f25a0d17e1d7	1.260426844453897	3.9750625
deb/bcb8b1e492fb0	3.2058379788446816	6.8318125
de8/406265c4aa994	2.5579250640115623	3.62925
de9/52718834d6bd0	2.547639936678235	1.722125
dea/bfd089e58ead2	3.1098546670186993	4.9795
deb/8d3c35cc3a072	1.2231905629573157	7.4691875
de8/fcd4522b810c7	1.3177566921576944	3.5856875
de9/9ab6753cf2994	3.237799745443223	5.4998125
dea/a02fa15f3be70	3.140094622033706	3.651125
deb/828b53062b859	2.5305861483632817	2.501125
de8/7a92c35fb2388	2.6266796187050945	4.1526875
de9/85b1c397b5e50	3.0210674164253617	7.0599375
dea/2da091f64546b	3.2883089858703505	12.3504375
deb/4ecaedcecff2c	2.8041704714238294	6.8158125
de8/1fbbce823f740	1.8693401977240727	7.5773125
de9/5042601a3acb6	3.230284434886502	6.716
dea/ae353de3a910b	2.8795792405961147	3.514
deb/3008b7bd12a7b	2.5125029605661586	2.7105625
de8/be0b5ef25dc41	2.9569348809012723	15.40925
de9/58c4f2e1b2be2	2.4855427591367087	2.8619375
dea/b3cc0bc72eccb	2.679220619541086	4.901375
deb/4d93d0cc01afa	3.212960686681052	4.537125
de8/283d88247dcdb	3.5541908730487024	4.324625
de9/c4327b269c23b	2.565681102789466	2.782875
dea/c494a2b3c2c60	1.9757882227916526	2.195125
deb/c465de6b7a01b	3.3836567089505682	4.2854375
de8/5bfc86ac1a065	2.9817937334121125	4.0215625
de9/97ddb381eebde	2.917215122266923	4.42675
dea/ee4886ab5bdc7	2.9575667914368973	14.152
deb/7d96225d5b9b8	3.1938068183768507	4.4745625
de8/073f4b950b6b3	3.0284928623322784	6.567
de9/bed331c3dc809	2.5627198613593563	0.961
dea/a136e2c96b1e9	2.0450382061604375	7.2919375
deb/8a03b95ce5729	2.6554534783008448	4.0316875
de8/3750e3a2fdc2f	2.854349501454064	2.0958125
de9/aa33c287a3b7f	2.634162789069539	0.9126875
dea/7ccf5e725ff4e	2.297187204027361	2.3620625
deb/1402ed8100f93	3.4220800163690064	5.2628125
de8/cbcf7722a6c3c	3.0147951924949896	5.9579375
de9/4eb50a95b3e60	3.4090980622424807	7.2233125
dea/59834cf693257	3.3290797387744435	6.532625
deb/959bccf6a7654	2.8603181753446387	3.3225
de8/c72342bdbaeda	2.2363751065999216	1.983875
de9/677133ef58aef	2.109698132794565	7.48125
dea/ae1af2c8e68f6	3.038126257180849	3.326125
deb/62a54273ad628	3.3758834251332583	5.5090625
de8/31024348e24c4	2.242282841440525	2.6643125
de9/a1e536ab67b6d	3.128627920786232	4.5609375
dea/9a4e8a02e6c71	2.858945218352614	4.0395
deb/90f8b50c024de	3.1278151959632665	3.7236875
de8/0e8a8ab8be3dc	2.8032384615234074	5.854125
de9/8f764e0dbd24a	3.3577924359475864	3.672
dea/41dc80a289f04	2.342767638418111	3.2640625
deb/a17c4975ff019	3.1271483201099	11.2134375
de8/5985fae5df890	3.4095383761738316	4.694
de9/7dd09d91229bf	2.2329913217080164	4.038125
dea/777ae8b643d0a	3.1083599573883514	18.6215625
deb/258dc5566d0a1	2.6374789778637457	5.4223125
de8/85335aa6fcac1	2.729868626351387	1.8545625
de9/79f49ce94b1c5	2.7252926353586555	4.3930625
dea/c5e0d489a00f9	2.3245624553065385	2.741625
deb/c31402da2bbdb	1.0980948439342186	2.42475
de8/615e4df3e3de9	2.7366050431286033	8.0078125
de9/8ab7860365841	3.275651455587712	12.654125
dea/1a1f7cbf06933	2.9955060216918024	7.2421875
deb/349cbd64e0568	2.2583441266938995	2.0673125
de8/d7291daffef13	2.8441887205323044	9.8041875
de9/0ce5da68b58e9	2.56568633013316	1.254375
dea/21e8e5983a22d	3.1237152675360975	6.50975
deb/a25f43863e414	2.943797482030769	3.816125
de8/a9ffda9614a0e	2.988491470855457	4.12675
de9/64954561805e3	3.3623805358865937	16.853375
dea/81ce46697b0b8	3.463646360944159	2.865625
deb/2df7ca6b9420c	2.63686046202656	6.52525
de8/830f14930b445	2.22138331483796	2.2425
de9/3f27fcaecb159	2.4765574956958445	2.3953125
dea/584d14cae2673	2.8111658697842956	3.7618125
deb/850158789d4af	2.8486615939775417	5.241
de8/df2e37c10db99	3.2809479259276286	2.8433125
de9/5be9b3cdba39c	3.295980255058499	3.6913125
dea/ba00e93f13ead	3.2268147038022743	17.205625
deb/a6fb040c675f1	2.380059776999721	0.7683125
de8/ce8e5a04bfcf1	2.9581483677988936	4.3686875
de9/1271516aad46c	3.0856629320711364	2.0123125
dea/b1984deea1287	2.8252905972996665	4.2315
deb/5c10164d84fb9	2.640338211834195	8.0411875
de8/5400011370e1e	3.440616608522564	9.14325
de9/c8c5c80fa1d36	2.9337838368438707	6.0764375
dea/4f74f9b32b8c7	3.2834279239190454	8.4291875
deb/814dec9262986	3.2322053769357164	6.2245
de8/896e7d9097267	2.064203732791138	1.3941875
de9/e6bcb79dadf3f	2.5276641415281915	1.63875
dea/2c3093f6a943d	2.5496604923239428	3.3438125
deb/19028de13f86a	2.6053465493354295	5.370375
de8/992971a3fa42a	2.4811376048679255	7.572625
de9/eb93c8c1c5bf9	2.9209545366820513	7.876125
dea/7863ec6c9b29a	2.7917927084653242	8.6063125
deb/e25661b17f234	3.1917150777639383	26.288375
de8/4832d9a04caa5	3.301767355310767	2.2589375
de9/9b3c7bbb6b58f	1.799625828710227	7.351
dea/05525bc2ba515	2.834232311450639	6.0785
deb/431969965f8f7	2.6584184602213274	4.0085
de8/2e754d830dbb2	1.5195146676527735	4.3014375
de9/e1c68d29b1ef7	3.2686753547794	5.168875
dea/76bb3b84a3dc0	2.1332902390201767	1.2976875
deb/a591459fc8b66	3.359023809035368	12.04775
de8/2008a036589d9	2.1625074999469542	4.228375
de9/c25c5769f5ed4	2.4910893118969706	4.878
dea/67d7f337e8f0b	2.970183975929903	3.9468125
deb/f4c23afcdf6a0	3.180033194681737	5.3060625
de8/3a7dc8fb0e902	1.1435100838012626	1.1054375
de9/11896309a609d	2.620775419519993	4.117625
dea/7015f1042208f	3.2018729780259183	4.3965
deb/96f4f09fcebd1	3.2378644398975784	9.905875
de8/928919f0ced24	3.48422956102813	11.1846875
de9/a95ce3f1f130b	3.120534551549389	2.9335
dea/f1f4b7da01d46	3.378594095934076	14.318125
deb/2ecaca4e100d5	3.1013535987781795	20.6903125
de8/ca3bedde41045	3.180986360134482	3.25
de9/9d2ef91817d0e	3.081624657557838	5.90825
dea/4b183ad37a4fb	3.014698573181485	3.8853125
deb/119620451e8d4	3.1251090537360207	2.4813125
de8/ae11c69e95078	3.449523632932682	11.6766875
de9/79328c7006897	2.065174245026079	4.92775
dea/bf444a9395755	2.538497988632769	3.611875
deb/6cdf98842cea2	3.0014021987233552	6.36575
de8/4a88dd70817f1	2.3588292308482406	2.74725
de9/07c054b959338	2.9077145084337572	3.88975
dea/84f97fbf23f43	3.2282712865050485	3.643875
deb/1eae19957165f	2.391570527880494	0.86475
de8/3926c28304ddb	2.651088788893086	5.6413125
de9/b6dac592deeb7	2.139918422716943	1.489625
dea/094243917ac35	2.9659835273841297	4.581125
deb/19a39b5f315c6	3.1899864892294016	3.965375
de8/399c97ec48f45	2.797573119611339	4.906125
de9/f51c1056f7417	2.619933327162297	4.3946875
dea/6e5454f88c76b	2.747025858947158	7.280875
deb/9b80e44b48793	1.5333597664185907	2.3793125
de8/9a3801e549f5f	2.165985633983189	5.363125
de9/83e729ebc3f7d	2.741578493525491	14.2695625
dea/2383c46a51a34	2.8579427455904676	3.1103125
deb/9998b91092efd	1.8101955594756967	2.9523125
de8/a285ccae89d4a	3.258985834210616	5.4319375
de9/5673a1b0f77cc	3.322596037400917	14.65775
dea/ea20c0a4e8103	2.2928255643283095	7.5898125
deb/ce939674b51b1	3.2303902341343034	10.3709375
de8/4609d007b589a	2.682070057431411	2.368375
de9/9f3a1aa2092f8	2.472656592413623	2.432125
dea/54379081ea0fc	2.7707051881058606	7.7161875
deb/67408243a5e01	2.333440163619719	3.816375
de8/069905fae6470	3.2570528022418133	10.161
de9/abd3ffcc75ef6	2.811231753671475	2.344875
dea/e9d377c2202f1	3.291341437374252	11.3115
deb/e2dcb06b5568c	1.6208567519078414	4.4000625
de8/c94079af903e0	2.740404552777643	1.3768125
de9/13a7760a8589a	3.2110092351077895	4.3259375
dea/2b985557eadfb	1.8326322068128937	2.387875
deb/f5afd4882dd18	3.3100878391572817	3.441
de8/998d77d8da123	3.1180536184378624	4.1364375
de9/4432b03536f7b	2.4838743699040466	10.140125
dea/661a4f9820166	3.0073218481608066	12.3186875
deb/08fe4736d5b16	2.559610209649022	5.0276875
de8/fa580312ee4d8	2.842929308144955	13.7906875
de9/896506b847885	3.1675521388739263	7.9653125
dea/8a363f24e63b2	2.574706654051333	3.1625
deb/e0849ce37d0b2	2.9953357695227036	11.491375
de8/dd99e15b0b3fb	2.3065593135106366	5.3080625
de9/83de12a3dec4f	2.622486693654802	10.61575
dea/cd221bccc009c	3.5188593282209233	9.6726875
deb/5d630c0d2f7e3	2.537995784223674	2.585875
de8/8b480d6cb9b35	3.4389477202888172	12.9815625
de9/eecebd2328b85	3.2315922488761557	4.2304375
dea/b481c111498c8	2.5814383081995738	4.345375
deb/36bbd874c8a35	2.559359519034873	1.5754375
de8/6b771d017bf7c	2.946602875424489	10.418
de9/b04735d177389	2.968255667550796	4.299625
dea/6dfccc9d57b3e	3.1510363542233657	4.6305625
deb/3109812db48d5	2.195046660163277	4.33225
de8/20acbdcdcff56	3.314531019597751	6.851
de9/ee9d7f88ca506	2.1203028644745716	2.2775
dea/ec243f16bce3f	2.260366928033295	1.7715625
deb/73922a4ee1562	3.3295839171193693	6.5778125
de8/c2ecf4e7e54a1	3.1472722479458506	5.8539375
de9/b266993a43e99	2.8929395816240895	17.640875
dea/cee225354a828	2.957850608046876	4.3299375
deb/8d66fac699e13	2.359458473287436	5.8576875
de8/63f18df17ec95	2.7694938749654026	6.438125
de9/41f1c41878bb0	2.3116982311802827	2.1389375
dea/59dc4c08c55d6	2.7533991542057494	5.791625
deb/1fe983e73221c	1.5447832398499004	0.7683125
de8/4c4aa4316d09e	1.112546049334612	1.4891875
de9/a9b7759c5436c	2.873446466137142	4.2495
dea/2e2d56e4e6f3b	3.409693418417335	7.546125
deb/c37b0d87eff7f	3.5674445298331037	5.3661875
de8/0c6e42c058520	3.1892079997861145	5.2564375
de9/63f796f853098	3.238878729659457	1.0088125
dea/5241631195f8e	3.4948841022279358	4.011625
deb/6462cd02f8247	2.8297402516769266	3.3740625
de8/a19c5d40f2a60	2.5807406124555166	10.843125
de9/cf5c310c34012	2.423606175684364	3.9045
dea/b459020d798bb	2.9547322895398254	8.2844375
deb/1d1937298987e	1.0871897297090314	1.0091875
de8/14ffe0fae9da1	2.5451398616594467	9.5203125
de9/9800a433975d2	1.6455370091441786	2.6471875
dea/28c189a58f295	2.979775093545011	4.9675
deb/f18c2c86c6dd8	2.302975200867116	1.39375
de8/54e4cb4125a98	3.0268651709674077	6.7041875
de9/4c8003bcd0068	3.146028352568615	11.463375
dea/a94d52774f541	3.0162245994837464	5.8773125
deb/097011d8dffd1	1.3335124048616445	1.3013125
de8/bbc3d00c42ab9	2.609390676296127	7.42525
de9/ead95e5e7d912	3.380543701656606	6.5116875
dea/16038759cb446	2.9975801006662115	5.59675
deb/4b4cdbca610f4	2.4062818201828757	2.3555
de8/ae0fa6730986e	3.1588483164060537	2.5145625
de9/cb2fcf329f89a	2.9757254350162956	2.7901875
dea/daf098bfb81dc	2.105730772668282	5.269125
deb/ff5dd920c9cf1	2.63238859618139	6.6329375
de8/1b7b1e391e8e4	2.25088434276935	13.34275
de9/b51c07043ee5e	1.172215455844695	3.1594375
dea/42facffb901e4	2.9976418786854713	5.066625
deb/9aac4e559a64d	3.208672448102561	2.4356875
de8/e0fcf7a830bf1	3.362391839658427	6.913625
de9/9453e86df7315	2.1107566837494267	3.0751875
dea/13a31ee54de6f	3.484451371714426	10.163
deb/c894fab119ce3	2.8005700034753045	3.4185625
de8/e0e3a90ea14b5	1.779979081973882	4.41875
de9/cacf0cbfa92ae	2.430232813341071	1.5405625
dea/0934ab0309dfb	2.579725599643293	5.5561875
deb/13209c0216075	2.2451171452238206	1.554125
de8/91b3eaa66ebee	3.0075271850582586	4.44775
de9/31ae3f2c21add	2.8920819241727553	0.792375
dea/3e4441cc5cf8f	2.6655749759080543	8.62825
deb/3bbd599798968	2.213527083747017	1.5829375
de8/b38875ea58d0b	3.22558736287858	14.3635
de9/d907ab66d553c	2.475100638620601	2.336375
dea/915a3d769de4a	2.1790917830881678	6.621
deb/4365a92073957	2.0957097602900325	1.642375
de8/f484979e681c1	2.3525582566515393	5.547
de9/6be845493467c	2.522957805796159	3.00775
dea/537f09890e384	2.137504299427582	4.0989375
deb/80d8498caf09e	2.3284709437917055	6.071875
de8/9a23285c4de2f	2.77605534553575	1.979625
de9/caba135357c93	2.940565127687201	3.672125
dea/e03d9f74ddfac	1.0672790619859165	1.489875
deb/3394bb29ae319	2.8672265329887847	6.4514375
de8/9e1eb3183c1d4	2.3174250834214543	3.8171875
de9/2bcc74e9d71ab	3.31968754368433	7.08425
dea/2b7340595e665	1.231141362773896	6.80075
deb/4d51383bfad90	1.1069728115053132	1.709375
de8/909162ce69f10	2.760982130484649	1.827375
de9/4aae6a8cf4614	1.1748361737419997	3.675875
dea/8cc8f906ae340	3.451138749770748	11.7345625
deb/9e179b2a515da	3.4308978661732104	10.0485625
de8/1b4271033f8fa	3.344224703418874	10.2934375
de9/83469069aba6d	2.4896234888593853	7.9783125
dea/45e8de8165435	3.318505067233994	7.5851875
deb/09f9bc4a0ecbe	2.837115646463989	4.2745625
de8/2fd91817f2695	2.9478551075214643	7.204
de9/ad04d34e7c826	3.4450059392965073	3.51275
dea/912ac603c2680	3.5478438311888305	5.010875
deb/aff9825404069	2.9036625092694783	5.093625
de8/13b2a8fbded67	2.7987614854500724	2.002375
de9/162784aecea2a	3.365571700519098	7.0788125
dea/beaffca983903	3.2300338292341433	7.7815
deb/4a4b0cdc9514e	2.797347465310056	12.3875
de8/a6b640a915b2b	2.981089440106505	12.9870625
de9/74282e891783c	2.8549031202976805	6.581875
dea/caab766610673	3.4161528522789197	7.47325
deb/34f8dd52c3847	2.8471898290759103	6.5141875
de8/81cf7c7d439dd	2.703988788315305	15.18475
de9/2c5fd48abf433	3.223349981129999	8.449375
dea/cbb578e938bf2	2.1042129091239192	2.86975
deb/d7266f22cec9b	2.426351117397573	9.8803125
de8/3aedc2ff1cd9a	2.74001550084379	6.6829375
de9/cb8a8da45257a	3.3224689995863033	5.241375
dea/557e2d8099550	3.2797249213180977	8.765375
deb/8f1899abc0095	1.1112021502898597	1.7544375
de8/580e4c16a70b9	3.309812586375485	4.029
de9/edfece42d19fd	2.1039638438520663	9.241375
dea/4e93aca89dd8e	2.2999635913670446	2.35575
deb/b742a30d61651	1.1859809969688788	1.9974375
de8/a579e407d1e4b	3.3999463031082313	3.07675
de9/87c4d237ca130	3.4506975177022503	7.6986875
dea/20c36b8d6af21	3.4029369359233876	6.4170625
deb/e01fee14b4505	1.1121125623169876	1.827
de8/781a05d23e436	2.4392035827797405	1.875
de9/3cb6e9612147b	3.3811508996978685	18.6175625
dea/6359d5b0f051f	2.248174866487946	4.0393125
deb/b41f7210e81d7	2.710246839421844	2.3734375
de8/7fc3952754605	2.6409745412275227	6.008125
de9/bfb4509f6b6c3	3.231288384887931	3.37275
dea/18d38e4fb92f1	3.4832040561966666	7.244625
deb/57d2f8f3ba214	3.200609533405092	12.425875
de8/7759b86871b9d	3.101591630626444	5.9026875
de9/2b503600761f0	2.9819330823142813	3.657
dea/4b204c2f8930f	3.308769595415452	8.2340625
deb/87c89deaaaf79	2.4450959295576387	20.293625
de8/af67f8b42a23a	3.484953064503584	4.87575
de9/3e7cf9c5fce21	3.102192119183368	3.75175
dea/548cf1bd9bfca	3.172298163141508	5.264625
deb/a1b7bbbe341ee	3.2322366847235062	9.687375
de8/0c57f2ed38128	2.6508808445593726	3.966375
de9/42ffb24666f40	3.545098575072675	6.181875
dea/2cd50e3dfa066	3.249353650470615	9.7364375
deb/66b65d134f9f0	3.112181634396057	3.1076875
de8/e78662ea8d859	3.3854266147792798	23.3436875
de9/d3019ef02a99d	2.16550863023611	8.3178125
dea/0a9bd2da4bd0b	2.6661090278249855	2.277625
deb/92e94d14a3b1a	3.327798022721031	7.14825
de8/eee3797a8fbee	2.584020944805375	2.663625
de9/4401c9d6cfcc5	2.2869196232144198	1.1529375
dea/0fbe3d7aa754a	2.917191520382341	3.94425
deb/3a5bcbf6ef0d7	2.9100201249234394	3.0915625
de8/bc6f3e406699e	2.361013793073457	6.0294375
de9/27132ba1e3e60	3.0936029654913284	4.807125
dea/bd82fa5067b2c	3.2774421995235596	9.2225625
deb/3f71b1dd2a25d	1.7237082988377035	21.5681875
de8/bd18caea9b949	2.5195180106555104	2.7786875
de9/0be8b8bb1d3e0	3.4429617720847214	5.4255625
dea/3c278a94a2bd9	2.755269173658228	3.307
deb/4e44ff48ae434	3.409351341008268	5.8935625
de8/db99a34753b23	1.313342012773698	2.55525
de9/4e97509af275d	1.692864359970647	3.001625
dea/da78df7852981	2.505819590621087	2.377375
deb/baac39d456d6b	2.3172867003498703	8.0413125
de8/bf9187d3d3a88	3.3382029525240826	10.3779375
de9/1db9031464918	2.449914404662326	10.997625
dea/1122644537b5f	1.1324065566609234	1.3705
deb/75c475e6bcead	2.9705084355762184	2.3335625
de8/35bfa2320d1a8	2.5398877186738624	1.70725
de9/cbc9f9f0d552f	1.8046073567756034	1.2775625
dea/7bf66926084bb	3.32258714544523	10.094
deb/fecee023adaa3	2.4223101818676653	3.0271875
de8/e5af984571e02	3.0506131939473056	5.89875
de9/c6a136fd178b2	2.6071913717209125	1.2143125
dea/5edbdcb2eecd4	2.0090886150893668	4.319625
deb/b2d3e44a371eb	2.999398379081456	1.2011875
de8/138de4137e7a1	3.048487179633861	3.9433125
de9/09f78990ce535	2.923293849266419	6.8251875
dea/0b44a949df7ad	1.447068803124397	2.6175625
deb/d6aaed927efbb	2.1444406701699585	0.768375
de8/a86a38b7869bf	2.3077557130751813	1.487
de9/1b3695d71f37e	3.3126494118288146	11.5171875
dea/212548db9e870	2.8730816790462343	2.7815
deb/8a9aacd1ab5e2	2.5484911408717053	1.6215
de8/98975db86f520	2.3867270212867178	3.5655625
de9/8a730e7af54da	1.9621264691539804	0.8165625
dea/cb7e57f87ee9d	3.1808877348805744	2.99225
deb/7fdaf2e354821	3.055654724873207	7.2589375
de8/ce835edb1d7c7	3.179971700320636	3.702
de9/740612d02408b	1.9723984128122378	1.3810625
dea/c45f9a70ec327	2.3201953707367804	8.0685
deb/bedb2b8d0deb5	3.269169143460963	17.845625
de8/aabef9f9bf2d8	3.03229295458338	6.482375
de9/247538ad74c03	2.853686073842092	1.642625
dea/ec3250c2bfa37	2.440698778838635	9.257875
deb/32d4f1e841c59	2.9801607738297786	3.926625
de8/1dc2425c190da	2.783463455381957	15.2024375
de9/5d0490273187b	3.444206789014544	4.083125
dea/0e03862f51fe3	3.0342667526505758	9.3990625
deb/1ed635ed81029	2.3577764479692065	4.701375
de8/0354952799a19	3.1607458794375076	1.7819375
de9/3dec4e4f7101a	3.2385293045638712	1.89825
dea/3be47d90024cd	3.453737539146685	6.3134375
deb/455edb4620f0a	2.5515679007139216	3.1056875
de8/824164831ee1e	2.978854695504662	7.1676875
de9/6e049d24f7e0c	2.8878726943852997	3.1733125
dea/1e9bbbf7f918b	3.421283212843765	8.3798125
deb/f3df9b869f58e	3.4158039961934024	12.2545
de8/4e2d68c95de4a	2.939322726306184	6.269375
de9/4674bb7adc391	3.26670325949164	25.2085
dea/944144a224144	2.7027727706702156	4.4671875
deb/162550a98f9a1	2.264516366684664	1.682125
de8/9685579efd193	3.095972020940877	5.596375
de9/ae1ce97a1a29c	2.0318196956729655	0.9825625
dea/1eb8aed9117e5	2.158840196682008	1.0085
deb/dbcc60c7c4b30	2.3989099320193548	3.31075
de8/04311056a8273	3.087563057102362	9.5545625
de9/711dfe9fe74ad	2.268659987118646	6.94275
dea/2294c9c6bb620	2.756028854196788	3.7633125
deb/e02f6073f4499	2.7061483063345513	5.777125
de8/2dcc656b97842	1.559177555615448	0.8165625
de9/6a95b44825caa	3.200668073005857	5.0086875
dea/a7dc8359232d3	2.9458342231586654	8.7126875
deb/52aea9e26c236	3.208674173507449	10.267625
de8/b28c9124c0a80	3.112058536525657	3.546875
de9/e70be3a2b4f46	2.8696111081491424	5.202875
dea/771848bf6d00a	2.7123617735935204	1.8739375
deb/acabe3cd5b4bb	3.3425569788410625	8.079625
de8/9ff81c77a1d3a	1.3214644313276955	2.306875
de9/58c4855c2489a	3.406607284918511	13.907875
dea/a6729bc89872d	3.3899564030354417	6.0499375
deb/a3a527a0e37f2	3.2146057495457994	3.2968125
de8/37b69054b86f9	3.443785846752552	16.8355625
de9/fa987c81b2dcc	2.9730117544650425	7.844375
dea/f06dfef2dfd19	3.273341070200593	8.8976875
deb/3637f2bbed58b	3.109202778310144	12.44375
de8/ea108b7211186	3.189902218089009	4.528125
de9/674c931a9c897	2.5682879051703904	9.774125
dea/cbf21139a2f6c	2.713253749968696	5.1066875
deb/878bf97621472	2.8522602423505563	9.4085625
de8/e00a422e5a538	2.9657926912236716	5.505375
de9/e9fb0e14f37dc	3.3016120320810773	6.7728125
dea/3909dba4401d8	1.6187834385512987	6.7925625
deb/4a41d972ff7e8	2.6461957620870247	6.2544375
de8/99ce665e28492	2.2216775273966674	2.4481875
de9/5a443623b158e	1.134732943172248	1.2421875
dea/3f2531e4e7297	2.2156436763547123	1.14975
deb/797189272d5c9	2.5656703899290583	3.037625
de8/572c4215eaf64	3.0514901053595693	8.19425
de9/08b6e4ea11300	3.0800431260812844	3.1081875
dea/f1d3e9c1d83bb	2.499470866496773	1.4816875
deb/8c39d1f5030d0	3.0777896824788598	3.197375
de8/9a0f7dad4b1a2	1.7873719243204955	5.5318125
de9/10e9baa389376	3.3579870165215544	7.3915625
dea/303a123e025af	3.3062711703753314	10.0416875
deb/9bf5dc7d318b4	2.5229823462919785	4.977125
de8/46989d804a4a7	3.0445828429195525	6.978
de9/d5741aab120b0	3.2298205733296026	5.6815625
dea/b3ab8aae744c9	3.1331255323682865	10.0434375
deb/b3c911c42e06b	3.29353225244088	14.118
de8/b2e7c19f670ab	2.8305575977283466	3.2775625
de9/08557b9f56fe4	3.0126806113253872	11.224
dea/8272a798b1b52	2.6251711293166533	3.76675
deb/99348ab83461b	3.0799587467506444	4.7264375
de8/e2c705a651b3d	3.280693332782625	4.50325
de9/366f8219e3332	3.2310986585158816	6.9005
dea/2f791356118ea	2.880855676232962	6.98075
deb/1040a07730abe	3.25964877644702	6.9470625
de8/28757bf598efb	3.0523896681190346	7.4640625
de9/87b63f9867fc5	2.0238557167623243	7.2723125
dea/393a8976397d9	3.0951186583681634	10.19175
deb/9570cbf2945c4	2.634802895462112	2.9215625
de8/e50d4bec5c307	3.481823759957049	12.729125
de9/324f895800df6	2.9932139052579787	5.8225625
dea/1895310c4b921	3.289003753292369	9.4029375
deb/736a227d33f10	1.4170142380727009	2.2833125
de8/8eb2017790bd5	2.221004231382627	1.2009375
de9/0b8e6cbf2a354	1.9550698139477372	1.670875
dea/8378b77912563	2.578463716192006	6.53
deb/11b5a5d236e27	2.1279333363909827	3.2119375
de8/b1c8020d14fcd	2.849134641076236	7.42875
de9/57bb24cb2bb5d	2.4880940307576087	2.4239375
dea/0907d5d69b275	3.0137404392383713	6.914625
deb/48f12fab68c48	2.61993299601615	3.05275
de8/b1db8ae97f37b	3.1674329808679853	11.0980625
de9/94bfe4fe71b35	3.048226586565209	9.9493125
dea/cc2c22470f74c	3.181695881522697	6.8603125
deb/522f18fc6de15	1.9691149287025331	4.2969375
de8/215406f8814c0	3.419717332513112	3.4465
de9/5bb2d8005ca55	2.8516122535651203	5.5694375
dea/63118e5b1cb48	3.3392826265934987	3.3418125
deb/0f39c277393ed	2.8668219546891023	7.05575
de8/cc5f26556be31	2.882945790596026	6.7984375
de9/22fac008cc748	2.2497850531569457	2.0575625
dea/d570e8b972a9f	2.371041505149035	2.045
deb/bc16eec5153de	2.2826044989826024	4.8610625
de8/69789a74c741a	3.1430552213265472	11.9195625
de9/f9c7e531f4548	3.256854047819017	4.6350625
dea/822f60efc0fcc	2.9642515402904417	5.39975
deb/94f7ba30c7195	2.8424552336252233	6.0053125
de8/39c3a3a0a3971	3.250086220345454	3.622875
de9/5c8d17531bdf7	2.5922071637126294	20.253125
dea/a341bdfc0e1d4	3.1750465810762463	3.0680625
deb/a2d84b58aff22	3.383175520882208	13.0205625
de8/b0cee3b3d7a9f	3.0946444038348395	13.474875
de9/080dc4ff05d2b	2.7962633106858	4.192375
dea/bc94321ddd644	2.972237365026878	3.1611875
deb/346dd92f9718d	2.0904737285586523	9.4135625
de8/c16535021ad59	3.0628155960983716	2.51075
de9/4658f39c39ae1	3.4137674111818868	3.53225
dea/0146229d0efbd	2.8879318756817582	6.9668125
deb/cbe3afae08842	3.230934239865578	5.8258125
de8/2bca7c9eceb5b	1.6823785607912671	0.889
de9/b4888cd731085	1.084832528229051	2.5664375
dea/eceb73afae72b	2.9351616571433636	2.8730625
deb/99fd06aeb728c	3.0029890995460606	1.4896875
de8/018c6aaada124	2.9509214158921844	3.5909375
de9/dc10d43d11a02	2.1297134730216856	4.7481875
dea/5b4324d9eee0d	3.187919069022992	6.4110625
deb/43c1b70df8714	3.1818387820513565	6.026125
de8/23c2939b1a6f3	3.114072588913612	2.926375
de9/eae3d0225ad8c	1.5893894826287969	3.7683125
dea/2f1a83714556e	3.393181354486804	8.786625
deb/80add997ee83b	2.9895045527723334	3.641
de8/666f1f9caea54	2.356708792897832	1.1616875
de9/f8de3ba52b274	3.270095208211195	5.302125
dea/9f3b012390f46	3.0448195590173373	9.132375
deb/49a7cca834984	2.4775661251924457	2.5976875
de8/f56bf9b872b99	3.0934949496930995	9.7985625
de9/45bc605b2b468	2.470262299002784	9.706875
dea/12a1c4d99f12b	2.785839154577901	10.8275625
deb/07444063f2fd4	2.3997403944136804	2.405625
de8/bc5240d33aa03	3.2350318546699035	1.827375
de9/941fd2b67ecba	3.4625365061974667	8.637875
dea/5db167fe785c2	2.908853334028553	2.4038125
deb/897b2f13f2be7	3.273686225925522	14.152625
de8/165b6cba917c2	3.309077319573042	10.09475
de9/324623201161e	2.667744169513983	1.0086875
dea/3f0b07a5d1046	3.1436099373899222	2.492375
deb/315676adfaf67	2.9614009098587326	0.88875
de8/c865b48e991f4	2.6354301097777815	1.9128125
de9/7c5ce7d61d475	1.8492024713810966	1.7543125
dea/bc4cfd095d958	2.7599298774358956	8.19275
deb/62e220d0be7c6	2.7174238851748593	3.466625
de8/2bfa467005425	2.727914904116684	1.6039375
de9/787d5c2fa3a43	2.8606000587417175	7.6888125
dea/a0cefa44f3095	2.0319196087205684	2.3036875
deb/7dba4e4f0417c	3.3827460615290055	6.8960625
de8/40822c0cf7e19	2.090376369293467	2.1146875
de9/f9b811edfc892	3.3040750957954104	11.1604375
dea/cb2b037bde686	2.6835822094828075	5.450375
deb/5359cdaaa3fa8	2.7223582102918944	10.3183125
de8/627436b1ffc0b	3.309920270970179	3.2466875
de9/b18b271f13089	2.974760853693091	26.136875
dea/1017dc0102609	3.108237700969468	4.138125
deb/621337e90469c	3.415429497783905	8.4765625
de8/590ddacb2df25	3.2752361762052584	9.3268125
de9/e0f22f2d4f69c	2.731021879345346	7.3711875
dea/9b788c85cf099	2.5766564621033807	6.1168125
deb/f2ad59cccb824	3.3370520808341144	6.2555
de8/144f6c27870d2	3.3279516199645065	6.978375
de9/e907edb0c1c4b	1.7355075610596835	3.090625
dea/f58cf0265c1c0	1.3596412441183257	11.0059375
deb/964357362f820	3.0228893994151305	13.24425
de8/660dc4858a783	2.914239755862102	6.42975
de9/fd15f52529411	2.4902163356412554	2.415375
dea/011fd1f39fec0	2.720116400710674	2.3206875
deb/0cb5695688c0f	2.72357227248525	5.312125
de8/32e283ef274c4	2.5160487777729657	6.9726875
de9/489313d27d8f5	2.3566972806054616	1.8740625
dea/cd91685b2fa89	2.111061790383	2.4989375
deb/ec2bf97c78b2d	1.5817326303611714	1.7411875
de8/87c7da9278947	2.4029164858316925	10.658375
de9/454c6fd1d3882	2.523995558622852	1.947375
dea/95c87655ebfbd	3.1077619430333314	20.494625
deb/104477d9f84fb	3.271140065478471	7.9068125
de8/f0a7388bf6824	3.4246659774448966	3.33475
de9/07b61a7f8dc35	2.904081129381803	2.7403125
dea/e573c4af55f7e	3.0537594184631276	7.373
deb/2521144acdb8b	3.2647699603621705	4.560875
de8/c0bc073a02003	2.000263065512028	2.9069375
de9/2e91316406ba8	3.1795813877907513	2.48825
dea/06161863db9f3	2.1571989530404334	2.26225
deb/82b7c7041e227	3.414559292480505	16.012875
de8/54f6f8c3d601b	1.11915030353467	1.1383125
de9/a16585ec9c2e6	3.236724677675889	7.654
dea/cd25935ce4e9b	2.596839809946069	1.010875
deb/18446942ecedd	2.6617428638241627	1.597125
de8/f0020438c0c1f	2.963675941655486	1.1325625
de9/8a0523d4eb61f	3.2790968661219932	9.8379375
dea/a08a9a617c80b	2.0564464911487454	2.8854375
deb/2d1809569aafd	3.1990868619043136	4.3279375
de8/dd0d2b2234bf2	3.07870476886519	11.0481875
de9/44da64646769a	3.402018158441316	12.51
dea/99846b4779431	3.2624057808928395	3.221
deb/3b5999f40fc0b	3.184596953509209	8.7468125
de8/12764040ecfe6	2.8703535533509656	7.4546875
de9/8e3fdba5ce07d	2.9787269101738243	2.3585625
dea/6f6fca7988b60	1.7403721744764509	2.71825
deb/80fb735e1025a	2.858084404945521	1.994875
de8/445bc9e103c44	3.320890277679753	2.9685625
de9/c58e0dc5b3168	3.348906982036128	6.8943125
dea/5ec245154ca43	1.2844034138533966	1.4415625
deb/15be1f8a47e5a	3.179542600252798	8.456625
de8/50d2054251ceb	2.881581975897049	6.6000625
de9/1a29e68d5abe5	2.895882635193989	5.097375
dea/8879ef3019dab	2.227834958202513	2.624625
deb/3d90eab504ef1	3.3061155558708433	15.8319375
de8/7fb77d1cff2eb	3.2633001448100436	4.499625
de9/cc32d890bd579	3.124735207390345	2.2625
dea/8b11ed9030b97	3.183946013024447	8.2043125
deb/6815065b029f1	1.5440469972017095	5.7496875
de8/894ad77dea0b5	1.8636675833902385	1.3453125
de9/ea558e5b1b388	2.2216745793571557	1.9405625
dea/85711b2a1b63a	2.781803520337251	2.2485625
deb/ea3e1486d94dd	3.3831403545153655	9.9905625
de8/4817e99f11bc4	2.2216931618860207	1.298
de9/a04cb9cddd31b	3.1455544912500817	4.0181875
dea/24f16d1addeaa	2.6671269097570764	7.5134375
deb/299525e64d5d1	3.2862969576812158	4.544625
de8/515ef19373b83	1.1463425250314987	1.281625
de9/6ff827e8c6274	3.3927392987628124	20.85875
dea/6a06e97e37f2a	2.33486904276917	2.9595
deb/77f67ca139dae	3.3291644583358284	3.8998125
de8/fcfe82653d32f	2.869689991293017	4.3459375
de9/a5d80a43fe00b	3.3735316279963286	7.454875
dea/1a5be6f7f4752	3.406189760431354	10.1095625
deb/876cb1bea7a04	2.817311265774369	4.538
de8/446864732970a	2.571139493136088	2.081125
de9/2b3cc8ed26e1b	2.8884072798064016	7.97125
dea/55062d1d30f4b	3.3066658683558976	7.577125
deb/d7702fe9e901d	2.8253717615966583	5.5135
de8/d192473d00b01	2.7551499368153665	7.1825625
de9/b21182cf81f02	3.233385274294942	7.6825625
dea/2b8b71c6879fb	3.3848462373184303	2.84025
deb/da13fcc84c82a	3.446608230516586	7.4360625
de8/777dc0c576a37	3.4866123506702316	6.2951875
de9/89a284eea89c6	2.533419653197408	1.53825
dea/4f63b36d45540	3.2714832768098328	16.193
deb/6dd4a75f2e1f1	3.1936230731449577	4.7663125
de8/e5fa977c1bae3	3.301214532451536	10.565125
de9/bd4c889298314	3.279739908741332	4.557125
dea/ee3ceeb7d9902	1.0926619591876303	2.319375
deb/162bc7d586946	2.358549004759977	2.9314375
de8/7154ebf391a3a	2.6414116584212812	5.294875
de9/c66ac7fb6f60a	3.4240278385224974	6.50125
dea/d9b8a5ba27613	2.8690511537192642	9.4215
deb/1316b29587a1c	2.130570529125416	3.048
de8/0f8a9e2278d5b	2.5058762819370934	3.606875
de9/0d45b06570be6	3.3847930676468567	22.1896875
dea/ceaa5844e61c7	3.0926369922429906	2.67925
deb/cb599139cf187	3.2829387986983485	6.4416875
de8/a08a005e2e500	2.9663687375002468	7.7184375
de9/0a2a8e973cf3e	3.370407593725279	4.4519375
dea/bfc815af1b756	3.3018008456797543	8.0361875
deb/7ed60ed8e9667	2.7716611480091875	6.3326875
de8/756e1ea1f7d6d	2.894012645834889	9.10225
de9/4b1cfc9426c01	2.951369912353683	5.74
dea/df6b92bf2f189	3.2306843172391644	11.206125
deb/c5223d464be99	3.073275782499846	20.47825
de8/344107dfc7695	3.3709242072698946	8.1560625
de9/bb690189c5234	3.0742658229718915	1.827375
dea/623dc7cea7986	2.8615980113531343	8.609125
deb/f5a873114061a	2.869688086119271	5.33475
de8/c6275ddebebb3	3.3676839913263086	5.9834375
de9/a3e074cce4d50	2.7073002366941683	2.5975625
dea/7a76b902496c3	3.383668668567227	4.7833125
deb/0df303d85377e	2.6994948198410595	5.7841875
de8/b1f43c7327962	2.8819036745838846	5.933875
de9/6421967bca441	1.6025217020194398	3.72875
dea/3d324dfae9654	2.9941996228375825	3.2359375
deb/b6221e50cb800	2.2490670573883915	1.057125
de8/64e9e670fe641	2.7699180775177803	4.4933125
de9/cb59af2588563	2.080797715741675	4.3728125
dea/38ec1343edbe2	1.6656882082065598	6.478375
deb/c49fab1f3d7d0	3.1131749205908648	3.9654375
de8/099fc5d8ef579	2.6445148038689235	3.9455
de9/707cf1785e8a0	3.2314207954036096	3.8021875
dea/207fc83462b14	3.3823835674506433	6.1236875
deb/2d4f2432a7cd9	3.317090147293771	12.33775
de8/ec3183657841e	3.0590875147561305	5.84875
de9/0727da989e815	1.4878314850206897	1.695
dea/935f9e312cdc7	3.3484222695071013	12.31575
deb/b29b2affb3a4d	1.8071439919524834	3.816375
de8/b51bd4ad1cabe	3.264516278333202	6.437875
de9/7e8e748ac05c3	2.5419946500528074	4.5210625
dea/c10c6baec549c	1.9530633919273497	9.6023125
deb/107415bcedd98	2.369217956297688	1.469625
de8/78b46150fa181	3.331742209088381	7.4259375
de9/5dee9910bf5ff	2.078242534187344	1.20125
dea/c711cfe964633	2.092598099773664	2.741875
deb/5818ace82b0af	2.211858502048685	5.719875
de8/b5b5d31d9146a	3.4275301515376673	5.1144375
de9/0b9a9229c4188	2.9117649757944393	8.0559375
dea/dade633718105	3.0303601794593167	3.12275
deb/e608b8e063620	2.201857348337317	2.9745625
de8/c5eea288cbf8c	3.2432837146158895	5.8023125
de9/8adee539d8540	3.2902679442315126	14.0595
dea/3bd88e9e78b1e	2.969214167136704	4.2439375
deb/906b85fbf1126	3.360749898185572	6.1023125
de8/3e4c0c8d051cd	2.4340327972486206	4.776875
de9/9f4cd282f0567	3.40348234493638	10.234875
dea/750766a724640	1.1207688018382478	1.6981875
deb/58909bd987159	2.266370632407424	2.1230625
de8/84f464cd1f79b	3.3889772084605085	13.186375
de9/1e8cd5844dcbc	2.3903428658924777	3.4663125
dea/491e6d7654bee	1.6321156838358113	0.699875
deb/f345c296f71ec	3.3835020369968656	12.1713125
de8/557af6f3608d8	2.1326623514956773	1.275125
de9/678de551864fb	2.0721249754639643	3.0309375
dea/8b699b0616129	3.3116896195066357	3.8515625
deb/f2f5e2f6861a5	3.3072745288573784	7.0014375
de8/1bb59ab47f0bc	1.065250378300916	1.20225
de9/8b2ae8ec37719	3.2129262916785954	7.924
dea/6551b09ea3973	2.680310503712188	3.4594375
deb/b6b6c1cfe2cdb	3.0529558791868987	10.3036875
de8/4cf10ece08729	2.295815877763986	4.89625
de9/609aefd4736dc	3.3352791643337256	7.1716875
dea/e60ccb0a35ae0	2.390380370120262	5.48375
deb/14457f41a8042	3.1408266751882823	15.65175
de8/661491cada37f	1.1001690352718103	2.2065625
de9/5f89293f14417	3.3025861144555186	4.547125
dea/3666cc00763b3	3.2881825245432106	9.0240625
deb/0f04242326a6f	1.1260149337404992	1.155125
de8/0c73e8c52bf9c	3.1809227079859865	6.7825
de9/01b39d187ebaf	3.4280752621001107	9.2480625
dea/af6ef6d8b927f	3.182818094267084	8.1959375
deb/90f65536a02e2	3.1055523525833784	7.443125
de8/39a72d859d903	3.3482538522301035	11.2255
de9/7ce573275a467	1.8408319787996794	1.201
dea/4b5a4c4553242	2.9611997917418833	4.52025
deb/c710f25697fb1	3.340927374421585	16.3999375
de8/e89047e3f248f	3.291081992765562	4.7875
de9/8a76421ff84ac	1.9422765258801689	1.432625
dea/597a585429207	3.4275582791722337	6.401375
deb/856e7a735cda6	2.9283554857059206	8.369125
de8/e7d13d7cf7d5d	2.4120800661015966	1.3215
de9/3747d82702e81	2.9965129094941765	4.600875
dea/17d1b305aa394	3.519103656886816	12.183625
deb/961d4a647eecd	2.255043329309794	3.21575
de8/401a22bf3ef2c	1.8251098248082207	5.20225
de9/4a8ba535b3f05	2.9593599120344964	2.3816875
dea/79136df9f9a9c	3.3479931375293193	4.7170625
deb/e406b7a21b10e	3.0119356892397136	6.49825
de8/23dca5f735953	2.1808188322488657	0.85175
de9/19f6869a47cf7	2.280690898862186	3.5663125
dea/348aabc070822	2.226746694112994	3.7201875
deb/89d130998d16d	2.7688018295579386	2.87725
de8/9499a62981247	3.1951404403112957	1.20725
de9/461e68393af9c	2.4986988962285377	5.8186875
dea/a65a0df7f48d3	2.8746286871408393	2.34325
deb/0beaeec1b4409	2.636903204855373	4.2016875
de8/e0b5bcd9a3bd7	3.1222639282210447	7.8311875
de9/e983ad4500ebb	3.1752103757900296	2.35975
dea/8be92116d8db8	3.1588509236076705	7.3835
deb/54306b8ae5e36	2.9804769982281942	8.0586875
de8/b1121e9f110e0	3.164944522331436	7.0355
de9/0ca60760985ec	1.2639112840792701	1.2814375
dea/e0e25896a61fc	1.4554326267607283	1.105375
deb/dd23becf58b3e	2.0199535156009256	1.541125
de8/1757c304b4495	1.95681495518728	0.7203125
de9/73f514c372fc7	3.0573737652769593	10.416625
dea/59e68918d690a	3.155380126086466	12.749875
deb/9f0d4abeb4100	2.7580548891259915	7.0253125
de8/b624072adb74b	3.39240596705053	6.0360625
de9/f68c8ec033215	2.557971386892566	2.9555
dea/8410738e2bc2d	2.1957016023139286	3.98125
deb/7eacb697360b4	3.4633661936935933	17.955
de8/8a2e624b0dba9	2.795285032422684	2.6279375
de9/1a7e5c48ed45a	2.3755574677007916	2.3061875
dea/f6d89ff9bbdc3	2.986704843834795	4.714375
deb/3f15f72246fce	3.264712341629784	10.9451875
de8/66218ec56dd70	2.9819086804422232	2.7160625
de9/ea8dee197b267	3.3386164168634336	13.4034375
dea/b5ef77e073a4e	3.140930220551204	8.378375
deb/02b1193406c7d	1.1222630373804512	1.7211875
de8/2cf38980b2b26	3.02641002839291	4.3023125
de9/e832ab63bd44e	2.396740792188588	2.59225
dea/41075b4bdb995	3.1434547402519653	1.627625
deb/db4c548732806	2.6018941326324687	5.9316875
de8/97fe32ccd4266	3.2253503632617453	18.7905
de9/ff16d294592df	2.033175605789699	2.264375
dea/41e873c4824ab	2.5033568912564332	2.996875
deb/0ffe4a51958c9	3.2755825261211426	15.9446875
de8/f113204be4462	2.5290001658769303	4.46
de9/d9a4cd63a40cc	2.8866301538387176	4.0925
dea/990471de447c6	2.837064843115977	1.7309375
deb/3e9bc98976806	3.050758171142679	3.108375
de8/8a29fd3494701	2.3725806314055338	1.860875
de9/6f5198fb2052c	2.700341973926883	8.3053125
dea/771afa949bb7e	3.348071907549689	4.53825
deb/d1dbd27b8568a	2.5661995810030733	3.3174375
de8/4a2ebcd1b4de9	2.804678660119502	2.7959375
de9/a3666b1f400e8	3.2822548939485228	6.8009375
dea/ed41351a230e5	2.068509300960283	1.5380625
deb/dd074edf5b0af	2.6815754474104514	1.68225
de8/518da96ea5759	2.5952212153414957	8.88625
de9/5c49ec0563821	2.6018369611662915	1.778125
dea/57b70341b14b5	3.106122783688512	3.036625
deb/87c0e4ec228f4	3.4831655919741404	5.81175
de8/560fa182747a1	1.253281377627976	0.7930625
de9/8222da15d1cee	3.338409616479348	3.4070625
dea/48d5afebf9305	2.701093826775177	3.6030625
deb/836311a220507	2.283825279487781	7.9516875
de8/2bd67c5b09029	3.1790705264342622	4.7298125
de9/655ca6acf13fc	2.059480558212254	2.70525
dea/70ac60c8a2a5b	2.9123114245453814	5.4070625
deb/5ca8eb62ba052	2.716950264112809	2.3035
de8/4eb8b87abf8c4	2.9855945605205454	3.354375
de9/c1155590c8c4c	3.0957301362506398	1.4899375
dea/bcd6c49ea7512	3.1557742713817842	3.7745
deb/637fc42d085c0	3.0387164602191765	5.081625
de8/69ab54dc071e1	3.1029586550065873	8.30825
de9/e28bec6f21b8b	3.4047661199093855	13.7794375
dea/2e69937234676	2.911220044700376	2.0120625
deb/dc65e1d8cef10	3.3973069872029065	6.080375
de8/9342197ee380c	2.618457326835017	1.475
de9/8fa376ea60763	3.5294254699384404	8.216375
dea/3681759276255	2.7559669256016464	6.4435
deb/f7ee664ef6fc3	3.3084666823850646	15.8543125
de8/8b7b8514f0552	2.327904130067242	1.3706875
de9/50f8dc938ff75	3.111625551920537	8.7879375
dea/4d47de293da15	2.7871236796173964	1.3938125
deb/a66788c44157b	3.0604384582517876	3.91725
de8/8f99ef74ff1bd	2.9560723689749646	7.2354375
de9/10cdb03d0a66a	1.6975459750569875	2.49025
dea/0429d217950d5	2.655977177806388	1.248875
deb/b4d4a461949d9	3.344521956272265	3.9458125
de8/fe404db18280e	2.1406145007734296	5.2775625
de9/70a0ca3d55bbb	3.2241776797776427	6.6218125
dea/fdd93323b8e8e	2.8902090353332626	10.5294375
deb/e75d141476849	3.23146348615602	3.0751875
de8/b394348623b4a	3.015212596208418	3.3251875
de9/4a312839b1dd0	3.0105048719014347	3.663125
dea/8b83d56145582	2.504870706250138	2.5875625
deb/a6a322ac4fc9d	3.3457222108539066	11.6071875
de8/5c5250549a67a	3.1226076662128617	2.210625
de9/429daeac8afc0	2.486374983293893	9.7401875
dea/72b07ffd1b76f	3.1965777041895205	7.26475
deb/e7c56539845f9	2.4784690372746905	1.201625
de8/239771cc12077	3.5641672551757075	8.289875
de9/d87920855b15f	2.8234068404648722	8.0673125
dea/11fe786236658	2.538048875482326	4.5954375
deb/4642f5208aa55	2.6953426604407995	8.8861875
de8/8142ea9f0ef55	3.0475257894354786	15.4759375
de9/4a526485794cf	2.3664167039668498	1.105125
dea/0e4c4c3a8c19b	2.837521592973535	2.8664375
deb/c6e1d00ea91ba	3.4706436078478773	11.1346875
de8/f221dd76602e2	3.0746906228142326	7.5515625
de9/9f6915895d508	3.140750948805115	4.9996875
dea/e0058dac99c6b	3.0708456575398912	1.175625
deb/eb18c61ea69c8	2.742560908683887	6.487375
de8/b9fc18f253b58	3.1357726857907493	6.380375
de9/3fb8b9602133d	3.2317283028355446	9.031625
dea/679340ee1a2e6	2.9048814147592843	5.5571875
deb/e78766413225b	2.565188350228232	5.585
de8/cb0314e2e8b14	3.0961022284050452	3.5655625
de9/cebe1b08ee3a5	2.397603415752605	2.0179375
dea/20624580855a0	2.970839834426623	10.3203125
deb/c48601b90530d	2.985162085995115	13.0685
de8/c6451a2d2c10e	3.005852823977817	7.763
de9/a21366acd4fd9	2.559627246113282	3.0329375
dea/8e5c481545475	2.40408829995848	2.7228125
deb/91088d5fac909	3.0226650486003823	5.599375
de8/1fa249bc48bdb	2.4766889733838924	1.8424375
de9/f50ee5619e763	2.9803154565945595	2.743375
dea/993d09350062f	2.607674421008838	2.7881875
deb/e07684afe920f	2.699699050266938	6.3345625
de8/c1f4a787b55e7	2.0285430097238444	1.6160625
de9/ad98fb6441212	2.6244327572258506	3.2828125
dea/4b5ff80c4d044	2.4614149481416203	2.9739375
deb/88c82719b1282	3.1963723450798645	5.653125
de8/c4be51f07b5ba	2.7390210888930033	3.503
de9/6552fcc5ccb18	2.479513793084878	1.6054375
dea/b74fef4a4a5c5	2.3225901923211296	1.201625
deb/657ee33964e4e	2.443103072698456	16.828875
de8/d6e9d467de518	2.66506023695087	6.8503125
de9/1840437d65a59	3.1847206834875195	3.3884375
dea/5060d9580775d	2.7234829672841903	4.3455625
deb/efaae195ef4bb	2.8867869025744186	6.8823125
de8/08717b771703d	3.2638723989627767	7.88425
de9/cd189ac9832a7	2.533966996288178	4.536875
dea/8ec950c6aced8	3.013779869926033	2.7575
deb/72b742b116d56	2.5950376948769134	0.768375
de8/985b39ac12d9d	2.7721350989836173	2.2509375
de9/823a922585923	3.07193974369235	9.1289375
dea/c1e877b68da60	2.9550752029846947	8.5685625
deb/558a5f01749cb	1.9837989505617222	4.7590625
de8/ce9dffb56e3ad	2.5792942069423215	1.0085625
de9/97d9d82407f51	3.348480685166239	8.6068125
dea/2da2f41060456	2.4793291011780716	6.14175
deb/601bfd57f35c0	2.407868932268659	1.634875
de8/3413dcee44fa4	3.3335785874341473	8.6006875
de9/7c54f2b174b48	3.438956897414717	7.2076875
dea/ead17342bed2f	2.7844328926424304	10.978875
deb/cce2b92370ec7	3.3315164210890345	7.411875
de8/37725b651eadc	3.0490833685696197	2.24375
de9/3666f053f3b92	2.747197278136644	4.0566875
dea/84f774b2a27b9	3.2258532870457706	3.643625
deb/15751a44bcd9d	2.8468971718311256	1.6435
de8/5eacfbaad4742	2.8716464646562785	7.195875
de9/46954ecb0c57c	1.9269593852521674	1.42125
dea/766d8e06791e1	2.3769649204740797	3.155625
deb/047200fbb6032	2.5601763123438994	1.2010625
de8/84cd00f12e356	2.5066362294959563	3.0515
de9/e5f4351b155cd	3.1308660997913584	2.9921875
dea/42f163a8adced	3.3169948092994184	3.7248125
deb/a233e0f0978e3	3.2977185807561833	17.6981875
de8/726ae9a813010	2.2876929680188707	4.5195
de9/a9158e963858c	2.9712345153232453	3.5115625
dea/1a82a91d024b3	2.5809201921519636	5.743625
deb/233ddcf3f0d02	3.204399498254446	17.5214375
de8/81a0fc1b7dfdc	2.6967385196174867	3.0335625
de9/4a349320fedf7	3.3709564634867064	10.11575
dea/21e8ed234bd81	3.1104499529115586	3.1726875
deb/a6d99a7f83c97	1.2665811636754978	2.4504375
de8/d0990c26de013	2.9343966761155698	4.8943125
de9/7f49c63f9aaed	3.252273665560682	13.3439375
dea/a6b51225af2ca	2.777514681564163	4.4916875
deb/c8d7b7857c0eb	2.933635317465508	5.3469375
de8/742a2d5f3d823	3.0622694667083743	7.71175
de9/3d89a5ff5ac71	3.1266083184553777	11.5798125
dea/e75f0094e13b9	3.3373852832537176	6.5445625
deb/812839a19f293	2.9096971018503246	8.4250625
de8/c94c8c3d0bb8a	3.3125171411831666	7.3675625
de9/36429ee714fbf	2.658230116924543	6.3435
dea/13e2641070996	2.975443743034179	2.6405
deb/515005683f536	2.381745552640983	4.95725
de8/541b9bd1239c9	2.88643413817976	2.210375
de9/142d4dc929d92	3.0779307345706326	13.575625
dea/332f5b03488e5	3.1365842656851544	4.854625
deb/b2de755a8c2eb	1.1207831957285417	2.5465
de8/71796b7289ada	2.4391275895099316	1.729875
de9/c23fbcdbb9d44	2.8550296732728633	1.5801875
dea/cc1999998b5d3	2.8152963842458862	6.03725
deb/ea07dd4b6918b	2.7415838998045117	10.409375
de8/26df6b91a9c38	2.3335365204868785	4.2573125
de9/de5071b8651f3	3.241852140097915	4.921375
dea/570c20e20025d	2.775575099641326	14.1128125
deb/4c2b2d47910d1	3.007871656745176	10.396875
de8/93519c9f99dbb	2.6724353808747123	9.7215
de9/ce898f0e3ffac	2.9311146749379473	0.9125
dea/9d268744aed50	3.1863799883751076	5.983125
deb/ef43c19592565	3.3586578829927975	4.05375
de8/ed36c5472ac3d	2.9701074443394324	1.854375
de9/1f77311482790	2.624874652962681	6.3930625
dea/4ab4e2125d8d9	3.364175165590102	4.18075
deb/309b8e0cbd08f	2.7967605546340666	3.7311875
de8/dcac9a6ee2ce7	3.002420346528824	5.3639375
de9/f7c03c72d7104	3.1585585860817096	1.8274375
dea/ef8b1fded27be	2.708961577073247	1.439375
deb/0a9ed9ce6bd98	2.7478319570381817	1.583625
de8/11eb11b904da0	2.7075053625687167	7.459
de9/6407bf9219754	3.290404580935672	5.366625
dea/246d831f2fba1	3.2604261455448933	5.381375
deb/d9612f7609fe6	3.070502678171399	2.6175
de8/ac88bb42b02ce	3.3485806193247702	9.3598125
de9/2c224edcd54e5	3.0711181991770555	6.3576875
dea/fbe375b60e26a	3.155093796155753	8.563125
deb/c53d7d1d17dbb	2.0849029475241294	1.87525
de8/cd1a822be1392	3.208926969217607	6.1258125
de9/26f38c5ab21a5	1.4344113946357822	0.720125
dea/39ab82379d212	2.7552182593933296	2.6180625
deb/bcd573a472db2	2.106213846220815	2.5946875
de8/dd737bb2f3377	1.9115858526970928	1.0085
de9/806a70338a3d6	3.2346807486141755	12.5925625
dea/0d47057dafe04	3.1895508835698623	9.869875
deb/70cfed8c2a0db	2.2229300567489365	1.3174375
de8/f07a295b59e33	2.4473832374384004	3.816
de9/0b4cb29833b8f	3.233880473837007	13.8661875
dea/d252b2796e1b7	1.7373020045984047	0.8704375
deb/c9372a9023948	1.6477768142901221	5.4836875
de8/e1456bcfb29a0	3.4868419566839295	10.8313125
de9/44667c026eb53	2.7704705352161296	3.6895625
dea/f3ca825a212c1	3.523696376814887	6.68525
deb/481313d22e03c	3.0312469368333756	9.8190625
de8/97ac39f090230	3.3893774309310647	4.8128125
de9/c8728b52b6c3d	1.1972424829345962	1.8750625
dea/5a172d7c30644	3.235021303719935	16.088125
deb/a200c86928899	2.5951037041568616	7.0090625
de8/a78100f1565f0	3.27130751939915	3.562
de9/38c5ed5b25ec0	2.910194227357294	6.2450625
dea/cf675fea2ffa3	3.351449070648824	11.0460625
deb/189dcf3407db2	2.8871112994594186	3.2964375
de8/d088c23487a90	2.5486414154457613	6.7030625
de9/1461c493561e3	2.0817786143943398	1.3941875
dea/a3be8b01b9285	3.3561186788187825	11.084125
deb/eacdf6b55cd19	1.644902715165391	1.58675
de8/451385e83a2d2	3.242523919510177	12.6210625
de9/233f26aa2d8fe	3.506170230040269	7.939625
dea/f47dc3d5a728f	2.007792674657979	2.36725
deb/ed10255d53df1	2.3314973627209388	3.8229375
de8/b9ee31337ef2f	2.8243170969064915	2.361375
de9/3e47ecf3f85c4	2.443547202973619	2.64275
dea/862c4e6bb2be7	3.0959441508769454	5.7001875
deb/47fd992e78cbc	2.9995815788518856	4.8156875
de8/6d7312022a5eb	2.7777743871184506	3.2936875
de9/37dee6433fed2	3.1389741272562195	4.805125
dea/07e212be82e04	3.3755794786807614	7.4384375
deb/2d67674d3bca2	3.2533057956914	8.2715625
de8/0b7dbc8f0c04e	3.555526177756652	6.4538125
de9/14858d9cc95a0	3.260210263333913	2.65475
dea/dc1fd09655a6b	2.467863975440297	5.8005
deb/bba626755f422	3.0179288788792884	7.8146875
de8/66889d853eecc	3.4488911047518265	14.5971875
de9/f67423d7005b1	3.2311340663975665	5.0476875
dea/c72cf0ff44ed1	3.01440258140045	7.6643125
deb/f82b0bcaeffc5	2.7222060527894896	4.2286875
de8/465707d89cb96	3.2160328750440925	6.6853125
de9/ad8649a45a7ac	2.3706145050349856	2.13875
dea/642f3471c6c94	2.3355078778940674	2.1391875
deb/694a7eaead79a	2.6475226554874465	5.5905625
de8/ae9194777e4f9	1.222287414791469	4.8550625
de9/7af219916281b	1.1974451610651125	2.3850625
dea/2b936318c2f85	2.0027111603931784	1.73175
deb/1c16862ec6944	2.9551352020675905	4.520625
de8/f098c47deddee	2.085079392681855	8.6609375
de9/855531ccbf6ae	2.3863501572984447	3.992
dea/595f08521f918	3.101372652117815	4.0974375
deb/56900d5d56c9c	3.304311477540579	3.3641875
de8/ff6c46422a7d8	2.566698482016342	1.32775
de9/da95bc7a00271	1.1034467013192506	1.5004375
dea/699ff5e769891	2.989009472508007	5.2880625
deb/ced2fb138ae06	3.0908646888036833	2.0425
de8/a8d759d89faec	1.9959573349080655	2.6830625
de9/a4f295bd6ca86	2.6561309345517397	4.4188125
dea/663f35e65e609	3.3049768203088883	20.3785
deb/314ea6598bb20	2.133702741097685	1.3940625
de8/96096aff94c7a	3.3627729361577043	10.3585
de9/c68a9461008f4	2.8672379963054118	11.0380625
dea/5a9bc6ced326d	2.5740267332413196	7.502125
deb/aee78f32f1dec	3.22999909476335	9.383125
de8/7ff704a08003c	2.6824340528102297	3.420125
de9/49c39129a2dfe	3.3425130760808726	7.289625
dea/5f6419219bf5c	2.8649047965976644	2.1628125
deb/43767e05d2ced	3.0010987320241242	6.002625
de8/279112c94f16b	3.115960636384496	6.0595625
de9/9638931a70a01	3.3965141054973143	3.3113125
dea/8f635ffad3f10	3.2042837559687776	4.859375
deb/486dd171cf9bf	3.178205084372315	3.837
de8/bbef3752766ab	2.80495815969526	2.42775
de9/88fb92fae38e7	2.889716405558597	1.781875
dea/17048638ce17c	3.346962759109046	7.6159375
deb/5ad9de9bf30a2	2.92643625322626	7.1733125
de8/8f3ff49d63ed9	2.9926703393630665	5.2123125
de9/cbbaa99557099	2.8285950790168792	5.776125
dea/c8e825dd01871	2.6805048811918417	10.8764375
deb/bf1ff5d5344a7	2.143011921279382	2.8204375
de8/7396d12f98a54	3.1085809841156404	5.687125
de9/58daaf9529e05	2.526617270218301	1.393875
dea/1dcc4a0916fd0	3.345152853885801	4.664
deb/07c8321ce5d96	2.2346981978302405	2.5499375
de8/fefc40f338c74	2.5847460261487085	5.28775
de9/9258cea0fbfc1	1.549885441454994	1.3941875
dea/48fe0b303e58d	2.003845906308723	2.7105625
deb/fb742196df4cb	3.0698206560605676	6.4915
de8/918840828b763	2.8197274294748844	4.137625
de9/d3e4e55780f61	1.9866683268665484	3.4655
dea/33244638fa6de	3.027606752167409	11.10775
deb/76157884c4557	2.3085739145214594	3.8375
de8/de8f5b450c415	2.6763621091438208	2.9836875
de9/fdaab26c6b8f1	3.164057149043939	7.063875
dea/56df1a240e624	3.393162994821234	4.426125
deb/682359279c7d3	3.0615878830340573	5.6325625
de8/335ef9e55a3f2	3.1649143669276767	9.0369375
de9/a345f3dc0cac8	2.842632456099332	2.2565
dea/b4b551028f50f	3.198229187200241	3.374625
deb/b8238918b48d1	2.654530680541795	2.5664375
de8/fd9ebc7876a34	2.2265749136456536	1.633375
de9/0a14a5f3f58f7	3.0495536921818407	2.06725
dea/d9c2e16cb5efc	2.783291982258567	18.25425
deb/110e4abec13d4	2.5327068565507824	8.2413125
de8/48057bf9b3fd3	2.0960331177948173	1.2699375
de9/591c6d288680e	3.5341973013205537	11.944375
dea/9c2b0ca93bcdf	3.3296478653003234	3.7163125
deb/c724ae4a29638	3.2778359768370455	8.77125
de8/1dcbac8768e6f	3.1608854810679867	16.128625
de9/066c98c0055c0	1.2847353302286033	2.0879375
dea/d4eb23eb159e6	3.1048575402801366	7.6300625
deb/5cee3e17713cc	2.700275944722773	5.2786875
de8/fe72dcd646cfb	2.0183455568407704	2.3126875
de9/dd070abd734b1	3.550856720536578	9.820125
dea/d29f36547f16a	2.341197045420767	2.8651875
deb/4141bc465e109	3.0830792315758493	5.0991875
de8/67144d40635a5	2.7864776897300954	4.904875
de9/96e9ed38c5d62	3.1856361337649366	2.903125
dea/419c9118c7c4f	2.5471272724654637	0.757
deb/96c56a633362f	2.666910464002302	3.5886875
de8/4c855be8eaa7e	2.4855916508277387	1.6415
de9/f93053c50cb32	2.3648761068112716	2.3720625
dea/1594337d6ecae	1.5719743332915608	4.19
deb/6fd33bacfd22e	2.547143495704187	1.2748125
de8/a09f3b07a6a04	1.7989514804359252	3.1076875
de9/aec57e45d1524	2.861161151519733	2.748875
dea/d87a9a054dede	3.1616882197720066	5.738875
deb/7b38063f560e6	2.9974928737391457	8.466
de8/151ccc0341e35	3.3184188309547578	14.9179375
de9/a03b1db224dfe	2.6859615341025926	5.4878125
dea/f48826b04ad58	1.1914316495655461	1.899875
deb/e3cd0b695c326	2.934051929197721	11.1574375
de8/dcb4f08e8996a	3.092070751999401	8.1225
de9/f38601a91a5c0	2.831260596666791	3.899375
dea/44510409b63c1	2.7097149607762168	4.9425625
deb/ff9762771ac2c	2.680571223887301	2.4189375
de8/581e80b725111	2.963098820022643	8.9161875
de9/75a106e63a468	3.08644875182837	8.0565625
dea/6cffd72abe111	2.887221924180558	3.3888125
deb/ed4f941bdcf40	2.507216006586035	1.05725
de8/2f6fc14276c67	1.7044345647657742	2.221625
de9/c7eb5d95969a1	2.4987689338265326	11.1926875
dea/ad21204edf32f	2.4639678443488613	4.3289375
deb/5b554b298072d	3.5019331803195226	12.4405625
de8/ec5e76e5f893f	2.170363763338871	3.9250625
de9/9cc7cb6faef51	1.6769119998391664	1.2970625
dea/da70913ed951a	2.5074036703893308	1.7646875
deb/80c07761fed0e	2.8735263142278913	4.18525
de8/fc5b158b18184	3.2288716431002498	4.909125
de9/54f5a00f2da6b	2.2525602512051983	1.29775
dea/dac717421fadf	2.9160143610756757	5.885375
deb/ac2173cce185a	3.263731047350729	8.294375
de8/c01a661a2d3df	3.255707687985797	6.9616875
de9/3b755cfd6f3dd	3.1776863916890536	10.4355
dea/2fe39128f1be6	2.6769110099447544	2.220625
deb/8966583ded8a4	2.3076198476123446	2.5669375
de8/b09705a065d84	3.044019356235007	1.9705
de9/3c167d210fd66	2.973819931503947	7.4995
dea/c42e9614c1d20	3.166887409148846	5.3379375
deb/63f140f202a28	1.9490582515218373	4.2923125
de8/f9b3055bbc849	2.127549075194504	5.10525
de9/3821cf80ea0c5	2.6821231433497013	1.5730625
dea/572b81311b1b6	3.2566966596946765	18.3629375
deb/d1d40bc711806	3.1706493679207317	2.466625
de8/5e89a28fd5c82	2.6606887452592627	5.6154375
de9/d876ebf3fdcee	2.5088608905840815	3.774125
dea/850b6d42a8f48	3.183068826246092	6.712875
deb/5c2cb40a4707e	2.6673471429849696	5.139375
de8/90ebd366c7c3d	3.205250488841597	5.7388125
de9/a8270f7c3710a	2.8442168472069698	10.2215625
dea/0e4e1bfd6ceb0	2.9595050849662043	4.0338125
deb/b129f124c93f6	2.6032326887131236	1.4010625
de8/6553d559093b4	2.5966782885997453	10.24175
de9/57afdbf358533	3.232403756629607	5.1541875
dea/33ee5831b899f	2.4921329385582855	2.4195625
deb/e05b584ab040b	3.2615579977835845	12.11775
de8/5ec1f93a292d4	1.9017351732723236	1.706375
de9/361def032f41b	2.0906379584388857	5.3320625
dea/beaf8793021ec	2.9123101190247778	4.515875
deb/6a12d2d5dd3d9	2.642485994264668	2.046
de8/5f9b9bcdbd070	2.2743045899723735	2.0620625
de9/dd62a3d64717c	1.4422069562694477	1.1535
dea/75f517ad27b13	3.209723285340588	7.4103125
deb/4f5fe74b2703d	2.5273761631161813	1.4036875
de8/fe95bcba6f903	2.3701861020151354	6.9225
de9/86454a71348d5	3.1334480927974413	8.715875
dea/5899ac393d13a	3.2118133220247267	4.7350625
deb/17ecd21168d1f	1.5745081261795495	2.11525
de8/4baa6ba0732e5	3.4470663001168176	13.7496875
de9/5ac807202f12f	3.1686766531464987	6.332125
dea/b8b1c149c1867	1.2733821953327702	1.41825
deb/63dfe67187963	2.7352171668834453	10.1806875
de8/8e6a4dcfcdbaa	2.801770389716687	3.74625
de9/8712a4481a38a	2.433074381921242	5.2584375
dea/cf6b385fd9dba	2.798100838799151	6.2779375
deb/b1824fefc6bb3	2.991967479131981	7.738375
de8/8d2530c080f91	3.3960408552325796	9.7788125
de9/0e9c1dcbd2c3f	2.8968045133830223	1.9238125
dea/d6cef3feb2bd7	2.8853835739848215	11.27275
deb/ff4121a9ce28c	2.5035359448815817	7.891125
de8/f5575306c1e6b	1.9207491969053914	4.85925
de9/e9b040b5b41fb	2.1459767689375586	3.8696875
dea/08dc432c31371	1.2851594488082234	0.961
deb/74d90fe3f1470	3.3728671087486246	1.423
de8/c3f85efc40ebc	2.5546098936009654	7.68575
de9/58d4c7cf34736	2.4075399110157303	3.077875
dea/ebe7fe111d40f	1.6191082893284048	5.9494375
deb/7ef77f23a4b9d	3.2109095951230864	7.9591875
de8/10ae8f5b6c7da	3.522998853983295	11.8193125
de9/91d077bb26d41	1.125782371669676	3.6855
dea/c1dbc681795f1	3.294404938963173	6.6830625
deb/03358903ea197	2.7233873752943882	3.413875
de8/8a553f426ade8	2.265966191824815	1.5375625
de9/6400b76d84950	3.1401075087004005	14.844375
dea/653e29c30d995	1.5697633258179349	1.3915
deb/ba3678634e481	2.4827816425630362	3.2449375
de8/6a4e2089a4a8f	3.1528550508785833	9.282875
de9/438982707f718	2.57184130058829	6.0743125
dea/177dc135c2e28	1.9686902703189406	0.9371875
deb/3c7e93718b3ff	3.246890158083726	14.0790625
de8/bc61e7bf00515	2.564868292394388	3.9945625
de9/84137751e2831	3.375927453340363	11.916125
dea/bdfa8fdfcffe5	2.807818175262887	3.394875
deb/5d9632ae79a7a	2.7173162287962698	8.5891875
de8/b4b2ec47ffad1	3.3427756655460032	8.039125
de9/83501db9a276d	2.4959296453809707	7.2313125
dea/5d24420d00332	2.41498334592055	3.5371875
deb/5b85a326e43d7	1.4434534071528218	1.4454375
de8/9cd424a7a6f00	2.9155162741736986	2.0781875
de9/03965f35a4612	1.767311465566543	0.864375
dea/284fe02acc0d9	3.4948107260170835	9.2526875
deb/9aa0c5613cebc	2.899551011347441	5.354
de8/3edbacbca5427	2.425355694470928	4.441875
de9/ddd81ac03f4f4	2.483413548667055	6.0560625
dea/3de6569c47b04	1.1118953352894403	1.585625
deb/167e7331a4015	2.97374553043646	6.156625
de8/5dbcf1b2e4219	2.5440051576154814	10.4560625
de9/79941476073b3	3.3964819888655056	11.0753125
dea/5052d1aedc6ac	3.3175713863206595	7.1441875
deb/2fe26d19a8490	3.0473569085524836	10.1511875
de8/109e1cc390e36	1.0962400284515148	1.5860625
de9/ba2a80cf4d4e9	2.9005509723417684	4.706875
dea/54cd67139107b	3.34730721744574	11.042625
deb/57692f7463f9b	2.873608698437107	3.7199375
de8/7127aa07d71fe	2.2280858238713144	0.9126875
de9/c1d388d249d4b	2.9756768928895836	4.0321875
dea/87736a438424c	3.410516367511807	5.443125
deb/243db250356d7	2.6395962602705136	23.25475
de8/511ec9e8ef17c	2.9381446556207877	11.9031875
de9/2b33bb5bfaacc	3.429877807678757	4.8351875
dea/2d1a0fd1ba9c2	3.206857161256972	8.9761875
deb/0287a1bdce6f5	2.989659757564427	6.9034375
de8/ec152e56ccf6a	2.6114752069062095	6.036
de9/d644f2d62bd28	3.20130439695491	3.709875
dea/32441d9c84c21	1.0751768027805206	2.8368125
deb/f6bc8e7887f99	3.074015056501086	6.1349375
de8/9a64310745543	1.9873170260128388	1.61875
de9/e5e21949a9a66	3.1406111707747333	10.01325
dea/4fccdc55e073a	3.1629796226727542	7.762
deb/6b2b3e9b946df	3.0065748008787434	4.8493125
de8/80e6907a79b84	2.9350027050134555	4.0191875
de9/892ab19dee281	2.828879755820291	9.933875
dea/2fc55e2727d3d	1.2522642650390188	19.648875
deb/0174a40b10604	1.8328773699215157	4.53775
de8/d020accb256f7	1.1150520480287847	2.2119375
de9/e402e87411a9a	2.820307772082982	5.53775
dea/0eb134bf3cfaa	1.4348392909412442	1.8343125
deb/2b761e99e02dc	2.3925100883326316	23.6760625
de8/8927bba2726ed	3.0612831105770035	1.521
de9/ac27494d45af2	2.369351921409193	3.59725
dea/cd9dba14ed989	2.4894728530761667	3.3725
deb/1d9a706368ad2	3.076793073884259	4.571875
de8/4e088eeadd141	2.6431911011968925	1.9446875
de9/c2c1d4683cb87	2.5280074887500126	6.41575
dea/6fd354bed8341	3.4972986002757693	17.81825
deb/3614fb0f96de9	3.4035280478344383	4.9845625
de8/2bc1b070edbbf	2.9914590491782103	6.1275625
de9/927487e120b42	2.8515279903858906	8.5699375
dea/1b8f0d9f4ac25	3.013385105605203	2.6836875
deb/afff910e0ebb0	3.0183675569023714	1.9656875
de8/3c9473bcc499e	2.580441775122721	3.51175
de9/68a9aa53b1e79	3.3403282494779116	6.0324375
dea/45cb8587448fa	3.2120499240448046	10.2881875
deb/9891ec923bfbd	3.383549920083097	5.032875
de8/f6ba251c49e27	2.5077566418108765	1.743875
de9/a9fc0948c6e58	3.2203065714443864	8.739375
dea/b2d32a4053615	3.3020093809446407	5.6115625
deb/d081cb36007cb	3.2918691311850283	11.7166875
de8/8b6c0e09ff403	2.3801543240453857	2.0853125
de9/5d1ee8bd6c1ee	2.7878064314727844	8.42875
dea/45d73755327c0	3.206615621212427	7.99
deb/ea39eba89ff34	2.5582739613780014	9.557625
de8/2f43e06918a74	2.811064990715064	1.1051875
de9/e4468d71886fe	2.699853928813155	21.90425
dea/52bd060950641	3.5236446811513256	2.9835625
deb/0e7eb1f90dd35	2.7722337245426982	9.1611875
de8/6b74c9ba5406c	3.01782391348461	13.119375
de9/640747a97d227	3.167617970990087	7.54
dea/0812ee31b198b	2.787986112712164	5.936625
deb/dcdc362549a5c	2.6839289836662354	6.7958125
de8/fb60c7ff5be14	2.921791988628777	2.3521875
de9/8f0a5bc257f41	3.045670410099569	5.9819375
dea/1f31075385657	3.124145951134127	3.092375
deb/046c4c3871b8d	3.389394692905025	6.347875
de8/79d0cfae029e2	2.9295738227570487	4.5934375
de9/0d8597aba4eab	3.202703150740454	2.6936875
dea/6774034af1af0	2.5293036934182753	3.7354375
deb/5dc0c5eb4fa62	3.1229505015465495	7.7569375
de8/785cee5315571	2.8229218276219723	5.4511875
de9/6424c2c7d4dcc	2.587694092382813	11.5769375
dea/cb5b1e3bd24b7	3.046763867782304	8.0051875
deb/97efb0fc4b95a	3.1948255036284485	10.4785625
de8/5c70b3e8edab1	2.645873448395395	8.5489375
de9/c62efdbc08374	2.6972789872244096	2.8389375
dea/d504c43f72aee	3.2984342095426498	7.3658125
deb/56bf7c628078f	3.376970032031369	7.815625
de8/bab9fc8772c99	2.4759461461373053	1.522875
de9/700204eb6765a	2.3978186754791793	1.7551875
dea/139cb4e362135	2.740126094428298	5.0320625
deb/c273fdf062f0a	3.3699187260779695	18.638
de8/089361df43134	2.725496279446715	8.077125
de9/f8aa4944e2f60	2.605003653636922	6.894375
dea/4097cf48eb25b	2.861919462208829	10.8229375
deb/5544fe7f8a500	3.0859544236394254	8.2380625
de8/f26e188153eac	3.492893524861837	4.207
de9/03998450cc0d8	3.4473738351196763	21.08
dea/4c871631854d0	3.3304503172786433	5.0004375
deb/dad51c9e58a3a	2.6204488682405094	4.9384375
de8/40ad3ca5a391f	3.0785952485366543	6.491125
de9/454e492f43c39	2.8721023294650263	4.1213125
dea/851896d0ce1bb	2.828643291300632	8.9130625
deb/9ac8f7839aed8	1.999275998099396	1.657625
de8/df432121106d2	3.20487887285742	8.4510625
de9/cb5a1fc2cb688	3.16453885873996	6.294125
dea/c142e43868707	2.9553456907478775	3.1440625
deb/e75a765c50f80	3.403381613033367	2.946875
de8/bd6db9e8b347d	2.4655530558956626	2.6906875
de9/9c3a205ca578e	1.0796823036298557	1.2016875
dea/0d7df97cd41e3	3.0379760315772573	2.5961875
deb/740e98917dabd	3.511251206056853	6.878
de8/dd58d281970cb	1.8960284023871834	1.89425
de9/de2358e584ecc	1.9908951087460272	1.00875
dea/ef5d506435b35	2.5428827745017353	3.6043125
deb/a8514049b97e7	1.6367447750386335	1.5619375
de8/714bb2a52fcfd	2.247799673014669	6.4075625
de9/88adc7a46a9b3	3.2188018804765997	7.8128125
dea/fa1dda149df7c	3.085542878634737	12.869
deb/754ba3427b691	3.306484004837088	3.8736875
de8/1d8712260eb77	2.624553798073161	3.747875
de9/9d4d27cbba96a	1.9352672883438706	1.7949375
dea/3160e7903ac0e	2.9155596225126406	3.2284375
deb/b4b1497170c48	3.1479241829951907	15.8586875
de8/10c7064279ced	3.241258554627662	12.91375
de9/41fa99b8ad778	2.410277962233484	1.0221875
dea/7bab2464c6f11	2.2888264122435458	3.5
deb/d10f7e000cb7f	3.3650646891684883	8.91325
de8/04a7a2a00bfc3	2.4796266024525035	5.8265
de9/bfa176a02da2f	2.10797001077625	9.0950625
dea/7b320ad141f5c	2.4562865246085037	1.802375
deb/3bc14f3e2adc1	3.1338568449815605	6.3765
de8/5fe12c1c9706d	3.1306094860323452	7.9083125
de9/5563085ce8a46	2.1708672592280074	1.834375
dea/56cb95b30f397	2.37822231265316	7.84575
deb/f3469547755f6	3.190526603736969	5.05
de8/f618d17b2d229	2.6034071783921533	4.786625
de9/46a0d6762f710	3.2088212614378198	3.8968125
dea/ea55a51276bfb	1.665775882778963	2.7475625
deb/87c99ce217d7d	3.4064643445556873	10.2340625
de8/78dd487178dd4	2.91162735954188	6.3003125
de9/f929cd5fd5aa0	2.090037064911546	2.283
dea/b832919270cd5	3.1891338807000973	11.9909375
deb/bcd1601f608bd	2.7516467477574493	3.106875
de8/4adba467bd3af	2.7236487800313847	14.832875
de9/5253bf70dd722	3.046285347671264	5.186625
dea/391691dae25e3	3.313125864482681	6.1145625
deb/8594d11569931	2.0841077745639547	1.0085625
de8/92ed2dedefa02	2.612859561735606	6.0016875
de9/046f5a5d9872f	3.2643868236625915	4.2401875
dea/971d927b3ef91	3.1297666077505903	8.0864375
deb/ce3518ea1beb8	1.649475269301248	1.778125
de8/4e98b13680d77	2.418389353795402	1.4031875
de9/d63f48a7d7774	3.2302071744203653	4.426125
dea/8d6dce9952fa6	2.8985994229262864	2.50075
deb/0cd33306d1547	2.164507639790866	2.824875
de8/ebc65841b99e5	3.1127875679290997	2.602875
de9/bff31147e4518	2.8213078063542354	6.224125
dea/867040c71ef33	3.0565804308035256	10.41975
deb/46ef0e83f78ce	3.0104400500988873	2.11275
de8/ebb596bcab17b	3.2560838248720656	4.8108125
de9/edd2330fc07e4	2.7185768665630325	4.1191875
dea/68621885ffe9b	2.870489813122158	4.7250625
deb/10c9c57860d07	2.253966448207816	1.92225
de8/a906c3eab9755	2.5571411605471916	4.9223125
de9/1dbdf41a392b0	2.7741734953601074	3.912875
dea/4404a943bd472	2.5177760464616314	7.279625
deb/702d86191014a	3.4108672989475335	11.9701875
de8/1315ce4a36f80	2.3935624491988103	5.38625
de9/54ae8367fe459	3.120900093196247	5.2508125
dea/dbabc9da6aef8	2.58358067491868	7.8189375
deb/63cef8bd38e0b	2.4240007092980536	1.4655
de8/a5be14253b42b	3.3568243981297723	3.2701875
de9/7acd46ec5c237	1.1086382625584286	1.759625
dea/435752183ce79	3.169709627390734	7.84225
deb/f83a5a3506c62	3.209009285801371	8.3829375
de8/5927dca5ae6bb	2.986800862227529	13.3118125
de9/0c05ca7110492	3.345851701369573	3.370125
dea/a29b83b4a3afe	2.8048375767485907	5.02775
deb/ed4123ffc97df	2.7381369445263597	2.1558125
de8/061b118a70c12	2.9082341568795123	18.1374375
de9/ebc1c79fdda04	2.4362109100122895	2.8375625
dea/178cf447e1d72	1.7150562975261745	1.009
deb/c888d7f531190	2.484224899652896	6.711375
de8/1f1e24ef6f0b3	2.390212501655828	3.0454375
de9/e121057f0d2ef	2.949968855712416	5.4878125
dea/77edf58a6ffb4	2.10497514947729	5.0785
deb/952e0b4d08ee5	3.094402078857158	2.710375
de8/591e1f7d9ec49	2.024936479458449	2.430125
de9/c5c357e3ccc20	3.273879831295068	8.617875
dea/e861a8f63ef75	3.20286288782508	2.452125
deb/ca918eedecb85	2.9509602707263696	6.3351875
de8/b05f6c32e6c4c	2.987188532311341	2.5730625
de9/03cb4612c3d17	3.2004927195749353	2.2884375
dea/804127fcc5096	3.469031023127986	23.5923125
deb/03953592c0e71	3.3029367810389694	3.1324375
de8/489746b3484e0	3.2102417586748224	3.229625
de9/42b154a907ef0	2.9703573133874825	1.2015625
dea/9fae68819ebd0	3.0070651928130063	4.391625
deb/5222e97297cd8	3.0742960262244847	7.12325
de8/a0fa51f8252f1	3.5792171146576477	8.3471875
de9/7d4dc288230c2	2.0963915742817703	11.272125
dea/4b97b28e861cb	2.2261613097789748	1.9573125
deb/a9ba4d3d2367d	3.2227320243813953	6.0390625
de8/4b5a13db8de32	1.1019989549092173	2.501625
de9/3a4b71a22b98e	3.1520182050796364	3.7976875
dea/11574da289339	2.2371223879334705	1.6275625
deb/2f0fc3b08caff	2.5523705794849136	5.818875
de8/678a735410f34	3.0704935004319074	4.7675
de9/8aa3d0ed9a61b	2.3703335768398155	2.88975
dea/a3cf45be89f9d	3.103173644488073	2.6913125
deb/1d7349299a8a6	2.0362731431502494	3.867
de8/57098e5e25b10	3.056605033989679	6.61825
de9/b4bdaf5fa0ced	1.4486678691832282	1.201375
dea/6ea1c35637251	1.0993282208090394	0.72025
deb/11d357fd42ebf	2.878565001982612	2.4921875
de8/eb55e02ca7191	3.0342962295159146	4.095625
de9/13e6460b43510	3.3918118580877388	15.0715
dea/03ac33e65e543	2.5602914212237065	4.970375
deb/da8f611c70a6f	2.5218947630211312	10.2113125
de8/b9e022398bc0b	3.2872235272259767	5.850625
de9/9d83a8f45e947	2.456428575180404	2.2339375
dea/101d3e39d2768	2.765114938049514	4.375625
deb/902ed2189ed30	2.8179010106509352	5.7251875
de8/ce1b635b07263	2.6053382232773146	3.72025
de9/256ad4b20c531	2.5790588130859757	3.89325
dea/735a09cf7fa6a	3.1954818997288545	6.3235
deb/768e38bb3fe28	3.351698236994751	5.333375
de8/0a26890e5bdc6	3.314243167628389	10.1038125
de9/c4b72bd2953ae	3.282386271637694	4.6821875
dea/4cfe42b9a4903	3.426827909011778	9.4019375
deb/a8e945f9838f4	2.774849222412782	4.684375
de8/0b68dabc9d859	2.344123608931599	4.0658125
de9/dd440253a67fb	3.019551333904319	3.558625
dea/081cd145b1afb	2.2941646194017524	1.667375
deb/785f8a8fbb06b	3.0306991535059558	5.728625
de8/6a22ab1a1c64e	2.0443482083340236	4.9210625
de9/080b735610e7a	3.1076105594095558	3.0243125
dea/a7a278a9b9e85	1.8798088221558147	1.346625
deb/15318467e5ff3	2.3810721130945525	1.872125
de8/04c48c73ad14c	2.9550539166439598	1.4385
de9/53cc9768c2402	2.747274111397313	1.559875
dea/23cd40c6bacc1	2.7059270922176983	5.465875
deb/938fde52136ec	2.9631986266522956	11.5998125
de8/e51a448a88f08	2.259647831318762	6.91275
de9/7f75fa9b7061f	3.4822302778843444	8.722625
dea/d010011fe47c3	2.852954233306662	7.684625
deb/efb4160f6d5eb	3.0449136254997478	4.39975
de8/4af7ad0fd1f5b	2.6908690782422933	2.1206875
de9/b94a3c97a247f	2.2143011136625974	2.743625
dea/12098c4c88931	3.0043084482426656	1.8946875
deb/780e0903828c7	1.1023049338737774	1.5655
de8/fb3031534309d	3.321821238727258	8.8054375
de9/20bfd7ead649f	3.1625697784483804	3.8308125
dea/e406632af7632	2.9383425914572334	1.61
deb/294f9a00f97a4	3.311261191539041	4.907875
de8/2ff4a1f46d1b3	2.170419928886408	1.923625
de9/dc6c31e97d41f	3.0049139419745323	14.7391875
dea/fbc310383a4a6	2.849450013181521	3.720125
deb/3de68cecd505e	3.0626506668156543	3.031375
de8/9d1be3be65e51	3.1437922113400805	12.952375
de9/322202b3a43cd	2.649960030951197	2.3079375
dea/b04e1fb7d79a0	1.2072617715967158	1.2498125
deb/a5a948e709a93	1.4928910842554215	3.99225
de8/ce7d5c033e73e	3.142002761994194	10.0413125
de9/2178dbf042f3e	2.978605727676533	3.6561875
dea/94cee34964635	2.9999801644105886	3.676875
deb/7267d1e79c764	2.4430089007993456	3.12225
de8/178bfdb810cd3	3.2992513397750423	8.800125
de9/bb9f00792e277	3.2721277641060156	10.106375
dea/4afd920654bef	3.4109359444627754	16.570625
deb/37902fcace135	2.6733588608591954	4.9246875
de8/6e11e8501ba1e	2.368436256988154	6.3494375
de9/6336d8dc42d6c	2.5971271595907583	10.7114375
dea/e3f71049c4002	3.2796964568394	2.383625
deb/34e4b75ea9d47	2.172375894941223	5.6709375
de8/3e4d9dd109945	2.6714020315597273	7.9320625
de9/4a6500db72d1b	2.9790330071170597	3.5214375
dea/08f22b9684794	2.904115741900217	10.2389375
deb/67b3e2e4e81f1	2.8009351045760553	6.071375
de8/bce3241d359a5	2.5051301505094665	1.6819375
de9/0dfc1e7d05861	2.9196139930711906	7.29625
dea/8f69d8ce80fd9	3.158515223199439	4.6435625
deb/8ddc46817d112	1.7414417939853848	3.851
de8/75c793f085a8b	3.4195015937927438	5.4575
de9/c7d8ff0792424	3.295465445066473	13.2433125
dea/b4b5e04bb6989	2.6927857918203664	1.1534375
deb/7c89c2cdc96ff	2.4332826043581557	5.8880625
de8/9c139a5b4edca	2.6192676169649785	2.47975
de9/30660a9431cf6	2.277398677113508	3.3185
dea/c23246b945787	3.383929522121317	6.25175
deb/18dafc4a727f6	3.1375293123491557	15.4170625
de8/98776a84f7e73	3.3179746382164126	8.4558125
de9/e49413b7236fc	2.7104701435947134	6.687625
dea/5b04c1534d6c2	3.076484194253958	2.14825
deb/750cc09f4e810	2.798225100919927	7.9979375
de8/cd1dc42ff5613	2.8676507458654608	4.6176875
de9/2f53099e84cbe	3.1799815767285073	8.866125
dea/e0f7396b7fd9a	3.310302598855402	4.966
deb/6866d6997cad2	2.792875231325727	11.349125
de8/74ca64b227b4c	3.310051769041352	8.87625
de9/c134944cc2af4	2.593874947418126	2.4419375
dea/6dfa322d73dec	1.0882359826688848	3.546875
deb/fe54472a9fd8a	3.122727436391811	3.2773125
de8/64db4bf28a38d	2.2711014694007337	9.28125
de9/95c54b5ace56c	2.045741756246473	9.054375
dea/be9df7e30f677	3.084211096975475	4.383375
deb/d2fe10b331ebc	3.3129647324978846	9.6548125
de8/d17cd0afcfd13	2.5681838567397137	4.1533125
de9/1746b3f745c88	3.4284771302316708	23.5540625
dea/fef811dd5e88a	2.9133315383670153	5.256125
deb/8af823513664f	3.1674393757116697	8.813
de8/f1667b5cbcdb0	3.314263311836434	4.55425
de9/0bb72fcb525ae	2.628196510607034	2.6215
dea/d2bf2ca0143dd	2.5029744255288047	3.123125
deb/46f0cdad380fd	1.4846046002348685	0.72025
de8/8f822926a6a90	1.6518052612162732	3.8146875
de9/f0206600218d8	3.2256724399343555	4.833125
dea/9adce0bfd0335	2.944147274470673	7.2239375
deb/40d29917fef01	3.0307868839191427	7.54025
de8/88e961b121697	2.9745180738502928	2.76525
de9/08352075b054d	2.977371133024177	4.472375
dea/2760fac8cce7a	3.263459130832299	7.8130625
deb/fd97161f1519c	3.3212958041199236	10.6430625
de8/904850d5de9e7	3.336015255126435	3.55925
de9/bebb2d91d1026	3.3845576426093213	4.8461875
dea/964644ba98948	3.080301273106661	7.0090625
deb/a40d063432891	2.3020779816411383	6.30575
de8/107e3515cdd98	2.127408914821297	1.971875
de9/8323edc89559a	2.4619491228968364	2.259375
dea/c0a3e42d89421	3.113763964090836	5.268875
deb/a0c5f4d3b1cf8	2.790336802228406	4.3268125
de8/9cc360e4c4b93	3.4404265649977814	14.0443125
de9/ec52c11d0757d	2.773799678570701	7.5560625
dea/bf71b4b11bc14	3.2475638179927997	7.68975
deb/09dcfd2787b0e	1.6723506026379682	2.011125
de8/853bdc32585e4	3.112377792277378	5.7895
de9/846f163585d4e	3.412268004858107	12.56375
dea/f08e57d67e4b3	3.0224660601929254	5.024
deb/266d37e7c7aef	2.908419422918262	12.539625
de8/0464a7eb9a673	2.3333213180395584	2.2801875
de9/26b32d60edc21	2.1650908344052717	2.64975
dea/8d883fd11d19a	3.340174219761719	6.3300625
deb/590deca4d6f85	2.691473161108539	2.19125
de8/0632ea7e606b4	1.2371638635701392	0.8404375
de9/1cbb616ed4d21	3.3188052491170312	5.737375
dea/03b406ae1c138	3.30676082070945	4.3775
deb/6c698b3f0245f	1.2608129795043288	0.6240625
de8/e3cc8747f7d25	2.9879567448516537	8.1259375
de9/a78a624861b90	3.1390305202622155	3.9458125
dea/a40b98cb8eb68	2.8735955613725275	10.1216875
deb/7911c154f64e3	2.2440245635563967	3.8394375
de8/82d1dd3e05c84	1.1108997276490562	4.442125
de9/edced2429598f	2.546969478991157	4.7213125
dea/e751c4c0b4bf6	2.6238352673821193	2.7436875
deb/40ff82426770d	3.1445566299480796	4.3849375
de8/2458dbe5066e7	2.638352454637491	1.9974375
de9/58f9940c05c67	2.9830426930842906	5.743375
dea/582c8df181c4c	2.360626816656286	1.1136875
deb/45e3a804ccc41	3.326139957521489	5.5255
de8/cb0f00e20667d	3.313602887092418	5.4355625
de9/ba155c2ed7504	2.5664955972543364	3.2895
dea/f28335221fcab	3.0907034872109174	13.6581875
deb/c5347529a44d1	3.115149414042404	12.1585
de8/98b9bde1a08fa	3.247572364634008	10.6691875
de9/8bab49379e54b	3.428884263433946	15.5844375
dea/8229f7eb92034	3.3898967116825127	8.607625
deb/bafbba50ab3a5	3.1983001820463954	6.11225
de8/969b4843a1317	2.774229051502378	2.210375
de9/ceaef7ab39342	2.6955975595027915	4.3183125
dea/17cd79dec5663	2.6446512914180884	8.14425
deb/0f528848fb676	2.082609103014658	1.441875
de8/4735772d22d6a	3.24877737458329	10.221125
de9/173cca6aa8a2e	2.55801766679407	5.573875
dea/a02969fac0d77	3.3231366656421235	3.357625
deb/5b0e76df6e721	3.3259584751913454	8.32125
de8/6991b83955f40	2.495040875465281	4.87925
de9/dd1ea20d2e26d	3.02139192912486	3.021125
dea/15bab280e40c1	3.5261523606891294	6.1243125
deb/b8bee14cecafd	3.1715735497155615	3.5506875
de8/ce4fb96daa2aa	3.0563350663057003	1.729875
de9/9509f84d4316d	2.8015172185497073	1.18325
dea/2f60e9841a55e	2.9848776706975984	6.4626875
deb/6f32f8cbd628a	3.2286194739815812	3.885
de8/610dabb7fbe3a	2.5395735723109967	8.9686875
de9/20190c538692a	3.145719776594549	6.2295
dea/1e6160679c7f7	3.0673889120628686	3.0026875
deb/ec1348b4b0d98	2.4286056308039403	7.6344375
de8/80a98adf3e952	2.5016023583146216	0.8311875
de9/85789a06068e0	2.4033291039134856	2.567375
dea/e54b76785fd97	2.6500187757456013	1.081375
deb/ef9b7e0907510	3.036900659954341	12.5401875
de8/e477caded7be8	3.3801144804107865	9.3984375
de9/5cb7da08a293e	2.8990209487647554	18.466875
dea/d6c7291a537d5	2.3211695211763845	2.0441875
deb/e314c5d5a83ad	1.708071893115039	0.9905625
de8/c4f9d2b674f25	1.7190823209891077	2.5568125
de9/8d595fbd2d52b	2.0436944948615157	2.49975
dea/af7f1649d3edb	1.8804000505437788	5.196875
deb/a56a5cfd580b3	3.109859568907723	3.7036875
de8/09c35367b89bd	2.3113171687309895	1.4423125
de9/a3b1e9d9e3758	2.070959891828239	1.880625
dea/c800d116d4bba	2.227598185614754	1.823875
deb/bdc43948afc0c	3.1202810344071836	4.231125
de8/952e135a39812	2.5794229470194336	1.3525
de9/c625c2b5bd9e4	3.1998167631904364	8.6010625
dea/64cff1ecfb556	3.351257965734158	4.7016875
deb/471f002ca3d8c	2.478613322694717	3.9831875
de8/b4204e24ec398	2.7560237088476183	3.1773125
de9/52ebc061e8d99	2.5718564351634656	3.4914375
dea/22459d7f24b2d	3.2373487349140593	5.8209375
deb/f793d37f4e7c1	3.090082161460723	5.28825
de8/c50d0fbc29734	3.0925644708175346	14.9220625
de9/c8c4511eb5fe4	3.5200613239832426	11.3819375
dea/f255d73ed7a4e	3.3185393982872244	11.515375
deb/34a138773ed13	2.6393599988918433	7.9665625
de8/b1c842538748e	3.504184886874081	12.3510625
de9/dbb2717c11ef9	2.4015329923296673	4.2015
dea/177884ece35a8	2.8387462679485322	5.167
deb/046f9f7356135	3.2958841100929193	3.172625
de8/54b7c3f191d60	2.6001661066761836	5.2110625
de9/e8a507ca150e4	3.0565027694460176	11.9594375
dea/f022157ed3a89	3.400069955321932	6.848
deb/c5a4bc4ccdc33	3.0177308065948414	9.0019375
de8/d7f70781a414c	2.55592418735887	4.677125
de9/0cf6b6eec8775	3.036644653376127	5.0271875
dea/226d7830db072	2.100384288201754	2.883875
deb/d28251f497863	3.3621116578881964	6.8480625
de8/e71cf4b56674c	3.33159327895973	6.001625
de9/619f992e524c9	1.0874209009436366	2.231
dea/d9040708a8150	2.920004146154336	7.7775
deb/404be9aa1178f	3.166236805454897	1.543
de8/9b7cf9bb1bd09	2.546423623011369	1.5529375
de9/7efd8cf59bd0d	3.0330467035154465	2.262875
dea/d1cf383cdac4c	1.0653560748018867	1.2979375
deb/2dbfbe1a345f3	3.242698985799414	9.9176875
de8/7bb7ed7ca6374	1.4268319350428202	10.3378125
de9/573be902a6157	2.307072006095198	3.50475
dea/9b951ad7baef2	3.5022509492862754	9.22375
deb/1fae25f5c317f	2.201038874929935	6.3388125
de8/3f88bd82ad407	3.2992635591221458	3.9385
de9/7c6d5beadf0b1	1.6749622173636085	1.1060625
dea/a4947559a1036	3.0810560371276634	3.1390625
deb/cc4d44601c13c	1.718655283316994	3.0200625
de8/2fdb0f03eabed	2.4297172571664767	2.920875
de9/7ac2faedca60a	1.1048664511864523	0.624
dea/28d68d022a14d	1.316277067750837	1.0085625
deb/1c0aaae843aa7	2.9775911881545327	10.4983125
de8/f754e95012fcc	2.142927253765276	1.000125
de9/b15c778766587	1.0855082110200693	1.105375
dea/53c2979b1da81	3.3854271460389964	3.9894375
deb/29c1b9e37bbce	3.579472199373374	4.3785625
de8/810a743ccd03e	3.3428005564694274	9.3803125
de9/61f1b108d034c	3.5547604254939134	19.8079375
dea/59c2c6e34ec4c	2.886738422321445	8.6844375
deb/cf0a681504654	2.151499708205313	7.2204375
de8/7559625e2f5c9	3.42230085550828	15.24525
de9/a007a8c59ca8e	2.6497652406776946	2.9345625
dea/7876f84e8a53d	1.3228125512459634	2.6029375
deb/7bd9ca6ecb0c4	3.0773984943785866	5.673625
de8/3d1c8c339ca4c	3.0880340772118045	4.0804375
de9/37a88c7b65c71	3.4451974667864684	8.3978125
dea/bd09abce1698c	1.9951419438191003	2.6316875
deb/3721fe8362f30	2.23815731856565	2.6814375
de8/75a25204b03e4	3.4897658964554794	14.252625
de9/655e37fd646fd	2.2533658549158297	7.7044375
dea/0fe791da83209	2.9226189811530525	1.5314375
deb/49f3ae0cb4f3d	3.018240895090407	14.3173125
de8/ce50ad887e4ee	1.8710981265544107	1.2649375
de9/fe9bb8d1a015f	2.356580572130364	12.2155625
dea/d3e9dcbe05909	2.9158524811055306	10.1329375
deb/9e790dad15664	3.3018503442107225	8.669125
de8/b6ea01b4430cc	2.516888040396832	8.013
de9/1aa64baf71cec	3.3682153880720125	4.726875
dea/dc6a1e919d55b	3.337259668381233	6.009625
deb/40a562d104822	2.6102100421852996	4.5663125
de8/67c3130d7b040	2.224157954261313	2.25925
de9/d3a5acaf99d4d	2.7229267750520485	1.4466875
dea/eb378caa62789	3.1568675439952028	6.7615
deb/47b0212d6efaa	3.329324273694117	6.7538125
de8/6e5e9af861f55	3.133738740814817	5.7403125
de9/0f7fdaef57f48	2.474020468784762	6.032125
dea/7a9072130518d	2.9629728801197674	1.394625
deb/087903432ce53	2.7276790678399654	3.8593125
de8/69da123a7ab2f	3.036274342870388	10.7800625
de9/6f24a30cd4d90	3.2071927781452194	3.58275
dea/83079e090c61f	2.8165804235390985	4.33675
deb/0517aab2e05d6	3.217383911226797	18.80025
de8/d8c795d6b4af2	2.5613789746138984	4.238875
de9/d9bfb38e6b95e	1.6934124361059815	1.25
dea/4408b77338e03	2.875332566495186	3.2610625
deb/b193732b359e4	2.6511912175797265	7.2321875
de8/09fe6a34df782	2.797217542691982	5.000625
de9/cca1b24489c7e	2.797266537988367	2.835875
dea/163ab35fc4c9c	3.0586578024903748	7.9516875
deb/6647b1f9e38a6	3.5982745758341856	21.85725
de8/4a45c148d937f	3.4618495083992036	13.122
de9/27eeb7e131d76	3.193505572227794	7.5600625
dea/9e871b3d94c51	3.529323863830842	6.566625
deb/ec4f332416983	1.934502332803588	2.9290625
de8/ba5aa797aacf4	2.4628077665660744	6.0405
de9/886c9357aa5bd	2.8628417597067295	5.45875
dea/3a7abc00102da	3.194830023591091	7.90375
deb/90141ef746d6c	2.0527853452015496	2.0074375
de8/4c66055e48876	3.0203174195472546	3.3590625
de9/9517a940e5ee5	2.9465101819604143	12.691125
dea/99be7bea8201a	2.7903106310064296	8.318125
deb/1667bc735fe7c	3.1389860591758785	11.10775
de8/31dec7dece5f8	2.478834565479166	2.268
de9/343fc4eff761e	3.0807387493557004	3.596625
dea/edaf4ffe70995	3.4014651938948384	9.3586875
deb/b1e31a7fd9f71	2.5344232152398445	3.912
de8/053320d14b01d	3.1867611743663415	15.6645625
de9/b51ec028cfa27	3.3773264433885264	12.6291875
dea/58321667e1920	3.4605060794219034	4.1805625
deb/43b3ae652e172	3.014328546470098	3.2963125
de8/4745388b7ec9d	2.8530166660334175	3.1544375
de9/8197b219d356c	1.6361637304993426	3.1895
dea/5bf983439f1d9	2.806181592246586	4.8043125
deb/885078962970a	3.0122635615919613	3.890375
de8/22e4c3547f88f	3.163864606592615	5.9055625
de9/bf57c07a048fa	2.8013527943677055	1.731125
dea/7215c3e00e52b	3.069402091898318	5.104875
deb/944204925abb4	2.2704588918241098	6.546375
de8/4f6ab73ab2c6b	2.9347275752840454	1.91425
de9/a7ea5a0319918	2.810914935505369	3.6293125
dea/2eb3c56e03e9e	2.8627086908023682	4.85775
deb/63ea33882b8b5	3.0969920279519063	8.6358125
de8/db95c87d72b40	3.3368010087086537	6.85775
de9/c61a1a339f0e6	3.019527537014346	7.402875
dea/67837910b8180	3.277393908659967	4.462125
deb/3673da5f94987	3.062713482780598	4.4295
de8/c7e09e91a70e2	1.4580929615572016	1.4319375
de9/202bb58859868	3.0859522463285805	5.97825
dea/714109d36a310	2.9822439264641787	2.9844375
deb/f8bfd46bbf16a	3.3957288920019018	5.161875
de8/b27705b6ecb11	1.3749272421953949	1.9444375
de9/0ad25d133a028	3.021789846419816	1.59475
dea/bfb9c81df55f4	3.2092028434987454	14.2868125
deb/0e7dd2c5f60cf	2.2548180116418655	3.6850625
de8/b0fbdc8c242bc	2.9820476132405203	2.8364375
de9/8c6b8db37767e	2.7319950285852395	4.233375
dea/76877910885fa	2.9289821312361437	7.700625
deb/2de374c669c75	2.270982681745578	4.9740625
de8/5e70e08d3ade2	3.3130989530560524	6.21025
de9/ac897d538bf3b	2.2312039665439314	3.489
dea/9cc2c92be2a8e	3.19981656624119	3.5339375
deb/9bfdbacfcb095	2.2470615543928125	5.8840625
de8/4cef69d27e62b	3.227198185659543	4.48925
de9/aa345c1cbe230	2.9213627165053033	7.6621875
dea/84990bba64fd3	2.274695880072749	2.5966875
deb/7a22bbc0dc11d	2.123247893051929	3.2885
de8/3092e4376f7e8	2.453642731873321	6.172375
de9/1770659a0dc71	2.3607789971810615	1.0566875
dea/c559839b170d0	2.546419483078839	6.5430625
deb/a65ba1f42ffce	2.984352472330863	6.3566875
de8/993ec5a3a2737	3.271414953027922	3.049125
de9/4c30f947ec7ee	1.9116264143436639	1.7296875
dea/cac441fade1b8	2.774286738153584	5.9126875
deb/2ae5b354d53c3	2.6834245812817987	3.05
de8/25a379df69b38	2.381078993904622	2.0675
de9/7311a7d4a8411	3.2534293658879037	8.0266875
dea/887c86dd2ac47	3.175524346260559	6.4765625
deb/6c6ff2bf84161	3.3806541988353818	3.8381875
de8/9c16370f1ad87	2.718825756018696	1.1535
de9/8c1b8bdaea3db	3.466657450591542	13.1644375
dea/1106a8f0c4ed3	3.0056104918255246	5.3665
deb/124da18f2f843	3.0897196174783828	2.9135625
de8/ff6bdee3bf095	3.1035501356784327	4.8886875
de9/994a9c4190c66	2.4883587972147336	16.1256875
dea/09688b3d5b0f2	3.294962573504538	10.679
deb/d94182948af98	2.777632333101728	2.77775
de8/528fcf209718d	2.865816204613814	14.4486875
de9/ec3808df40724	3.149858283987194	10.657375
dea/11b2c188b05b7	3.237908746810896	9.94775
deb/ca3584fb93058	2.6825912909991643	4.4141875
de8/803aa2040ec02	3.1927109533229174	3.511125
de9/3df1261be9eb0	1.867167399698885	6.6015
dea/a95c82b44af41	3.391528484337822	6.4150625
deb/412450a6b7ecd	3.077589060386528	5.258625
de8/f03fa2042c4c6	2.563521425244502	3.03925
de9/e4c8beec30321	3.364430675932998	14.57725
dea/da176349c3476	2.695300812566424	3.0996875
deb/e784ea97d094c	3.061083200237007	7.5899375
de8/131b9b6924ef3	2.761613492591939	2.3568125
de9/9c127deb0d90a	3.401455802702267	8.02775
dea/4f5425cedd06e	2.996782668739113	4.4175625
deb/d395687500b54	3.4510307422839723	4.222
de8/2736d11cffb0e	2.734228428254586	9.443875
de9/44086e84d6850	3.30670011395737	4.476375
dea/a9c20dbfde046	3.0080125946105003	6.513875
deb/7d420ce3d0de5	2.416119502980011	3.17375
de8/8586a9c9e158c	2.9058178926781246	6.279375
de9/86a3fa59ee3e0	3.41068274918485	10.6585625
dea/1f6e41f17e480	3.2132962269328065	3.105
deb/d4329116b413e	3.0672324651341394	5.27175
de8/9ffc72dff46cd	3.3428042770430424	3.7684375
de9/9e9ff4e002c21	2.3279339766456992	3.286875
dea/7d900f7c453ac	2.562611711342367	11.876875
deb/db20525a5b81d	3.192601452899698	3.845625
de8/c4c04ff404c07	1.992485098276736	5.3070625
de9/4d5a721846c0c	1.167771655960517	7.0848125
dea/4b815e2c30184	2.968652464841402	5.04375
deb/fe7efe1d36ef8	2.9489805840499	5.5554375
de8/8e0127215d574	3.197863134299382	6.0150625
de9/cabe338cf1dc5	3.0006982870896763	7.157875
dea/c762363a004c1	2.8914984515575433	13.81275
deb/f1f93d2ff7686	2.8776630836591828	2.517375
de8/8951da850d69b	3.150189995830004	4.57925
de9/9f483ebbbc75d	3.2951912703968875	8.7379375
dea/e798bcc547aff	2.212869341822908	6.075125
deb/ce34407fe9641	3.3453009700662415	2.9105625
de8/4895e6c47c26a	2.336214088450456	5.82575
de9/718d51c637d31	2.0981716145615095	3.7429375
dea/ad733de3c13e7	3.311633081982181	8.97825
deb/32db0e4d8b5ca	3.170757053989188	16.851625
de8/d8d2e7916f77c	2.900360724979919	13.475
de9/4a0299259e947	2.9936073855143364	1.2979375
dea/5358adb5d6a04	2.743780532376356	4.822625
deb/08bd9846c1f9a	2.6645390802036544	7.39375
de8/f190548abdec2	1.3884348049289712	2.885875
de9/52ea708c01e9a	3.2236310955768452	1.6135625
dea/c7d8295532015	2.462616583980962	1.7065
deb/c4fc00a84844b	1.1361186721754784	2.309
de8/4b47203213e10	3.241502496060798	8.337
de9/799659f6ff24c	3.412129178341491	7.786875
dea/26c05e14ab0a0	1.8679556008957794	1.6815625
deb/524d50a878f95	3.371396510713208	9.288875
de8/8fd6566f304ff	2.7270153785089444	6.33225
de9/2c7d7d477fdfc	2.8610028385959665	12.030375
dea/b6683341fc828	2.5122719244962797	4.7295625
deb/ca37cec48938d	2.5434834531121835	1.3806875
de8/689284d8d55f4	2.7823337756820106	3.7729375
de9/41a35b007cec9	3.0334953263171633	2.789625
dea/855eab641f1c0	2.3526162779006925	7.2955
deb/b341fd6a4a0ce	2.5916814687021095	4.08425
de8/5a5ed6c8b36e8	3.1301311988981233	7.2303125
de9/bf886fc2d6995	3.0842250521037733	16.1663125
dea/ff1b1da7d0682	2.678342252667859	3.2839375
deb/6636a5b252d28	2.0162252805879555	3.958625
de8/ce26320a17457	1.1357096027830655	1.2490625
de9/1457632812f21	3.1303399561962757	10.0883125
dea/9293042603ee9	2.6536124213574195	5.065375
deb/2176012eb7cd7	3.1875616030728877	3.9235
de8/eda015dbb0775	2.415986019027661	1.6435
de9/0e945a545d19d	2.559483764068592	8.386875
dea/93148e7867051	3.1779007926321614	1.2708125
deb/be02d0819841e	3.2430371573649293	1.2936875
de8/5ade2d4522a61	3.317660516119263	5.3939375
de9/396a39a7c9b15	2.634854714566206	6.1358125
dea/ccae91d0109e9	1.9925014558972525	5.4648125
deb/8b5adcbe3f7d8	2.478088051911508	1.6249375
de8/a86f4917ba5cd	3.3086254657585794	5.9785625
de9/aa96c2ed311ec	2.810587520850251	23.99225
dea/a070b1cc890c6	2.8790969472502015	8.8673125
deb/aff28250753df	2.981085443680374	8.3550625
de8/ebd971c2944ae	2.517057013216115	4.066
de9/7acc323d85a48	2.2884309227443858	1.0850625
dea/f177a2e80aedf	3.4595463702411586	6.8375
deb/39f84956cafad	3.32736965543402	12.4461875
de8/099c2ad6d7af9	3.2493362718715177	6.545625
de9/83553020e279d	3.3098799639186667	7.467125
dea/b5f46e27e07ba	1.242789907310129	0.8646875
deb/8d78bf207a9df	2.8410564082131997	10.1966875
de8/e328f411d2eb8	3.450017371930531	12.070625
de9/757ef2a39b49b	2.019404495369511	0.9129375
dea/a0fbee11eda29	3.2650592969265584	18.74775
deb/d107511c8348b	3.272777521609608	6.7584375
de8/c27bfd169e1a2	3.528118791603459	7.3825
de9/4a14a145eb9be	2.0376834414899467	4.5301875
dea/3d772b36f574a	3.0356286938420456	4.629625
deb/856c5015d8b60	2.3656839104229785	1.201
de8/80a5967a4b415	3.246772657507399	15.0531875
de9/162401582b132	2.796265146872951	5.712875
dea/3ed6e32fba8c6	1.6233436935829415	1.9220625
deb/414ac57ef4103	2.9593769965824364	4.16475
de8/32abf97e4f1bc	3.485892611894383	7.281875
de9/882f4d51835b1	1.805435945682184	1.105375
dea/e6042646c32a4	3.185476145272183	18.2984375
deb/ec70bf605c201	3.2899144426574907	6.8754375
de8/b015876ec397c	3.0400934862160764	3.8881875
de9/638e99f2bb363	3.362205177015562	2.472125
dea/14580a977295b	2.526952867618952	1.3515625
deb/beed5982152ba	2.2542399837265097	1.1816875
de8/21e7e7de662ef	3.240740688099816	6.835375
de9/1695aa1c3b811	3.070841767483498	8.7721875
dea/a07ce872bc9e5	1.8497376376434347	5.12475
deb/1f629c51c76ec	3.3221162715456205	10.57825
de8/d8af9919f628e	2.2437273596449034	2.6448125
de9/2f3da932cbdfd	2.6209610292134506	1.5415
dea/42c8c6ccc4ee0	2.9363922779547678	4.1185625
deb/ca151aab4c1bd	2.2425895031355187	12.16
de8/bd9651d507642	2.3766097413713094	0.941125
de9/2d8e6a9512861	3.1872973712668156	4.7600625
dea/4a779c479cd7f	2.8995987008437742	6.7821875
deb/a86e4732fcf30	2.899146537588956	6.789125
de8/098233b034edf	2.717893284458171	2.02475
de9/ea95a0d8436c2	2.676040861809141	6.7615
dea/36fb3d50922ea	3.0104075159355173	6.0748125
deb/1a17293a26af0	2.678451325005737	1.489125
de8/65696de7418ff	2.9034107007437258	3.7749375
de9/517c56a9b39b1	3.122339708592476	14.8716875
dea/b617aab165b94	2.668944601074183	13.0213125
deb/c094694a8ed82	3.0478650233078763	3.5858125
de8/1c2318dbb0ed7	1.7055464059967378	1.8321875
de9/9dbb6efabc0c0	2.542415922019983	3.514125
dea/7ea4cfce4d88a	3.4853781509370783	5.8570625
deb/bfab1ce1d9eb8	2.6288384899659922	3.3765
de8/8e6f77db41e85	2.1740326647715493	2.883875
de9/4443b28060d80	2.929749616797617	1.448125
dea/31f7a1dcf4640	1.9053411408621694	2.1976875
deb/e5a744271326a	3.183207379223238	2.2991875
de8/081753cf4b55c	2.7926747289842253	10.3175625
de9/f8d0de5a00263	3.044933426420389	2.7183125
dea/f3261c97e61ee	3.017988991549702	5.9136875
deb/237ad1efc8f92	3.365192514803408	4.39075
de8/24a9ad898fc92	2.2673852813008564	2.218875
de9/7bc6d4dd2113c	2.2110895054842348	0.720375
dea/0158ab654ab34	3.0112215617994753	1.4955625
deb/50f059a4722b8	2.8369297191382574	4.4573125
de8/b10fb9fa54f5e	3.424923553107381	8.745625
de9/beecc023a6abb	1.503405010113762	4.0570625
dea/9a3af7ddb99c8	2.8354152985686243	2.6644375
deb/4615352960259	2.805935290645512	5.1158125
de8/91a49374110e5	2.5622146041692777	4.0086875
de9/312626dffb42c	2.304570365270989	1.009125
dea/6b420eb53a7ca	2.8544847348481746	1.8276875
deb/ce72f5590d1f6	3.089650914872466	9.1355
de8/a4b7167c5afd8	2.9380400908008735	4.903125
de9/2acb633bf8d7f	2.571239748898771	3.041375
dea/ce687ede2e363	3.1629376780504743	3.9406875
deb/3b84889934eab	3.144849459725758	4.8880625
de8/913de22278b1d	2.6945100081399276	7.1826875
de9/e9c200c844ec5	3.3762953001171576	15.1975
dea/9ff861816faa5	3.0745443444668905	2.3655
deb/b2de4303c11ec	2.3652598168030616	5.9215
de8/cbd3716cb6607	3.3454373181166805	1.891
de9/c38161ad13c13	3.044037736143905	5.1155625
dea/7d1985ab1ee36	3.182379583901408	2.8594375
deb/7588b193df643	3.1230082728813664	4.3049375
de8/f3278795f7b10	2.941696929982908	5.41025
de9/fe41d6f5fd810	2.633997183472057	7.7591875
dea/c3aef1a991951	2.501308699145182	4.8734375
deb/5642295d42d5e	2.4684302686303266	1.4858125
de8/6e9076b5188bd	3.1141234780366056	5.638
de9/da8c9f06a71de	1.7076497124698091	7.502
dea/b79b4970680af	2.684700610580699	1.777125
deb/0035c651b35fc	3.450161186954469	2.701625
de8/e2b58547f7984	2.47629351868878	1.4806875
de9/99c299daccf26	3.2178372969136153	5.2808125
dea/f9a46c45127c3	3.408654240960459	8.4543125
deb/2040e0c2cd8ef	2.4210838027866277	3.681625
de8/bfb4f06256bdc	1.1095346872184595	4.5385
de9/4f2337000beea	2.524701907310427	8.6855
dea/07ea80f1124ab	2.522844854497724	1.5898125
deb/6d7e5deb89f6e	2.9252452114826455	3.610625
de8/c9b735f95c7b4	3.409413023613499	10.1095625
de9/25922684de9db	2.843424966322467	5.389125
dea/2c9e98542994e	3.163909680633692	6.443625
deb/7b9338342261b	2.514424094672307	8.78475
de8/c2ae886e63744	2.7408855939109467	4.6370625
de9/69dfcbc7d4b0a	2.955748516733144	5.11925
dea/68438a8ed1c50	2.38721041855345	14.6468125
deb/d32f026733f42	2.6767661441463884	12.3101875
de8/3a8a7619a8eae	2.9062765504421657	4.4911875
de9/6fddcee7bf535	2.3669004794806296	1.669
dea/e70c2b613fd8a	2.6239483530373477	14.05075
deb/be6b8ad6d30a8	2.6728702324632962	9.1236875
de8/fc7a31578b01a	3.278400982626059	1.2738125
de9/ffb1b52bea835	3.321851493017729	9.946125
dea/b73f412827beb	2.152132532446386	1.5745625
deb/07bde0276f7d6	2.5531405847919255	12.3885
de8/d9f8da79c54c1	2.726069693891558	11.5020625
de9/a8aae3dc90753	2.405480706397629	2.1079375
dea/7c3fa00942c43	3.1750000615523017	6.1444375
deb/d8d9c8c82a1cf	2.899926235045306	4.7735
de8/de93f32c6e2fc	3.039778835692774	6.4875
de9/7c0863a8ce703	3.308337537900932	9.1089375
dea/c998356a4ee70	2.3744513981985995	1.03275
deb/aadca8ecdc843	2.703771963935312	9.123875
de8/071b61b84bef1	3.1374401898907154	19.840875
de9/cbcf5c3b010bb	2.872295711981618	2.78625
dea/dcda2441871fc	3.1695026985525567	2.2286875
deb/cf85568d33542	3.1810678080901114	3.929375
de8/736fbe3e22699	3.349839662739741	9.8055625
de9/6da2cc8f010b0	2.9693566195802643	7.8264375
dea/3cd50f6f8cab3	2.8840840730167923	2.7538125
deb/8e7fff96cc2e2	3.373648690393686	7.798375
de8/ec78a56d66442	3.3558608839622397	6.1765625
de9/a863b3b087d7f	3.304197261270785	7.595
dea/a3b4e4bc7c67f	1.2133298908380679	1.538625
deb/8fabe5c893cee	2.480283851938837	0.9605625
de8/138941c0db592	2.8892309118157895	1.34525
de9/65bb387219058	2.5798359091688576	10.0690625
dea/83844f3308e16	2.7580303227191703	3.232875
deb/3e55b1e047d35	2.8614710441220503	7.0566875
de8/6a7b83f223ab5	1.1011980662073229	2.1803125
de9/0938358157428	2.3672637211546035	5.3545625
dea/5bb821568e06c	3.430015704575628	8.76025
deb/9d240098cb389	1.8960358342049852	2.2081875
de8/4176bb52283d3	2.3458622360713277	9.9185625
de9/da7f481ca6362	3.263513209523534	3.800125
dea/5cc5143e66cde	2.848103685609842	4.411
deb/5bdf9eaf02558	2.869712217815044	6.5345625
de8/37b033ce33344	3.2858072112053116	10.81425
de9/828956f582a4e	2.481170805669844	4.15275
dea/4cc21aee9793c	2.6104311086461753	5.33125
deb/a90b4a04d96c1	1.5143535902200014	1.523625
de8/f8e052ae461f0	2.043644829488678	4.2008125
de9/77c735e1b378b	2.939977219996992	2.550125
dea/43de4f3d55b4c	3.378943547586226	12.6565
deb/551e898b9f96c	2.974356472860824	10.0681875
de8/3bc37412f3ab0	2.784115595691901	1.3455625
de9/2f3fdf9fc39c9	2.768798458798984	8.629375
dea/97e6228d7c56e	2.8949945773197476	4.2235
deb/5bae2a59579bf	3.3776642424320635	9.8903125
de8/1a40f676b7362	2.4195877677927378	3.7201875
de9/24cc43f6ea2bc	3.4422682266521596	11.7403125
dea/7d7b0cf5989b6	2.8460966129577696	4.68775
deb/b1cc82ca0ea85	2.947934023131389	4.3814375
de8/4292cb0bbf714	1.9695082632504868	5.4674375
de9/40f96cec95c4d	2.7137799728192196	5.1200625
dea/09d7a137325e5	2.2566141357958736	21.7999375
deb/d778e879c68e4	3.068524537177478	6.5865
de8/ed22289ac9e06	1.9856919620164495	4.489625
de9/e97ab68b66b91	1.9020415555144536	1.3930625
dea/6bda53bc05114	3.2440254177044996	9.4265
deb/e4b804a07cfd1	3.255899464948439	20.1559375
de8/4fd5764d58ac8	1.1549994986871612	1.3710625
de9/6ae8af4d2431d	3.342864978286612	5.020125
dea/131bf2ebb1d2f	1.1758531721947465	3.4549375
deb/bd580f1f5475e	2.63182713329363	6.240375
de8/53ae8776691e5	2.2390049801577563	11.616625
de9/f09ea809f2156	3.0964291581681067	11.0026875
dea/1a6bf83fbd715	1.3351308465972622	1.777875
deb/ec925b2724547	3.1460702220520123	3.4549375
de8/a0e9578d86960	3.2155743119859834	9.8050625
de9/183ba82f47ad2	3.3759345050555982	5.970875
dea/6245c0d990dd6	3.2564147795941873	15.9165
deb/203e8390483ff	2.9444394489467993	2.43575
de8/ada9ce906d6c7	1.738580830658286	1.73
de9/a1a02fa049b55	3.086110046258269	4.495375
dea/b572033f4bfa2	2.6871818164235384	2.1730625
deb/481f293898c63	2.3840151664228144	10.2095
de8/9a647d6f02aa6	2.404031471023129	8.8333125
de9/e64f147023e39	2.639980235801301	4.5541875
dea/19a85aa50aaf2	3.062106685091281	6.6721875
deb/48bbbf2f6baaf	2.633630473474075	6.98375
de8/46f8b0ad2c321	3.4362454157984534	7.5243125
de9/713cfdde49134	3.214298349365912	3.96575
dea/4d932fc844817	3.395519131418344	4.6791875
deb/cddc385107583	2.2074082029742472	2.8553125
de8/9bdf1c2e002b6	2.845865669552638	5.963625
de9/3b7a24b98e8f4	3.009371319582242	24.2424375
dea/b38634dd16008	1.6381719738927505	2.230125
deb/e877d4e9266f2	2.8699084297726647	7.6695
de8/cdffe723b1354	2.6175018191427926	1.7355
de9/4098457cc0e4c	2.363209215522194	7.368375
dea/66efa579ffa96	3.2866327553879118	7.9876875
deb/daf4306a7d801	3.148660528594521	9.1455
de8/0d65babe57aa5	3.4871244951039637	12.8766875
de9/64fe09a8a7f56	3.2712996053263894	9.92575
dea/a11141112e088	2.289719133088572	1.122375
deb/994813f50e5d9	1.6812226711916505	3.8164375
de8/4264e6033cbc6	1.933644285871194	1.2975
de9/0d741a8093b0f	3.271924155362875	5.7098125
dea/539350dcf868c	3.2813517745127214	4.627375
deb/a0ba04be86bbc	3.3226203416877818	9.7265625
de8/2316720cb3225	3.3138397058975055	6.8233125
de9/ea12630f854c7	3.340457647768403	8.6361875
dea/e53e25e081186	3.051408894559349	12.7175625
deb/2ddc275d8a1f4	2.361118965861172	3.171375
de8/1ecc884554417	2.9123889389488182	5.2476875
de9/b9cfd57d88623	3.085252727919268	3.628125
dea/4abcef00ed03c	1.1982928791128105	1.2490625
deb/703a196882b45	2.87809473572689	3.9800625
de8/ad3649a824494	2.651799072642292	4.54325
de9/bbe159bcb41e7	2.9285178817437614	2.0864375
dea/ef596293cf4da	2.730025100470713	1.687
deb/b3a8003913431	2.511160942488769	2.8619375
de8/a935aa2ad6062	3.2605244090346437	10.2606875
de9/49ba129969592	2.7501444935899095	1.394
dea/5cd37f2137ae3	2.2832122621918765	8.999
deb/eb380d900b524	3.0089176094561543	5.849125
de8/7c86aaeaf1954	2.4400197771574113	3.96075
de9/715cd34794577	1.9160867348069601	5.749875
dea/3977a83fa2914	1.3783046907163596	1.4833125
deb/67cd97fc19a81	2.9251958409178727	5.810875
de8/cfd8bf5dc297a	1.1105188557869432	2.163625
de9/98ae0498e3459	2.6069059168556583	0.8329375
dea/8cba884fa2e2b	2.671644491569095	6.18225
deb/c334e0e8e1dab	2.9566085120255137	5.865
de8/9402120a0f0d9	2.9642174668267693	2.440375
de9/da8c13e9cca4e	2.317109543697727	2.988375
dea/546730c8045d9	3.4658099621641125	7.6986875
deb/74fa1d9572839	2.686989402203773	5.1629375
de8/3056d0bb42cb9	2.953263123191908	6.2621875
de9/4ed867728ae56	3.402093522349409	5.233375
dea/b4ac16ba22716	2.5180908374340047	5.78725
deb/0574f0748e1b2	3.107913549204136	7.7508125
de8/d5856f53d2f8e	3.182675740818076	1.454875
de9/0067c883efbdd	3.1966817045107967	6.040875
dea/10abf2204a671	2.7667725018619693	5.307125
deb/bd49a785e952e	2.6771115410976134	0.769375
de8/42f9f040d906a	1.7551988711648199	3.3665
de9/c7ec57d5180a7	3.2048166349317753	3.2233125
dea/0352dbf1da54e	2.19458806453331	2.28325
deb/da9442d684815	3.284463552047678	7.4309375
de8/5b1f248826254	3.128948143735538	5.791625
de9/96cd5452d19a9	3.2772420496371604	11.2400625
dea/10f7a3d4cac15	3.1420276666499194	14.633375
deb/b5807cb75e2ea	2.746679694029779	6.5356875
de8/cc7af7f123634	2.923821928554344	5.3231875
de9/1e3a3c520810d	2.2971458710206094	3.641
dea/8dbca69e5779c	2.5446176425276383	10.1424375
deb/8ff9e313aaffe	2.2208927438102317	7.2011875
de8/826ed6ae08ef0	1.0937572994183977	2.8326875
de9/82aa15d33b1cd	2.8653674702394576	5.06875
dea/73cd306709a16	1.7799964773772445	2.9640625
deb/fd1e9f5de4a97	2.7082769969231104	9.3776875
de8/16d6178e66ac3	3.105938235211422	14.3111875
de9/c9b7bf5dae0f6	1.9337737435074909	6.8520625
dea/79294422ee8e5	2.835390717900024	3.484
deb/ff8a11b5f6296	1.537827880346288	6.9845
de8/4ec1eff0db0b7	1.306231439937969	17.11225
de9/23679398e869b	1.4722056776069796	0.8655625
dea/b4094ee412fd5	2.564758399758744	12.9300625
deb/d0a47913a2c23	2.6893046715350013	11.4213125
de8/646c28bdaf549	2.5797775339050832	1.2784375
de9/5060d56c808c5	3.009181516651425	3.259
dea/6860833be3c80	3.4639075945222064	7.6183125
deb/4bb4f762b9780	2.4513597303727117	1.4088125
de8/2d6e15ee1ecf5	2.1486679521132763	1.489125
de9/be5136229cb2f	2.4210982743418006	3.569375
dea/49f0c2555611b	2.728164111438493	8.59225
deb/6d7a7726e8588	2.7329594832262543	6.498375
de8/ca9d2da5d461d	3.013351892059158	2.1623125
de9/7c5cc255777f0	2.308417059343584	3.2191875
dea/7d086576660df	3.447756020705204	14.7445
deb/fb7240497bc5c	2.324671245411194	5.3834375
de8/2f88dbe27ae62	3.353766633730469	5.181
de9/8e3d77d3de2e0	3.2655047184892765	2.67525
dea/7fa210d101197	2.3996920895640437	1.2775
deb/145d3a2d870d6	3.418507819668191	6.7374375
de8/424ef733d9628	2.8739361136956125	11.1448125
de9/d36c60652b4e1	2.242430108881253	2.8441875
dea/ab98f4490af44	2.9041164179931376	15.90275
deb/37951f0e142b2	2.499622653439393	5.5338125
de8/8984907af13a8	2.3099699015504638	9.5965625
de9/cd2b1dc884804	3.109211338055155	4.850375
dea/66979774468c6	3.2959388289615563	2.1370625
deb/1a905eb0e9d2f	3.249480468859443	6.548125
de8/fa5964ea955cd	2.19974021614679	1.636375
de9/67980f9592d8c	2.4694269884212723	0.7933125
dea/ec763acd3265b	3.0746301364387567	7.031125
deb/3c5f54c1d43bd	3.0484000310535975	6.4114375
de8/2ba2e62545cfb	2.848743678152572	15.7803125
de9/487ae17a017cf	2.409036546436639	1.05675
dea/dc9a0b8cd4312	2.5166995482494365	2.1638125
deb/dd8c32ecc6ac3	3.160266645511342	7.925
de8/9b02583ac6fd8	3.55827029380403	13.5001875
de9/2d4db5bb7aaf4	3.1154134736556633	7.282
dea/aa4f58c871016	3.167094507070101	2.7566875
deb/7d60c4f70532c	2.2575697035338655	4.5023125
de8/ddf46fd5c495b	1.081750148984194	1.105375
de9/2a3f2f6d14cfd	3.332787714730172	4.7595625
dea/05fa732b23031	2.7828096942355347	3.3435
deb/4288c36950bb4	2.9150161790768556	8.208375
de8/4a740e5228589	2.867645936756115	3.476375
de9/bac8c17f10c32	1.913246727297638	4.0684375
dea/5207146112d67	3.110748647262274	3.4303125
deb/e77703fa11ad8	3.0596252735375438	10.713625
de8/e536de013830a	2.4312764701498844	2.7355
de9/0a1a7087159b5	2.847039805763596	10.9544375
dea/3eea9dd976bc4	3.2596039783894772	5.73925
deb/7f888c9a76f51	2.395313351782184	3.962375
de8/b92a146410834	2.5175608272128507	1.0088125
de9/273c34a6c1a88	2.5796132670353944	6.2798125
dea/12726f1118ae3	3.306773306655856	14.458625
deb/550346c807a9c	2.6997885197149034	5.3815625
de8/501326719ad05	2.7227991765897896	9.4929375
de9/098f244174937	2.8205185819304344	3.5665625
dea/4b9a94821b272	1.2028196812623526	1.306125
deb/42077eaa8e8f2	3.4883974969844607	13.044375
de8/731265090c288	2.430917095267302	1.20125
de9/cc22038d36f6b	1.5940877160053635	0.9143125
dea/48888639f2c1e	2.9170843760693828	1.346875
deb/b4e3824031c6a	3.142349749078724	4.0645625
de8/59054080ddd3e	3.008755516493428	1.762125
de9/56982f6d455e8	3.3616379833594765	11.502625
dea/519ba1484a2e6	3.3984972879675532	12.13125
deb/a62a31bca0816	1.5787613086862136	1.256
de8/fc6fa8919f838	2.097823573526241	2.3835
de9/6ad6dd3fe07ab	3.201993192649472	8.8771875
dea/890d1b44edf41	3.1580405809779752	1.9820625
deb/2bc766ae3a914	2.5189544742724883	1.9276875
de8/1031d3565f28f	3.037889886097	7.75925
de9/f7cde58522212	3.3349195549129083	7.7644375
dea/5c8a775e83ac5	3.0223588775618437	3.9410625
deb/9b062c53fa674	1.7655302749287356	0.9494375
de8/2bae409d51c46	2.969509095018017	1.63475
de9/e6e6d38cf5acd	3.460264805519754	5.0950625
dea/71342d1d8d3d8	2.193030190898446	3.9125625
deb/f9bce91500da1	3.207361805827354	2.677875
de8/4db108088c4ff	2.876501052731348	4.0338125
de9/055c4bcaa2e8a	3.1326611121228165	6.36675
dea/9b6a6355aa79f	2.7144519153258733	2.9013125
deb/fa9e6994b0556	3.5437568413736833	15.367625
de8/9017d0a28e60c	3.2465924268326325	4.9893125
de9/b566903a3bb81	3.0198322870789664	23.6949375
dea/0e3fb88f329b3	2.4837265772799952	6.2475625
deb/4c08cbb94f53e	3.3687076749183182	5.528
de8/82f1d1681c04c	2.7587082415036823	3.4260625
de9/ecab6779987ec	3.3696509836469297	19.01975
dea/73c4264cb0389	2.9433190979483403	7.2764375
deb/a54349d9ff919	2.285653314407247	3.11875
de8/ae16e66c50f8e	3.0025231500408847	3.7495
de9/c309da6ff90b9	2.0997475223659934	2.642125
dea/8820a124e07ac	3.147435284635994	4.971375
deb/22486fddc34b4	2.603469532941262	2.0698125
de8/5dd94450b83e3	2.3989307639772695	1.98625
de9/925db3043f825	2.8552485336864346	11.9183125
dea/b69faa86bda43	1.8162417727575324	3.873625
deb/b72cc7d17ca5a	3.3563615684549877	7.6960625
de8/df01e9e003b33	3.0646781506768335	5.0658125
de9/8625fb7d7f9ec	2.3919737881486904	7.29725
dea/392139dd17097	2.0366935367348016	3.30025
deb/deb317f8fcde0	3.13906858462025	8.769375
de8/8198cdfead882	2.7312339977574953	6.093625
de9/add1ee576998d	2.6074144017221204	3.656
dea/46f527baf5ae7	2.4028070892240154	4.1625
deb/12a0e106dbb79	3.1676096691968003	9.8730625
de8/7ef2a512add1c	2.9219889014720533	5.3258125
de9/db7358ff26d58	3.125741826491648	7.176625
dea/fd500bdaf69f9	3.395801179006066	19.7055625
deb/d2fc37e0c2c33	2.841934217158909	5.5809375
de8/d07c1053c89af	3.374624708389197	3.84425
de9/0d6d8bdbb59a8	1.8611576508546408	3.3265
dea/9c217ecd6fd13	3.2782663149757463	11.4343125
deb/f0859a13dced2	2.3412036359553428	5.4198125
de8/74a5f04ef16d1	3.2274121129270443	8.0943125
de9/2dfa941c2f07f	2.8926578431289363	5.7640625
dea/a563f22e6b0e4	3.1785873127769912	9.9228125
deb/d45f7192cf0fe	2.390876080209531	6.1404375
de8/f65dc5b1b8a43	3.0024208231860983	5.3875625
de9/a8e6cd219b2d7	1.6386656491928062	1.7791875
dea/36ea18af3f121	3.085106382425315	11.218625
deb/ae571aafd80d8	2.3269716129115303	2.1136875
de8/be013f087b2f7	1.9971230462706917	2.091875
de9/32196818c1eba	2.852857585444765	5.1070625
dea/289c9ca299eb2	1.4843099704152372	1.8
deb/e62e3a9bc5d3b	1.9961417919372546	10.3905
de8/23ddf11796bf7	3.2344257402732937	4.573875
de9/d9cd6df01dbe1	1.9763151121012281	2.1074375
dea/41010531e6b3d	3.2274057476476146	1.8401875
deb/d64f883dbab0f	3.1096659663119124	8.26225
de8/b00eadfec9871	2.1211103522320522	1.9304375
de9/a7aec713190f4	3.04406753901454	5.151
dea/00524e5f9d6cc	2.229242189953954	2.7485625
deb/3ab1ff9337d72	3.3545835640272954	10.2885625
de8/ebcb08f016c8a	3.4665465159716624	4.7713125
de9/87f6d45b6bb62	3.132979972074778	8.1281875
dea/94f8bce0ea532	2.598692348119437	4.72225
deb/d7bf7b4e507eb	2.228401678019715	4.8795
de8/3a6d6bc82026a	1.1178605600824023	1.920125
de9/6d0b202070abb	2.91034281546464	5.5896875
dea/4d766497f59ce	2.8674099220717455	4.71625
deb/6e59a7b583abd	2.2511562350992906	3.845625
de8/5bbf6310489c3	3.3325197606101846	9.712
de9/0d1c889d25fd7	3.1133953902224585	8.1751875
dea/b97b7817d683b	3.119634221177279	17.7283125
deb/39e8ea3386fd4	3.0441526316117167	3.0730625
de8/f6c82fe75d21f	3.1716939892473115	6.4506875
de9/f19e37eeebb00	2.4793516904546102	2.6930625
dea/4924ada864616	3.0678868728491517	5.222
deb/b2a1e36f6769a	3.3802267993245945	6.297625
de8/1e389b683b0c7	3.234092604477778	1.82675
de9/e94cf5b91c21e	1.1074185081617687	4.61775
dea/bef36c204fb67	1.1297884618163165	4.49125
deb/df6a3024ba6c7	3.138158835356825	14.338625
de8/eeffe3e3e0068	2.5560035737836344	4.81725
de9/85850d0ad2fd0	2.6621903689379143	5.1510625
dea/f26c5ec522d2a	2.7268683741231703	5.5309375
deb/d8c6fe179644e	2.4673476006508674	7.9285
de8/68380baea54d4	2.6678974622255693	2.9423125
de9/c4866dbbf2d44	2.7440609190481853	7.345625
dea/7dd46fae21574	3.1245398364771892	2.7784375
deb/d9f0bfc8ac8ca	2.720660185329792	7.2388125
de8/c97ecf823834b	1.9889531252949653	3.7685
de9/8d2a69ba690cc	2.7729973782769184	8.7206875
dea/3b69e6532f96a	2.232788029821298	3.7275
deb/e097603b20a08	1.7266818704874207	1.3453125
de8/a48f59afb9d6f	2.246195780377664	7.343875
de9/7bd76b24d1a06	2.6716436245434005	1.0568125
dea/121a8bcb59a45	2.057720548586284	5.465375
deb/40c54ad7782e7	3.161974428188025	8.725625
de8/408d02b11da49	2.4194099066019255	2.068
de9/e66f0ea68dae3	3.2395513995187635	15.933375
dea/f56b85e042f05	2.7000859565306294	6.76825
deb/ece224bfdd671	2.991313945041212	6.5641875
de8/bd96f48d83691	2.5379592000941966	1.995
de9/1b73840922823	2.8478028361927104	8.3553125
dea/22a1538222041	2.4215736407435697	4.692125
deb/c5f5c9074be50	1.8665362065667317	3.922875
de8/fa278aaf70618	2.8465375465339045	2.1115
de9/4104bea923534	2.337599422235708	4.859125
dea/0b55bbcfb1c99	2.6472524479827206	7.708
deb/936884d0212f4	2.3598705253904164	1.1418125
de8/eb8ca4959169b	3.1297654790509584	6.38325
de9/95a2baec3e9f7	2.0744976376756115	0.91275
dea/940cec9607335	3.3144683562142783	5.018625
deb/3da02efd91a6d	3.195575890016932	5.8120625
de8/38ff7bb1cebd2	2.994618921538122	1.543
de9/2dacd66524d64	2.0568748413674776	2.828875
dea/bee89657e88d4	3.0901039047371497	4.4955
deb/627f964708c9b	3.3102911423398957	4.759125
de8/fc7401a8d523a	3.4467255672755215	3.6720625
de9/0f2d47c02d679	2.9770268534601563	6.6355625
dea/1ea8ab3edc95e	3.15177168081697	6.782
deb/25bce11ca3368	3.1643060635662694	10.233375
de8/3cf6c78ecedb5	2.3674991204883025	2.4990625
de9/e1179af7a3fb2	3.365714152889699	4.0425625
dea/c070e8061566c	2.437230882099827	1.5496875
deb/e6db7ad3c02f2	1.9410073496623357	4.54625
de8/9f9245893974a	3.1322029701369773	8.335125
de9/9c8b37ab00cce	2.6194080460287363	5.9910625
dea/056b30c5ccc18	2.809206368074632	4.1416875
deb/2eeae77784813	3.432993135443935	17.7605625
de8/5b5de49a3a964	3.2538937028564634	6.8296875
de9/2f6499cb25599	1.61673750155329	3.749875
dea/14dd25e1e1dca	3.000698087608342	2.954125
deb/c89a3f855f4d5	3.340741179125264	8.29675
de8/fe28e87b6d5b9	2.758435798818225	4.0571875
de9/84908cdd5db4a	2.5632745875171117	8.93775
dea/65c8652c628cf	2.9702930620606223	4.018625
deb/0175b81538070	2.9142378616900215	4.2009375
de8/243a944eb8afe	3.2435007807617384	5.3038125
de9/48e96b732c0f2	2.720646189326217	12.773875
dea/30baa451efe00	2.383722568159004	8.8315625
deb/719375c392715	3.3219500625666702	5.1904375
de8/114098db97406	1.900074558122099	10.4505625
de9/933b34e90bc14	3.0035645783665794	4.4418125
dea/48de5ff6678e5	3.0885372517828564	14.4879375
deb/c61ecb28be3ac	2.130743811271813	4.8135625
de8/41f9010bd4224	3.1441729177394433	7.61275
de9/d4b070ff41d3f	2.7225423796490724	1.85075
dea/44f7c7b064506	3.419336381171404	5.3019375
deb/7685f84b1132a	3.251207023479185	5.0284375
de8/c0fa2d47438d6	2.808993566394298	8.1899375
de9/7c0d185c72123	3.0572660193958416	5.1940625
dea/7dc4ef94a3bea	2.6815586191617147	1.82825
deb/a0c4786d5023b	2.6213828982668455	2.0063125
de8/140c7e1f2142f	2.4918652942478934	3.50525
de9/a7bada3139218	3.18306618474625	9.568125
dea/a82db8ff8c3e6	3.1847444199550896	5.463125
deb/85b515e9cfdae	3.0323651066104587	2.5891875
de8/45bb340cfa2e9	2.870159993940475	4.9395625
de9/a81ef529cd400	3.4742078675687216	15.70625
dea/6a9294f88da60	2.7390827012618213	6.102375
deb/1611083b1870c	3.3377612856783054	5.5883125
de8/0b4df690e5a72	1.1029577379171853	3.76825
de9/909eed6f04350	3.278556737909112	7.884125
dea/1c16d59626037	3.3852418160554665	9.4305
deb/4bdb5e9a9b55a	3.369843735708165	13.7400625
de8/4c3c40a29cb20	3.2363170084441024	11.0156875
de9/65004e4510756	1.5970413067725124	0.9126875
dea/a8102ba266a63	2.630467048202944	5.24975
deb/38b8373c1a65d	2.60725814370529	4.2871875
de8/a26e952897a71	2.767774169003542	2.2673125
de9/48d2e35ea6a78	3.0667592979313514	6.5184375
dea/4365eca3d9d4e	2.470588675209612	1.457375
deb/bf1889c32ee49	3.3038161839317968	8.937375
de8/819530c787a5a	3.0972223376970596	2.313125
de9/53e5dc8a9bf20	3.39409481494475	4.915875
dea/80477644c1a25	2.7008001636132044	8.8555625
deb/400e40890270a	3.4626092716274095	7.9940625
de8/2965205ed152e	1.1026374549736997	1.4555
de9/37fa79d4cd406	1.2638001850207152	1.44175
dea/8c8747120440a	3.3480314059105845	7.879375
deb/49ec068d0a9d4	3.4661785923978536	8.547125
de8/97d7d6a413601	3.1209405219196276	3.61775
de9/e1453226216d1	3.1369092358756197	4.1320625
dea/6615cade728d6	2.196215434268687	2.8291875
deb/b93d677c77769	2.733024923125135	2.312
de8/f4a97f7adc13b	2.63051561692707	4.9060625
de9/099a3d8f5bbb7	2.4484946369119824	7.8408125
dea/cfd176a2f1408	2.8566280901551973	4.231625
deb/f94433a69d538	2.6488281617441225	3.244
de8/487ceced5051e	3.264971215615087	4.62
de9/a7d1ae64f50cd	1.24535854269124	7.1300625
dea/9f9a1c3e4c792	2.9949646540553774	11.799
deb/4dd1efb4b447e	3.100450518597079	3.771125
de8/a9c7c1daa16c5	3.0041099792803054	4.992625
de9/db3eca97eba7a	2.981030371627951	12.3579375
dea/79383d8dcbd99	3.1140830572855447	1.46725
deb/8f8b2cb46dadb	2.1547610152286216	7.210125
de8/d3ab09e501e38	3.102562400358938	7.7135
de9/2f82a1d3bd904	3.3447697023724623	2.6715
dea/2b5903dcfb262	2.0062874272320923	5.9763125
deb/5f5546e4c029c	3.138555037020842	10.7556875
de8/55ee1b69a5707	3.1267996948547276	2.0611875
de9/f5048e2e0123c	2.434437935949201	5.7671875
dea/a0e23b48e8c2d	3.052554494628235	2.9146875
deb/1224d362e507c	2.020635786141747	0.6240625
de8/4a609144a863e	2.249547143237502	1.2151875
de9/ff243b5fbe7e8	2.1642828648460495	1.4568125
dea/c0e4e2b95c668	2.384390472788511	6.1786875
deb/672f37b0af67d	3.337522720599277	5.6490625
de8/9066e9885c226	3.1699091070243552	4.4754375
de9/c1391d802da94	2.638380755588178	1.2643125
dea/77f357adaf307	2.613864634501753	4.0593125
deb/4836b95ce5d32	1.3373185781196626	1.44175
de8/1afb3abb8501f	3.2700178133771836	6.63075
de9/cacf2bdff4e24	2.149330476792101	5.577375
dea/b5653c3b48994	3.0177991556846804	2.946
deb/9e933bf12ebaa	2.196009262643058	8.1443125
de8/77ce58015326c	1.7333108947478013	1.163125
de9/b553ca4550d77	3.017201196420271	4.107875
dea/1666f74b46ff5	2.7465213991527135	7.4726875
deb/ea5ba6edfb0a1	2.802123675896508	4.174375
de8/31aced5229fae	2.7522784462872107	3.126875
de9/1b3fd6c51315a	2.8853712599464623	3.7511875
dea/afd5d180272c0	2.372405048861504	7.2400625
deb/4ae1e801946b4	2.6558053767682765	9.75325
de8/42a50055347a3	2.4897616963180886	3.2305625
de9/39b9e8c7713cb	3.1861755274224497	7.6209375
dea/d8690cfcfccaf	2.8128238673299633	8.9421875
deb/2df01c847b2dd	3.146141671671501	8.9440625
de8/bba527d6dcfb5	1.5935608889671107	6.9125
de9/bfc4faa579e23	2.539311110233762	1.766375
dea/a5c7f9cd1f4b5	2.2344207986600564	4.7089375
deb/7e4e0f39868ba	2.7268676624250587	6.7355
de8/e845ad41a6f8a	2.629108885663399	1.75525
de9/cb223bc40eeee	2.3100418050261204	3.759375
dea/a78c631fa7099	2.646455743134676	2.089125
deb/da7b9a9c5c2e6	3.3178930901451564	9.39025
de8/306a324f785c9	3.2686066088167465	4.3334375
de9/6a5465a14ad6e	2.3809586987363645	2.3405
dea/4cf9ff09fa263	2.875627524171822	5.0205625
deb/46506a8ec8685	1.9748158780518763	4.393625
de8/2fb4022ecfb89	2.2434882304593198	7.9425625
de9/f5df14e3e651f	2.8565637034139724	4.4444375
dea/2564901cf8f8a	3.2931240137968323	4.3895
deb/582ade9b7e57b	3.464816347369688	11.439
de8/200e622d19df9	2.3836580757885395	8.073
de9/7ca5e780173c9	3.3622577762529295	12.5895
dea/63058ea1dbb9b	2.3730698341668495	2.235375
deb/fba2fd0418b67	3.219786761321535	5.89375
de8/4727f26df1c44	2.739945168150669	7.681625
de9/44a794c8149b3	2.8045170557922	3.80775
dea/998c562ed5df1	2.6223926329343175	6.2565625
deb/1d69aa2bd4da9	2.079942744476125	0.81625
de8/082fa508a681e	3.306581718244161	29.950875
de9/49d992b1440d9	2.6108523682528375	3.565
dea/239a3f6fe7ef5	3.3687746144710533	10.451125
deb/727970ac20eaf	3.3371824057133175	5.0634375
de8/79f4327141230	3.2774406952434005	7.50275
de9/862aed3925207	2.965451579909218	5.9318125
dea/5387205ca70d1	3.3286450170258233	6.62075
deb/b7e4dda0ca004	3.404585232475128	7.664125
de8/1b39cebd60fa4	3.240336875826879	7.32325
de9/acdf0fd8e5992	3.021654554636915	13.1285
dea/d7008d04c33b0	3.3824128627610963	11.148625
deb/054b6296d6ffb	3.0294551740863196	3.84975
de8/fa7c27fca210c	2.5909681024657205	8.87175
de9/e4acc66ff77e3	2.2621439520007653	3.4638125
dea/7bb1b8f6e9c3d	3.5016772338029236	4.4369375
deb/f06ebf463ead4	3.0021175177066275	4.26825
de8/7748d262c2308	2.705262367800727	4.047625
de9/b7f22e8c1565e	2.560784782137781	4.1054375
dea/2f64ae11d0eb4	3.1636837758136975	4.7311875
deb/a134038316f1d	3.1010026126709427	5.140125
de8/dffb9b32815b8	2.2536181381353977	3.991125
de9/5ed9d823c4227	2.601722264841958	4.3634375
dea/f21a1bd07d4a4	2.4842430830168363	4.1776875
deb/eb023b51d08a5	2.5470348483454326	1.25125
de8/50bcec530396b	3.2260066248932135	5.324125
de9/908cbb8e7daed	3.187711113107162	6.884
dea/aa454826f9177	3.422550141721165	2.85325
deb/21adaeab8d8d5	3.1138122437470295	3.7671875
de8/457de5f55661b	2.608792502740255	3.43225
de9/d300398153ab6	3.231995663216064	9.3605625
dea/8b9f243e28e4b	3.124727106367307	5.04325
deb/076a7e03c6f92	2.898063074327465	3.0300625
de8/66355d0edec79	2.5650832478370535	4.5863125
de9/7cd199451ac1f	1.3495907559143683	1.682
dea/f5843b724cbf3	3.367192255570566	16.2645
deb/0ee2b14bd7086	3.1841808720322295	2.2039375
de8/5031484472c48	3.4437549445487523	6.7263125
de9/ec255bce2a545	2.4795365264934075	7.2271875
dea/babad1bce5f95	3.1468895624894335	4.334375
deb/59ef2617a8ce5	3.405134972000283	8.59625
de8/f85a98c97f84b	3.087647361876496	3.9490625
de9/8db8149f88b44	1.5660957540034233	3.7505625
dea/054cec6990874	3.1905705568673732	2.549125
deb/869122d46bfc4	3.073744082259872	4.492125
de8/a5ae113276571	3.2811180031836478	7.19775
de9/83392a8f39ce4	2.8173598110100007	4.37925
dea/fafec4373d628	3.1443553077653466	5.524875
deb/13e365b38073f	3.264132489053734	1.8776875
de8/1159de27c6ca4	2.7018663910945313	1.907375
de9/f5d034c5f98a5	3.4515241630051516	17.1251875
dea/f9c9d5bf91928	3.4578443553790983	15.0200625
deb/87cc79fa36c1f	2.81337639912228	5.52625
de8/5b7e66d51433f	2.3608385984973594	1.877625
de9/d1a4ff6ba3aff	2.9451431305371907	1.845875
dea/a5d2868fde0ac	3.3040675755363953	5.5278125
deb/5a2daa01f3c44	2.611611658933073	7.742875
de8/e38164c04f99b	2.5477094499290422	1.55775
de9/6e7946e03906a	2.4215138075108946	4.347875
dea/d99ac5a5b3813	3.1445242144376997	5.0120625
deb/a61714ac98767	1.0995071841816875	2.9341875
de8/dec626c555055	2.917774544059065	1.8139375
de9/6c6e5531d8409	2.8135487019830907	5.2926875
dea/ebefe48a9d906	2.9521390430719854	3.146875
deb/4e3598634c697	1.828202653448099	1.586125
de8/fd67e2eaabe65	3.1290601441700443	11.517375
de9/8c247f31f8b96	2.5494846325283618	1.855
dea/e1a05f62c2c81	3.14658547477544	11.8138125
deb/8f7504494c307	2.619290164248713	3.9130625
de8/227fa9c56dec5	2.4632596406517657	2.7983125
de9/7b808544b4745	3.422137716066393	17.026125
dea/93c8dc4e24bfb	2.4784405883385117	6.028625
deb/65780fcfc9b56	3.080925873095476	3.279375
de8/46a80f9e89594	2.1527156086588275	1.19075
de9/8f1ab8686d940	2.7291872462252313	10.1705
dea/beaed9e7935bf	2.6532994921265116	2.91925
deb/d6baffae2fda6	2.268288010670432	2.3018125
de8/501006be014f2	2.916252928857925	4.37025
de9/bdbeaa6817cde	3.3515594075851483	9.778625
dea/e2daf1f8e9ff7	3.2731829636197642	7.8335625
deb/b1c47201d803a	3.4555555262948405	5.42325
de8/8bf07e5c9f7b2	1.9960234344440975	3.0650625
de9/cb5c65b29c80c	2.40551928510027	2.4994375
dea/b43dee5d299bf	2.9266654699436794	10.0481875
deb/a5de4fcf54fac	3.0441224130280142	1.7411875
de8/e2863c812b280	2.709606292736781	22.931
de9/d0073fe1b8f96	3.177821729805662	5.61575
dea/4061d663b08ce	2.7539316026453133	1.3049375
deb/6a31d3f1b9e1d	3.3014443794752175	4.64575
de8/e5b31880be105	3.415563724951324	7.0756875
de9/4925bc6285338	2.125501631949027	3.6064375
dea/762035b2e829e	2.6312783453425905	5.54675
deb/8c8cccac3cb01	3.153203913306807	6.036125
de8/a34adf82ca179	2.696537000496691	21.240125
de9/0559fef1c122a	3.1283191760249838	2.92175
dea/e432ea1dca0d1	2.7740795178754674	6.244375
deb/67086be8a931e	1.7864766311652849	2.57375
de8/989910e146eab	3.3562508034031957	6.5015
de9/3d517e46578ec	2.441522486838217	13.0824375
dea/2f0cdc9fdcc7d	3.3840314268357066	6.6016875
deb/622136a10e0c9	2.1939929084445913	1.4895625
de8/7aef9bd10dc48	2.7708885680992346	2.4673125
de9/8ab79a7f14392	1.1021136726644893	2.1909375
dea/f277c05b527a7	3.2257893059343523	10.5850625
deb/f775df5616c4e	3.1256206835101725	6.7691875
de8/df8d691b723c4	2.580822586143154	5.1896875
de9/b8d7f662fc346	2.7746063335416387	4.21775
dea/d6ec0aaebc20a	3.123149593743512	5.16675
deb/ce80e1962e382	1.569213219121456	1.1050625
de8/ebc7d4d0c03d1	3.182751688352019	3.713
de9/4ae93db91aaf5	3.005855052096526	9.6446875
dea/594536bf0bf93	3.2290841783054702	3.7035
deb/36d1d78600384	1.1278093618118623	1.4446875
de8/eca8fee2cd303	3.3265448242054174	10.744375
de9/aaa655bbc85c8	3.4549066565789346	18.105875
dea/c62eff7f4cc85	2.7250586810859616	7.943625
deb/6e1100069fbcc	3.263472461434227	8.7025
de8/735faeec5259b	3.30136119178158	19.567625
de9/fe5b54806d08d	1.2666774780246197	2.1144375
dea/94999cedd1841	2.5476700397944314	1.6870625
deb/f40c4eb3ff04d	3.2472505916653724	9.7148125
de8/c49f2c7bafea8	3.142049110964514	4.00425
de9/597c364fd9843	2.4239587880711833	3.556
dea/fd61516f49847	1.8923153482914192	1.873875
deb/09dde4f3aa349	3.2459372943703952	3.6048125
de8/f34255cf23979	3.0322748038957705	6.1239375
de9/7dea1c282fc2a	3.098244698276166	5.1254375
dea/78c122c2558a5	2.9394699391140593	6.944
deb/0b1f21f1a749a	1.716281584803467	2.0043125
de8/3329127d7253c	3.046536846858495	2.05425
de9/5eb9f348858d1	2.76498438548871	9.9914375
dea/f0ca4f7f75e2b	3.360340852375549	8.658125
deb/8dbf646352ee0	3.125648576005821	5.9993125
de8/4bc2322dcbdcf	1.8721962952064675	2.9415
de9/94f00d9f29fba	2.4819132520750284	4.3485
dea/caa4818f70576	3.0593606222276724	2.86625
deb/f4a1039845d04	3.3566597955280457	6.8825625
de8/7dd1ce8799a33	2.9977607497321412	4.3998125
de9/f6eb450a804c3	3.347745770763623	9.6134375
dea/ad08e0d051f8d	3.231450855951277	10.608125
deb/ad3f8a56b7fa4	1.8667711209088391	2.5093125
de8/a13c0f3af163d	2.7865430989213755	5.3070625
de9/57e89ecec201d	1.9317833803906372	11.0434375
dea/e81e2dfdddbb2	2.16360479891915	1.7664375
deb/4098521af8171	3.0288193873958718	3.9605625
de8/7c79de74ceca1	2.104057909150256	4.3469375
de9/456b623a66244	2.674566786344921	2.9305625
dea/27ce10d6591da	2.478515669053444	3.6311875
deb/a68729672791e	2.183016284561467	1.4203125
de8/9b82cc83a94c8	2.56313356191194	4.0331875
de9/e13ee21a56561	2.9645619671481755	5.8879375
dea/47235c7ad6a82	3.056309635196517	2.02125
deb/aa801b360bf0f	3.2831523391967012	4.709
de8/ba203ab49056b	3.2046883877240546	12.795875
de9/81a575df668de	3.0439817297000555	3.864125
dea/70a1aa3639687	2.503984800802033	7.980375
deb/06532e913e8ff	2.511643754504351	2.381375
de8/96205355c9c36	3.1832533097808176	8.8421875
de9/f0e44ca20b854	3.195022227683664	7.2590625
dea/66ebd1ba7dbe9	1.6789003773161761	0.720125
deb/bfcc3ce947e59	3.349175353810016	9.2903125
de8/6aa1e1f3eca11	2.887790449655793	11.203625
de9/fa65d75cdd88a	2.7570552768344605	12.90125
dea/c5bb9aea32f88	3.3231399518698517	3.1485625
deb/47d9bb7e5845e	2.4128972117402574	3.412875
de8/52dfa067cba49	2.9304491036034848	11.413875
de9/dea57fe8a67cc	3.268098073047868	6.6076875
dea/d1146467d7f8f	3.057001392214079	2.728125
deb/3def3b66d7db6	2.668805412751969	4.3834375
de8/8144a063198a2	2.8217654975800475	6.8234375
de9/b448291d63405	2.844616947211371	3.82775
dea/7c4b7164b2d8e	2.785621359564746	14.6959375
deb/4a63963d58d5f	2.935399558545892	4.3261875
de8/12a43c8e40fe6	2.174194447458788	1.65925
de9/1f9ad34ea1f45	2.7130042256529903	2.6448125
dea/90e37837f1069	2.513046618563504	1.1105
deb/65b028c70e091	3.135316072894072	3.0040625
de8/882cd72f146ca	2.7526492830521727	5.1954375
de9/97850c36d5a0b	3.1118920020272562	3.7925625
dea/7d72d0ba8d933	3.211396182608202	7.3120625
deb/cee9a5982700c	2.9820823991296783	2.11525
de8/21f02af840bf1	2.593030418425324	4.3685625
de9/f1b7bccc00098	2.8822488014229153	4.437
dea/4b441082f576e	2.7493319725219494	3.024875
deb/807cb2d240854	2.150835564890922	1.9833125
de8/8f877f314b232	2.6665830450432613	2.544375
de9/d9ddd7f815afc	2.602772107215372	3.025125
dea/50f3ec70449fe	2.6520157871961034	4.2683125
deb/b183703d88a96	2.390939468274923	1.777875
de8/9042b1e4bef1d	1.97531929480712	1.0088125
de9/ddef2263f46e1	2.5000809983763306	1.25575
dea/b66c1eb4cafc3	3.5412694827907094	12.4440625
deb/829522f7767b8	1.7651521447867	1.85525
de8/93fa76f731e57	1.0597388600153475	1.3709375
de9/35b90c1b8e6ec	2.815522900993782	1.4409375
dea/5be11b656fe5d	3.0038222626706697	3.6555625
deb/a8f5def28de36	1.3409345279205274	1.9619375
de8/7207517ee01ad	3.191918985076659	2.0951875
de9/8256e4e0e8ac8	3.1794933370770164	15.486375
dea/98c37c37c0fda	3.430162259285778	4.795875
deb/3033f607c07bb	3.2050294518424276	10.6045
de8/3788b64a02126	3.112425348515607	3.9890625
de9/568ef8689242a	3.298128079154709	15.8088125
dea/5a93bf3710cc4	3.533343237242006	17.937875
deb/fb688abd50de1	3.1011386275964385	4.172
de8/30626a8382657	3.456051580822812	2.2623125
de9/b68c059dd25e6	3.2225086256917757	13.1471875
dea/6d7462c9b22df	3.419959371176622	17.903
deb/dd7b2c3aea567	2.0094339773903385	4.0088125
de8/4734662c3c8e9	2.6497324390550245	6.9255625
de9/65ae64d66e3a5	3.3908868610422074	1.418125
dea/dc55b7d67c885	2.7266611826686833	5.1945
deb/6db6a960b87ca	3.13658853514946	13.5618125
de8/8d4003f1cf665	2.946479930899664	9.39875
de9/1367d085ac7a5	3.134152169309497	4.264875
dea/d23c02f5c9bb7	2.87848835611943	13.0796875
deb/578f41b500bb3	3.015712487320417	2.1405625
de8/acbc0457bee0f	2.3332753196966594	2.5465625
de9/ac492de167996	2.721130158409742	9.784875
dea/abee054ae3118	2.873882014093187	5.4215625
deb/40e48e6c3b6d5	2.818935828894318	3.4815625
de8/5f4194d47c118	2.7112099178898044	6.5020625
de9/0e8fbe70d16ee	3.4575371828715418	12.2161875
dea/b3c8ebec1f469	1.1049419297004666	2.675
deb/8f73693f742a5	2.631757332147925	12.474375
de8/a73489bd63579	2.9400693721878346	2.093375
de9/f0690bb8292a3	2.0618825388726436	0.880375
dea/55b75954276e8	2.866873836294032	2.473125
deb/50f7c6f949005	2.145422392986086	4.87425
de8/886c9d3950ba1	3.3059963531273087	10.7605625
de9/b6033f4809cf1	3.380610634230306	10.7538125
dea/3f896903f737e	2.224769085652587	5.31025
deb/079bb5ec94e1d	2.311809703578666	4.469375
de8/e4926908c54ba	3.353669087017325	6.6208125
de9/37d9e591e0517	2.4513643170218553	1.951875
dea/18cd39330ffe1	2.3744007869209374	7.152625
deb/8e251229f651d	3.1372375338379577	22.7129375
de8/c89a5f14895f3	2.491157394747328	1.056875
de9/8539f63832922	1.7763043632363575	7.2101875
dea/65ce6b5711b04	2.0707040900453837	2.4304375
deb/4ba7ea78cd45f	3.1582032519225716	3.94425
de8/ccebbced8f726	2.6171715255624646	5.7806875
de9/b7a4074a11d50	2.693479394049326	4.0453125
dea/ff22b557d0d6d	3.4601263832070766	5.3633125
deb/48c1eae6ce7ce	3.025508126337803	6.6538125
de8/e582981a645ff	3.1515590225658348	8.19225
de9/7c4418ea320fc	2.9283923461678496	5.153375
dea/d5b930f88f117	3.0784808243668786	6.684875
deb/3226c5d4f8419	3.0405889760594853	3.8096875
de8/2725584b63b64	2.8710523766313507	1.941125
de9/e3498c8444c21	3.2530463102239517	9.00925
dea/d20f16a9f3de9	3.343909851089053	6.896
deb/ae9a16567d0df	3.338389431411569	7.753875
de8/877001cf67213	3.3432696263602195	7.7219375
de9/f08eb5946011d	2.6947045772833453	6.843875
dea/439ffda68205a	2.9820542626581883	5.9876875
deb/2811a9d7c81db	2.7633247578195252	2.8209375
de8/bc3c16515691e	3.2390532499610876	9.1313125
de9/71eab502328a5	2.7816229002565747	12.474125
dea/a0ea24b769b3a	3.113884310577011	2.94125
deb/c40cdce6809c8	3.3023718248059826	5.3161875
de8/07cd95203a5f6	2.215518287199269	1.8288125
de9/7da5a90c36b46	2.7817964380350744	1.83575
dea/37dc84b2d5064	3.2193230663728163	3.077125
deb/944cb660754ff	2.941121100995846	12.66975
de8/0ac4bd6b568b6	3.4446707048507546	4.7636875
de9/56c6eb74dd842	2.6484049052340977	3.5545625
dea/95acca82ed7ad	1.0768921473465758	1.97975
deb/0ba71460bb2d9	3.0737945340012267	2.7980625
de8/62169df6b536b	3.115208825729074	2.2386875
de9/1f02e5a99a61b	3.38297087806574	9.360125
dea/88444cb4e15c0	2.8548185924892913	3.07725
deb/79d150cc0779d	2.117295039329821	6.960625
de8/864a74ba31555	1.1364258638433093	1.4525
de9/e2955b9d668a2	3.4180438939764075	5.6831875
dea/a77cc24d5c661	3.3100350180497404	22.0088125
deb/5250d1cf437ab	3.0303705493393833	10.067125
de8/9c8c0d732663b	2.450558184521253	2.659875
de9/0f9b2472e8a87	2.079924251584821	5.080375
dea/437d27a05ff6b	3.0609074538288255	7.714
deb/b4bfd34d45387	2.5425785751950554	1.778625
de8/e260552faa1bb	3.069601983062441	13.735625
de9/f9dce0fe6b2d4	3.1748304787850627	9.0085625
dea/58bda9f8963b4	3.247436181876888	8.12525
deb/0742caa8217b1	1.9911815264576087	1.7661875
de8/d71e2f37cbc7d	2.6086250859384377	4.59775
de9/f24880b3d568d	2.397678908721977	1.9328125
dea/6260b4a0312ca	2.10495677125696	1.273125
deb/cedc030a56ce9	3.1689620118710504	3.3883125
de8/6fc430716bc64	2.6795289719796873	3.738125
de9/032af0e2e0ccc	3.170523053863377	11.0103125
dea/83386923851df	3.108397001274185	3.84875
deb/3b32dd2b6fa6c	3.23024246301409	10.3843125
de8/7fbc85c81c436	2.6920307861566815	2.691
de9/43cc0966a4361	2.9694182177498294	7.746875
dea/3e7f249ac545b	3.2838921600005544	5.21325
deb/e0b1254036864	3.1862879037010683	8.4328125
de8/74dc916b5722d	3.2641005952230984	2.8856875
de9/2b368a25c48ea	1.1026002227671126	1.8275625
dea/eac9366ec027f	2.684975120032759	1.9008125
deb/ff908047fdaec	2.8379953560290314	3.2528125
de8/c6ccda7f72149	1.0554610689326227	2.059
de9/d340dd82152d6	3.0799655754895916	6.621
dea/2232bb1787bef	2.4472655200324227	0.8165
deb/c76863a077b5a	1.0567557744436147	4.8258125
de8/5a5ad39f88b9a	3.2985139929315523	6.8743125
de9/ab55772ec8c7f	2.911464956268936	3.3403125
dea/1a7b93c6fc582	3.2341666107026183	6.521875
deb/0aef8666d5e56	2.6283288300596785	10.733375
de8/203a4ac96d8d3	3.3948343597602535	12.002875
de9/3d85c4aec2259	3.3129660761808775	2.0184375
dea/d58e2ace26cc0	3.0833720986455	16.5205
deb/ed4b8d0891b6d	2.4529717065556307	11.0299375
de8/41075bd7aac02	3.334163267722637	2.71525
de9/5a61f8cd6dd7d	3.1129501257531134	2.9373125
dea/b3c873639a2cb	3.4880323216399165	8.894375
deb/fc14930130b3e	2.5450773796224704	3.935
de8/bb50db813c73a	3.0596620876125082	9.4831875
de9/25bc662f3c1af	2.5634472878977026	11.517
dea/ceb676fc5185b	2.2872109255614514	3.213625
deb/a434b23c45dd6	2.504724147232627	2.698
de8/0f3bb33d09de5	3.1308326936928323	3.7964375
de9/0bcf2c91ae38c	2.0797927848724926	4.6146875
dea/ec335d344fa79	1.261990399796042	3.0085
deb/7884cd4f8ea89	2.1208175248321623	1.6998125
de8/7cb4a6aa4fea3	2.552754949959153	3.60725
de9/ff10c769455c4	2.7365002746298037	4.0633125
dea/6624a882c4c72	3.1259529822620897	3.6261875
deb/f1376c417ffbb	2.3650587214825016	4.4835625
de8/ac5d65f9937cc	2.1124624620779864	4.069625
de9/e4b0acdc34578	2.3030608494705995	3.3128125
dea/394db997ae033	2.092463392634429	4.7395625
deb/c808a3d63c290	3.4159823848708095	15.1529375
de8/d5aada9a180ca	3.223852560109956	4.62175
de9/095fae0c0deb0	3.376291840615655	10.2506875
dea/1ba1e2ce72cbb	2.5942285792165767	3.0434375
deb/4fb00746335de	2.9632326634546904	10.9431875
de8/f33e78c9a2064	3.056555506412951	2.637375
de9/03e287d1a8ae1	3.3216226806420868	4.91
dea/7d41f1896b147	2.4103364706474633	2.56175
deb/eae059430ae0d	2.9607729695270133	3.2085
de8/fa8396311faa7	3.0095448158508304	2.836
de9/4a7625302c124	3.0911716858242877	7.40425
dea/cf4114f6a8401	2.92780608525866	4.9796875
deb/d1a890aa53169	3.3091597833881417	6.4401875
de8/95791ac8b64fe	2.7760429739006818	2.38125
de9/cdf169d0a70f9	2.5879000891289246	6.4765625
dea/3c9b53d739e28	3.3285425123545247	6.7701875
deb/1a7d8baee3e8a	2.601702267000062	3.955875
de8/9b5c523ad2c47	3.518759309517816	4.8141875
de9/41d7f6a279f9f	3.4330828688326913	9.7220625
dea/4d91d86615f83	2.646237768452405	6.988875
deb/025e672e68103	3.302157084017427	4.49725
de8/ca2239c658324	2.2497829344273614	0.8165
de9/5d39bfcfbe3e6	2.5180943280532597	1.44225
dea/72b052649afc0	3.3106883682719004	4.7968125
deb/9d9aaf89e645e	2.295409362261359	2.73575
de8/2711af8983702	3.2707422294960318	4.6985625
de9/20c1bceb7bac8	3.457366996925611	10.3689375
dea/5aac1eccf9197	2.611608007507452	1.6588125
deb/0f413f42eae8c	3.045922162909131	9.1148125
de8/edf20032a8b60	3.142202655268386	3.172125
de9/6753b3c1b34ba	3.4413734640550824	9.4539375
dea/4ec0ca2fc2aca	3.077528029032666	5.9896875
deb/bfbdac3ad6b8e	2.102239574243355	2.9013125
de8/2809cf4c117de	2.8456993627472764	10.83325
de9/34c061d6d4462	2.1449334599183247	1.297125
dea/1eea44c1ac8b2	2.512976139102207	6.724875
deb/4cc680da3c73a	2.917824713104444	8.8653125
de8/9edda4e5c7dbe	3.3886663850948398	8.320125
de9/1f20e27acdb2e	2.982756334458258	3.7393125
dea/90b3cbd4f5838	3.350354387040839	10.9679375
deb/a9a03f453d13e	2.0881734997109778	1.4325
de8/f0fb2c6d56b56	2.039870729203468	4.08625
de9/175903d908c3f	2.706615075863438	6.6924375
dea/a42a4e74d7021	2.4374138724624785	2.928
deb/a9d10e0cc7a13	3.420075268558283	5.7990625
de8/dfa8c889e8354	1.60258689419408	4.903
de9/13114b65fe59c	2.8873948294410137	1.3009375
dea/6369b0df0c11c	3.3399267095807104	5.7283125
deb/57cfac0072cb8	1.8667913338928748	3.6384375
de8/dd998bb7fa6b3	3.3815782039309297	6.606
de9/0bee6ffb343be	3.4020097995263465	3.2245
dea/2d92881b5566a	3.2948682322219405	5.953125
deb/790886394f5b4	2.660043093848867	8.0525
de8/1d44b81472104	2.69013620674083	6.177625
de9/0d142a6edb8ef	2.5171116653381285	1.932875
dea/88e1fe99b9fc0	2.780750089260633	15.8276875
deb/19e3c452163e1	2.626343258807115	2.3540625
de8/eb5083de751ef	2.6776444417080327	2.1269375
de9/2970ac1b29f9f	3.4971822266036643	6.6724375
dea/c9bc271d0acfe	2.442777717793496	4.2978125
deb/3450735971cd9	3.249692881648595	10.6266875
de8/9b4347954fd6f	3.248751769363715	13.8621875
de9/ceac91d960aa3	3.281096053888374	7.0168125
dea/48ae6546fe58e	3.056424832696953	5.5106875
deb/5d55cc0722d3b	1.6167253667415313	3.9116875
de8/ef8df33916ec0	1.5937472609837051	0.9875625
de9/e64e24f8cfb17	1.9854674769794947	8.037
dea/7c8114eeaf074	3.319150631176893	5.7238125
deb/c211f1408ca13	3.323513079480912	8.2498125
de8/578d45f93f023	2.860480901957355	5.5994375
de9/392869ace4035	2.0872855284037284	3.12125
dea/92851cd7bf9cd	3.0090181058129715	4.8361875
deb/e1f266301bf07	2.788333375901363	2.51725
de8/9e19a1b8ef693	3.112830961526411	3.353875
de9/eace9735372f3	2.860770644033118	4.1535
dea/7b166d71922d9	2.1361340715168735	1.63475
deb/cdb1798d8274d	3.0126675245485695	2.578125
de8/1e493b20a7bf7	3.325686412273494	2.614875
de9/0a4f8d8dfcff8	3.2381765643459866	13.979125
dea/a1f555e8bdeeb	3.080039683299699	4.06825
deb/950a62fdb5c32	3.133415743972678	6.13725
de8/5f2fb819ab228	2.9963975490916734	1.3939375
de9/fb98a9ff71c92	2.8206824901202667	1.0001875
dea/0b356e832d9bb	2.9279297396010175	17.5745
deb/45fde3755d2ea	2.6391429105183213	5.43475
de8/3c0862ae61256	2.5087414084954776	0.7516875
de9/2f7dc092d30f8	2.7520374213746144	11.1145625
dea/2b68c0e527c96	2.6327466788527905	6.7926875
deb/b92793092b3f7	2.4836659891040695	3.9609375
de8/6879b56ac58c9	3.3545611449835806	13.2644375
de9/a51d6ed8a39c6	1.6498796012003067	0.9664375
dea/c8ddc5b5b75cf	3.070758008662518	7.4049375
deb/2ebeb0a5bdf07	3.004875324943037	2.3885
de8/11e6e63af2e29	3.1966915528686464	7.3835625
de9/0dfae048e44a8	3.234099286973306	6.0936875
dea/47285ddf7b71d	3.1885854957741073	15.0015625
deb/df3a00631af73	1.8565938927365473	1.683875
de8/35f217d4c4fac	1.9997383159423325	1.9723125
de9/01748121d8f8d	1.3326079375776363	1.58525
dea/9828ba029e4a3	3.4359341792751894	14.2156875
deb/8050b029c59ef	3.3231197708795386	11.584875
de8/5c52d67cbbe05	3.318269988512353	8.4345
de9/7b5438f42d4d5	3.4476102806800886	9.3104375
dea/7bafb3dc70567	3.056536167633879	16.70575
deb/fdbb55cceb29d	3.262151444610384	3.5295
de8/5b2a0436dd8f6	1.124272365529998	4.3455
de9/835cd1519daa0	2.8605467595928373	6.4619375
dea/b547af6973dcd	2.1841691321170535	1.0568125
deb/42010b80958ea	3.363468705229996	21.174625
de8/75e34dd934821	2.230062357211828	3.9874375
de9/1882ec12d43c0	2.8087806222665517	2.43725
dea/aaf2cae48f4a2	2.6096881835668144	5.83925
deb/ffcd90c7de91f	2.786460673409103	1.4470625
de8/0b91ccaead0d7	3.2574989248872326	2.6448125
de9/6794a0c68a34d	2.2104135878741222	10.1386875
dea/52c8e9b13732b	1.9703211023037044	2.5871875
deb/d6757e38b9189	3.1630618696681396	4.26575
de8/e04907234379f	2.341273882669952	1.44175
de9/20793b6bdb299	3.4255413881067645	10.939625
dea/81c13e4d89cbe	2.3305214401927734	1.970125
deb/48e604cbe2cc8	2.0281664531655803	5.0875625
de8/9246eb0629756	3.362575763422725	6.484625
de9/ad4faa86e92b9	3.4248504456221247	7.497875
dea/4c9dee87b2fb4	2.7522439439018513	6.981625
deb/5eb3eaaa6e8bd	3.1242628663683707	5.140625
de8/1a99c83cad11a	2.7008592571676133	7.5971875
de9/655a6d8b8eee5	2.994700880260085	5.2485
dea/4a4ad6415757e	2.90068074447857	3.5965625
deb/2bdbd381c8ef9	3.3647007715911212	8.4854375
de8/17dad8b09fde5	3.257101901587013	19.138875
de9/93465f47c83c8	3.0811335827184294	4.315
dea/1096cd26e7116	2.330585694505547	2.499
deb/d4ab5bc460e58	2.9075425433683386	4.266
de8/334a65dc84e82	2.3073097162140934	2.213625
de9/66e77786ee985	3.386138115355731	5.8390625
dea/bc00fc080089c	2.743487342349488	5.10525
deb/50b72bbc5dbac	1.106274278736664	1.2488125
de8/88e1e5241e3b4	3.380807709471869	10.0753125
de9/f49841a9c0378	3.3964844321094954	9.0075625
dea/bfe920ed5e6a6	2.5664373046063935	4.2995625
deb/278b0ab136a38	2.6725018982961517	2.7435
de8/12703478615e1	2.563282003729087	10.623375
de9/07e5efa9c2e74	2.6244352406475477	1.7579375
dea/7590bfe737eb4	3.4336075919161537	9.3606875
deb/2596aba3e4323	3.405784776171754	3.461875
de8/ef3855c211e05	2.2293457784978252	4.1975625
de9/49a24fb2caaa5	1.8549750405424505	1.4508125
dea/de70a4ddee6be	1.7963219323410793	8.20125
deb/1fcf0f191cb8c	2.9274901542893335	8.4434375
de8/cc80affbb42c4	3.406199459270991	4.2443125
de9/d9a91e63afe21	3.3762179110774593	5.4389375
dea/4b523ad27c38e	2.586021104892997	4.95225
deb/1079cd42ccd2c	1.9543687584268503	4.349125
de8/8344ed48393fd	3.0035904268843767	2.7690625
de9/fd5a486d80695	3.282458985298059	7.70925
dea/19e2adb46d925	3.2558227569968974	19.3473125
deb/4d34830291048	3.008481665815199	3.515375
de8/de3a1617afb73	1.7129227340478759	1.3090625
de9/61fdc6b564d84	2.1491985426419467	5.0761875
dea/77a5322c74deb	1.5881326671032445	2.8743125
deb/29cb7eac422aa	2.7539884120656577	6.5760625
de8/c1c1c6a919656	2.922591357103424	6.70325
de9/d51b2f3e36179	3.082443239847393	7.5041875
dea/6b82aed37cf9d	2.638273169996222	3.9395625
deb/9a8fa157efec3	1.7853261847805135	4.5861875
de8/2134f57cb431a	2.095415063985232	6.960125
de9/05faeefa46ff8	2.6994325547234417	3.9113125
dea/19e9abecff053	2.522332454273164	5.1870625
deb/cda31cb296026	3.4010795710050767	4.906625
de8/b7256ae114086	1.2785070668694813	4.3415625
de9/dc80c9a83e6d9	3.279732773519586	6.0310625
dea/eade46175a616	3.1261539108601153	3.98775
deb/5cfeeec1b0b86	3.430207615441267	4.7254375
de8/2d809ef55e973	2.1335753663931256	2.6650625
de9/fbb41afbdfbff	2.9795519941180655	3.241625
dea/986afc0d2242d	2.4649923696500484	3.9908125
deb/6bd9381088729	1.5736947173224443	0.8646875
de8/9772b35d1b6bd	2.589225255848615	1.056625
de9/81febff09d5d7	3.097173295208834	9.4180625
dea/529bcf60b9176	2.7587611538465615	2.065625
deb/160458f5d9969	1.5798309276564328	1.3455625
de8/67a4334d4f4e5	3.4843855696053696	9.978625
de9/839f93bb138da	2.6105364655074474	3.268375
dea/0f77e526aaa87	2.5518724544753195	3.203625
deb/2aeefa575ef35	1.2582923081113375	1.8086875
de8/0d29254d10774	3.3641272236770985	9.1686875
de9/098d4eb9af122	2.9521711204322862	6.788625
dea/d35792eb3531e	2.4640067002913484	4.4021875
deb/02f43639d9d47	2.6001456195555805	3.0541875
de8/f043dd97019cf	2.534171298563286	3.72025
de9/86db0899f7395	2.513787810334279	3.9846875
dea/06a490a3ee014	2.585513783176183	9.4709375
deb/857bdad7471c7	2.490290704291678	2.87825
de8/b347f0325b07c	2.711750328676347	5.29675
de9/f4e349c8b7c4b	2.8281917278935285	5.3871875
dea/5908e8c366864	2.995948583912591	6.4474375
deb/7a7fb449f8a90	3.281767238605813	3.2425625
de8/4ebd0dd7efe4f	3.4371787759948935	5.8755
de9/c2d2721bf4767	3.5107320858074047	9.2210625
dea/6c0b9a00c512c	2.210948306264079	1.2065625
deb/ae124012c7f34	3.0501053314522517	2.2175
de8/8b1c32171323e	2.9477077651512196	8.811125
de9/3020949acc841	3.179371068169543	3.90425
dea/30f33fe2003f1	3.0947078678565023	8.983375
deb/62d312a41d7cd	3.394558457357539	18.7680625
de8/f30acd99b23b9	2.0439135239651898	2.9035625
de9/b647c682bea35	2.120211540715492	1.923375
dea/436028c5222d4	2.6669682511717485	2.3555625
deb/55833ee06a958	3.269896138032519	10.8833125
de8/21996a4b418cb	3.180894750562113	4.5718125
de9/1dc640d94fc53	3.084995432951303	3.1815
dea/539dee9a9623e	2.3299290106441224	1.0569375
deb/1d087f616f830	3.034325134985957	5.127875
de8/6e976dd8c64a3	3.0855118803256145	1.68275
de9/a971e3cfd7524	2.5015419624631168	1.2053125
dea/4b22452e53763	3.3380991156549635	2.741875
deb/1e6f52aa8b0a5	2.9416760299163585	1.82925
de8/916380f46c5e2	2.4134442245688845	1.1664375
de9/fddfc721eb98a	2.8217054384110183	4.231625
dea/a4959e344e3c9	1.49576869954405	2.307625
deb/37b044eff24ce	3.0851951879077966	4.9068125
de8/5833dafa61c09	3.354456857491371	2.399375
de9/eb19187f20a6f	3.0348626045923455	5.8121875
dea/0370c31b51c6d	3.5030386574336525	8.6441875
deb/47c10598a99fe	2.264404703880739	3.90275
de8/19ce57b55ac08	3.3614419481993667	8.6181875
de9/b3a5acc1e5e1f	2.75793366325709	4.537375
dea/44b439667f600	3.404511179955132	4.628625
deb/4e88f70382b48	3.438721266958897	5.97625
de8/623d91ea4775c	3.3880626141327723	7.177625
de9/d301fe105d9da	3.0975890757771065	7.6328125
dea/ec47d76c77019	3.1313843826680325	3.6566875
deb/63d36dfba26c6	3.122693159078978	3.4068125
de8/c71c3635ae53d	2.8916995223355912	6.3204375
de9/0ea32a41e4a88	3.4040960198993955	5.234
dea/aa00305bbacb5	3.441956590100801	9.218875
deb/8a5c346f9df22	3.2389645892629004	8.7806875
de8/f2c6ece9c2aa3	3.0667435015904205	6.5563125
de9/836e090e4201d	2.542520888926054	1.6044375
dea/3cf76bb0d62f8	3.3120654969197907	10.31825
deb/1e801f6da9a12	3.1733980100919923	6.2466875
de8/afae100446542	1.4021118560093162	1.2009375
de9/9e63d22aad4ab	2.2523444744178716	4.15175
dea/668c11cac9579	3.284790624054459	2.9183125
deb/b4ea8bf8c6ed7	1.4780347814024455	12.53
de8/3b809c9d2dc40	3.388930168995509	16.0108125
de9/be5879e09249a	2.181802860711103	2.5618125
dea/ef7e0c4f0afb3	1.8287885298047921	1.930875
deb/6662d1377ad73	3.4063710212397322	5.3495625
de8/c02af966795fd	3.12011878743386	6.68725
de9/4071425328629	2.514206555281303	1.177625
dea/dadc561753401	2.976672104081069	10.5829375
deb/18257f8ab0e27	2.7092180262034917	5.489125
de8/b24f70e18c68c	2.2540578576932333	1.7824375
de9/18047c6a4fe2f	3.3064382333753493	11.6081875
dea/cfc4e9bf5e7e6	3.450420714102943	3.0168125
deb/0cb90db45c105	3.5225182714083805	5.38525
de8/a6302db3d4519	2.21281613409353	3.351875
de9/05536b41a4054	3.2522138485748893	4.9413125
dea/ea3f85b7fb1c4	3.259035238223049	10.444
deb/2732cd723cf3b	3.212628355794332	3.8163125
de8/b6c5fb6dcb2f4	3.1898957659521407	7.216875
de9/f22bdb34ec73d	3.1480953361026907	7.761375
dea/c9fdc899547c5	3.015425175191585	4.69025
deb/4e7f7a42d1dc4	2.1901898483967	4.25025
de8/2d05c41f5e376	3.2083688326641453	11.345625
de9/dd85404db3a38	2.3105294565278975	7.749625
dea/bdb2caa8ebdb0	3.132605623759608	7.9643125
deb/6bcd30e5ed6ca	2.743525162878391	4.345875
de8/8f9fefc99ec12	2.729415315897746	6.0289375
de9/48850073389e6	2.78454924872552	10.6174375
dea/2fe4aee0c936b	1.4287197057068757	1.7406875
deb/c68725865591e	3.187884151572873	6.902125
de8/9d11b199b47db	2.0729928776319473	1.969875
de9/06e6fb002994d	2.6179721670665237	2.7160625
dea/49e3b7fbc8c19	3.2172787197348596	10.7085625
deb/935d65388bf6d	3.18639191917395	6.8828125
de8/848365b33dc3c	3.119894754000595	5.5753125
de9/f193bf822daeb	2.9245093668549327	2.4948125
dea/c057f0cda6042	2.9601871609150683	7.2851875
deb/9666a2c752aa9	2.4509038480259036	7.9505
de8/224d9d3b159c4	1.9338092569694079	4.7645625
de9/915492bdf474f	2.176331084714126	6.428125
dea/7aa4f0abf0648	2.5527636208346522	5.6456875
deb/382844f3d6bb0	3.0243930177785865	6.918125
de8/7e286b46e5367	2.6837668784219653	1.585625
de9/3127c435c0aa8	3.1517465038457564	6.7145625
dea/f28ef279a9e3f	3.2925542042055387	6.3236875
deb/d50eddbd986ac	3.422169833959256	6.2435
de8/a3a6c956aee11	2.9437394548958875	16.708875
de9/d0ba2a333f175	2.6179292724690124	2.6433125
dea/a7eb8a4cdeac5	3.0246813992497734	8.7618125
deb/8936eac79f46c	3.1651624222242773	6.246375
de8/dc9e3f8cf3217	2.7677721575966836	3.82225
de9/0e4ad9ac707d8	2.898172809753976	4.044125
dea/ffc1e39e1423a	2.2644012173743833	8.851
deb/81c966566bf9b	2.8134171736117466	6.207
de8/190643a6c4c95	2.8303487877512876	2.355875
de9/746bd511f65bb	3.071448123016556	6.8824375
dea/a6f24eb6202c1	2.010002724948479	1.81125
deb/56cff56a131ca	3.4297222851218145	2.1046875
de8/63fdc651dd7d9	1.1389961180768284	2.4999375
de9/4af0b2a537026	2.2151598613415437	9.85825
dea/9a3135bacb492	3.35489743679634	2.825
deb/40190985e94b6	3.2057746760161905	5.760625
de8/f1701f6996d1d	3.342456748084296	10.698125
de9/155eaaf431182	3.396042384707124	11.211875
dea/d9be32f4be34d	2.770987007595571	2.56625
deb/d4adf0de6f844	3.1954976180097097	9.723
de8/2f6f775258f93	2.621646341482334	3.414375
de9/d6ca6ac8a5fb2	2.2876379207427546	3.6298125
dea/68360eeb95188	1.2235596321237903	12.3385625
deb/7e915cc9597b4	2.0740378773750496	3.546125
de8/2bcc77778484d	2.730855140784341	6.1718125
de9/f5f64d05e65f0	3.4092966057018144	4.4841875
dea/6f19db61b8717	1.9333259195154924	1.0048125
deb/969e4f3c756e0	3.4050472819885766	11.878875
de8/71b9119553ec1	3.3385980992808735	20.7399375
de9/fb6aa1661a4a6	2.714588951571218	3.839625
dea/affccd80e38a6	2.9247981847014475	8.31075
deb/aba54e3ba2121	3.2514383869786174	4.6244375
de8/28abbe98b2005	3.146828228701725	1.98475
de9/a00563d28e461	2.155019418107625	1.3276875
dea/7d3adcf9f7767	3.2983115195028017	7.865875
deb/f5d922d99824d	2.467475667208767	4.623
de8/6fbbfbc7f751a	2.182073738317039	4.7314375
de9/0b11a5567c88f	2.824024933549434	2.9988125
dea/170d7c8170592	3.2307787208463616	3.574375
deb/2440b2fce0a14	3.0753140616869703	3.4003125
de8/5928c78340271	2.909418489256854	4.7546875
de9/4c297a706e61a	3.466900844099909	25.159875
dea/d5462cc96034f	1.9371214365710012	5.575
deb/b4616e23d235f	2.867712846572109	4.301375
de8/757a51cc9a701	3.087581088783724	9.307875
de9/9ef708c0a9ec7	2.8336052258545634	3.8491875
dea/3d39bcce1629d	2.3234105109087437	1.4904375
deb/ce5561449a08a	1.56196386355504	1.442125
de8/837913157381c	3.0310973047877963	2.7641875
de9/a96c36e079b25	1.6572624627441235	2.1410625
dea/460b18cd6fe4e	2.604031868172973	6.366625
deb/6a80fdcaa7c64	2.0033943970522423	4.571625
de8/68b376d983896	3.205727386420793	13.8045625
de9/238a0979d2fe9	2.8823754625930884	4.8535625
dea/3ae5094acf7a7	2.6833355333342648	2.1010625
deb/7f499d7c71fa8	2.3904111049246857	2.996875
de8/ae2e306b417a3	2.26703213243933	3.590875
de9/77fdda81b66eb	2.6210823082941213	10.9335625
dea/10cada0fedf57	3.1717133829074102	6.5944375
deb/d8b5ab846032d	3.271285282824944	6.4165
de8/e5cf6aececb48	3.3079336271142616	7.4168125
de9/9f1f7993f217d	3.0500031675769734	3.1518125
dea/276bbbdf89e00	3.3913982806014777	12.9103125
deb/e428a899d36a1	3.4508286620699034	15.6494375
de8/2f88d13e57f37	3.411304787426635	8.6584375
de9/ac18ca922d543	2.494920290754419	1.7608125
dea/8734adef8f2c0	3.318742204130296	13.767
deb/79b2ff7518702	3.2369639702020354	3.269625
de8/f7bf65d1b3b80	2.482803931691591	1.201625
de9/336c9c5e3a677	1.523564694881799	7.3935625
dea/f6b1c1a0800f6	3.5144463185571597	11.048
deb/583976357c14a	3.006764866303282	4.4449375
de8/9c926f6093861	2.4382633797058544	2.8928125
de9/bdc47117e8102	2.7666586243614293	10.7620625
dea/61dbf49ac7686	3.153814713577808	3.3358125
deb/4fc21290d262d	2.771218678768149	1.4084375
de8/0b3c05f202490	3.098302513997325	5.389125
de9/0b29dfbe3e7b4	2.7661979707722826	3.843375
dea/cd8f8be72c851	2.7885635158434017	3.700375
deb/876feec1413f0	3.3579762238364808	10.665625
de8/7c946c5ad5945	2.309529620655406	4.31375
de9/afa913b1249bc	3.307011891262226	5.5601875
dea/a5a50901d9b60	2.7124452642041654	8.621
deb/456b1dd1c751a	3.0790351289252027	7.0906875
de8/ee27b3a04fa53	2.8280446187198507	1.0850625
de9/b5550229eab28	1.9628672958536055	6.11925
dea/6892397e83adb	2.973492823075609	10.1244375
deb/af16181c2b7e3	2.702176463145348	18.0874375
de8/8dbaf12d4e341	3.349067082672266	6.55625
de9/89758788fb3bf	2.230338741346293	1.6143125
dea/318505241c0df	3.1069421722808586	7.0455
deb/5cbd5a1819e24	3.289653763075453	5.9626875
de8/6842db0dfdb70	3.409061602356837	13.8025625
de9/3881d34819a69	2.5373024208767445	6.7831875
dea/86434e1ea4cfc	2.8813145085702785	3.2470625
deb/898f8023b8823	3.419358199343992	11.48875
de8/a5a43c97c5682	2.695841105238277	11.334375
de9/48812c820b5a0	3.1714449682000736	5.9568125
dea/6d35b8760d122	2.5301727603616286	4.1438125
deb/377d0682f6aff	2.9832095458447134	7.1093125
de8/b9bcea56d0db8	2.85878555791368	10.2884375
de9/fa240a717cfca	3.153655317361199	7.957125
dea/1909568d5d81e	2.6386872429076775	3.46125
deb/d460705de8fc2	3.017656437136363	2.5605625
de8/25a20f276ee4d	2.747776429043521	2.7120625
de9/2d5677c66abe9	2.9300765192821387	1.5584375
dea/bdc34afdc4b0e	1.9076268616370389	1.1880625
deb/7ee945a9d127b	3.451599263950625	5.9364375
de8/1353a47f1aef1	1.90096644195714	1.09175
de9/a9c9f0bcba0bf	3.1876584341178726	8.160625
dea/2d7cd8244c0d4	2.161046505586775	1.250375
deb/1acefbd71ca01	3.2444580363640316	6.25025
de8/6de09588a3339	3.313391444581149	6.7321875
de9/1021440679ee7	2.1985691767966244	1.8768125
dea/48a5ae48de4d3	3.4436623135630726	19.296875
deb/3194ad883ba66	3.075537282423171	5.739125
de8/88eb68cf7b484	2.544106056090564	1.273625
de9/98fcd3fc3e850	3.3771818451621307	10.744875
dea/2d715198dc71c	2.8661838232027175	6.8019375
deb/3490084283669	1.3992443819053175	2.156625
de8/45427603bf220	2.2224700105752735	1.9309375
de9/3b15e9e825251	2.3897839931179936	1.6561875
dea/54a895eef94bd	2.5736587538960976	5.579875
deb/1e376eb387b22	2.17310332020277	1.0568125
de8/4c4e8bed745a3	2.112627544081556	2.3843125
de9/166bad2d07ea8	3.298948008532635	6.2451875
dea/1c82cce90e410	3.154668325239608	13.6575625
deb/fcd2f128d6da7	2.0833934890875865	1.7314375
de8/9333227e0714e	3.209189739153613	8.41675
de9/9d6fa57eb536b	3.3550475075759043	10.9798125
dea/dcec82ffe36e3	3.3494630995304915	16.835375
deb/5a709f61631c2	2.7620076996866176	7.3649375
de8/3f14b43e0aefa	3.0717528534054757	3.63375
de9/3f58949058b6c	1.1549597399508744	2.7666875
dea/bb5a42d13b13c	2.488523499923048	7.354625
deb/bfde74a12a030	3.2217932532424887	4.1461875
de8/c5c8f65f41443	3.2973584460851586	8.9035
de9/eeb2310754165	2.4732274950895197	2.014
dea/4e47c9d660048	1.09238113563403	1.5059375
deb/4a544bb3eecec	3.4632677283275917	7.0201875
de8/fb7499ab40084	2.775030076239649	1.3941875
de9/db8472615f664	1.95869823131358	8.3319375
dea/28e1e0b95d8f3	2.0349141028406788	2.59625
deb/9c924f6eab604	1.9208303717667456	7.607375
de8/a6197fac0c6c7	2.057519702696267	2.5464375
de9/765442927a912	1.3490436201234757	1.4416875
dea/6bec2fdda0451	3.2406217443295504	3.2854375
deb/a5d893e1f9707	3.0655214573282747	2.70725
de8/6d0df7e0dcdec	2.197089313800345	5.04375
de9/15db43084735e	2.8277929858293054	2.5035
dea/cc653f15fbeea	2.4826673754031248	2.7393125
deb/215135cdf2f51	2.482608259213152	1.720125
de8/022fd652179d9	3.1158047359529277	4.537375
de9/b2736a2970ce7	2.592126826091438	3.3580625
dea/242153207559d	1.9764891391765287	6.3419375
deb/a00dbfdbcb010	3.2689647352392073	2.4720625
de8/6c2c6dd07d3f9	1.7165909099803143	0.8646875
de9/e3d1b4336aab4	2.6727683044254573	2.7159375
dea/b8c4cabb10eb7	3.2846427463352192	6.1943125
deb/ac7711bcfd9c3	3.3732281348977784	9.108125
de8/1c5e1cdb72588	2.2828500639304905	6.1783125
de9/e91bd30592548	2.7007952902584997	2.2546875
dea/48e8db1d6e8ff	3.4097465034472245	9.2550625
deb/419a611e918d3	1.3964040196468175	5.3685
de8/070fb1f7d7516	2.7731735649306803	3.1624375
de9/1b9e43808f6f5	3.056379302410519	4.153375
dea/57b3c0b751ef3	3.2468408694363577	7.6365625
deb/22678a10400f7	1.9658588017916627	4.9726875
de8/4c2d66cf1a05e	3.2390076737591245	7.8489375
de9/6f7e38552b12a	2.8551680133080386	8.289
dea/34c03ea056aa5	2.7766424305059316	1.880875
deb/5c39df5a702b3	2.539297515274583	3.912625
de8/cc6f871eb0261	3.3809443338043748	12.2554375
de9/e85dd8bc30041	2.950926290589364	3.3746875
dea/1e095d7c6b898	2.2795468753863286	4.5625
deb/0fc3653f3a5e8	2.5546147208080168	2.7408125
de8/8c4bff89eb3d2	3.2197701773771867	11.3375625
de9/492d9cc3d73f9	2.065607077192734	1.4685
dea/51116619a6e04	3.1420289841902695	6.6150625
deb/1892d8c575a3d	2.0420484592605423	2.8123125
de8/bf113edc9892d	2.905226157293837	2.20525
de9/fd4460d01de86	2.8630522365650024	6.0824375
dea/9def55424e1f3	2.962002798049381	1.58525
deb/9f97a4a9c0dd4	3.113227894163905	2.811125
de8/7bea61b859901	1.6782342666890224	1.0484375
de9/d6d008690c3bc	2.9169344699455	4.3820625
dea/bceecbc79fa9b	1.7900857089066184	1.2130625
deb/d585f5ece28d3	2.2806409743813796	3.9096875
de8/0920b698ff831	2.9640271010286194	4.145875
de9/0977369640813	3.25640660565649	5.85475
dea/a796a185ce97d	3.037057172399845	5.106625
deb/ba15a48e48b5b	2.931393393036497	4.542875
de8/3e60b0bb6ec4b	3.2553083501890216	4.2305
de9/50c92a4856844	3.1630267870150544	5.1705625
dea/fe5ca6ac891f8	2.5910855400713784	7.256125
deb/2bdf079379770	3.046369086961344	3.0341875
de8/1735e6f5ffbe4	3.508561383192418	15.4875625
de9/c6a8bf8176683	2.8139499489728945	11.434375
dea/2179f71c4d93e	3.3834275443944817	10.521
deb/38e503848941d	1.8439196807303107	4.308
de8/d3e50080fc54c	2.583530684503667	2.789
de9/7c05e49683d7e	3.1849205165341496	5.642875
dea/025b22a6a2dd7	1.1159699562179337	2.2380625
deb/230f45b46bf57	2.5040258726559017	3.4496875
de8/c88e417c61f3a	3.084308275499943	7.8095
de9/f7897858e6df5	2.2165635035333002	0.76825
dea/5f00454b18107	3.6153432159132723	5.796125
deb/06391edaa4a8e	2.3131828503809957	4.73275
de8/aedfe1f53e3d2	3.2974374235229424	8.25675
de9/09e02841435d7	2.298123615534735	3.998375
dea/fbc6a878515a2	3.1313647154383677	7.922875
deb/49b5e67db1fa3	3.282791687140445	4.064625
de8/fefb35e4e8b55	3.215636012333261	6.9385625
de9/77bf1a5d66f39	2.5713529541126516	1.229
dea/debf44ad3b7ef	1.761917791285074	3.092125
deb/b2af472d57871	3.1533075297200437	5.3818125
de8/ed37c5b9c666e	2.568642173092666	6.5994375
de9/1aaa3e886b726	2.2803453272627463	6.9286875
dea/634005cf70b42	1.4633763689194348	0.9844375
deb/c04b04a03aa93	3.293338065736242	4.41375
de8/5ceeb07dddb06	3.1872016807735997	10.8334375
de9/65e528946c046	2.832623075844879	10.5791875
dea/0873da0d52958	2.616007493909224	13.6765
deb/ce8c9f3b8043d	2.886571594406439	3.09325
de8/bf58ae38f6302	2.6919146984419617	2.3865
de9/440ce3a896552	3.1597581691686965	8.8624375
dea/99ff7ad96a5ad	3.4367957195477223	4.798125
deb/9b2937be57690	2.5347232835353677	4.0099375
de8/fde703231fc0c	2.8713229451828997	8.2721875
de9/0ed8a862de71d	3.2503258343259094	13.6554375
dea/f36eb14e47afb	3.2236525442075696	13.9700625
deb/39c12824c5b7b	2.836687904025724	2.434125
de8/0f3c5377a852d	3.378215621871727	18.4396875
de9/f4ded75ed23e3	2.866439570300114	9.3399375
dea/d5cf0e5a6d49a	2.7175033630627383	3.9890625
deb/323fa2b0f5a7b	2.936826078786327	2.093125
de8/f768a9aa630a8	3.2010868984094367	8.14875
de9/cc533f9f8e9c2	2.6192882628532237	6.7381875
dea/d219c8155b722	3.055605619294309	9.8641875
deb/ecf9492c0b5a4	2.2258806143988945	2.42625
de8/b8bb7226e3383	2.991434672081062	3.637
de9/0a5d9b0f7f892	1.333179587564497	3.200125
dea/703f2eb31039b	2.9811944387320786	4.6683125
deb/8ece7d3a59857	3.3619056076659795	12.34925
de8/b2e50c23883cc	2.1864316228927168	1.7384375
de9/5cc3b33e913d2	2.9234226592137857	6.3026875
dea/4d882f8cefd09	2.986408301638715	5.988375
deb/87f4aeda86865	1.0546582636858273	1.68225
de8/deb8db19c870f	2.8923912091387898	2.067875
de9/1e0ed6363054c	1.0950827843209605	1.5233125
dea/682b2c79a20d9	2.6931625558658463	1.9863125
deb/cb95ac0e4d108	2.2015612796625876	3.2451875
de8/9943443e8942b	2.684773168305703	10.6395625
de9/ac657632523b5	2.5672825888125184	2.1395
dea/5ad27fc799d7d	2.746067696495792	10.5686875
deb/d14c2df85f9b8	3.2136222688556617	3.909125
de8/b6114a301e754	2.3544354546775708	4.302625
de9/50623a610ffe2	3.098172169636929	11.3263125
dea/9ca439fea02b4	2.8547612844068104	7.25175
deb/fc0767da6369d	3.1922579191360034	23.1733125
de8/ff07e1bb66e5d	3.1885498749983223	14.026875
de9/303f64163e2e6	3.2584138479727267	6.8986875
dea/9fd704c16169e	2.1900415087393275	7.55025
deb/b83d70ea64719	2.7145977674792836	1.1415
de8/d4726c74cacdc	3.3604779093036714	8.7215
de9/d5edd2ccb0444	3.022381690849792	4.2555
dea/82f19a23db238	2.587774706658011	16.46425
deb/0687a64bd4f6d	3.327249821496236	4.520875
de8/b9f7d11bb3b79	3.0429080199208407	5.887375
de9/6354ea02dfaec	3.318581417472567	2.8830625
dea/5028d5cf86120	2.929138700895553	7.846
deb/2ebe114b4ce2f	2.052875015952906	3.53225
de8/87845224a1d9b	3.102356010682671	5.497
de9/7772bfe4fb521	1.3150274284986652	2.9323125
dea/77ae7f0610557	3.48743919706062	16.60575
deb/7c522f5fdb1c7	3.2289729656134796	14.3310625
de8/4bda31b3d7fde	1.0797528786853896	6.219875
de9/de011a3833eff	3.501047970357895	9.777125
dea/079a1e464aaf6	2.2593697620565725	1.5294375
deb/b633ae96c5284	2.900436357089554	2.203375
de8/4be5c1255b076	1.820121066194134	5.392375
de9/ca9a4e9aa34e2	3.1869906227200353	7.585625
dea/6b65cbd2fcce7	2.768204635521914	3.4751875
deb/05f4d3e3c2be4	2.755636652264436	2.6425
de8/b5de1c9e3b8f3	3.4456196597946	5.773875
de9/6eb10400e5183	1.9469088372730183	0.9386875
dea/de8ca273d671c	2.9959558812010223	9.52825
deb/cdff61bab68b7	2.8174153490487677	4.906875
de8/f97471b3e2295	2.9681920839318447	1.3094375
de9/cba130cf611c7	3.5062627915980005	11.71975
dea/e7a19f2985bef	3.2828870826526324	9.6395625
deb/7f4bceb3bd28e	3.2597025193820417	11.053375
de8/4e2d46088a5f6	3.4567757516222137	4.2011875
de9/82c1267e300f5	2.7289231376380623	1.54025
dea/f53e4ac422dff	3.0700797268720583	3.6446875
deb/be19c2974973b	2.836685788284813	2.753125
de8/65f652c71d42f	2.9906348812884405	2.3351875
de9/83022c92ae179	1.7253925084428225	0.72025
dea/3c5269db96126	2.899886649758447	11.0314375
deb/68da6947e03a1	2.8233795027724065	2.4648125
de8/ad112f1c822e3	2.7002766993953573	7.3963125
de9/51d2f20580113	3.1937598628407047	9.6769375
dea/7f1b3a22b6cd3	3.081815974346986	4.5569375
deb/abb492ef8bfb4	3.3443082361737995	2.814625
de8/cad9f2e70d63b	2.8227313299662384	7.9598125
de9/581937795c373	2.6017703078665018	4.4575
dea/219c5b3566b11	1.6933067140114093	2.158625
deb/de81262503d17	2.6298249269298735	4.382625
de8/c8a12812a2c72	3.3865684694576323	9.2330625
de9/5725047c57dce	2.4852978535225008	2.95175
dea/9b47281d2bea3	1.1067518441918334	1.4061875
deb/ec0795632ad4b	2.8927402244401046	1.7100625
de8/750e916510a9a	3.2936027731838626	8.75675
de9/94d9c5a22cb45	1.8709461270289858	2.6455625
dea/06d3ca1ec6e7f	2.2711699412865847	1.7395
deb/3b13a722f04f7	3.2713848293157795	6.432875
de8/080580a073a82	2.492519169490418	8.5009375
de9/853ece7037172	2.252521894255268	1.3203125
dea/903b227ad1592	3.0724954797547954	4.5368125
deb/0afd8324a8fb0	2.9476860265722458	5.8320625
de8/bcaa7214c8910	2.1849016894743674	2.3280625
de9/a3da7ddd65888	3.0017236902216866	6.330125
dea/a297011a474d7	2.6763078163082614	2.87825
deb/84061cd5c911d	2.903011938755563	6.103625
de8/9a57315adea17	3.4525510363624856	2.437125
de9/f060e52bc32ce	1.72904211590226	1.65125
dea/952cd25d99c6b	3.0207413941327177	6.6240625
deb/8a2b9c7488a4f	2.6539862933593947	4.874625
de8/03720656aac10	2.7083183449685344	2.26325
de9/73fb34500a398	3.0108261640870944	3.8746875
dea/857c0eb1b3bcb	2.47793194371104	3.5155
deb/a347dd0a44049	2.3820004750518886	6.387625
de8/f50123ecde02a	2.8774157733938797	2.933
de9/65c720e317c6c	3.418453369775371	5.6208125
dea/effc4dcfc0348	2.8058440135242644	6.47525
deb/3a31efb4688f5	2.943242242717676	3.2961875
de8/c66ed8a2473cc	3.2972704335401573	3.611875
de9/e85f94be38d99	2.260543923164138	1.8749375
dea/f359cfa57a606	2.6421509550798254	4.251
deb/6e774594694fa	2.970467727669708	18.2539375
de8/6a84fe01df463	2.1405160459730825	6.76825
de9/d567feeb7fc18	2.123368704821287	2.6841875
dea/1f2dc4931cc93	2.8400941932996817	15.684375
deb/ba31becd60eb9	3.4024895742727685	6.8025
de8/0e5aa1808351f	2.973728005652962	4.3113125
de9/6265246333aa7	2.9218375562386854	2.42925
dea/d3a80ba6bc566	3.461053629972432	6.869375
deb/2fcced1c7ad51	3.0127395906930556	2.6299375
de8/75120b1199c49	2.8479963420977676	2.09125
de9/b10816fa998bd	2.8603540057415455	1.1625625
dea/214567f3625f7	3.3591217107795317	7.093375
deb/de4fe98d962fc	2.8966109262972886	15.2208125
de8/076703ce8b26d	3.5354753616274395	13.7054375
de9/3051d446954fb	2.098082213239854	2.6921875
dea/ccea1cb0aa523	3.3247263409433745	3.4983125
deb/eea8d40f9f11d	2.1318545309410384	4.64525
de8/ac9322e17e854	3.2689618477933786	8.2745
de9/469b7fcbbb570	2.9327417167223153	6.4468125
dea/1de7d401dcc6b	2.9956103161737713	6.447
deb/b969c2d9c4740	2.321338992457727	1.7308125
de8/dd79c65528db0	2.4370619986545985	2.2254375
de9/58e96c92fa7c3	2.499136946137814	7.307125
dea/ae0e2236524c7	3.0050831441836494	2.522125
deb/efeca9e367672	3.3751684451855235	4.8139375
de8/5d5dc433c4494	2.774096327705539	5.751625
de9/694e0e4601a34	1.684730863738811	0.985875
dea/6f724a70480f2	2.996046753762871	13.2135625
deb/0e3f813da38b6	3.2370522314029837	12.98175
de8/2d699d1533d9c	3.280725032767969	9.9536875
de9/4e0df33de35f4	3.3545343594313928	15.2586875
dea/8ceac00f3e7e4	2.6753076607535426	2.6933125
deb/2c4298bd27323	3.5314664895732992	5.82075
de8/8d4978ab74a41	2.8976800229804796	4.8360625
de9/69ab8da01bb56	2.9898064651387837	3.3775625
dea/2e6fc520e4ed9	3.1559867897124536	4.6036875
deb/4945fec212137	1.9549381741145637	3.0495625
de8/16673ea9face4	2.215872906257561	1.6095
de9/2a374c13aea7d	3.289599789915368	4.137125
dea/89ddbf6d7e665	3.161761453182701	5.913625
deb/5c7c196abafff	2.94642290027003	5.946
de8/1184afb81f8e5	3.00790431772008	5.83175
de9/9c24a7f39397d	3.200573984432119	8.7411875
dea/389aa1e1f3c3e	2.908681155726263	1.2093125
deb/d1758f875391d	3.0433273826949017	2.18325
de8/06180d6e0652e	3.129715949972252	10.192875
de9/171b4365ff4e8	3.153008573157803	5.8600625
dea/496931c6d3729	3.265714363839405	5.13475
deb/0a3789fe1f449	1.9931945889245348	1.1438125
de8/cb562f57308ba	2.3969988576823837	4.4175
de9/61b17f596fdb9	2.4415936220237384	4.542
dea/2fd7907e91c21	2.7721131070361853	2.4036875
deb/6bf3d431623a8	1.082499489808717	1.346625
de8/1e4b452671df5	2.7746743565702494	2.1875
de9/f42e4a8644305	2.2027236261383125	1.803
dea/1318ad7768fea	1.130025512520062	4.2653125
deb/110737c98ec83	2.9329244275930506	6.6444375
de8/172ab84341a7d	3.1638998229444617	5.384375
de9/61af2ecc23246	2.6818419471436097	6.5490625
dea/335d60aa7f4c5	2.72101504083325	9.5673125
deb/04b7c5136e2c7	2.848634342678377	1.9534375
de8/a435f2cc2176b	2.1646950090069104	4.4296875
de9/2f998d014729c	2.6896059764142266	10.5643125
dea/8362e4c1824a0	3.380686964036359	17.8545
deb/199bbf0ed8c10	1.9618242213016843	1.8943125
de8/5621c0c8872c3	2.6852238852619212	3.97025
de9/7723b50eb8f59	2.5620504533923376	6.0376875
dea/859db69ccf45f	2.601848722009787	17.8635625
deb/1fd15c3ae3ca3	3.329406722573377	3.0176875
de8/8c2c0efbb3219	2.590872600318834	5.9856875
de9/57a9ef62376f0	3.107482734674138	9.33125
dea/aca5dfb96bf38	2.8154413791122095	3.8328125
deb/92f8364893d50	3.343969566064864	8.363875
de8/4761e21ca8032	2.941511447679174	6.553
de9/3e5a4ee7c1f5f	2.9513084153033473	2.3193125
dea/852490e7b22ff	3.3085039678720207	5.8023125
deb/b2ec802282958	3.3057494881795826	4.567625
de8/d570fa1206c95	2.1504791068604066	1.827375
de9/77bff45bafd65	2.6709439422913137	8.669
dea/8a985a6790e30	2.9235089777032495	6.5868125
deb/79a8f49fb0114	3.0078533888754935	6.962125
de8/ad68b94f78cee	3.0586356666607855	2.4505
de9/eaac6b24b15e4	3.307361679114846	9.0709375
dea/eb104bb557865	2.8702742329133533	3.2086875
deb/f13aab5b8f205	3.057710094779386	11.2303125
de8/69bad3fb0d6ea	3.388370961080107	8.1795
de9/5e8f173e81ef7	3.1338530982453996	17.624125
dea/4838acea0230e	1.8219205037940882	1.058
deb/d18afaac77acc	2.4236471904448083	7.02525
de8/fb4e51caed6a1	2.98984686585681	9.3385
de9/6c7679ca785bc	3.4051852829266043	17.005125
dea/d0a00c7e5751a	3.1577351032296552	3.60875
deb/099adeaeb1062	3.0547665057488596	10.6368125
de8/9215751ff0c3c	2.9980232789019516	3.026875
de9/f5321ce4f18c3	3.320429872557818	10.760625
dea/58df70e988810	2.6645064019974973	4.45825
deb/d59e7be72d5c4	2.9030538714368377	6.4599375
de8/61cf044d2ae04	3.418427406159577	3.2906875
de9/caa7b0254d60f	3.3479223599887455	4.36125
dea/27578ad10636f	2.389648629984388	3.9185625
deb/efd293e7ec22a	2.8029615571655615	5.2384375
de8/e0360e0ff4fb4	3.416477289461335	5.496375
de9/00b135be5a04f	2.931425432851351	10.902375
dea/c19878b16ad18	3.524658103544853	21.229625
deb/88addf6017dea	3.509464927060019	6.05425
de8/e00f13360ee77	2.1878842511343044	1.555125
de9/df21153cfb899	2.5122904256438807	1.7524375
dea/7f540bbc9faaa	2.790396994087104	1.2015
deb/8e600c624a4ad	3.373125184578012	8.323625
de8/b3db9ce51a233	2.4957704927401583	1.3939375
de9/70f4c2986c294	3.055386791229788	5.8085625
dea/0fb7eb99f2cb3	2.690612356045294	1.54175
deb/f6e525a390b25	2.3726946376875775	2.71975
de8/ef31a496d7f51	2.6871114149163797	6.9958125
de9/3fc9751a88bb1	3.281956347482865	7.9176875
dea/9bb5a9099268b	2.8896308066226006	7.03825
deb/4f407ebed0d18	3.255852275384471	7.005
de8/f71111814fa24	3.030553545153692	4.42775
de9/165913c32e079	3.024078417175476	2.6701875
dea/3b8259ab245ab	2.7961301893138244	3.139125
deb/37c7ba60b0739	2.2835195519640332	2.325375
de8/cfd32cc9cbd3a	3.3337150561547837	9.3858125
de9/f19bfc2cf41cd	3.261287863014608	13.766
dea/175a87aa647af	1.1450899272029873	1.83775
deb/379adb13b4953	2.471615564048278	4.8879375
de8/a3dad1fc6daed	2.9960082410555495	10.1723125
de9/182b4d29e0158	2.744952895336902	1.3469375
dea/64dc315e37080	2.969965747974374	4.4775625
deb/1ceb2059c6930	3.311208709490444	6.07975
de8/3de63893332df	2.743424940385844	2.552125
de9/c123330311fd5	3.193516933493008	9.2679375
dea/291d3ae3d93bb	2.866266443085877	4.210375
deb/b866dd28a85c4	2.1671863031479197	3.1631875
de8/30c678588742b	3.429653885623665	8.4664375
de9/50969aa8b04f0	1.9771651995975603	2.118125
dea/7c88bdac96202	3.2147881863959054	5.8470625
deb/dbe78698af28f	3.4182546616851304	4.499
de8/e533d6e54f9e9	2.2822111355733563	2.5304375
de9/b9581018df2a3	3.4694979565635515	12.7581875
dea/a74a101ff5174	3.432693480618465	15.279875
deb/ba4b935c2d9dd	2.461129451595824	3.7691875
de8/d64e26593ddc2	3.503654257928274	6.3635
de9/ff33776bed93e	3.1326700890244217	5.657625
dea/cd4bcc300c463	2.938117406741692	10.0105625
deb/21bbadb3ce3fb	2.683770662770578	11.0128125
de8/6d9ad6bbdabb1	3.3809678539456143	7.8030625
de9/3725925bf6beb	2.7854893425997114	12.1753125
dea/69bdfe2a3dfd3	3.4096826630231813	22.1129375
deb/7eb062c442c24	3.430033595964437	1.880125
de8/19ed60c745cbf	2.985389748249036	4.58475
de9/11c520eeaff03	2.9926191980028536	2.97525
dea/6431a5671b784	3.2924172721806397	9.44425
deb/d91424bc11a49	3.147535597798097	12.37175
de8/be07ea2352479	3.3446680133063276	8.9346875
de9/42a4a8bee6731	3.1915573617353714	11.8050625
dea/9b9daec6dc911	3.352633588304134	13.2981875
deb/a92115258304d	2.907878913424242	5.750375
de8/a2d256876d889	1.8783668339843236	1.48125
de9/f852cd1326257	3.1520933210650584	4.588375
dea/7e7ecca257c19	2.857065509345036	6.791
deb/bc067433ed8ec	3.0651988897728004	11.0355
de8/3bbfa8f570e5a	3.3016634843161103	2.3044375
de9/21864788b313c	3.3405444173791885	9.3141875
dea/63b5e419ed626	2.847852315822945	0.8995
deb/01c260001689c	3.34961032621363	9.544125
de8/aaea29f89bfe3	2.780460997138721	4.2415
de9/71ffce6e7d5a5	3.380329074289277	3.885375
dea/d160a741b4449	2.1361726333910327	1.5381875
deb/4e45aa0c301d8	2.8445154715518424	7.6521875
de8/fdf0a7387cfc9	2.754117946133462	5.4524375
de9/e2ca250fa93e4	3.0616341714622806	19.16575
dea/d43a55a1c8995	3.068947566408887	5.7899375
deb/f9694a2c2fc93	2.8022974513119174	6.009
de8/64796c4bea1cf	3.1234494819902245	11.9325
de9/d73d3fb811f72	3.2955942463243986	12.11625
dea/4718745dca1d9	2.365857728885979	3.042
deb/7e26401016790	3.2515519278500298	8.8541875
de8/709b4ef06262d	3.447335099185024	4.152875
de9/bcd8e1f0f49cd	3.1458644904836643	3.8276875
dea/f4888cbfe767c	3.029252879103187	5.838125
deb/da767c47157bf	3.323934807290431	9.173375
de8/a85f6ef1d33e1	3.014787489927977	8.3120625
de9/b2a6e25ec3261	3.3832553664970164	18.1546875
dea/0aacbed2a2858	3.2880377907492933	5.419875
deb/7e520b25c27f2	3.043723671291663	5.595875
de8/da02bb1d17bdf	3.1532595782060957	5.7459375
de9/a7703d998167a	2.4188435939502573	4.5825
dea/a34dadab6c9a4	1.970095008525298	5.6173125
deb/5112972f1e430	2.07762721722851	2.83375
de8/6bbaca0423dde	3.2985664771944383	14.5721875
de9/06189ca01b0e6	2.357490869122661	1.0569375
dea/c7550d65b114a	3.0959010349117415	2.1995
deb/d00ce7256ea22	1.031011670033442	5.8516875
de8/740353aa4799c	3.4111313603345437	9.2565625
de9/30232716b65a6	2.37082282995481	7.050125
dea/af6d3dafc634e	1.1390990607144644	2.7985
deb/bd4eac303ad2f	2.939689820220042	11.366625
de8/4b977b1d8d377	3.403779539955389	2.8936875
de9/3ecd5fd4224d6	3.0287089294559895	6.390625
dea/e7cf5b41233f0	2.915084308704222	4.2064375
deb/381b832b4c54d	2.86390795194832	2.35775
de8/5732189454b96	3.0010387029314747	1.3698125
de9/40dbead6d13a5	2.6969118482064416	3.3320625
dea/4ee8b70ee3910	2.889045494695182	7.911625
deb/f64fc4af8a192	2.3954942309296903	1.5810625
de8/81c9033abc0d0	3.421503385973643	11.1145
de9/1e91740e2d97a	3.229743616574079	9.724
dea/dfdf2d4c94ad7	2.8029848763835834	4.29125
deb/36c72e601a11f	2.7210909207890204	3.4270625
de8/0c0606a6e78ff	2.901275821913133	5.8084375
de9/49d0e1564feb3	2.477954033853247	1.441625
dea/0affa4b8b320b	2.247295944852623	1.404125
deb/8c15d3776dae9	3.28090778122687	2.6190625
de8/72fe56b10e02c	2.9397505392118815	5.588375
de9/07219101d32fa	3.5039713007135487	13.4986875
dea/5e509a6f33138	3.191200535110118	3.55675
deb/6ad311f1bac30	1.3901905068060596	1.129125
de8/1da79028ba649	3.366384736372132	3.5570625
de9/3bb8e6564dbee	3.0100756619160407	4.04
dea/661248bb29c23	3.199047025987665	5.114625
deb/7f8aeb1bf91ef	2.324227868458675	6.21
de8/ce45f2e8edfdb	3.0735777545803207	3.2188125
de9/165bf5fd9741a	2.5201034970523497	2.28925
dea/aee08a773e366	2.6906137601442004	2.647125
deb/a820ba871f5ff	3.04305184629124	1.570875
de8/17012a14ed87a	3.2401451776876278	5.685625
de9/46ed9cd630bdd	2.7337458135283037	3.039125
dea/e0f494b07b9f4	3.15398327453987	6.7713125
deb/c9d216455a311	3.001486518803118	11.276125
de8/ccee9f1127b24	2.8188624862697367	2.28325
de9/f3da010a15e4f	2.384957330667963	9.5565
dea/49ab11bf0b96f	2.460583473088907	1.718125
deb/09353da1684e7	3.065362044257584	2.0658125
de8/8e03e72ef4c6e	2.6576044139169417	11.9171875
de9/50cfe9eef3b37	3.4019184880025137	7.6395625
dea/e146490a16f6c	3.2776976721596354	10.2633125
deb/7ff5c7d8422c7	2.043563184046546	4.3700625
de8/659487761951e	2.8197886558879697	3.7025625
de9/4ca2c87a4c149	2.4624432418227364	2.78925
dea/f66b2685686d0	3.003580065666264	7.3025
deb/c6ed147ff80e0	3.0079923245343303	3.936125
de8/828cbbc0fda2a	3.3338952430859545	6.4725625
de9/cab57b771ee14	2.752447736159817	1.9671875
dea/f906bebd2a0d9	2.6815306227715445	3.2204375
deb/c2774f41685ee	2.1177085622689615	3.6555
de8/4b355399faa87	3.28348647007895	5.6533125
de9/1ca6206c023ad	2.2831891472130375	2.30675
dea/588c0f7f3fe25	1.5420366840400825	0.7684375
deb/6fb3145d2b963	3.1353867083298033	16.0075625
de8/90a95f09f3ced	2.8898650963558516	23.6455
de9/70000367e8e64	3.187340011948394	2.991125
dea/dbdd69eafefb0	3.0376573194674683	2.8965
deb/bb3adeb277dee	3.394221427251602	7.026
de8/f36816e52e15c	3.239955340249592	6.755875
de9/62a5beadb4924	2.4370798856653932	2.8925
dea/3df9cdac5588c	2.5311742791222724	3.7815
deb/0f3b342e3adbf	3.2178056544231852	5.842625
de8/cc3df64854f7b	3.288670638037844	6.9688125
de9/be458e3e070ff	3.2441560803220915	10.24425
dea/19a6a3a06b54b	3.0295393490886675	9.7415
deb/b4375b331f035	3.256935537577096	6.8683125
de8/3d83bac189137	3.0986470306540594	10.207625
de9/6c5d03d68186a	2.9898773995687082	3.4755625
dea/124500fd4eefd	3.0294476937495447	4.19025
deb/8095dc017bcf0	2.13164806302516	4.2323125
de8/682442e272eae	2.909324679508507	8.4855
de9/bd3a4608d155e	2.5062452584603045	8.7639375
dea/9cde879205500	3.353382980864596	6.07875
deb/ad6670153e027	3.4804054200759125	7.977
de8/855c4e10ac689	1.0952268252797386	1.1533125
de9/3bf0a0a0b939a	2.555788484487968	4.3048125
dea/597ad12b0067f	1.852890306712712	1.817625
deb/371bbee46a13d	2.827316711665556	11.453125
de8/c70784ff1bfdd	2.4135406324217925	7.9133125
de9/0399949f823f0	2.6672960515988247	1.9286875
dea/c06eb46103a98	2.9998487179876454	8.6165625
deb/359a321d9c6ed	2.6880883801025064	3.467875
de8/0a258f8278610	2.765537378653078	4.8461875
de9/5ab5d15befb56	2.165595896266659	1.4133125
dea/340f259f77ee5	2.6006601885677894	13.3375
deb/b8d6fddde7fd7	3.496275359745872	9.10175
de8/14bd36de80cad	1.1058592734336334	5.0541875
de9/be7cee5431cf9	3.4219156116988074	14.730875
dea/2d8de0d048da7	2.993915133551495	1.5791875
deb/45eb0980e6911	2.4015955647856866	1.89775
de8/bbf6e007ee350	3.281982740300403	10.226875
de9/2d645f98e1ece	1.9481093042377582	1.57825
dea/6fb62a76110ad	2.960438253442111	7.41675
deb/6f4f91b3c866a	1.0919955873394134	1.2975
de8/0d04b18e8f52d	2.2271882385646755	3.21925
de9/5835de8c0e81a	2.892053078275974	26.1355625
dea/7c995fcb40efb	3.388859666049361	6.05025
deb/1845eaa54e388	3.2463156643702327	3.84875
de8/90a78f6f166c8	3.2366927859553862	7.0773125
de9/96b50edf9f6e2	2.4350502304167927	6.7491875
dea/2fd18ee7bdf96	3.1731043758701056	10.615875
deb/6ac3f597f791c	2.837132638679243	13.92175
de8/8178c401cf8e4	2.093233053944028	9.1768125
de9/5bb2f6aea0a58	3.429849046164053	6.5355
dea/0bde172823738	2.9961907322705	3.2708125
deb/d801c25e7caa4	2.7147718273519166	10.847125
de8/eda8c7871090c	1.106052724992548	6.0945
de9/5207b0a449a65	2.8138978373781076	4.5760625
dea/6863cc3094b18	2.6334803710535457	6.417375
deb/40511a1362248	2.5073969711487125	2.4996875
de8/cd6d5a56d6544	1.9016229935706428	0.915375
de9/1141763bba833	3.189257309432161	7.5506875
dea/5d9fdd3aeb06e	3.4876698181115167	6.412
deb/0476d2166f093	3.286761879414396	27.1315625
de8/895f3a8970075	1.708744762227802	3.9420625
de9/eb6858e9b8dcf	1.096256623655432	4.7446875
dea/570d9dfc7e249	3.226995592602631	7.70425
deb/81891c458bb52	3.164529015588268	2.4381875
de8/54c0ecfd5864e	3.4151310846839706	8.3231875
de9/924c6e1c019f4	2.4453088587826586	2.3178125
dea/e7aeeb29544ca	3.285924307120331	4.24025
deb/aee7fce8b9c7b	2.7618064136812817	2.0661875
de8/463e0c208148d	3.3106075811891422	9.42275
de9/0e5e10f9167f1	2.777906008081114	1.9770625
dea/da39a93488043	3.3614436995520673	3.8613125
deb/2ff7e4ad85ec5	3.218872699943341	2.630125
de8/8be1d5774f9e5	2.266553940914991	10.1849375
de9/eabe36af756db	2.8722079438547197	2.6004375
dea/b6f6888e79787	3.2009330942017526	5.3179375
deb/43a0bbd190979	3.0855737154924547	4.89275
de8/48646c0955dd5	3.284470181496075	9.4874375
de9/5635587059fcf	3.477532342307343	12.12825
dea/7926856520491	3.377708658299822	6.2685
deb/a167a91c9ae09	3.0636625080877877	1.3934375
de8/03d5f15073dfe	2.3117330651289305	3.0594375
de9/35165b09e4016	3.381799688002627	3.2884375
dea/f29a93ea3825a	3.3377044369260123	5.33025
deb/4c01afc21dd97	2.3598234490048924	8.3283125
de8/a0be0175b1a89	2.6079061175049643	3.0685625
de9/a301a3b3abc37	3.366446256994194	5.8815
dea/b4dea928f86c3	3.264641719131752	13.687875
deb/c90cb5596b675	2.2946414178756482	3.6385
de8/1987ebdabc1c2	3.253018225118258	1.8440625
de9/fccd1b731492a	2.711474158109584	5.219875
dea/070d885843ba6	2.287136104012342	1.3615625
deb/88b04f1cfcda5	2.942035073000286	4.8843125
de8/3c77e7c786595	2.296082637722932	3.16975
de9/ba3278daed33a	3.3096664013082266	5.23125
dea/e0f47a26ba134	2.9648399380999186	9.129
deb/9c8f8cb8cfb53	2.695079037715143	2.9341875
de8/391565ca4b786	1.8791722660049637	2.5696875
de9/873190225fc19	3.4009290075012615	7.389
dea/8c78a96b90e82	2.232888724750326	1.48975
deb/658fbbaf753af	1.6462442902254808	1.8356875
de8/f66f76b10407e	3.0301906916309114	3.4889375
de9/5b330d6dcd0c4	2.1240071996740792	4.2305
dea/ebbabf79d621a	2.7311500332522227	1.7535
deb/f20e7022188eb	2.958925613553039	8.8790625
de8/dd3b0c0baaed8	3.457236015483549	4.5429375
de9/2123d0338ce51	2.692315273089075	4.559375
dea/7f94da3b2efb9	2.5832472252551466	2.0754375
deb/2e30e665f9582	2.93318408865288	6.856375
de8/82f87c9e6db14	3.1627998921173677	4.478875
de9/867f616080e8e	2.4360335888190634	1.2825
dea/7416bedf306fb	2.373899860586771	11.662125
deb/00b1835bac4dc	3.462329175214274	6.00775
de8/89d817b007c99	2.170687095994685	5.9776875
de9/98618b621deda	2.9409224670194942	8.0163125
dea/ed07b3dbf1577	3.0662440096180634	3.6054375
deb/e47cdfce0fd66	1.7998568367529275	3.1371875
de8/563410027cb45	3.3648023161990133	9.0811875
de9/ef87fa86770f2	2.219566214919677	1.1565
dea/10d9ce0967423	3.1390341213759525	6.543125
deb/14ef733b78880	3.210840561291524	3.1974375
de8/73f94758337a1	1.7864691991303638	0.7203125
de9/47ed81d274af8	2.458325690276646	12.6845
dea/89e9deeee5fcb	1.9136500552237856	1.0335
deb/ebf530630a495	3.334274245765558	2.4265
de8/ffc0e6a61e5b5	2.6328652855390584	6.43125
de9/7950dd96ebc32	2.6784885422593394	1.73025
dea/a37c387577cfa	3.3014080964038066	8.7575625
deb/e80bfb623d07c	3.4164382308756323	9.4653125
de8/b3111943ea99f	2.9672592009933756	7.3901875
de9/19d5f3f4b0f17	2.957785545549114	1.347125
dea/942ac6f8565e4	3.15552810887837	5.6993125
deb/624139aadacd6	2.879527639830014	5.0998125
de8/866441b3d2b75	3.524202913210764	7.9831875
de9/90afb1802bf86	3.0523237474440355	12.80475
dea/650df5f226046	3.4323350570485256	11.693875
deb/0e322bdc73e0f	2.7670515067808714	6.1041875
de8/fed2fc9d543a6	2.031957309376381	2.16425
de9/5ad3c079fa504	2.029299621475516	1.335
dea/877defeeaec49	2.234538270295948	5.6079375
deb/2f0708ae8bfa8	3.408647009455976	9.56425
de8/ef6934d43f248	3.400598711681733	4.8829375
de9/8fe07b39b14df	2.987056832640814	10.3426875
dea/7a7f55ff7abca	1.942682639119608	1.65
deb/5e34285257d25	2.2212987914393048	3.6108125
de8/6c94d153ee07e	3.0704907379803292	6.6705
de9/7f1b431c50d5d	3.405987906375471	5.18125
dea/8e1d9d42f8c66	3.154524119357749	4.8900625
deb/8b8a5803a9a51	2.691088643328839	1.31825
de8/60da6e0391957	3.445805150498225	3.82875
de9/5cde91a28a7de	2.4900766020997285	3.294125
dea/b2e5c0c542239	2.4106205733545223	2.7820625
deb/46c9e25f38994	3.2221564599799053	3.664125
de8/f24c60e6d77a3	3.402161410531515	9.134
de9/599c184428b16	3.4475727640613223	8.4929375
dea/75f1e72b99df2	3.3383095557913838	2.769
deb/c38c93c894546	3.3839842105944196	10.7599375
de8/522b223d70426	1.259099464969684	1.2969375
de9/38f57a54ab73e	2.4190359837977438	5.0106875
dea/3d46a15ef99bb	2.1698650626646763	7.9705625
deb/2d03f61fd85bf	3.2921643258503375	4.203375
de8/dfc2210d5469d	3.4777289960052755	7.781875
de9/4c9741c232577	2.828322623921805	2.79275
dea/1a3c1fe84a0b8	3.340741962415371	8.7978125
deb/edca961a1eb62	2.6969478246406995	2.6098125
de8/dfb4613b3715a	3.1817089771219655	3.382375
de9/7c30b1bb6e27c	3.053179762508727	10.671375
dea/3e4150d1976cb	2.5573206192195714	2.0581875
deb/70fea1e6126ad	1.8799087815206448	0.7203125
de8/34d2ae20a4ac2	3.373720707667342	12.3666875
de9/f611aa137cda6	3.2583012561857165	6.7291875
dea/0de230541aefe	3.1509202877532645	4.884375
deb/1a909a7e47523	2.846885367994816	2.6645
de8/80e6287eefc5e	2.6333185566173674	11.42025
de9/ffd5b359c33f2	2.4430221245107093	2.2300625
dea/6d5b553b430b7	2.4578989329503083	3.1484375
deb/2dbffb713ac49	2.434373713446254	3.566125
de8/64d5c16aa9947	2.3311496591963805	4.538125
de9/500c3ccd25e2e	3.0223188826029856	4.826875
dea/e45fb943b1dcf	2.57343932783792	3.109
deb/650c11d659f75	3.4087025531883843	3.230375
de8/ed17b6ec08349	2.608339869780995	2.551375
de9/1568766515f49	1.7598055436215527	2.810625
dea/5d0585467cc0a	1.5040593697886373	1.00875
deb/7ec846b8b2b68	3.3972775180439307	4.075
de8/8442780e71c77	3.194173087944666	5.7505
de9/2c05cd1168c8c	3.3588730119306605	7.901125
dea/879c7bebf33e5	3.088037916878891	2.97025
deb/a45e5a1446a77	2.1477194263284662	2.9725
de8/d3fb444820417	3.192911659138755	9.4651875
de9/30537a08e1b8b	2.586991862042501	7.52775
dea/7c2cacb718bf7	3.2814597500649088	29.8094375
deb/a4a8f95cc802f	3.095062326848923	3.6100625
de8/8acd18140abd4	2.733005750841382	7.1035625
de9/a8b7a37f69544	3.3826492269154547	6.613
dea/40a9b086427f8	2.6218403437697346	2.61875
deb/f55a6cebe43be	3.2143024289372866	5.3805
de8/ad3a06d294f01	2.805648114077865	5.2195625
de9/ccd16890a26ab	2.2490111643136728	0.961
dea/de31ce2adb935	2.691734953014269	2.1265
deb/e456cd5af7f3d	3.3136526339477586	3.5660625
de8/30cc7c5a7a43b	2.321371843536415	4.136375
de9/72bce8bcf6fa4	2.512558907072394	4.875625
dea/2dbd1ad5dc98b	3.011601894232702	13.392
deb/184b9e2feb5af	3.3927776905577134	10.1830625
de8/b1251ab2d2a25	3.3475095759610753	16.2518125
de9/929593147d201	2.4043048361396266	6.984625
dea/e403de3f9e674	3.407128237514915	10.939125
deb/a6c667a8102ac	2.51755811990739	7.2426875
de8/5bdd4773f7d39	2.948340975577463	8.8365
de9/a60e4ba69d6a6	1.89829009361988	6.7351875
dea/0f8111204f191	2.8108214905624775	2.1853125
deb/68cf1b83a9a48	3.102149066125911	2.4370625
de8/959aac36faf94	3.4571619396755287	18.485125
de9/b05ba7214c8fb	2.6419101015520776	1.7545
dea/7d86b6e0df8df	3.280938738078205	7.54525
deb/3b107e905dd51	1.9066244292008967	1.7310625
de8/4753235c2cd52	2.6139026926537023	2.8359375
de9/5d6f1686c33d8	3.181229857206951	1.95875
dea/6a36fbaad1418	1.7228626584128521	0.9606875
deb/79a1d4f0659b9	3.209171510194838	3.596375
de8/bbd28d97b50de	2.7604511138762504	3.2714375
de9/7808f65735941	2.2298143327884032	2.4196875
dea/8bd521112c49b	3.547887512349524	6.110375
deb/5774adcb4e592	2.4114402014041003	7.0530625
de8/0aeac0e9761fd	2.1829168725987715	2.0446875
de9/6fb80f618586f	2.21091489527964	1.4420625
dea/30d294fe94973	2.606998802892621	2.46675
deb/3510945a652f0	2.830740584881461	3.005125
de8/18f5debc06173	3.0311862938429432	10.722625
de9/bcf5dfc0ac996	3.335931429750315	7.3455
dea/2aa1fffa0f7c2	3.058318975632662	8.78925
deb/fcb88d215c144	2.748850159073264	1.89925
de8/0d61af9c53c01	2.4314458523286664	1.7791875
de9/c7f4526fcc8d8	2.4787351304180483	6.741125
dea/8c147032cf65c	3.5356971925002267	11.5691875
deb/63444492cc3d5	3.0170290917833174	10.516875
de8/dad71eb1fd293	2.711750093701691	5.807375
de9/3854b697f59cb	3.187641911492983	11.3909375
dea/4eadd4195c947	2.8837116751961704	1.7300625
deb/b379750307cb8	2.2361359112069508	2.7523125
de8/53d87cb1b65f3	2.415831608846263	1.3540625
de9/07365c7638525	2.83638861889936	2.9246875
dea/5d101d89d4d9f	1.8458833752735957	1.6823125
deb/cbd2dfdbae6a8	3.456061208921906	12.4378125
de8/4667bec43afa5	2.981424664912994	11.383
de9/88c1ede235906	2.976017962218061	5.0045625
dea/8b15d4400373e	3.309958881974667	4.6160625
deb/8149a68ea922c	3.1419311239716112	5.8591875
de8/b0f585fec9fe7	3.4481875688623234	6.2188125
de9/85f91424c8cf2	1.7870238931605344	1.44225
dea/4a20d21999bac	2.636123998111819	2.4829375
deb/1fbf1b0c7e464	2.601706858110235	1.3455625
de8/e4bfec0184822	3.035539000338989	12.1349375
de9/d85a5f567616f	3.436337140223956	11.236
dea/0c34d50feb03a	1.9640218189626333	1.15275
deb/2a713c6daf39c	2.7001109723407795	2.19675
de8/83f36a11cd67c	3.1060471105008842	4.9160625
de9/21e177e027677	2.2130624491985977	1.8405625
dea/1b3d2fd88d129	2.5430349933483845	7.9835625
deb/1dd8b4cd50ef0	2.5185764421000565	6.8069375
de8/2daa734c23acf	2.014717801466779	0.9365
de9/dde92634d407b	2.3860643609745877	3.9178125
dea/ad1d6b6b7e07b	2.968520039047585	1.895125
deb/cf2a767dcd7cf	2.133126811069757	5.974
de8/50c61a2133a14	2.7996208374546487	17.114125
de9/f3315f8265558	2.8076335113555415	4.5819375
dea/b4b89fd51ae85	3.5002199462789614	15.9079375
deb/ffc754b596981	2.5472020674942137	4.1376875
de8/a2211bf5b8eb6	3.0086674382176795	6.8095
de9/d665f972861f6	2.3137772181989873	0.9763125
dea/7d78825c89031	2.0256327988607987	3.9124375
deb/9b7fc0ef17780	2.5995068222891637	2.863375
de8/ae7ab6d45c2a6	3.332499691161307	6.8215625
de9/9a57d5e60f11f	2.6260883546563956	2.6885625
dea/1fd93d9896782	2.5473053493743354	6.225875
deb/3ff8787cb3b09	2.728262121314733	2.619875
de8/a6bced2a2d610	2.4022693555499655	4.651125
de9/b915f0bf0b247	2.875183393198493	5.2503125
dea/f5f471a431d9a	2.0758492033789953	2.6711875
deb/94fb800fe381e	3.2112340872490392	6.55825
de8/8b39651174b9e	2.8069946905975938	4.96575
de9/dce12f1425a83	2.552226197348755	1.99175
dea/fa9fb88adcbaa	3.4429585448030546	10.7089375
deb/bc74ff10820bf	3.4385274789776012	4.0445625
de8/fa6c7989064ff	2.012063649906912	4.5884375
de9/38b99626f8ca5	2.8731721491866598	2.3398125
dea/d5bb41b5c4345	2.180844877382335	4.3930625
deb/3b548b8d0c0ca	3.4305153651923868	4.4391875
de8/0d1cc84e9bf8b	2.8599944755985476	8.212625
de9/968f4d3a9279f	3.3320128382453	14.0236875
dea/c14c52be29636	2.757368697242545	5.0170625
deb/cd7249df96143	2.846798420565614	2.5354375
de8/238d88f08fce6	2.577075196530917	4.24975
de9/ee1deb1f7db1c	2.905827547321232	7.7401875
dea/e91f864fe1550	3.117396781241166	5.2099375
deb/8e06d8313f0ac	2.4180863910503723	3.728125
de8/c7e98e0d6cc92	2.5753251267637505	2.2443125
de9/6eb88f08462b7	2.781926416951664	1.60725
dea/d1c428142d923	3.2657201870936583	5.193
deb/641b877f5615b	3.0825662524552424	1.3934375
de8/d04c2b21bc228	2.318717623142315	1.8164375
de9/38766e9fb95cf	3.045656958806684	8.8358125
dea/d81ee781b0498	2.799098695008531	1.0568125
deb/62e8253f1b4fa	3.0261194365293598	3.0034375
de8/f7c6690b81695	3.325422046979733	3.8151875
de9/d9116d4c892cd	2.8602570071476716	6.8299375
dea/4f431358cbcdd	3.206411594027086	4.201
deb/ce1ddc2542d48	2.5951706304799664	8.961125
de8/e6931421afd3c	2.647787244114974	5.4948125
de9/68ab91c940fd1	2.3470598423279383	4.0086875
dea/5bdd3c8050e2d	2.639246051183114	6.4110625
deb/7b9780d1a6c43	3.3741480298026794	9.7859375
de8/344ed1314126d	3.472231429932105	7.307375
de9/2d5dd9f278f71	2.9119611914145693	4.2085625
dea/b3416fc0ad2af	3.436322867430468	8.4955
deb/666990103aa84	3.2558417440244733	4.5335625
de8/9e622434ded39	3.2990479514833804	21.874125
de9/19c40b7429a6d	2.5249908834753545	3.349875
dea/875702b5e9560	1.922111856740367	3.437125
deb/b9856f63ac1f4	2.400222196919475	3.255
de8/2882638f16d15	2.9921682762679933	1.9665625
de9/1e317729428d5	2.755901125944596	7.0054375
dea/7e14d8e1cecbe	3.4306927010497716	7.5761875
deb/f05b03ed5a5e9	3.145214409702702	5.5358125
de8/2c6d7457bba58	1.8663450371538084	1.673875
de9/383e8e5a4aa2c	3.254841060376141	8.3400625
dea/153bc94f17192	3.12119521908861	3.5313125
deb/1771aeb0b81cb	3.1355627703369273	14.6918125
de8/b79a7cc2b0d80	2.810682421433602	7.584875
de9/6229439469573	3.049485084719798	2.103125
dea/bfa01599211de	2.9589969665515894	3.069
deb/624f4e62d8648	2.740990464446926	4.66875
de8/c75bfdd1f485f	3.072213158789499	4.96525
de9/424c6776fd7ad	1.8670641845255629	1.1535625
dea/e269957cb0538	1.674899049172185	1.8105625
deb/5cc5f81cf3955	2.6429198524749333	13.2236875
de8/e2c894745f8c6	2.3611656030152854	3.936125
de9/5faf2ca436070	2.882941406761629	8.8463125
dea/8da9d0716d9ef	3.3603671737212637	6.6695625
deb/b2e4a431e58a5	3.2647639570697122	3.187375
de8/e19765dbc1ab4	1.0850086137260258	0.8164375
de9/3c98837a724cc	2.6868698881084523	1.5374375
dea/4957f3921ce8c	1.3573999386792721	3.1416875
deb/16fc4114a3845	2.510698518364568	5.4650625
de8/8137fa9a62c50	3.4131155169094543	15.3241875
de9/daf0786fe20b6	3.3756276477534946	5.9856875
dea/9c7d51acc6323	3.307249395178919	13.8271875
deb/c47fc58aa5969	2.747898922409042	3.5314375
de8/424f38522512a	3.1293590708368644	17.079125
de9/a14b85dc25e39	2.889820114601669	4.888
dea/acc8c7a41d22b	2.815044904201096	6.3594375
deb/47ce613d1ea85	3.101750940527164	9.5436875
de8/39926f91aead0	3.3317888862911524	4.64275
de9/77269cf3ef845	3.4938379682875946	8.3734375
dea/667cf65258da3	3.0835872347864424	9.164125
deb/484c844cd4ad3	2.9064069223756523	2.123375
de8/f02728c690464	2.4725768277467877	17.4639375
de9/50a16617b259c	3.283727178619254	7.9985
dea/73a0b0b6047f1	3.099452951199933	1.826875
deb/a430dd75830f1	1.2798004281609379	2.260625
de8/12becad63be6f	1.9902635597695917	1.6348125
de9/eccf3a3384e35	3.108679170550758	6.7228125
dea/ee5e28c54aa2f	3.1919849086371643	7.0711875
deb/e22137b58b81a	2.9584309009885277	2.3584375
de8/a3d7ec27632ff	3.1142399286174203	1.1783125
de9/5189bb72dfdd5	2.4680047572250867	7.4821875
dea/843f886fe911b	3.346644376630564	9.643125
deb/5e6f67ff98739	2.9565500378429346	1.592125
de8/3733d0a09939b	2.27349908037811	2.0179375
de9/a1e676de53c44	3.474871805690713	15.4748125
dea/1aaa5c4bbc223	3.443410498310668	8.174125
deb/1607160102e54	2.1878719205873844	4.239
de8/e6a1f70943896	2.3546200617282196	5.907
de9/144bbdb59a491	3.359759145972879	13.0336875
dea/835306ce140f3	3.4529754551964293	4.6111875
deb/1bbb1601ecade	3.180113197374438	13.4575
de8/41374d2670018	1.8491602556405937	1.9216875
de9/337c9a87fba33	3.2844103024922373	8.587875
dea/50c89f558bc6d	1.115583528812671	6.127
deb/7691e5f830b6c	3.3010750307679766	7.3445
de8/5338ecc27ecb3	2.469275532747685	6.4150625
de9/7c32a513a447b	3.0635540074755214	7.0519375
dea/f6004ffa939a0	3.0656381277681786	15.902375
deb/ff73e792d50d6	3.425412849825733	15.9079375
de8/daea03dd580e8	3.3375598024486473	8.9458125
de9/9035cd404e601	1.8563889446560098	2.78325
dea/90f2ad9bfe789	3.1590120447794945	4.307625
deb/e0ce68223f584	2.7972677636891943	2.3854375
de8/0f336bf08a301	2.567375985643755	15.379375
de9/b61665810dbba	3.175903493682255	3.5938125
dea/8113e3572f963	3.1137409539385534	2.498125
deb/5fb00d989fe32	2.3629064503491803	4.961875
de8/3685fc10cd893	2.1281069825588212	4.8566875
de9/b78c1be87b59c	3.226585361466172	28.3414375
dea/66a349d4ce77b	1.4814833132009333	3.5370625
deb/fc9cda544f1c9	1.981912586939362	4.6973125
de8/9e8232e3f9823	3.1173102666697035	6.0534375
de9/d96fe29ba77c9	2.9326690641491435	5.3125
dea/b57b19cdd0460	2.2630441648636266	10.3268125
deb/9120a823df8dd	3.194721436526431	3.8949375
de8/ed9a9ef5e2f37	2.0932146702513985	2.046125
de9/8dd6764f590bd	2.935262262153123	5.157875
dea/529b5f18141a6	1.5987474944967244	0.81625
deb/4fd190c0df441	3.337919143886182	5.1944375
de8/231ed26f0f419	2.513281641386649	3.655
de9/30c1a9f700e8d	2.450696302755863	1.2016875
dea/d7840891b4dea	3.217473317786921	12.168375
deb/25a2f55955191	2.111751217421991	4.394125
de8/87a99cdf48128	2.8651659741938005	7.5373125
de9/971c72d7effcd	2.021005104185646	0.7961875
dea/e208bff4a1109	2.492536110344886	5.87775
deb/c02c8c53d781d	3.2991306908731017	2.53825
de8/7b2873f2befd1	3.0258939462591585	0.9126875
de9/fa963330c356d	3.216625251369668	15.6300625
dea/dd9b7ce5b36be	2.9076990371453477	3.896625
deb/8fa7102977a47	2.9617595414431546	1.51025
de8/722677738eef5	3.419763143295087	13.30575
de9/d7de486a53f0b	3.4516779459650695	7.76925
dea/e756963151384	1.5806077357047588	1.7310625
deb/39ae57c0e98de	2.5791346222643807	2.5148125
de8/df222daffb0e6	2.9973501071584305	5.7860625
de9/89b1016d32289	2.7265934960180114	5.8949375
dea/83cf2ff2d06e2	3.0731327168115934	11.453625
deb/fed6208bf18f9	2.5304171247902163	8.571125
de8/d46a2c83a8522	3.3462546292782895	16.8585
de9/cd453aef6d974	2.770802368619927	4.0976875
dea/bac370277d9dd	2.748817469453789	5.0266875
deb/55580c1df733d	3.322940065730181	4.2375625
de8/4a75fa9775427	3.3966903136369235	16.879125
de9/5f89eabda13b3	2.7018768789668064	5.7968125
dea/793b01865d7b6	2.181994733888331	4.8656875
deb/e65dc1697e02f	3.009212970254377	17.334125
de8/e1c374500046b	2.6145089582919367	1.560875
de9/47e2f7d483839	2.352016809281346	3.3155625
dea/5e7420e685d9b	3.27771167954884	8.7180625
deb/d47b3b4fa593f	2.519600516051228	5.9275
de8/cdc70d4dd5eef	3.029368371402288	5.8185625
de9/762afb9508801	2.717470991015157	5.45275
dea/8d824277378fd	3.2046587112499054	11.121625
deb/18de94f903b1d	2.5569533220947065	4.1633125
de8/6abef0359ff3b	3.0632884837106635	5.526375
de9/198c855f873a1	2.922136638388918	5.548375
dea/689a1fa82902e	2.433380109115364	5.1715625
deb/4f23ed6d22fdc	2.6622359504393827	4.0368125
de8/cb32ea25368bc	2.8844583449393433	1.9800625
de9/0c045ee1766cf	3.289061910445902	12.8849375
dea/1d4e39b5ae629	2.4461870319579195	4.59625
deb/299a9ffeb4a85	2.51606497228396	1.0566875
de8/61c2ed40ed21d	3.2358234551757796	1.915625
de9/ae6b855ce81e4	3.465198017011797	1.9931875
dea/d6744cfd363bd	3.0723286488495107	1.852125
deb/25667f2ba38c6	3.1867111644766952	8.134
de8/bc08725928a72	3.094174555545312	7.0795
de9/3711c07111df5	2.3830791232641815	1.104875
dea/3641931c78f87	3.3741037327847847	4.652125
deb/45f18d4c83a9f	2.710440848781548	7.5001875
de8/ca8fd5d3f71b4	3.0257656482383837	8.1045
de9/4eb3a32b9caf3	3.271658737987727	7.577375
dea/2891f876a80f8	2.927613017867608	2.19075
deb/6b1f7d2c5fd83	3.4339228535581623	10.0775625
de8/e178d30f27394	2.7692245492064163	1.3445
de9/ef7b170da4a2d	2.2560519275574795	3.9605
dea/398badfad6a5c	2.334157697838807	1.7295
deb/5aee5a121fde5	3.2796068841615416	14.4203125
de8/c582a19a0ecb4	2.577511930033892	2.33525
de9/c87e8ff2b0a84	3.068194283309094	7.778375
dea/a612544e25620	2.962198842038152	3.7976875
deb/e00b0fc3532d8	2.351353545927068	1.5368125
de8/acde685e6afb3	1.9797127048259107	1.31475
de9/2bcebce5658e5	3.3992174267406625	13.240375
dea/72b33bab375e2	1.9807988765520654	1.681375
deb/4130a00e17351	3.3427898801267983	8.3418125
de8/f623ae199da0a	3.437025303739824	6.475375
de9/a87de772c482b	2.281889529010248	3.0749375
dea/dd8ecae8dfc79	3.436828340553065	6.9808125
deb/dcec541d69bfa	2.198278720651322	3.29325
de8/bde5f96537fd3	2.6484614385422223	2.885625
de9/c4b380ecc6442	2.879166575349244	6.67575
dea/00ad020bcf4dd	3.3241063102173958	12.1755625
deb/a52ab4729493d	3.2414060513052667	6.4695625
de8/efb6ca4f8c4b4	3.3085735861357066	11.06625
de9/ab9a9a8eca23d	2.663085431314531	3.51175
dea/cc0877aae9b66	3.124282630256796	2.9854375
deb/38acb10f74dfa	3.36415761765656	6.8735625
de8/1c368c4638fa4	2.6982312135592403	7.140375
de9/9eca5630f1447	2.542857887985943	4.2528125
dea/cc56767f7a8b5	2.5435796640245067	8.452375
deb/64195d3efd67e	2.7418704171145385	2.199875
de8/802c2be69d32d	3.2841716789503077	6.78425
de9/cc353d6395a37	3.193220483486059	7.5155
dea/414ad89690b04	2.6901788620784166	2.73975
deb/00a9b68828123	3.0252493508168556	1.72025
de8/664e852dda322	2.1333800431170533	1.2749375
de9/266a123fb05e2	1.4705148132474484	1.336875
dea/4b8205e64690c	3.3380350641325576	5.178375
deb/179581ab9a198	2.2022398247667008	12.9989375
de8/2c8a575d72d07	3.1209019228795127	14.114125
de9/bb56f748f1c59	3.442263437351234	7.45975
dea/e449337c4022c	3.052217652606689	7.0935625
deb/23451ef88952b	3.1938269582978407	4.3460625
de8/f1774dbb59106	3.135545496628168	11.896625
de9/09351d99581e3	3.3832102613075166	16.3558125
dea/9bb34d5557b94	3.1849437256464426	3.8833125
deb/d3525dcd2febf	2.2954697441105325	3.92575
de8/c552fafb712e8	3.1693455499905667	8.2234375
de9/966af714ae392	2.4789701280879064	2.021
dea/e3274649922bb	2.677128811807806	1.99875
deb/404fe76184512	3.0864601760519768	4.185625
de8/64956e03dbc6f	2.28406350419974	2.7905625
de9/5428eacbdf3f2	2.563541048194113	2.0134375
dea/3a79d4441146b	2.211328799306137	1.227
deb/f3ba3df2db172	2.9507351853714385	6.0866875
de8/031a2f5f3b78b	3.1849381934333345	10.2825625
de9/486d76e673012	3.253719279842559	8.9656875
dea/94e12e5659109	3.235175018348245	5.43025
deb/06d81bb07e13d	2.216712087877133	2.28925
de8/48d1a630a9b4b	1.980121978402953	3.2485
de9/2894f83fc9f1e	2.8520961797038558	13.5391875
dea/45ec0b25a4a79	2.944556524106411	8.891875
deb/d4c92c441422e	3.296067701954135	9.897
de8/46c9edfcf464b	2.0853098710137763	5.6749375
de9/088686c786c09	1.1123794357655556	1.2495625
dea/255bbf663c91f	3.1675244578978394	7.700625
deb/5c2498ac462f4	3.3329301300432053	4.654125
de8/fb1580359779b	3.3339558706414594	3.158375
de9/dd39765cf65dc	2.814828478608449	4.9705
dea/1a77ac7124de5	2.6332868762533876	1.444
deb/1792b87ffd03f	3.1603977995716988	9.57475
de8/7c121237986ba	1.634750573316269	3.5295
de9/175ba9ab78e66	3.264637832584654	10.85975
dea/2c40fb293c993	2.7051135961734443	8.2161875
deb/f5e0c311801c1	2.7445438177373154	8.354625
de8/d9dfae5d45dc3	2.7746513571107974	2.688
de9/94e4629da33ab	2.402151471860389	3.6141875
dea/f6e61b1d9112a	3.463057593234422	3.5945
deb/679140c49a1ba	2.427275119907189	8.0833125
de8/15ccd7cee577c	3.495966397404296	11.1386875
de9/bf0d2ea204b9b	2.2280637745128495	4.837625
dea/883214251e071	3.1000455550349986	3.6854375
deb/9fe598d90e9a7	3.262193266071123	4.8964375
de8/8f479b44a4385	2.879257547177811	2.067875
de9/bb990eedab104	3.0243203529961584	8.0908125
dea/ee4827b2c6d8b	2.850098285443549	6.931875
deb/511aa6f2b79f5	3.0637110403835686	5.82425
de8/f621dfc07bd56	3.1972718467423857	10.252
de9/b32ee3b8a345f	2.201898633872972	5.4824375
dea/f2681261df21e	1.063338490028043	1.477875
deb/77d44c42d1d30	2.14136704475031	3.0079375
de8/083c47cf2d9a2	3.4365045734801694	5.5229375
de9/32ed92885968d	1.1690394415677252	3.5864375
dea/f5b1a96a4de9a	3.1902983064181916	9.75875
deb/dd1a810be3be6	2.213795790860724	1.5376875
de8/0ff6d06119a3f	2.64990451735641	1.200875
de9/f74a69fa05a47	2.0982092525712295	5.1724375
dea/2f347ea67d2e1	2.7520027815678922	7.0515
deb/39e6e2c122980	3.367354989628549	5.103625
de8/7eb241a9b4b07	2.8528616936959983	3.6885625
de9/2f32f4c36932f	2.4557605794309896	14.2706875
dea/7fdd480a9436c	2.0057154254365708	2.1613125
deb/af69745255163	3.3710768091502143	10.0958125
de8/8540b3b62edf9	3.333036434694636	14.0765
de9/964f9ffe2edb4	2.242538454998928	1.2761875
dea/d30bd5abefa77	3.0643692558443685	4.5933125
deb/6e28e727fe59b	3.1966639947616287	9.18625
de8/991eec59e93e4	2.7434748123311707	4.3384375
de9/1041ed5b788c1	1.6442776551120752	2.0440625
dea/280d30610821d	2.6967877554383652	2.4794375
deb/f1e56be1cb68a	2.5316240678914848	0.8801875
de8/7215b80a50e2b	2.8210854855788363	10.9665
de9/d412c3949faa4	3.395025900823295	9.6643125
dea/8d9935a67c1b4	3.0515513648730517	7.2993125
deb/861e05b6d76c2	3.0179690398170633	5.523
de8/db2263fb70e7f	3.0186862814990274	1.1529375
de9/8083f3dddc7db	2.8715672749952907	1.6201875
dea/ce17ba78719eb	2.6327171354369354	1.1540625
deb/1e6afa4a5c496	2.8713663190773264	2.346125
de8/e37b3ffe2bee1	1.6163288964208413	7.05275
de9/cb4b126b7261f	3.132852855944235	7.019875
dea/8af8cea574f52	2.9492057212189424	1.778125
deb/48e96d248169c	2.3456533253850487	7.05675
de8/346eff0c04054	2.6484430676704753	6.6321875
de9/57d4bafde9d2e	2.919526518596258	4.996125
dea/5c32801902a63	3.437263117481983	3.6071875
deb/749ce536a5f8f	2.1086311652444016	1.968875
de8/c22296615cdd1	2.40578127044279	4.832875
de9/fee5be3b52337	2.470305626516378	3.32225
dea/4758c8ed36850	3.196466198015928	2.3598125
deb/dcadf5931dd81	2.542912043313937	10.022625
de8/a26ce8c1adcef	3.050623623332702	7.5495625
de9/c6001a3835ac2	2.3937791562362727	7.1210625
dea/ef83863dab439	2.6408855920017884	1.8755
deb/71eb3f0a32945	2.8066976915841964	6.2169375
de8/2ade772713292	2.975892074925602	5.4775
de9/b28b5aff7673b	2.1412714620327553	6.0606875
dea/8d43afeb0be7f	3.499011483181566	8.4731875
deb/2880c0ab780c3	3.3874099179524433	8.0770625
de8/01d430091ca63	1.1521614226946608	2.3540625
de9/59ef7ffca10fc	2.8727952372468373	6.5394375
dea/8429d3e2a2865	3.2172237645338804	8.0269375
deb/71ca49c3c07ab	2.976814037123538	7.1636875
de8/efb8cff950403	3.0398581998985033	3.4648125
de9/c6efefdff27b4	2.9949012555627776	3.33225
dea/34f21034c3885	2.438326960149219	9.5983125
deb/d603aba6c3ea4	3.3488439627169533	7.9084375
de8/3619cee377125	3.5372349415981508	8.4325
de9/3926cf511b76c	3.218615667757219	10.31525
dea/07408b57a41ca	3.2589838834890723	8.8625625
deb/3dd6a453d1973	2.3912716118315083	1.08375
de8/318d4e5371358	1.963611589895005	1.634875
de9/700307d6348e0	3.422154059702352	7.1898125
dea/3a611620c5e8a	2.9179544760428926	6.2966875
deb/3978ef3de62fb	3.087310377421825	3.68575
de8/372cd803a4751	3.241117157525488	11.0934375
de9/ccaa895bb4931	3.339666738158633	11.4425
dea/184a05098b6a2	2.3326497467154934	1.551
deb/f4c4f138c1d95	3.020559985982016	10.589375
de8/2d8af451676e4	3.2053813533726965	2.07225
de9/abbb5654b9056	2.756605850351663	4.811375
dea/334424b32d11e	2.6109091615926308	2.20175
deb/062f4084fdd8f	2.207105954467004	1.5870625
de8/ffffaba0ef2fd	2.866670796557245	1.634875
de9/4bfa8f46e22e3	2.963718006909602	5.9110625
dea/96b812a5fb3d1	3.1000855647719665	10.19175
deb/b7b6f6d49145c	2.827323776499062	1.6736875
de8/a366d900dfaea	3.3262040297598103	9.2964375
de9/78d5096837296	2.7075637932792986	1.7938125
dea/5b01be28acbc3	3.2445422947800426	9.5535
deb/1d58990c32563	2.865901657163027	1.682625
de8/bb38ee28c0132	3.1347245454837327	2.6509375
de9/69009e077c29e	3.4617806540315597	12.2514375
dea/0b0b6d88e53ec	2.6232202195132124	3.1345
deb/6ba1d1dfa08fa	3.184322053838451	3.701375
de8/1b0f56d083532	3.3940212001839916	4.926125
de9/3b4e3250531d3	2.8480239689437963	1.3091875
dea/b917d06f54b40	3.113573506330578	4.158625
deb/4690a82f8fc99	3.1349578336204846	1.5385625
de8/1f8efc038cc51	2.6877085893996537	1.9218125
de9/79e5e4da1aa7e	2.956378931500266	6.798625
dea/65c4cc8974b9f	2.947626906005264	7.2649375
deb/871f5764ba0e7	3.5130467609396825	9.6894375
de8/675f33af8019d	2.994707409875288	2.351125
de9/3e73c419b0f4e	3.037875874747617	14.560125
dea/9639ec55db0ac	3.0303093629940423	7.91275
deb/261815aed115c	3.252588764252259	4.3700625
de8/ce93e3ae673af	2.3042090512163047	1.020375
de9/5c4b95ba8fe79	2.991514764259091	2.7836875
dea/74b4d5a31449a	3.1727753092330016	2.659125
deb/57218ba33373f	3.2125624543426428	5.8889375
de8/f5910e5d267b0	3.366476027321519	9.262875
de9/0cbb2f14c9928	2.2217419952129407	2.6284375
dea/c530c5d2cb9b0	3.2793679645625495	3.537
deb/3a643edba3f04	2.9383923298714	3.659375
de8/f2bac4b4a4eef	2.5627421451033094	4.82275
de9/2c4e3a9f93ab7	3.213347657758759	6.945375
dea/c9d31368d9164	3.320020326128692	8.3396875
deb/4739acbc181d3	3.3073356698904135	7.1090625
de8/6fd1ffe052287	2.98581957442141	4.3455
de9/87c1b2a41b119	2.9970045536138414	2.497
dea/eee6d47b01e0e	2.5556913331977267	3.7630625
deb/bbe6aed1a2c1c	2.9158532630248617	1.774375
de8/78d45bed2c0b5	2.430528908086358	5.0071875
de9/45bd35a9d0f63	2.946911232081992	10.03725
dea/4b65f8320ff7a	1.9716226036684978	4.1390625
deb/360b32fa30522	3.376721568667203	13.7449375
de8/9683c98e1b2a2	1.134381612802629	1.1051875
de9/6ed39d1fedb76	2.8982680849944273	6.741625
dea/9e23d082492c2	3.0532300336488762	9.68975
deb/8d50ad718c467	2.9258097729362715	1.8646875
de8/fd6e694b23502	2.82497916359035	2.9536875
de9/01ca2e00f9017	2.0803750257397433	5.099375
dea/d50f073a9db33	3.218456684519021	6.4869375
deb/dd7217d9879a6	3.2046017715934356	4.47175
de8/b847b2ea9366b	2.6224261915396214	8.0150625
de9/30df16ae0fd97	2.181141694578563	1.6491875
dea/a91a7b74c6b66	2.8428631804193887	14.374875
deb/03a9d9adfe559	2.4594402617038518	3.84175
de8/26a19037d2d52	2.3752632235889646	7.1683125
de9/5233cb6d8494b	3.1369239270270333	9.3159375
dea/16f1a422bd32f	3.176065582413726	6.62875
deb/9f7c6d07b7241	3.171409249655151	4.7815625
de8/3d7d9cec85414	2.0438985607549736	1.41775
de9/a6c3169267d7b	1.1286084165595585	2.6085625
dea/20495cd70ef7b	3.1232687231511593	4.929875
deb/708e730511413	3.241585321651659	10.2405625
de8/f745d7c3929b4	3.3772046967784637	5.286875
de9/e5c22438365f9	3.462693726646021	12.5713125
dea/d238d1f4cd53c	3.3941174687170825	6.1593125
deb/e8bc40bdec3e9	2.963146994223486	3.5100625
de8/99ec6700361c1	3.275508423329768	2.78275
de9/70eeae46aaea2	2.084934553096343	1.0291875
dea/cefe31c9f6fab	2.9011696323075116	11.2139375
deb/c9a64660347ec	3.3006825224588825	5.97225
de8/c333f2f34003b	3.2487019855135215	12.4134375
de9/7fd83c00b21d1	2.746820242174119	7.6063125
dea/805cc1373e2de	2.906696278164488	5.604875
deb/d9b72039ff429	3.4466690454994953	6.1173125
de8/45fd1427cafab	3.263902233252203	6.46375
de9/cf2e9d0ecaea4	2.8562730885253544	4.6011875
dea/f784c9c806596	3.017291791692402	9.4376875
deb/c17ff2429e0cf	2.662521136463328	3.1386875
de8/30262e16a251f	2.608103414027924	12.6898125
de9/84b0214b937b4	2.023648005063842	2.068125
dea/7681a97ffa1e3	3.303013637203711	4.7405625
deb/e53daa2edb09a	3.197230937860246	4.2485625
de8/78911913427fb	3.3051013135461447	8.055875
de9/cfad13d092b12	3.5467759029870254	6.408375
dea/c337c488dde36	2.987111747103217	6.8373125
deb/0e352b7fb0cad	3.3431842053848655	14.8631875
de8/29a16c54e4fa9	2.0622654440145687	1.9698125
de9/9c0305cb8dc81	3.2892354642690607	3.1086875
dea/66d24732253da	3.0543292540177926	6.4156875
deb/f4eab9748d6e7	2.5533441136686843	4.6314375
de8/cb42c8f307075	3.239857593374576	8.6733125
de9/9c468c19e16b9	1.5685474574533518	4.056625
dea/eb98844903cd5	3.403998445352376	6.90675
deb/72f4e81c5d436	2.9198270173663934	5.687625
de8/dea4d1bb98137	2.913528830252397	8.2805625
de9/9758d2493d0d9	2.479202066866846	7.46825
dea/2eebd9982c910	2.2781490395833393	5.3861875
deb/bd12cb2074a48	3.0837419831310107	3.8181875
de8/0466ffef60fb8	1.2185579509793931	2.0200625
de9/76d78c994fe1c	2.8366200497145186	2.3551875
dea/16e4ad59572a6	2.0076979502832097	2.2101875
deb/218b3cd85b4af	1.8618546760234396	3.63675
de8/275b1154a8626	2.41806284977146	1.2515
de9/08b1873f5bb61	2.932780440980076	1.3948125
dea/7287da1880968	3.1518665739231047	6.3389375
deb/4773344923996	1.10072708346106	1.3659375
de8/9ddc80f1668ad	2.177357293962749	12.33175
de9/6a1b35eb4269a	2.7980053740210162	1.8840625
dea/2231b0d6781ff	2.7904993816387247	4.2525625
deb/663fe4fdba34e	2.2278645179937606	2.1446875
de8/7c820d341df54	2.3276252354716727	8.0469375
de9/6a104ddc09516	2.868321423423437	6.8015
dea/aa51ba955b76d	2.99184620089243	2.4448125
deb/706bbfea48c71	3.3642991082619247	3.5290625
de8/4c715c20b43e4	3.3289747997747985	7.551
de9/f8e5bd1cead71	3.4492408444145384	7.5675625
dea/f67324d543cd4	2.1043039276723414	5.935625
deb/7f0e096a2550d	2.389767254930917	3.2719375
de8/3bb023aba2f68	2.7545388145716574	2.184125
de9/57f33b81ce9c4	2.227353001287911	5.3895625
dea/3648c5510157e	1.4781865874414781	1.249625
deb/e698eeac66402	2.9579442044425184	4.0210625
de8/10c85d7efc257	2.094094933877796	3.6215
de9/a2eafb61d75f8	2.7850660657706534	7.2074375
dea/b2ecd67ce1832	3.3556422496410674	16.749125
deb/e27894e0b0257	3.303284424777568	3.9009375
de8/a762b5190e232	3.209356656775279	4.987625
de9/7e5064f4206d1	3.406729415899998	6.8838125
dea/07f98a78b8f4d	2.4645507350877813	0.961
deb/e179f32d6d9ca	3.296009279784149	3.2110625
de8/caa2e4895556b	3.0941440240278473	9.960125
de9/2fb13c1fe8dca	3.0673267953340395	3.911875
dea/c2bb8eb087d74	2.22767745997137	4.68225
deb/a4f34f5ca2be2	3.163598227653225	2.333875
de8/7ae5f7c10c049	2.3458842332600622	1.58975
de9/648bbec0cdea7	2.5897941322477602	6.6750625
dea/e5d2aed416414	2.8994022864619393	2.4513125
deb/4f82153ae4d0d	2.253023605456157	3.0416875
de8/d90ba67da2f2f	2.5986577140562406	10.3124375
de9/65d7bad720755	3.3835328655505683	8.3766875
dea/d512281bf60dd	2.9879664361651277	5.2029375
deb/e80e68af00934	1.9435442218763601	1.880375
de8/056971c04fcfe	3.4437940956386965	7.1685625
de9/88baec80ae913	3.425872276620894	2.6605
dea/a419b40393cfe	3.1815112242724624	11.240375
deb/f1926187932ae	2.161644064249678	2.723375
de8/ee41c8445270c	3.4211622834778797	20.821375
de9/6bfba270fb599	2.334340372700999	7.0598125
dea/7923c06b7c861	2.1321837934371475	1.701
deb/da8f2cf377877	2.9975644666779466	2.880875
de8/1cabd76fcc88f	2.8301340970385986	5.9403125
de9/6f0230d103e04	3.3245095428472062	4.9664375
dea/df8be22b68718	3.088881722814862	8.6266875
deb/197c7bd3c8517	2.8359037505784603	4.59025
de8/ce602e0b6ab37	2.9521072137892994	3.343125
de9/1d3139b65998a	3.408744695930002	6.1071875
dea/ec91cddf653d7	2.0909783570674665	0.9605625
deb/26c53e0df33f3	2.5835162629199453	7.9608125
de8/dc9b74143c0d5	3.3204822118278847	16.429125
de9/ef5a9e7c1233c	3.2357073600216126	8.3085
dea/f172b64331e14	3.130968603667195	2.2125
deb/02b3808480099	3.105016148027267	6.700125
de8/24806d0d46f49	3.327655045827746	4.42475
de9/0fd5f651cbd5b	2.2069816711879575	5.799375
dea/9d2b5bf4847a1	3.179066886407564	8.5144375
deb/cb13f99452673	3.2022638128760468	2.0181875
de8/2181c7de15722	2.846901198779707	2.181125
de9/7022c58a4df8d	3.296982254432634	15.267625
dea/7d6365ab7ed21	3.1707979282550554	5.4676875
deb/62656da812d70	3.238289687299934	3.0435
de8/9addfe34613d8	2.878762697976159	1.6413125
de9/1b2d35e786e29	2.3915239812398115	12.488375
dea/b7585c3c01d2b	3.383765457198442	11.3043125
deb/23c291490e24b	2.936149315356494	6.9284375
de8/53ff9d04e650b	2.716870556560677	4.8053125
de9/b17828ecf1700	3.394823241803951	9.2524375
dea/2c86bfc31cbc8	2.9634097280874525	4.9780625
deb/d4f3a2108dd2b	1.7038923832387411	1.742125
de8/6ecf070e9c61f	2.5987014522919134	4.152625
de9/d95b312e7572a	1.3125855620220694	8.1934375
dea/4e07124df34bd	3.2018226017037685	3.5879375
deb/9797843cab8bd	3.2830222163358327	6.707125
de8/b93a9629eb57d	3.1034770450064504	8.2965625
de9/936c5679f4821	3.2106588648388548	4.377375
dea/c3369e9537bd2	3.170819451572565	2.723375
deb/c207b3a2970da	3.38709333711785	20.080625
de8/f4d054303b214	1.5384593421679458	1.5650625
de9/9c5b6c9af2346	2.9985124514620725	5.4755
dea/eb00113db7231	3.1348490947535628	14.458375
deb/87556b98080c4	2.118335262635091	4.714
de8/4149937b2830e	2.061728752877142	6.7615
de9/997fa40322969	2.9648374415954137	4.2450625
dea/be4d459d5c7cf	1.6031910767262234	1.916
deb/6adc8631388f2	2.7273870454773044	3.0381875
de8/e696b7e3dd536	3.455443303273364	12.975375
de9/0caf7ff6734c8	2.5268316082641125	1.1625625
dea/0bfd427c8b43c	3.0830064045488714	8.3545
deb/c79bfa6f74863	2.3073517101144323	1.53825
de8/18e60b49a487f	3.1742640424624162	13.1565625
de9/ca6c4b9b4202d	3.2063887213070204	8.712875
dea/b7dd6554ab6d6	3.236675328213238	6.2838125
deb/8210e2281d33d	3.4046109562829723	6.5153125
de8/604642280d495	3.0508111132448072	3.1351875
de9/50e1c35a6c137	2.7487741293710948	3.06875
dea/be3f99bbe66fb	3.0228606697114406	9.7490625
deb/353556fa4a45a	2.9163149577831367	1.6258125
de8/780dbe0b16e33	3.4187259399953054	6.08525
de9/13b729be94fb7	3.061370614580326	5.9189375
dea/5b180a98adf38	2.38888644834457	2.452125
deb/a7a33dcfd3def	3.306759091230924	10.9218125
de8/65b3f03e8f66d	1.206673817776778	1.105
de9/2545a6d6db058	3.1850655362119524	7.8973125
dea/043cb10721ffb	2.548422059923805	6.682125
deb/456f672ffda75	2.087532504840553	1.42575
de8/ab5268e7b1a97	2.469538450210294	9.8499375
de9/f255df35a6f97	3.3300262706070805	13.22675
dea/16e0f7989c402	3.117057687383555	12.75825
deb/0826122944389	3.286891861278747	9.3451875
de8/46579722dcc84	2.0933006597635533	5.905875
de9/5ecb8d41bf6be	2.8081806474961093	5.331375
dea/c4ee16249657f	3.36097445574222	8.9969375
deb/233297bb6e7c1	3.4529284725433587	10.19
de8/1f7a5a9064692	3.2310078710851298	3.151875
de9/f9f9f03f03c63	2.3329071243990778	10.6368125
dea/69ef38ca9e2c3	2.717063883258652	2.40075
deb/52e18b8fe8b7c	3.2630361631826403	8.9849375
de8/2192eef2dd9c0	2.51827309662869	6.4304375
de9/31d0796831942	3.0598950295822753	3.9610625
dea/3f66ca10bd346	2.878450049435701	2.7800625
deb/28cb993c6189a	2.159271130761631	2.751875
de8/a7c9225e67c9a	2.925036663674291	3.300375
de9/845eba797a6fc	3.087589665394812	17.8599375
dea/f3dce4e0500ba	2.235939079578759	2.5715625
deb/1a894ec760eb2	3.173600046131276	15.42825
de8/96899c8241661	1.1019589174358193	1.009
de9/90cea884562ea	1.1159666958719374	1.5348125
dea/d0976303e5f24	3.404023357753011	7.057375
deb/f06eba594acfb	2.8359640732899765	10.612625
de8/3e5c4d63ecb73	3.4888899181621547	6.6050625
de9/c6522a5cbcdf7	2.9933913451313714	11.253125
dea/860d79a9240f5	2.5288580126384166	8.7373125
deb/e82187a2f306a	1.8694354015900483	3.9125625
de8/afbe07350dfa3	2.9281581661261313	3.077
de9/53204c4a8d06f	1.1445521324365633	1.6160625
dea/f888c52834ad5	3.298772019569774	23.4234375
deb/3109cae7a0615	3.3427295490717843	6.548375
de8/3f03c17ab0889	2.4885027340555053	4.2920625
de9/47e342d61ab3b	2.859926346469509	2.52825
dea/0c92d6e84d05e	2.51480779290184	7.3410625
deb/07c96dbc45d76	1.120669737263081	4.4139375
de8/640e9a7273261	2.4642587702963463	1.8261875
de9/881c5a4d54a58	1.9876955655750677	2.833625
dea/a0dd3344b9f5d	2.787663575802656	3.2136875
deb/5cd301cc222cf	3.1371788985295965	6.522625
de8/3cf3eacffc13c	1.9089811952097429	3.3969375
de9/b44fa7f0f6ff0	3.34896594186556	6.1613125
dea/80135e779c46f	3.03972916530468	7.519875
deb/79642ccd74c0f	2.86778861246431	12.6005625
de8/605b1fa299d15	2.102549115296862	0.9605
de9/63b84c131eecb	2.8429606650304384	5.1106875
dea/5f2f15730f2e4	1.0839752533157894	1.3934375
deb/3d37e9d397148	3.1186326059810265	15.2261875
de8/df654f5cf8af2	3.0874574844436298	10.2494375
de9/085edc229d227	2.2118691804325237	1.9215625
dea/e252825e89907	2.5073964458827027	4.1534375
deb/60837fee768f5	2.9156459704585105	9.584875
de8/134676260543a	2.8302671551281833	8.07125
de9/a188a54a85c53	2.733237946905646	4.3495625
dea/3cf2394147ace	3.2745122665073265	11.2313125
deb/f182e5168daae	3.0817061288825935	7.794375
de8/5c55eb8a7d25d	1.1266103009142587	1.4125
de9/67af068d4307f	2.0992286185001747	1.2538125
dea/4bd2b4d816ad7	2.9919258127496304	3.40075
deb/c90b827a71367	2.9159958425708954	1.5530625
de8/84181f0eccc4f	2.6116615521783255	10.793125
de9/de57fa3eb6c28	0.9970638013460604	3.157875
dea/f78ad671739bb	3.2468624296358515	4.58425
deb/77e63896a38c0	2.711078482941538	4.204375
de8/986bf56f138d9	2.4122199460267866	3.90175
de9/f65e0ad772f37	3.1182912741439743	6.3599375
dea/52bcc2950d8c2	2.8297941088503284	4.5625
deb/54e3d4a75dff0	2.8550410526809986	7.602
de8/06b8958dab254	3.2547384528875773	5.1426875
de9/9e0e4984405b2	2.511695430391122	20.881125
dea/ce6b3df8468ea	3.285744661272502	5.1614375
deb/d41aae011f7d6	3.5207381421300252	8.4159375
de8/dcee556210b68	3.3325421462855354	3.66825
de9/ba55d4d78273e	2.6753630980450462	1.5764375
dea/ff60679d10533	1.0980949720854656	1.0085
deb/155d04d0707e6	2.994753869599859	18.3651875
de8/f775c9650d80b	1.8352597999476443	0.8164375
de9/7592b7a2ee0e4	3.3120610713661516	13.5024375
dea/274cbcaca7245	3.2474129622499306	8.3725
deb/69693dbcd15b6	2.270667042368735	2.9318125
de8/751ba93251f1f	2.2268526683772363	3.02125
de9/f69cf014de3c0	2.8706126004003183	3.45075
dea/53b8ebfd7c235	2.562972575656824	1.2498125
deb/7be9bdc7625f4	3.2718184600496114	5.6481875
de8/71ac952e54569	2.6680404124640122	1.6829375
de9/369fde51b2efa	1.0941027073262057	2.4526875
dea/23068060469de	2.9099668037366624	8.67325
deb/68e935331c7b2	2.89168491579948	5.583875
de8/5b41e7f418c4f	3.3924199747323214	7.646375
de9/1c4d8142b20a4	2.5790484366156883	5.799375
dea/cb4a3ee106f81	3.3794591524377595	12.3166875
deb/f6e97fa31a698	2.683713650757784	5.1969375
de8/ef4281c91c0f4	3.230459960437435	10.95275
de9/93f77c43cea0c	3.41097638613084	5.6640625
dea/452bb41158b1e	1.901491085568979	2.21225
deb/2c7d42180574d	2.8880862101874696	9.8595625
de8/25357e188e508	2.4171637986480534	3.2553125
de9/aea9162a74e06	1.0072932399933268	2.644625
dea/304cef10b0c0f	3.5497730858601524	9.9433125
deb/fc725d83bd4ba	2.712264378325329	2.7521875
de8/2464b46317357	2.7363130473283186	3.651875
de9/8472cc25a9228	2.6276697547390238	0.96075
dea/d09e5f84fb036	2.5344515547940163	2.3561875
deb/93311f05f7f0b	3.394185301063531	6.6601875
de8/31469df1927c2	3.4664487402999278	10.149875
de9/ba25138cdb17a	2.2485717837256205	2.317125
dea/6a6e02951b582	2.842282534278617	3.33725
deb/68d6f17db7272	3.289233100802795	7.9059375
de8/be5c4775afa42	2.1861082543263377	1.43325
de9/70c43c1b5bace	2.607243700709283	5.595625
dea/4cf1b9c5e4d8f	1.7105215392128081	2.9335625
deb/109352447d274	2.7284165293325273	8.8456875
de8/4c4dfa8711704	3.1248468955504953	9.155
de9/f96cf1b2f2f25	2.5704783889630325	3.9384375
dea/fb966225797d7	3.3551306668471232	17.002375
deb/41fe9432ca9b9	3.15057691064751	4.82575
de8/cfd9cb6d7b744	2.720571661511518	8.118
de9/25b85f2dcab21	3.0750702692481218	3.3896875
dea/467b17b4c7855	3.384985414675838	17.4893125
deb/27e3edf1566b9	2.087813391809201	18.97225
de8/1e34c6897be2a	2.2145998066170898	2.068
de9/455c0f7bfa5d6	3.2309913748866728	14.28775
dea/0f38aa6428a6c	2.63744525045905	3.861875
deb/23d23c5053445	1.9093353016900816	0.960625
de8/96d076f977cb5	2.7514890352164527	13.0224375
de9/f2430629eaac2	1.8965375682101957	5.840875
dea/1901d59b953cd	2.0860363092698733	5.2055625
deb/0f9080e75dec6	2.510863064992013	1.9091875
de8/a4021f439b630	2.1964170534991174	4.2974375
de9/83dffaa01c7ef	3.061736346201348	2.3851875
dea/d02f6a0b80ab1	3.471806449749907	5.161125
deb/830e568fa8720	2.9376912382539557	1.923
de8/313e9c54f2fcd	2.209009267907127	3.038
de9/485e79986a8c5	1.5746119244027583	1.7065
dea/f38eb1ff7d417	2.769695514328799	4.273625
deb/3977f620e38a9	3.1105999084882483	7.376375
de8/3b45c681ba2e8	3.394089508102651	6.4225625
de9/029f9d195426c	2.605949856779686	5.85675
dea/aef5770871846	3.340806240734306	8.258875
deb/428c3253e6435	3.332930294453328	9.5693125
de8/b0062777d0e92	3.2883180609387828	10.0218125
de9/d25ff66525cf8	2.960685214478779	3.991875
dea/b96a4ab71b971	1.6304630490875178	0.768375
deb/07efbf8cbb4f4	2.454295928109964	3.3495
de8/17ccb6b9af907	3.127518081049401	4.6701875
de9/6e23b8a70e3d6	2.668496673338139	1.275
dea/425e9e0594b7f	2.312708348153073	1.2498125
deb/666110d7f1aaf	2.899906254705093	4.971125
de8/00c2112b1e146	3.4735550527510233	15.10325
de9/5453f7f20d63e	2.6446423409970494	3.40525
dea/c6149af0edd86	3.0850851923082905	16.0874375
deb/1deaf9349610d	2.028864269026439	1.517875
de8/99f9d99e54b02	2.547893163272753	1.5714375
de9/93aa485d65852	2.5496816559543105	3.35575
dea/c492b808765d1	3.3543643867274464	6.3954375
deb/4c60ce5458ab6	2.5621409999592566	3.2378125
de8/5e2b4b9c44689	3.418787196614627	3.2394375
de9/4a8169ccfa5b5	1.2817029682687815	7.3915
dea/219c5142c7007	2.5937294010682663	1.760125
deb/665d46fca0ae0	3.061420838053456	6.813625
de8/ac27e9fc8a67c	1.6829490680182546	2.6225625
de9/5aa56e927de04	3.26327286969169	3.505375
dea/ef05f6f4a8479	3.1678257695344407	7.666
deb/331fc07e5e650	2.335331319753863	1.8753125
de8/3fe92454282a8	2.6476868466752443	2.0191875
de9/02002dbebdba3	1.999584101105336	2.47825
dea/dde567ae59a8a	2.251059309276035	11.4018125
deb/96258aef12fcc	2.969130596846858	4.7396875
de8/f5a553cb5934a	3.24524348790955	5.081625
de9/3c296053df7a9	2.8490398110932	12.4309375
dea/012a248489afe	2.8438905388083766	1.2523125
deb/a25cda59157eb	2.863717394052407	3.29825
de8/432633d3b3895	3.246538517821781	5.6164375
de9/2c56b9062a912	2.1990215216230817	2.7254375
dea/f8be8d3381b9a	3.0436313607496768	3.2144375
deb/e6255272af37a	1.8984026973129196	4.9355625
de8/4c2c58ef06a3d	2.8318923138656276	2.81025
de9/ea868493d8ed1	3.3606057708491823	5.218
dea/67dd484a10e91	1.9164378576807901	2.048625
deb/8dd6395662232	3.266936236691732	6.3656875
de8/552f7452d64de	2.7137731685572373	1.7309375
de9/63cbc6cab832d	3.3570826607571917	10.2763125
dea/800efcd4413f5	2.4821040805178676	5.666375
deb/3d97b9dfa1c74	2.9633545413668054	6.9241875
de8/907b6e954f6c0	2.4222311591893004	6.9606875
de9/0c139010b6601	3.236233472699536	8.7498125
dea/3a2ca24d4d2ec	3.031465559839977	16.3960625
deb/7316e2adaca96	2.9618987635323135	3.2915625
de8/4763af6284c13	2.9588458679746763	3.5038125
de9/bc90292b06659	3.065316186742399	15.428375
dea/b5c29fc238ddb	3.2225121955510776	3.4535625
deb/fe9fce15984e2	2.9160389417090733	7.47375
de8/726505d7698f1	3.170770384199695	4.69875
de9/2eaa85a7cf8de	3.2099240340909923	5.849375
dea/2bdf8c8264e02	3.303350026382469	9.1415625
deb/24b81215fe42c	2.728293487266642	3.3959375
de8/f38366a8abed1	2.7867352925747695	6.115125
de9/b51fa4d6a27bc	3.3568649252198957	4.9991875
dea/81e870431a646	2.275180763812012	3.1669375
deb/f0f812758b7ca	3.052257109895955	6.5865625
de8/317c722d0695b	3.1606271114266344	3.786875
de9/13b793e89ff24	2.164396047698234	1.20125
dea/5a79ba5acf9c9	3.0626690144088444	4.892125
deb/8c16fd643e08e	3.2676091910991	4.146625
de8/54504cf129741	2.936877897149293	8.6690625
de9/5eef4b7e2168c	2.17387007353964	4.4365
dea/6f9a099daa4a7	3.102318976873363	6.702
deb/a49bcb5c4e67d	2.223666906923143	2.7526875
de8/f1d24c8367edb	2.9821149137557454	1.297125
de9/820a9d3b2a7d4	2.423951415942948	6.2951875
dea/f5b81e418afe7	2.649027867622803	6.9778125
deb/5121c42a807b6	3.2281140265977144	8.0554375
de8/a42b019ec38e8	2.7307628530000505	6.6615
de9/fe6831d2c6d09	1.6943712237689392	2.353625
dea/d9f0fe5530b86	2.1267125383855428	2.8309375
deb/ce3e5963cc7c0	2.8388311945182942	20.1840625
de8/ad3a94366f081	3.0334906321509685	1.9703125
de9/4273b6b980e0d	3.177988779100418	2.6788125
dea/c877cbca06dce	1.3462700670901833	1.0568125
deb/7f0615ac8fd61	3.4267700700260315	5.9369375
de8/27c4ca2e6de0d	2.134754949046059	6.45275
de9/253b1aee29ef5	2.062395186953832	0.8165
dea/eacd2be404d46	1.8283749072382833	1.77925
deb/0d29da36896dc	3.1482555466476896	6.3139375
de8/9fe601e769f18	3.2367758351225797	12.0428125
de9/34b3f7786675a	3.1932281535696605	8.5965625
dea/24f12b0c10e37	2.5970694405274637	11.076375
deb/c829f18868d30	2.969250640753572	4.6149375
de8/cc658d3a41db3	3.390436452964614	7.8868125
de9/40b6b3f5f3e21	3.2833543165423933	3.2641875
dea/dd95c83146d4b	3.008538884173109	2.525375
deb/ec4a179339947	3.3082214316408156	5.13775
de8/c7346ef9481dc	2.693345646087272	6.4506875
de9/8705cae05eb35	1.764414392528671	0.7421875
dea/8ba84437b2fed	3.2049017516986082	8.72825
deb/06e9db6b6d146	2.8974072267192206	5.7851875
de8/2ce08f2ed441d	3.1026474168158633	4.2849375
de9/4a6f7a67ede79	2.9142900276781396	4.8925
dea/7cb0222c6fb87	3.1826999991362044	5.429125
deb/55e89bbe7abef	2.2241100721278646	1.8825625
de8/6768cd4ea5143	2.968269394731529	1.4159375
de9/315c81e93b189	2.419732032087308	3.255875
dea/6971f3b9b0e3c	2.557062782729372	3.711625
deb/345d6dcf6f999	3.0945933344668575	1.637
de8/a698179481aac	3.3241833328781474	5.0840625
de9/45191a53df9bb	1.902059955084466	1.567625
dea/f76a36d9851ad	2.196395997571019	6.6555625
deb/2906132d2ea50	2.756188861678968	1.0570625
de8/9ea939bb63999	2.6973963294407253	4.577625
de9/da61d11f5b10e	1.8559919524116129	2.01775
dea/d1383f7a8ab2a	2.64376487758193	3.721625
deb/4891e27288373	3.3467129720787527	8.060875
de8/7816249b98ded	2.472162610244547	4.6670625
de9/f5955683a3537	2.8850136461658344	5.523625
dea/07db27ae187b6	2.450482349200426	2.8845
deb/6ad51c79615a1	3.249599762066155	5.7320625
de8/e7fc7ea90f76b	3.183373160819997	3.947625
de9/9e8e81862d198	2.898259837146113	3.312
dea/93ba7c0d157e3	2.5964820449403807	2.7214375
deb/3ffec552f6d76	2.257051463932177	6.349375
de8/52bea50048690	2.9827398821573965	1.5236875
de9/402440e07fac0	3.018229427173327	9.26575
dea/e9cb68c17b1f8	2.7666619744759804	10.237
deb/cff8e9c96c1cc	2.7431734978045106	3.1929375
de8/3de634126f9a5	3.5506263655069703	9.5754375
de9/04b6f810e1242	2.6947961562923872	5.6005625
dea/4272cfe93728a	3.4098985864986324	13.0001875
deb/d9fd000ffa4b5	2.9382087427368093	10.471875
de8/bc44477ef05f0	2.838046092737231	1.1050625
de9/1438bd51f3471	1.5952495183286972	3.3475
dea/901b16e634312	2.859650212330257	4.647
deb/2f4cbb86665f7	1.6572335193962673	2.5415625
de8/f80425892e86d	2.287919395989238	1.6828125
de9/f1c91f5f71f00	3.344143903315896	4.63
dea/297bdf7c8d4d0	3.101474673846955	10.4465625
deb/fb23325e9364b	2.7838847329596126	2.5961875
de8/91f56dbb7f920	3.117213869734582	12.1693125
de9/99981eaada499	3.2370189201321087	12.258625
dea/787c6336f5575	2.684017732011469	8.0345625
deb/96980ed6efb8f	2.8494392359765643	8.19675
de8/93a17695170ad	2.792956384505007	2.5078125
de9/cdf3129739c58	2.6386250871017047	5.6301875
dea/b08620cf44fd7	2.336738567083463	3.76475
deb/61ab2c0169f5d	2.948349270594467	5.751
de8/29f11882bb695	3.420962847660807	7.879125
de9/e7e284408fab4	3.22551615112717	8.69225
dea/ee59b2f51b225	3.455888713586043	11.5531875
deb/f5aacb458a8fe	2.9421749969583315	5.961625
de8/885aa106f2025	2.513591810227857	6.71375
de9/8982d09e6792f	1.9763831716453881	9.9556875
dea/6293869f9d854	3.5649470626445168	14.9475625
deb/cc9f4e4439675	3.2589521634857648	6.3055625
de8/055bede1eaf80	1.840209965846243	2.161375
de9/72af20d24f7b5	3.0673035203228354	5.7104375
dea/6033cae93510f	2.3517719872018263	5.064625
deb/b5b6d3b7742ca	2.8322257582538954	9.4625
de8/84f634a6890d1	2.394075897202229	2.3434375
de9/609d06750ee85	3.1158309650177065	6.8039375
dea/461c9ea78cd9e	3.22173057816693	2.739125
deb/9f2f418c1dcb5	3.157207274635539	5.0821875
de8/1a987aa8ae0dc	2.027205775392446	4.8730625
de9/635f645302b86	2.962857821004074	4.29775
dea/032d5797acec7	3.3186268804297936	4.9745
deb/65698b32bcfb0	3.1280125374120016	7.0186875
de8/5563985def47a	3.347107080580332	10.2944375
de9/3c4f76e444b57	2.459578170909055	3.6886875
dea/48c5f5a5f19e5	1.0958243456116208	5.7071875
deb/9f9b1e09708d1	2.7575754164315094	3.3834375
de8/74545157097b3	2.6723214236168435	11.26425
de9/88330d2feadc1	2.9465131844650227	2.7409375
dea/f48bc060655b9	2.9487755041949106	6.879625
deb/a692cc04d26b5	3.4915776664925784	9.9675625
de8/8ee7921e3f3ec	2.3898509248021713	0.8645625
de9/5c09596cf8c43	2.5948844692808533	5.1623125
dea/fcb7241fd10f0	2.2653846703427285	1.2280625
deb/ade0192aeb0ed	3.254171265137214	4.1649375
de8/0a547884a41fc	3.1613695264318338	9.3983125
de9/d4feda4141a08	3.055878080670369	9.955625
dea/6a48578d23557	2.821287951855522	2.598
deb/615a6d0830e51	2.7363095374283897	4.8853125
de8/28d27e2b45d3b	2.0640831502928525	1.011
de9/4a9286fcd8aba	2.5201636812610375	2.5969375
dea/a1978d45471ec	3.407665701346003	6.7065625
deb/9739060c8cd61	2.3401044744013815	4.1766875
de8/ddda3c561610b	2.6567969326394456	9.123875
de9/45adb5a7ef295	3.365971639626129	11.2401875
dea/fb05a1c73fc26	3.2382832401901744	4.421875
deb/5abea9006d508	2.0778825627124973	2.5918125
de8/afb3cf6e8f120	3.0552527391322255	9.0950625
de9/d858a4b7ded84	3.4007891074584484	6.15475
dea/1cff35997a98a	2.4684681166740043	2.494875
deb/b275c1ae015bd	2.330257910130219	7.8838125
de8/e3564f4f52a44	2.1626748694635642	1.2968125
de9/9090a761dcc28	3.134496915937921	3.2351875
dea/2421c0f0ebee6	2.8652574441383085	10.2341875
deb/6f9fe2dc2c341	1.5026408896486152	1.68825
de8/948e385565a2f	1.2648383557859473	2.132375
de9/c5da73a8c2849	2.1402812256005403	1.729625
dea/a94fef2e4b2cf	2.1552795471132464	7.4239375
deb/d085f221037a9	2.6135980177561584	3.11325
de8/9b78147b9d3be	2.6885725639440365	3.849625
de9/8c28e0ce16dcc	2.818635466441486	5.276125
dea/483b3932d10da	2.0420973605866948	4.963
deb/53b52168d6497	3.3865299238131454	15.498
de8/60151a22c1a10	3.187839124299561	2.9681875
de9/b11dc17cd6b14	1.6672538940092798	5.1565
dea/867e0bf049e63	2.650503568021732	2.5985
deb/a1ac1aaf9db22	3.286578070564864	11.7193125
de8/0472e225d3cca	2.214624581341026	1.92275
de9/ed4f40934f31b	1.7596013305551867	4.1239375
dea/01ab117543608	3.0870445331625405	5.50925
deb/9df578f56803f	3.2268072625044297	3.94225
de8/b9248cf99820b	2.443791921675213	3.526125
de9/e9cf90ab41614	3.101362002412267	14.1351875
dea/8868d238fb7c0	3.0599241838645503	1.9958125
deb/118fc34671525	3.204480301907877	6.878
de8/319af7446bedb	2.3482133271268277	4.123
de9/6d76164eba22a	3.131534722010072	5.1139375
dea/01a3fc3a3bb4c	1.091681428942975	1.1695
deb/40b096426ba70	3.233031713311237	6.8100625
de8/47c04f1786b35	2.8288365411647396	4.8291875
de9/79de17d6f304d	2.2137440323433255	3.315375
dea/f401158fcc4a0	2.554099496471192	5.347
deb/0642cd7814f8d	3.2501527960917187	8.1895625
de8/c9536daa601d8	3.312256501881264	16.8468125
de9/8b26a54f36c81	1.111483469325144	1.6911875
dea/997aade0bf508	2.9750325838754623	3.4006875
deb/d4dfa4ac7eba8	2.3716885722094454	3.3926875
de8/6339485da01bd	3.40731705107829	3.514375
de9/6b3f3db3ab2d6	2.5978517230016416	4.469875
dea/0d132540e16dd	2.4829945907078588	0.912625
deb/9c9603b8d753c	3.19695149343997	3.58825
de8/7aebffbb214ff	3.3548327069449333	10.164625
de9/04987db07c130	1.0961248701328894	1.342375
dea/cead575a5d99b	1.6235539368864824	1.5721875
deb/ea0a6a96f13e9	3.4168087154687776	2.23725
de8/551e0d521eb3f	3.2526069893764427	10.4423125
de9/1563eac72c15c	3.4290239794312583	5.2226875
dea/0fdcec0f0d36e	2.717340514651835	5.0564375
deb/8f47b9fec34f5	3.102281179656585	2.55325
de8/ec57a2c2df938	2.5722514487677386	2.3805625
de9/1ba03604616bf	2.967626430978709	16.2365625
dea/1d3ba52d88dde	2.030521964484802	5.2755
deb/22114cdac96ab	2.8639968974105097	8.024375
de8/6177987c00036	2.5321781513308355	2.38025
de9/6e9a58e956c10	3.0197289565353733	16.379
dea/fb8d317a8cab5	2.5349828597668664	4.0785
deb/11787d488f473	2.7469952475737864	1.359875
de8/5b6028917efaf	3.032544860872083	14.0093125
de9/c062ae73ea21b	3.3041223947237204	21.0650625
dea/dd3283f326e51	2.943060460118468	5.4595
deb/495a6bff01ad9	3.0458841951138034	6.7621875
de8/4d514c113d765	1.9265893612132512	7.63425
de9/8b229b64bd7d2	3.1351106297950615	6.71425
dea/2716f0fb0ad05	3.1738723084934697	3.1724375
deb/73396c8092cb3	2.491090328425987	6.0311875
de8/9b4e372af54c4	3.0874449942984614	3.0475
de9/8f1cbfcb51bd5	3.0251070643139517	3.450625
dea/f266d847b2e08	3.1502274316125454	2.5640625
deb/c4be88b03f817	3.226191628384143	8.030125
de8/f39366b223ba9	2.3469888734375535	4.8651875
de9/d715a1527ae5d	3.024001945417898	13.014
dea/4ba624f64c88e	3.393243191131674	2.6820625
deb/74f430a30d438	3.2117887340098425	4.0570625
de8/d6c2c03aed85d	2.3228420614798053	5.1731875
de9/d2ca3ed403002	3.217915198340499	4.0085
dea/61fa41c1e531d	2.334805233011493	1.75125
deb/255e2e816dc69	2.350140040828108	2.4080625
de8/c1a04b1496306	2.023121980734381	2.616625
de9/423990cc51448	3.3833615347822503	9.498375
dea/8fe0c4760d0b0	2.2753899200451313	4.7305
deb/4521f8c2a370c	3.2105791326784714	4.5
de8/3675b2eccd96e	2.2862961018547256	3.4625625
de9/7caf0a976eaed	2.1972251299776935	0.9606875
dea/5e75c92781a35	2.5132053005189308	7.104875
deb/bf1fa567ad1f3	2.803099384961467	4.1043125
de8/0a2f10645ceb2	2.794962283569417	6.799125
de9/5bdf44ab6d5fc	2.8722519926581316	4.42325
dea/2430a3a28f760	3.1236581750423285	6.2549375
deb/eec8baed46a1b	3.087125444372802	8.411625
de8/d6113c3d0fb47	2.5008025193640826	4.0071875
de9/edcae9b81d1b1	2.40025641731432	6.3531875
dea/ce5f38b715465	3.002140251749864	1.8819375
deb/5ba07c61f6b63	2.6368228525369646	5.56425
de8/4ce06226d49c2	3.2529829695238135	6.201
de9/30cbb26319c9c	3.1068107135390464	6.36925
dea/87c3cb4d2b9c5	3.134699393440105	2.8345625
deb/5b124859554d6	3.368539468136673	5.310625
de8/bf70335781e5b	1.4268271200967995	5.8350625
de9/c048a9479cfb0	3.085737570723273	3.08
dea/72abb128be537	2.5483904590751387	3.2701875
deb/154cfcd511119	2.1991985669262593	2.5136875
de8/453d29eac4d8e	1.518753916133999	1.9
de9/0d96445f778a2	2.661138195293613	4.9734375
dea/1352aea228f76	3.3535821244114774	8.1235
deb/ca3ab1eab4a12	2.6850637505704533	5.3534375
de8/6c064b978d5d3	1.2143076442596796	2.8214375
de9/a3b0ca5c1a728	3.4367822755031634	17.5111875
dea/62e6036030f79	1.0392477620682454	2.2890625
deb/69266265d7ee3	2.695461264024659	4.831625
de8/a71b2eba759b9	2.3561255704143096	4.1490625
de9/35af8a0c81307	2.395023127295481	1.394375
dea/7163025bd3de3	3.430748073674244	9.98275
deb/2f736d2a80edd	2.2703274321972553	3.392
de8/2c7b19de5c322	3.1594921238582594	8.779625
de9/30a269be37f77	2.607357464954298	4.360375
dea/0ccb011d2c13a	3.2326353113209376	6.4931875
deb/a05366946d6cf	2.106365755702822	3.9245
de8/6c9b7e4ab3062	3.2048302172339636	4.638
de9/e5c16a62db6bc	2.2914466074693887	2.17125
dea/e1349f186d3e8	2.7637898299827093	11.8418125
deb/4883cd725cf7b	2.993843157763292	4.23575
de8/4d0c706c78ce5	2.720113308200602	1.90775
de9/cd02295e81479	3.024549358755036	4.87725
dea/8e7912bce3b2e	1.8685613470752236	2.1433125
deb/ee27cb3e23468	3.0312079772893075	5.924125
de8/3db85bc4637e5	3.2657936090614452	2.98025
de9/5865e9f780dd2	2.9440806814953002	3.179125
dea/ce69e91affdde	2.6394699693368224	3.2556875
deb/6e19bf5251781	2.915258511209843	3.637375
de8/c94fe9e620f5a	3.2599645208259225	11.817875
de9/ba85659ae69a9	3.402249791750116	11.4039375
dea/e829226db10fa	1.1290822292647305	1.61275
deb/5b0d288f74651	3.3071777166823275	3.0299375
de8/4c6a47d634f89	3.1705196213074074	7.87975
de9/6f94f6bf63592	2.99944290774252	2.5591875
dea/26b78eab542c0	2.370057696107454	0.76825
deb/fd64d2458637c	2.4191488833275767	7.9779375
de8/8ad4a0d826042	1.5439805968184668	0.7714375
de9/1c93a4b16acc5	3.243066856846388	12.32825
dea/8d278368459b1	3.006331514778481	7.8260625
deb/e5b9822794d71	3.4658223331426514	6.9290625
de8/f8a1a55776494	2.621632432179774	12.5475625
de9/e22a408e67c94	1.9778048311049417	3.62775
dea/77282848b4591	3.3289955592045373	14.3578125
deb/09c6992e03237	1.597449429614527	1.72325
de8/7d87ed6e6c91b	3.3414838838793806	10.8764375
de9/4b566c6f65bee	3.3862145742482324	10.6390625
dea/b6c7e7e6eca97	3.047662151918598	11.4248125
deb/ca86e1f30f3a2	2.4957392418043374	7.39675
de8/d83b18091edaf	2.398639286275407	5.16375
de9/924109b4d9688	2.6888017411184246	2.26675
dea/c97f71fe90f18	2.758936655819977	2.787
deb/717a4c2967c74	2.8969305308638886	5.914875
de8/47de66ab58b1e	3.021552421228163	3.3646875
de9/553bd68a7821d	2.952149501575268	5.93725
dea/a2b0792410c77	2.9103044179314304	3.7421875
deb/3f8030b38985f	3.2665453214954003	19.0059375
de8/1ae2592b302e7	2.75853992393655	4.8865625
de9/1228b29c5834a	1.282336384230327	2.23125
dea/0aab075eb83f3	3.230547733862661	8.1925
deb/f2f3368843da5	3.2369152946492314	7.74375
de8/d57a091c7ffb4	3.2634607146017984	2.4524375
de9/cac30af390a89	2.9755857388696754	6.847625
dea/2fe5b03d87e78	2.8457455746095803	2.3791875
deb/3f92e1f4bf384	2.156365585580599	2.201375
de8/29d7c85b97d75	3.183645954625516	14.1388125
de9/26a4f65c9e5f0	3.2411634955419575	11.48325
dea/41b26f043f7ab	2.5873612041993597	2.1923125
deb/3a2d2bc6f0b39	3.354181152788629	11.3789375
de8/98a236113c385	2.7837766134310327	2.0668125
de9/65d494e8d4bbf	3.196892984590254	5.6716875
dea/0c7c1de1268d8	2.774378979329641	5.9820625
deb/47c3231de8e19	1.0946910747851397	1.293625
de8/eaf0aa1f93de4	3.1555531877404044	6.28925
de9/d1c27fbd617a1	1.8067083921907134	2.071625
dea/416c3adb8fcf7	2.3348093417143136	6.8601875
deb/815d9ec5a59f5	3.266770355251718	5.224375
de8/3f8b7d51e0907	3.029173996205887	7.3818125
de9/52da4301575f6	2.1753881524986842	3.73375
dea/598006af09276	2.9643725995991765	5.71825
deb/fc15d4c8bf173	3.288926115322279	11.752125
de8/ca779f0612d85	3.4844162641262186	14.115
de9/a4dc787fbcd43	3.240476761648094	13.0750625
dea/fb8719ee6b326	2.815026815582837	9.1454375
deb/138c6f4357f17	2.4321750812466574	2.7749375
de8/0ffa6f9d4ee5c	3.2129547377328125	7.023625
de9/1f833b7975e44	3.1835070564978585	3.732875
dea/92347e4be585b	2.7057491120287653	2.050125
deb/ac46f9dca7344	3.3490678064292805	7.753625
de8/f5dbcbf20a5d6	3.311156578626838	12.7909375
de9/75852906f2cf9	2.739465509951354	3.402375
dea/789ce8ae6bf71	2.6250585329775076	2.4983125
deb/a2315e3c685d7	2.116605465119016	2.3220625
de8/f64dafd50c4fa	2.4884450695475153	3.962625
de9/14eff008b02e3	2.744961369083865	8.84275
dea/e0da90cc91a2c	2.664184826026746	7.702
deb/4828d6837df6a	1.1097118094606213	1.9585625
de8/8e34092d91ef4	2.963768745535809	2.9845625
de9/e1167f282d251	2.830433327738452	1.8321875
dea/8f4859b7ca48f	2.782847249968608	10.275375
deb/f9822fb2e5946	2.4734350069925015	10.4080625
de8/a132bbaf450b3	3.2445282178797465	5.707625
de9/187cee4fc68c0	2.3616873527601725	6.9026875
dea/112f4159d3799	3.1244247546221775	2.5216875
deb/cc9727777bd3a	3.001222114387108	6.3209375
de8/100c129fd8fca	3.414671163658565	9.63475
de9/eebb2a14c5b6c	2.8159950424620144	6.64225
dea/6fb50111013fb	3.0692597607174554	3.2049375
deb/89afd9a169feb	3.108413932881025	10.9313125
de8/e4326114e2181	1.1836154675725679	1.419
de9/e87f448c8da7f	3.1048910784187216	7.083125
dea/fff2914ed8152	2.3555540270815754	2.344
deb/6991bcaa754f9	2.194422498450374	1.2009375
de8/d47d1b9e11a05	3.2504183105338984	8.0415
de9/ff6a5dea40fa7	2.5475656672235454	2.7413125
dea/b30056d74660a	2.8123274617221314	9.943625
deb/2a9b4292ad13c	1.1457244663034354	1.8931875
de8/adf13603b8a5c	3.3370080050388906	8.8583125
de9/be7a9d8a979e5	1.1822889865168529	1.467875
dea/5dbd2c95defd7	2.4470717967329336	4.2795625
deb/4aac1bf8892fa	2.3624666116363215	8.28
de8/8c327a2446bf2	3.402569821648272	5.6205
de9/aa238e4b6208e	2.8879856305697436	2.238125
dea/048fbc4b29045	2.1287678222665507	1.8266875
deb/f45f81ce6dd2c	3.222471455981055	9.3318125
de8/c7231211de1f1	2.103738127051719	1.296875
de9/70d4e51b59558	2.946640175963866	5.0546875
dea/5d5f20ca5c705	2.665514796902172	9.404125
deb/d295a17f60da2	2.788581695345276	12.8126875
de8/31f2f0241af37	2.727296164004198	6.1670625
de9/455735783898e	2.9626022417215485	7.4380625
dea/5cdd223b63424	3.332261032810552	3.7426875
deb/e7eaf26ac9b0f	3.1825862199823662	5.19375
de8/ea06529c8aa0d	3.209944068542633	5.975625
de9/0cbb3d9724d1d	3.351715847495469	4.4468125
dea/d5ee40656c0ab	2.637739935826563	4.17675
deb/e04654c2f93b2	3.0521230943148625	3.6999375
de8/2009786b6f257	2.8427626055580077	6.1065625
de9/5850e65fe1b96	2.598744234999387	5.500125
dea/b060b1cb8e47c	1.7896370749483013	8.436625
deb/bf5e56ebbf97e	2.9254639399681004	3.81625
de8/4a65a4fa193ac	3.120707253951178	4.5615
de9/c284f6d1f40aa	1.6623247279055793	1.273375
dea/a9748057dea81	3.1948604345440983	3.964125
deb/2db63ab70bf34	3.160613520587868	1.7648125
de8/c3e4017721d0a	3.0162407904582413	10.2053125
de9/bbfab9c38e1e6	3.0828139381551907	13.49575
dea/183a696ad8004	1.8301925738394593	2.499625
deb/bc46ef1f34e76	1.245558420069871	0.72025
de8/a99b09ec2c7f0	3.2302032454587715	9.0065625
de9/f8fc4a18e9e4a	3.28488380582133	7.571375
dea/6fdbc114001d2	2.4262798033032213	2.7891875
deb/4234b2b9930c9	3.1948326084576326	3.899625
de8/6547cd9993bd3	3.126493827170787	7.3398125
de9/67e1e6f37acc8	3.183070088022314	4.906
dea/466878be2c63e	2.76807074435123	4.669
deb/1429f4325803b	2.9534306789118108	2.5879375
de8/68690a1f743e4	2.4729065775077004	5.14925
de9/e6826151556fe	2.1409663668345407	7.7644375
dea/070c7dbf512bf	1.7781930787821925	1.899
deb/9fa329616bcf9	2.8455002253533896	4.380875
de8/009fb37cfbd9c	2.126321921014645	4.459125
de9/7eba9d331889f	2.1064744299950355	1.1535
dea/846b8072531b1	3.2239100798225446	6.1033125
deb/e6a8f94fc1d5c	2.0600383876775825	5.0485
de8/08558ef2f4aba	3.1646299213504148	1.299
de9/8ec3e46a9a61f	2.4512142073928582	2.443
dea/3bd708f6a7d75	3.115757068114513	8.18025
deb/77f553e8d2874	3.491302226299174	7.894625
de8/f8b1d809d7c18	2.89447362567833	6.30175
de9/4e2126d9bb3f8	2.3429653680920106	2.4843125
dea/24cc5e742d71b	2.719832374958799	10.374125
deb/688c71c42bdbf	3.3610109033997353	10.6855
de8/06c764fb72cac	2.8055419617402286	4.321625
de9/267690a7e3a53	3.2685653030821675	1.7066875
dea/ae645ac46f233	3.1722061395891252	2.164125
deb/e79c3c46c2a46	2.129922310549498	1.3449375
de8/0d550520b0d3d	1.142287845783519	1.6094375
de9/5c5a700f3f233	3.0898395224498145	2.80875
dea/ee6958d024b07	2.054344158554454	6.0228125
deb/8943d7f1a31be	2.7796249170611667	8.717875
de8/42871f8eef794	2.950624355684057	3.6558125
de9/9a1bd334eb43f	3.2652142524391503	15.9641875
dea/7059a1a7f3c76	3.015535996849508	10.5206875
deb/9140ef3acc6a7	2.745198637162731	2.597125
de8/8ea38af940ac6	2.942512784302055	5.1461875
de9/556627a5ed4f6	2.8050426009613507	2.23925
dea/699b74afb7e8c	2.7498121674367813	3.0906875
deb/259cd8cf54ef1	1.5415969257886648	3.241625
de8/a5248c30866e7	2.949429913994973	6.9398125
de9/03a3aac9aec70	2.5941602872002782	6.22675
dea/6524b307857f3	1.7791820181480926	1.82575
deb/811ed218b9949	3.15412795245594	5.676625
de8/89980b39089be	2.639440708647349	4.8850625
de9/ed81405367478	1.9444201512860633	2.128375
dea/e73a58f48ca6e	2.806747603044225	2.49775
deb/5d78f0d23f39d	2.9478873449074006	2.1275625
de8/c6327de55de8b	3.154445378834541	6.438125
de9/2e8fcd77ca4dd	2.9138506859821227	4.1881875
dea/29e4303f04762	2.7123301881353794	1.349375
deb/1932d450fb09d	3.3841383637225197	12.919125
de8/caccc81b76405	3.008362283536944	9.1593125
de9/f4d2ef9568a53	3.39176167455268	12.9468125
dea/6741bf8e79cc3	2.852478056618899	7.0795
deb/b7a9ba5f7046e	3.1679862816845907	6.1056875
de8/ac99821603b12	3.3281945867157683	6.6761875
de9/8ebe879f3227a	3.178039406959901	12.359375
dea/917a0ca092d6c	1.12009564420618	3.864375
deb/296c5495de309	3.1256681550281753	7.4554375
de8/e96623162857c	1.445111886305597	5.320125
de9/18308f70abaaa	3.3787058776502423	6.591625
dea/d7dbeea168026	2.535577597884419	0.9609375
deb/43f24d23f226d	2.4833411299654276	15.2126875
de8/3b1a2d370b2dc	2.8632472250831857	2.636625
de9/731c49f6807ed	3.3247056835540962	12.9311875
dea/dc25d64cc36bf	2.5672409200388713	1.8071875
deb/e4dfb49a1f544	2.341955789723236	2.4775625
de8/619fcf13c079a	2.9649646475444498	3.8896875
de9/65e5bffee6a51	2.0990361180196793	5.2839375
dea/10f2e77012977	1.569060822609013	4.3449375
deb/eeb3111d5c9e2	3.330644729930304	4.7616875
de8/cc835fd360727	2.5965484967481323	3.075125
de9/f4671b9a80b7e	3.0192126938392723	18.3183125
dea/c6a7b092d8272	2.849442273943136	4.0200625
deb/89ef8c1878f3b	3.348432886156337	3.9464375
de8/4c5d1d7914262	2.916537642753916	7.6624375
de9/5dea5a350081a	3.0062361302899134	5.994375
dea/73fe8b455389b	2.342133333679339	12.057625
deb/0617b09901f9d	3.310938326764855	10.3585625
de8/a4fbd4f9f64b4	3.4457942116867044	10.4304375
de9/720d4282cbc76	3.4222458660791646	5.3445625
dea/dd26ea2204a6d	3.4239558285263834	14.149625
deb/d57359061eb53	2.158690431343809	2.1465
de8/86a9194f7d620	3.018707299777497	7.01375
de9/4e51f355c2e5f	2.8486155026491664	10.5900625
dea/789410af512c9	2.9756824479343797	5.9886875
deb/f4042cb52c385	2.5859004984077596	3.8954375
de8/380d75813b884	3.072718248403785	3.2379375
de9/b7299d35bf6c8	2.350012058103349	7.6874375
dea/fcddf049e92de	2.498108351814117	4.9926875
deb/892b7b67d48d4	3.355497406619407	4.7814375
de8/7515724d20d3b	2.2604577115984132	2.454375
de9/2a65e85417367	2.6577692984223074	6.6859375
dea/f25515fc1dc29	2.196024854493112	2.04675
deb/23de6ad6d5143	3.5328498894685194	7.63525
de8/b3637ce01b426	2.5786268849659244	6.3986875
de9/6fcebdfd264f3	3.0117484622934954	11.523875
dea/29be2d8eeb396	3.170439641272194	7.31675
deb/1ebd2d4f9ced2	2.8602641864544416	4.3548125
de8/2dd162f1e3671	2.274404948584403	2.6924375
de9/d26a53229f34a	2.9475794327475	6.6786875
dea/6af686f3f0ddc	3.344427736510618	3.06725
deb/2ff262fc5067d	1.9324641996112624	1.5553125
de8/7d5c9b6d8ac71	3.2578632544162955	9.8895
de9/73ac53a6fb15e	3.0341954851165487	6.8346875
dea/5e0d4133c100d	3.247956682399603	14.4765
deb/8cc2e1ab4c7eb	2.951321201335092	11.9150625
de8/41880c3dc97ae	2.576384560108358	17.33625
de9/731aea7392da6	2.709846036480251	1.801125
dea/8380a81ee4b01	1.9488066305528733	1.057
deb/8bcb2ad4a923d	3.458879249934529	14.7026875
de8/34dd85957d5dd	2.849984840293845	4.841625
de9/3d56d563e4676	1.7121141789644472	1.8926875
dea/7af0984994636	2.950615867368772	1.309
deb/2fdffb9b534f8	2.6116323798538876	15.5640625
de8/18a80549f8e42	2.9323709508783335	10.8108125
de9/637d7e092e152	3.0248585154942518	4.2089375
dea/8f530216b4da8	3.272248365154963	7.6821875
deb/78fdba06c8d7e	3.2251522517852287	2.96375
de8/49dce9e44f889	3.3375295404537417	2.5919375
de9/291a89622d6c4	2.9657361237132953	3.077375
dea/3cc854a60c13f	2.3262896368022328	6.5555
deb/fdf8152586921	2.697325768956431	2.19225
de8/a45736d904a27	2.8788490862326883	4.00875
de9/4872803ebe9ce	3.2551498031794304	6.87425
dea/0ccd3c73ca842	1.1052041733647138	1.3625
deb/0aef1f39f5728	3.4874677821181845	8.76125
de8/7ac666e4df55f	2.8214947903005716	9.2675
de9/ec92a9da518e6	2.9349852141765136	5.126375
dea/d159f4b02e42c	2.062156057044407	2.1351875
deb/3c40db49e7b64	2.856905241581046	5.7715625
de8/fff938b94dea6	2.415966077177635	4.4715
de9/07772e2330bfa	3.3275903688191932	9.115
dea/5ae83c8d8ec45	1.0903658267282688	1.8513125
deb/e454f8150197c	3.3800399304264723	4.99125
de8/7dd73493875a5	2.255021740039437	2.315875
de9/4e3f792098c9c	3.243824443299257	8.074625
dea/75f4cadb297eb	2.3498713770750412	6.2488125
deb/6f8c245c1c207	3.331447277509715	13.30825
de8/0f7f510cbf928	3.392353904699302	11.29625
de9/d8028e0635cfe	3.239703133782357	9.2023125
dea/c9a23383c6cd8	3.146358457774324	4.710875
deb/ad82292a5d9ee	2.9689560485423385	5.9333125
de8/e1ac696633cb1	2.8602515705731646	2.8238125
de9/379279c75c598	3.1943005651799004	2.993625
dea/b4909094bf912	2.6083580944881115	5.26975
deb/39c94951ffae1	3.4592625995339543	11.0638125
de8/be912f5287908	1.886942015356201	5.2979375
de9/dae1905891822	1.606292824717816	2.854125
dea/0f48eccdc4c70	2.742447006646932	7.6721875
deb/88fadee114c43	3.382088765049044	10.50025
de8/5e5cb1040bfb9	1.449449407915958	1.346
de9/c7844d565a60b	1.0949888617251813	1.164625
dea/b0b3d7bcdcf87	1.9170603751915472	4.9525
deb/d7f480457ce3d	2.7958012258737006	11.1268125
de8/5066a056cbf49	2.775878183975916	6.7225
de9/06ba33e8b24a2	2.903274721048093	4.3589375
dea/2f9dcb60382ed	2.5695427071408132	0.912875
deb/3166f44c6b2dd	3.13998031865961	8.8871875
de8/720e4837ae66d	3.2730224828099836	6.970875
de9/6823877f1a38b	1.4922976980660647	2.400125
dea/b629eb42d3679	3.382093855782805	9.12875
deb/e1a3dbe77861e	3.206270290414239	6.2533125
de8/4c93e95158ade	3.2019884682177975	2.39475
de9/8e47dd0fa8c93	2.9749059691077604	6.1305625
dea/e3fcbe7639ef8	1.8500218556736576	1.3028125
deb/ba56a300ed0a9	2.550825222984585	11.4145
de8/c24c6032f373d	3.2373367967865336	4.55325
de9/58200fa03c90a	2.3728389119482225	5.549
dea/aff54bf8d84aa	2.8564922084155917	6.5896875
deb/0b05e8c6c2741	3.063876551255562	5.2595625
de8/88a7de21c1465	1.8939884557677318	1.25025
de9/d7ef602dfc2be	3.105654361112388	1.708
dea/8a01c0e8f46f6	2.4600365345953374	4.5535625
deb/2bedb1650c206	3.2217310218288153	2.28
de8/9341747995b48	2.2937351364832304	7.8353125
de9/9962798e142c9	3.2410776883825574	7.8398125
dea/641e54c644d28	3.232685117128643	9.0625625
deb/50fff40e4bb64	2.7183355107686946	2.9976875
de8/24df290cf41a0	2.2588641150078157	1.393875
de9/437d34a7a8c1b	3.262888390598552	5.5125
dea/959c2f9042f6d	3.0922677554845532	3.1089375
deb/d202bb6c7f7fd	3.395472247714615	3.5515625
de8/4709a3229f2b5	3.0382953645337536	2.9388125
de9/e075a162a41a0	3.040035554745712	6.396875
dea/3a2cbc760aa1d	2.417068427894671	11.9114375
deb/1b44e4733cf6f	3.2874690476711153	9.690375
de8/2079a621687a4	3.192496421557054	3.6031875
de9/44d965223eb7f	2.5045315088064637	4.6619375
dea/ba2cdec4a7004	3.486363863360357	8.88975
deb/7586e57ca1e43	2.464500072926736	1.2971875
de8/8dfe127523f7b	2.5275573723372564	3.0240625
de9/e3fd256fc4fd0	2.428167688365296	5.79
dea/c335c5c53f440	3.046915378175828	8.212
deb/6ea2e99e3fbab	3.1699341895556716	13.3110625
de8/658961efeefeb	3.1122983528252486	3.835875
de9/f6e0935810f72	3.199946467591609	12.5441875
dea/e651b816dd132	3.0971193198476015	9.9811875
deb/bf412a73513da	1.94261597713481	4.258625
de8/b6e1b585676ea	3.269860977107312	7.8840625
de9/103bc5427c795	3.1976594744074	3.9704375
dea/5240a3cc7ffe7	3.322481743965708	7.1828125
deb/77e28c6f0c604	2.8805151766241983	3.3176875
de8/f74013791a7c1	3.115495824729148	5.3773125
de9/c5e796c27aad7	2.6299247726276493	10.9314375
dea/b5a3c92ca86f2	2.3596694081459932	1.176125
deb/fadbf86bc2c04	2.982541613702016	3.9165
de8/92784bf0effee	2.2378543276021094	3.5569375
de9/0a7b535088bdf	3.3588637602815385	5.506125
dea/d6dfe53c6e0b3	2.912600494420322	14.5658125
deb/0488595f5e9fb	3.177716595799633	5.681
de8/690711ac88956	2.9955397060660975	5.5868125
de9/086d3d6bf3822	3.1132788312534405	19.8804375
dea/f6a30d0909368	3.062706147820274	3.623875
deb/d7c11b7f1e0f6	2.7225082985671767	7.47525
de8/d03e986029ea3	1.1079155242397953	1.8495
de9/e3199e4a5dd83	2.6647428171780847	2.982375
dea/e446d7d7f4d12	2.950463259863528	5.9495625
deb/94ff0b62509e6	3.3364973561200277	4.7366875
de8/17b69f3f26b56	2.8599250213171863	10.4371875
de9/78ecfe4a2fec4	2.589354086014641	1.2009375
dea/982f6a2309470	2.3471783315287063	1.1529375
deb/21cb25a7df613	3.4210007833544545	8.561
de8/8a8080c25571c	2.8786658603333324	6.93275
de9/29085164bea74	2.977127966936895	3.8004375
dea/3c587593c951d	3.1440708899840275	2.0645625
deb/3c62f87141199	2.2183647981044663	6.7964375
de8/948de3aa9d457	3.1102033845941017	11.027375
de9/c98a71891f5e6	3.0124921602180605	4.3455625
dea/fd20a722c5664	2.8461406774059146	5.1011875
deb/e8b9fd7ca94d5	1.8080877192093099	1.3994375
de8/90e9477e37954	2.7559636651617985	4.8556875
de9/902d692460030	2.6653560770579423	3.83875
dea/d4d6c07d62cf3	3.1792495267532224	7.121625
deb/df3dfa8d4c3ec	2.3191777603656023	1.4905
de8/0c1fea613550f	3.255190459467619	3.66475
de9/0a609a8954528	3.204788124589055	6.430625
dea/7664b6bd9e99b	2.5248715843684386	3.5629375
deb/2a81f028d3026	3.4632383569632594	6.417875
de8/ce5d23431f7ad	3.0913432379419072	9.339125
de9/86b85d00fe86e	1.4016179307864634	3.42125
dea/b95d668832c6d	3.282677599546379	12.9305625
deb/a85aea43eb087	2.922584453583294	2.382375
de8/666592da7cbe6	2.733003151074119	4.7635625
de9/9d6eb7f778d2a	3.144933422548412	1.265
dea/106a07dc9a534	1.5306174946795168	2.0184375
deb/86de338504b93	1.7229762957393882	2.103875
de8/fec2d479d6122	3.286161072663551	6.491625
de9/4b79933c5a728	3.0388416206931264	3.0835625
dea/a59750e3849ad	2.496356683194712	1.5969375
deb/f693704e63de5	1.7684080665704254	2.418375
de8/3e1022a787cb4	2.0883407892087944	6.317625
de9/9ade2a4f26e05	2.5854076359873823	2.56375
dea/3d656b86b2c07	2.983960840260328	3.9635
deb/9634e00420f5a	3.262334303613281	7.218
de8/8f281f9c328ad	2.9422744447478126	6.3814375
de9/67f2d1c1574c5	2.5000186607519694	5.6884375
dea/278e93d0859ae	3.425550396544521	17.981875
deb/8b87a1efbaa36	2.861833523040984	4.7694375
de8/11db6ef4c82b5	3.162816898396775	5.827875
de9/d35c65be0408a	3.22600204728319	5.085625
dea/6abc9f5719c89	3.511691547825407	3.638125
deb/96de49c77e3df	2.1584083127780245	4.32475
de8/60f05fe34b79c	3.5106434263627784	4.2683125
de9/43973dde9e266	3.3153977313035874	2.1185625
dea/e9c6d3ca4c308	3.3190980636513516	9.88275
deb/36f53c67e74c8	2.5458891082736397	6.41575
de8/54e4c4bb01687	2.291485556807479	4.3841875
de9/0ac76789b361c	3.307740336477258	3.7211875
dea/273f01aa39d76	2.51077695825485	3.322125
deb/f59b0b897392d	3.403640900611824	7.1249375
de8/e15277bcd97f5	3.212160144351672	22.7635
de9/50bcd0a242851	1.9418139086297443	2.4405
dea/0e9550d057b55	3.473667130739663	11.4830625
deb/3fa02ec1c9d36	3.1533316152135242	3.0884375
de8/120d7b3147c1c	2.0741965679351346	2.4985625
de9/6c25aa1fc556f	2.649836919317172	5.17325
dea/79e24292bb227	1.7185237039840495	1.3808125
deb/f8367d20ae17d	2.32981042662703	12.2555
de8/4ba91d9c78d36	3.4225726487171393	6.496375
de9/643c3c0b8cdd7	2.3441459183333997	3.4783125
dea/3f719c3ee99a2	2.524080445258459	6.036
deb/71bb237f4c518	2.9551361694318774	9.0961875
de8/5f1c07996823c	1.0782435576800882	2.1611875
de9/2fa91ff928c45	2.657810950611781	1.432625
dea/f069b391aaa21	1.7748579706773862	1.200625
deb/e3f6f4da81040	3.090313776235915	8.6523125
de8/5393274232127	2.426528003499926	1.8419375
de9/5176592388dca	2.8856299777983003	2.5584375
dea/74371457f4a4c	2.9402314953528226	7.4956875
deb/63a5049c836f7	3.2270042115042616	8.383
de8/400351eb877f2	2.936749230737669	6.669875
de9/cb60f3d60812f	2.8811940803721816	3.589875
dea/83f742af05ae9	2.163436863999985	0.984875
deb/39ccf5c01a768	2.0231134600804186	1.056875
de8/27da7aa4ff5a4	2.9150731337300986	3.3416875
de9/ef7ffe5cc799b	2.2924376148716887	3.3143125
dea/1eef88fdcb963	2.047301726202032	1.6826875
deb/da50fb0a7ae7f	3.1992098242933644	7.3635
de8/f545cd2b60fd1	2.5372146013884262	3.800375
de9/762c3e5e82bb3	3.0334979599724194	8.4675
dea/5b13c1d5b6a6b	2.835128767161529	5.0730625
deb/1b1431cade607	2.4850983067434274	4.547
de8/d91b7f434d1e6	2.340954170822521	3.0295625
de9/823ba7c7092b4	2.8486695124322807	3.2198125
dea/2d9852f2c5e35	2.9216441438814607	4.070125
deb/337dc8e3d6e1f	2.6676100617428284	5.1605
de8/0f4e3ead1aeab	3.3943966729830395	3.2574375
de9/23cece6f94ea6	2.5817376173218034	3.515875
dea/c5e663ac4f960	3.1379402994676333	7.032
deb/2efa0e0bbac04	2.6319171828897057	2.932625
de8/f7261ca05e27c	2.8380862370293216	1.9534375
de9/5cf1ea351c6ee	2.0661599837840603	1.24925
dea/768906f2880b4	2.194993124656214	4.784625
deb/d31081c3975aa	1.8290112470628084	1.498125
de8/daa3f5d9ef458	3.3828562319642037	5.9744375
de9/b9037ebcdb60c	2.205579740590547	2.30675
dea/13157fd3128e0	2.011701256853767	3.3176875
deb/1ab7d32c5084c	1.6042905772958878	2.6815
de8/930b6191eb662	2.86704939965715	1.346625
de9/3c1b92390048f	1.303009782727438	1.5385625
dea/ffbbe02c83b3e	2.8126237246780503	4.362375
deb/d00f03f979242	2.0996743290680757	1.324125
de8/81e0a7fd1df30	2.3198714447402127	4.02
de9/2553d2d7cd15a	2.3218903948258904	1.6870625
dea/b81673ef28231	3.055533930601895	9.4261875
deb/3fca9c874481e	2.9111840862056737	6.4388125
de8/d9a4f9d740c4a	2.840155278658647	5.417
de9/8c9848943ab1c	2.6868295129897284	6.6365
dea/b16c269172fa0	2.6808382824459653	3.3688125
deb/a047652bb5b43	3.0387601787251954	6.7680625
de8/619ab6d103f9c	2.6751467041840393	1.17575
de9/a44ba1f6a8c51	3.4114579528213644	10.0259375
dea/175d162fafdd7	2.945137640761793	1.9448125
deb/c621728faed63	3.268448640187865	7.2130625
de8/2efca4eefce50	2.092594472556612	1.8088125
de9/2286a13755156	3.3597384597707305	7.566625
dea/466c6be132709	3.3982753471492355	7.6526875
deb/ce3b9ccd8e5df	1.9072996363202543	1.4003125
de8/5e799573161d8	1.1230486185460915	2.40925
de9/de04b107d0d44	1.8490854985278504	5.2655625
dea/f1e2e747123b8	3.329775573334921	7.687375
deb/ebe829324ecd3	3.1635096316440414	3.8
de8/36dd3ca3b695b	3.381709253290137	8.0994375
de9/86ea95d4c6937	2.6525785983727213	3.5745
dea/a1f189232eb8e	3.031709710329596	13.9815625
deb/f44df1a350b4a	2.7694723646235957	3.60725
de8/57d6e63060f4f	3.4906518347133444	9.3689375
de9/77a98c55bca03	3.481416258449909	8.42425
dea/d24ab73e22f0e	1.967376513102308	1.73025
deb/73a4a497f6d0e	3.404662757478315	4.6050625
de8/6aea357bbc9ac	2.542558992376099	7.4723125
de9/c1324a81d2daf	2.705270871103689	3.198
dea/c1dd3d28e6385	2.8716150340745865	3.8610625
deb/75a210dcad691	3.464836278092183	5.19125
de8/badb1f4851738	2.928665380568707	4.565875
de9/2b66fa2ae37fd	3.3488283097179186	9.10275
dea/25ebdc681f66b	3.1143146182847503	6.091
deb/5e97a427119cb	3.225667566419941	5.0910625
de8/9404dff72a34b	2.912904715589355	1.7173125
de9/97f3b0eb3c556	2.359564660956311	5.6498125
dea/ba26d080dd02a	2.742016777116686	2.66275
deb/c35b6fa3e6f09	3.417372769208368	10.4135625
de8/d1d2367317971	3.1694526559640557	2.2049375
de9/bf2f1f9877b18	2.230544020698778	3.336
dea/58f0d9f68910d	3.0148356855826313	1.681375
deb/50f36d18ac185	2.5548989132649633	2.1213125
de8/5e5da61cb8711	3.116359279802731	6.0603125
de9/89b56714c92e9	3.178517195430427	1.57725
dea/704e8e7872822	3.2563223839604842	4.276
deb/03ccc403ce13e	3.247707933002952	7.612875
de8/46ddad4e71754	2.3895134604810853	5.348625
de9/7b24eda7135f3	2.622914747274682	2.8834375
dea/72b16db327555	2.644356093533389	1.17825
deb/3e6ed372f9bb7	2.7171328483006922	7.4191875
de8/ba1907bdbc13b	3.0413427048019805	3.4386875
de9/75b7cd25513b2	2.5751887981877393	14.4735625
dea/6e0e272b2d9e8	2.8232325437405317	10.976625
deb/dc9e31e4a773e	1.8951571458202152	0.7201875
de8/fbe6f6a3e79da	3.4767156839664026	5.3265625
de9/69b92ac07f629	2.6865313637761563	6.0719375
dea/0da9f4b39840f	3.341530442446737	11.5685
deb/ef3eeb62e0835	3.5031809334851514	9.0616875
de8/d5049bc742cbe	2.9963520339994125	11.1135
de9/3e974284ed434	2.683651591415875	6.2475625
dea/517c818a7d751	3.2762334342426422	5.1756875
deb/bdd4cfcdfe581	2.7539980641444086	2.170875
de8/6ea2efcde5ad0	3.2750761478002555	9.1796875
de9/9b03ae8d4a010	2.529260699005469	1.9705
dea/30661e3bfcf52	3.097462152469105	5.0944375
deb/41c7702e2e38d	1.5864404233534297	3.2991875
de8/1f7e632379729	2.611785949238275	3.4965
de9/70d40d64b5987	3.1055272667759732	2.617
dea/a58741e6899f0	2.846697339456251	4.5656875
deb/69b529c7d3f4a	3.0701539618017533	6.529125
de8/ea1e74cc0ee45	3.2025505903984706	3.2240625
de9/da4686301c5ad	2.3805355542832602	1.1626875
dea/f6e0557b67b92	2.6600781832999507	3.41725
deb/f73a022a6c420	2.3570886446976087	3.0424375
de8/ccee3bada9447	3.1782091755904065	3.4638125
de9/d19e0feada89b	2.0618860914789274	5.2449375
dea/2266e7eb89866	2.9513377777686656	11.5269375
deb/a62d2957e0d93	2.6106303182216264	1.0085
de8/a21c4bacc1b53	2.453207089007558	3.42925
de9/64f34f83f39f1	1.1595750190981837	0.8165
dea/2c11c1b3c85dc	2.634869094601361	6.2051875
deb/adfe1d6956e7e	1.0903276306826126	1.278625
de8/1fdaea1f51271	2.5516550813447987	3.0715
de9/7c6936731a377	1.7535528838441283	4.153
dea/308753e1680e1	3.470036623585212	4.7663125
deb/8a0afcbf85d2d	2.36959266568616	2.737625
de8/8b4210b5f45a4	2.817420070986011	8.2399375
de9/687e3319c956a	2.970598713053829	2.89625
dea/ba38783295b7f	3.1164891874454623	11.47025
deb/07dfaab0c14a2	1.1662932371676995	3.0788125
de8/7c0044a8add4a	2.991433375998013	11.956875
de9/f6236d2883535	3.0297004587256584	2.5974375
dea/f73ad2a300eda	3.3230119209816396	5.2919375
deb/413d30461ba50	2.5203466687518454	6.192375
de8/d57c4eed937cf	2.713885636093942	6.0243125
de9/85797cdd627af	3.4055129381485862	8.5728125
dea/080c27603d49d	3.2197496437781146	2.9335
deb/128ef23a8dd3c	2.698860869495966	3.702375
de8/7bba694a30136	2.5780092859391455	2.4039375
de9/22f5df9afd8de	1.981003112296351	1.55925
dea/2caf97d6d0ac5	2.5348836180355203	6.125
deb/79dba7a7daea3	3.235059621900232	5.228125
de8/11ab873857c22	2.7089454229463694	5.7228125
de9/43c2063594dba	2.898543706062769	4.22225
dea/e2a81c5715d49	3.2874238889760856	5.3130625
deb/23f11d27fa32f	2.9562426586512407	2.063
de8/10a21ffb64f45	2.448047237861204	4.5654375
de9/e76fb9ff952fc	3.020939273863244	6.2203125
dea/76fc686ad6908	1.466490653727913	0.9619375
deb/78a0e638aa212	2.992200202411014	2.5883125
de8/75d5c57054881	2.032397833104173	2.29
de9/d2ad44f085814	3.026309763916237	6.1279375
dea/84a58d57532fb	3.46156338581254	10.554
deb/a20f9cf319ee5	2.409871202595192	8.9054375
de8/eb8d7483f7b52	1.9808059086852436	3.7561875
de9/92fed60464fad	2.859000624782854	2.4816875
dea/14c95cd080768	2.2822990537910504	6.9295625
deb/2e751600b00a6	2.4479786889194277	4.7539375
de8/ba1a246934065	3.0524223955543914	1.92575
de9/f373892a6b372	1.3187558366064673	5.1475625
dea/50e56342926b8	2.843422938928812	3.203375
deb/377ffcc9a0b44	2.8664747790332603	4.140875
de8/4c2ca3bcfc92b	3.442729864737661	4.1885625
de9/3473bb29a9924	2.433167273600665	7.218
dea/18439700dfe5e	2.730852234679831	1.64275
deb/69488067e9b91	2.1642386957120143	3.2256875
de8/0d0d927bab23b	2.956127221054082	3.31725
de9/38d428f7e5ab9	2.3978078453536846	3.5375625
dea/58c2c21ac6818	3.2844695343002153	7.4415
deb/daa95963b7d7b	2.2742509164122233	4.3498125
de8/bf641bbc94614	3.270519739718528	8.1623125
de9/a1a8309b39198	3.311593068726824	4.341375
dea/7108c5e52d1d1	3.5367107259647987	7.5535625
deb/2520dcd3a73f9	3.414673445247272	6.277625
de8/36d1e7c267c26	3.2412133382490502	5.914625
de9/bd5f61390687c	1.8740403788572002	1.057
dea/06c5dd90e0a92	2.7035219803073627	1.778
deb/8dfee9b2221c2	2.332764030565953	6.541
de8/6b639f6d041fb	3.3867153320958128	6.8175
de9/cdfaf462795dc	3.0881278567715675	3.2375
dea/7ade577e0413a	3.45437832490089	7.5540625
deb/764fb41dbe762	2.7742028315436364	5.5161875
de8/5d91714818db0	3.4257393881873153	6.25175
de9/cfa4e5cec4cc0	2.6108020809453505	1.731125
dea/89778323fc048	2.6579610491528203	11.635375
deb/3592c5e5a5a44	3.293914297735637	4.0588125
de8/1bcd0abdd9b19	3.3415324424633575	5.76975
de9/d52795e3395b5	3.432957797051574	8.1211875
dea/45c57a88b16f1	2.1649078212474437	11.21375
deb/2618012e89ed0	1.1454489088481379	1.0328125
de8/54b423fa73999	3.37673994384397	2.767875
de9/9609ece49803b	2.562736241047238	2.639875
dea/ef1677572c416	2.606077780295284	1.3604375
deb/256e0e00e78ac	2.048485752106225	5.3123125
de8/a9fccad49c3f2	2.9054017672267802	4.698875
de9/a052c62fcc08a	2.5603810133075275	4.1804375
dea/0d39f02ca2316	3.3575258419308347	14.9649375
deb/91d760dcbeddc	2.8863347769546954	6.023875
de8/10f959c34b932	2.2183537980790846	5.5876875
de9/eb66e7c3ef4d9	2.8737514097628223	4.4765
dea/59fe9cb5ddf42	3.412002072698172	9.74925
deb/1c0719cf2cb18	3.0508451699947776	5.2144375
de8/94bf0a4d74657	2.9192570755689964	6.5124375
de9/3114fa83418de	2.865817300027885	10.297875
dea/a289e93abf146	3.4906396852866672	10.1753125
deb/ec6f9e63b9313	2.7148383718607905	10.75175
de8/9bbbbfc8d61ae	3.3398023530874164	5.6266875
de9/9b31713f0417c	3.1491698188169304	12.9309375
dea/e526729e0260f	1.54021633642694	1.18025
deb/e945ed3056e07	2.8843877671996543	6.556875
de8/f01d6302db503	3.2719914873148013	4.0923125
de9/63e59df242946	3.313872911662516	2.739625
dea/8e3e4f4bc3911	3.034631291476589	5.104625
deb/b14c190436f6d	2.67271954450124	14.755875
de8/270e91de6bc3f	2.924839150031019	2.184375
de9/240e2c015032c	2.818931563632329	4.1193125
dea/f43e4926752bb	3.341626924166899	7.4064375
deb/73cb0a53b4288	2.949161568468955	3.077375
de8/d9f68a0fd9295	2.78373605992132	5.37225
de9/f81c6ce401368	2.327400730263551	1.05725
dea/9aea7b9f2b262	2.2042926563127154	4.49
deb/db7739beab5ee	1.2685445722159114	4.80725
de8/730746dad2c84	2.655381398697893	2.707625
de9/5556ab812fc48	3.3896969763629445	10.5374375
dea/3e54d961bc7d9	3.3325500733420212	3.741625
deb/4f94020f91e08	3.416285649380351	9.9524375
de8/d767cf989fce5	3.429172711885816	7.6709375
de9/815b6d0e9d910	2.360524741998851	3.8659375
dea/2ca564423ccc9	3.45750654203601	8.4715
deb/4b1a495f47bdf	3.4837146447944995	7.209875
de8/b9b4eddd8b785	2.736394202597907	3.4563125
de9/0e855225fc3f6	3.1142490986806544	4.0231875
dea/d508553258592	3.312026099085309	3.631375
deb/4522a80005539	1.8035607536062477	6.4606875
de8/2ced2195e4361	3.3801510476993037	7.3920625
de9/6f8783d2ce90b	3.2234739436374085	5.890625
dea/9885b7848a609	3.035391846428254	2.066125
deb/8591b99b51c82	2.6689884853061443	3.174625
de8/94979e2505603	3.198639929492667	17.124875
de9/4b1d6c2430bb7	3.3185106435340006	9.28475
dea/82c57e4031e43	3.342101481000881	2.658625
deb/b34542ea8dd73	3.1073266706883294	2.9318125
de8/963aa8aaf1141	1.7868467071616378	2.12225
de9/3022b80ecf365	2.627389835248612	2.645625
dea/e4b34e7f1049d	3.2566713624029404	12.1079375
deb/e9323e5c16584	2.736998136586967	6.183625
de8/6103980b8f4ad	2.6527662700259835	5.7090625
de9/609726e469353	3.2263956947260883	2.4655625
dea/f334997b3e61b	2.914114193473278	6.6904375
deb/36213d4b2036e	2.987065068538334	7.2510625
de8/cc2445fbf3bd9	2.778811203377035	1.72975
de9/684452c7531f2	3.3264361502503563	6.60475
dea/1bb44d54c9d1f	3.409651144602074	6.925125
deb/09aab599ca40d	3.3954785746432887	6.4793125
de8/009755c8979bf	2.866538876507365	12.431125
de9/c727395910a6a	3.2660984679141842	6.848
dea/0a13eecafa6c0	2.9863017809101406	16.93325
deb/c697c81dd17ad	2.8012795266458936	2.2625
de8/f87f8c2780680	3.213093519588664	9.3660625
de9/73fd11090ac0a	3.0121400513079273	5.770625
dea/53842b2338252	2.5202284197717293	3.3013125
deb/8db8da55cc295	2.104993458555757	4.393875
de8/475f12d30dd91	2.816705334752611	12.8914375
de9/4242f767037b1	2.8751490886326057	6.464875
dea/47aecb777e19e	2.88216338606531	7.92925
deb/b4af7b23b02f5	3.14795039790721	7.183125
de8/074ce45f6d709	2.3095092328004414	5.7014375
de9/3532019a2ba16	1.980359213947159	0.8384375
dea/529ce81fa3986	2.3234164612586348	0.864375
deb/9d1da6889ca4a	2.933625610280615	7.104875
de8/1c0ded844b83b	3.455512755872745	9.427625
de9/f63d899139c87	2.132408015542153	1.784125
dea/3d7ddc2aee548	3.2599492845626337	1.9224375
deb/ae4e0aed2a97e	2.1021007835694694	2.2155
de8/62b62784fd1ae	3.129755662298953	7.521875
de9/dfd3329d265e1	3.3347032386612794	10.431875
dea/f4534c2513868	2.949819875430203	4.6823125
deb/88dae7dc103ef	2.925540612681982	9.19675
de8/7222adabf1109	3.482664356481957	4.6340625
de9/ee4d580fb3202	3.3895172082966334	12.500125
dea/2841657799d5d	3.3652455524149945	10.436375
deb/1040ca47afb32	3.187774625235855	7.8548125
de8/5ef5878b1a7df	3.054085170521688	1.545125
de9/a9cbccea5a5d6	2.4978404771152674	1.7983125
dea/d27425525151a	2.119949402945879	4.839625
deb/49e9b26c020ac	3.266250066280744	8.6155
de8/66ee19e31646c	2.5237065388453304	4.625875
de9/662e536134c80	3.524825048716522	10.062
dea/341e3dbaaa5e3	3.1925314751883183	2.373
deb/3280aab0e2e8e	2.497191731308654	7.3678125
de8/baccaf0c11e61	2.2645332562402167	5.4061875
de9/1934926e05377	2.9760760053163144	5.8905
dea/f0a485bd7c5bc	3.5237226092183387	20.9753125
deb/969145b2c4d60	3.3648669846195545	9.5646875
de8/1f6a4375c0959	2.76985749645747	7.264875
de9/202acab53905a	1.5938009688257733	4.63725
dea/cce641ad95297	3.1593208396117074	5.303375
deb/2f34e82a8d5e4	2.1953868955968203	1.2495
de8/b9638a73c7d03	2.634981537463931	5.9015
de9/d38441ab0b138	3.376824997052546	4.266625
dea/89fb29e1fbc7a	2.8639282648987856	9.193
deb/debbb660ba75f	2.8354700004703393	2.597375
de8/17296ab14c325	3.3782314495684425	11.3455625
de9/d9ac526880f43	2.3816523757025134	3.291875
dea/7785d3f14c079	2.0670905516201383	1.4721875
deb/057256b45a2af	2.9266096961571537	4.362625
de8/8f6cdea963130	3.3805312297116443	9.7526875
de9/09ff2717ef22f	2.6048269167519407	8.6705
dea/3554efee5a67a	3.3495181792637054	14.6605
deb/de4ee7263f121	2.944977343526925	4.3099375
de8/451b52ab9f731	3.1726230358891883	4.4896875
de9/267650599a951	2.728719761276773	7.8855625
dea/ef84f5623d642	3.378695996605771	7.7523125
deb/61bb8b03a9e5c	1.9354298911207173	1.77975
de8/d4a6d33323efe	3.2093564556866694	7.0319375
de9/e0a89376d6299	2.9356185512776634	7.1285625
dea/5f0725abc846c	3.2015458302655984	3.8956875
deb/c4a2490041ca1	2.9573725269968567	4.2028125
de8/466e5ae95aa3f	3.40909275881159	10.2873125
de9/7bdff31079366	2.1584858035254615	0.9605625
dea/3717aedef6783	2.3879657911025753	2.602
deb/682d428c44c4b	3.3135623371235994	5.9570625
de8/bfad4b9fa911f	3.0083208166591855	4.9619375
de9/de0b698e4b8d9	3.2577289976187305	6.536375
dea/421aaa5cf1bf2	3.213006921748951	1.9514375
deb/42e9711b8123b	3.351305337617489	5.0610625
de8/e480d8cfb4073	3.3491702812194846	8.6838125
de9/d14f2c324f64c	2.403112495238809	5.7886875
dea/6da5204a7bf62	3.376111919792848	4.2800625
deb/725de4eb70930	3.2101951319688347	5.160625
de8/e3159505472ed	3.3001500175935963	3.1745625
de9/edbfc51172fdb	3.3857267716302992	17.745875
dea/e9c2b992ef95d	3.2903577579418863	11.3985625
deb/d9cef7e2cd138	2.432969456194991	2.692125
de8/ee13045749cd4	3.3665824983954327	6.6515
de9/3313c0de6356e	2.1598444970328474	0.81725
dea/dc476546acff0	3.1570855686790162	1.656625
deb/b325c3918a2a1	1.5935929201357621	2.43225
de8/f5572abcb30f1	3.1619972034236645	7.3724375
de9/8bb96248b4f93	2.5448251944977867	2.3135625
dea/9d43dcee3eace	1.1803807918500127	1.4414375
deb/c9c1fef5039eb	2.947500275637464	4.249375
de8/3b90dd68e1cf5	3.214766782805849	5.1624375
de9/b30660d57dd78	3.458939541452033	11.8428125
dea/fba34cc2183d7	2.697634922622505	1.2634375
deb/6f57f0e5a5243	2.9261136134232224	2.81675
de8/15135dbd2ce3e	3.4007455014051784	5.861
de9/05a10deb727f8	2.951780049839354	6.4164375
dea/c941cacb1c2a9	2.595814168566939	1.1253125
deb/37d71860b87b4	2.9284631412738378	8.5605
de8/879695ce3eb48	2.7589486653359265	2.04675
de9/2d70752c17657	2.527832002253729	1.8746875
dea/caadd129cdaa0	2.489382304219308	6.5595625
deb/0239ddba39a14	2.024382046871491	2.9618125
de8/26fd260f9dd8c	1.2139083129021806	2.18225
de9/41587ca6b8688	2.9707136107220564	2.29625
dea/d5e4192eb068a	3.409216193225045	4.1348125
deb/5ec8bd6264e57	3.025107199945596	3.7683125
de8/a6bb59234fbc1	3.194660964701935	2.5213125
de9/5156bde8ce246	2.8629046819666133	2.845625
dea/a3a571b1327f5	2.6047292387164784	2.541625
deb/dfb2c4e46fc13	1.8668085297492742	2.5435
de8/3471142ebdc6f	3.3883309411610014	10.598625
de9/ccccd23fbddd8	3.274318293860349	4.782
dea/7fc092a7e05fa	3.1904054934062778	7.1275
deb/063fb060635ea	2.7930131737463157	5.8255
de8/efd16317373cc	2.1011427736640047	4.036125
de9/d90be0a84afeb	3.1935903670262946	5.361375
dea/2277df5b2180b	2.097719876484906	4.9121875
deb/b7a80127b295d	2.7611466077715283	2.14025
de8/d4d4843a3aaed	3.1830037268078373	8.261125
de9/524bd85bbf2d2	2.897065425338499	5.364
dea/3366b0af4dc23	2.9855760948047445	2.96875
deb/5fefb13cfc7d5	3.379216683755267	13.9339375
de8/ebfe3c7fda5ff	2.7528718444423097	2.4104375
de9/3ea953e8abbcd	2.7411703035145414	4.393125
dea/842d6ffdf4308	3.138206613105346	2.0201875
deb/7172946705568	3.1938244997202525	6.968375
de8/f4a5b0eeca6f7	1.9189407043094968	1.9730625
de9/6742335098c7d	1.2687475919281717	2.4506875
dea/1047a09e23d1b	2.5837796124062833	4.11825
deb/8a3ad7dc1b00a	1.726876114609407	2.4818125
de8/380563b2fbe07	3.1337714831022003	3.309875
de9/93bdc4b2d2514	3.361126799658668	13.9258125
dea/81c34f96925e8	3.4954736688792694	19.265
deb/4ec9873b8d44a	2.3530189532579047	5.7946875
de8/9a17bd8c1f266	3.252897644129962	3.1231875
de9/13ce5a9e5951b	3.1556249920562855	1.5460625
dea/708ebae3e67d7	2.198194024882288	6.029625
deb/1d0e96d5fc74c	3.237641456776077	3.141
de8/c7f36dfc9fb15	3.2361004337974286	5.5775
de9/662d1d8a2d0a0	3.0811607073499956	7.334375
dea/74b0b177add44	3.10041170004814	11.0245
deb/1e50e3e73801b	3.0384818305943035	8.8419375
de8/22ed7deaca1dc	3.2026717179183146	10.5495
de9/ddd9002bf93f7	3.1513060975877445	8.065625
dea/1407098a84269	3.4660606251105257	12.3088125
deb/c1567e05e57c3	3.1190429703292044	3.772
de8/aaec6dd959d3f	3.1611176151972935	6.84
de9/c2716cb4d66ec	3.0003651310347816	3.0513125
dea/0a6f5756a8a85	3.3721031262685313	1.876375
deb/0221d60eca135	2.56779258706621	2.26025
de8/701eaadf347e8	2.8906587508670274	6.095
de9/4834559228a47	2.306045712380524	1.1051875
dea/835ec2563b7fc	2.514204817948502	3.502875
deb/bdf6d69134f4d	3.400283546605372	19.20525
de8/54c1c48e11fd5	2.5448637469469784	5.5990625
de9/d59fb21b60d5f	2.713233218092789	8.5315
dea/f5e7187aa67fd	2.8821655565142246	4.0521875
deb/592d1fb0b06f8	2.0290476938000395	4.356625
de8/bdedfcb1bfdcc	3.4000034839524225	9.6755
de9/9b805736a8c33	3.4082568083969162	20.729375
dea/e857628d21bf5	2.271642977130949	1.0088125
deb/54fb9953da4dc	2.8388932252457435	1.2788125
de8/cbbdb13588b24	1.7872059449398023	2.4049375
de9/0de0e771578f6	2.917919442555321	7.677625
dea/c2cc2f094f055	2.849520383295796	12.5471875
deb/fd579f7a3c30e	2.38211179040412	1.5670625
de8/5ad3457d4b068	2.511957598175006	1.0334375
de9/c0fb8d318d29d	3.0897022632135784	5.73975
dea/d23f4d696ef8f	3.5641868191463786	14.835
deb/8d6746ab041df	1.8555428710804847	7.3263125
de8/772f64d8d663c	2.6525842234704977	1.3223125
de9/5173f720193c1	3.0127914342997135	6.7683125
dea/89f0802156d42	3.3763975491728973	11.47275
deb/82a5575d62047	3.261123841700012	6.164625
de8/41216e994bb0b	2.6883690692803537	4.6831875
de9/4cb40e68d9c01	3.3807972835739255	9.6511875
dea/3af41a8bd64af	3.203114757200392	5.1465625
deb/8ce1a90cff465	3.1453300555952985	9.2054375
de8/4d76c0215c2ba	3.423434628532664	12.208
de9/e47eef7ad58ae	1.9824025520770985	1.567875
dea/b5a1e061c5411	1.722566209015035	1.82975
deb/455c1be11f6ba	3.380485757083712	9.888625
de8/a40a5f64a45d1	1.4578180966507128	5.28875
de9/1361ccfb571ec	3.13232445108618	2.6758125
dea/9b95491eee658	2.6751267944566712	9.742375
deb/563effe567f06	3.123457424366051	5.2388125
de8/0d3acc0d9b1de	2.8601616354061115	4.141
de9/ab4946465aa81	2.9673260724487522	7.851375
dea/23cdb298760c8	3.0612564360605496	0.9715
deb/01412a8b6e708	3.185158717148206	13.4935625
de8/f9d564e9f6269	2.08165445234376	5.0991875
de9/4c11fe4e655cf	2.5098336009494826	3.44425
dea/ad3e6cf4c7413	3.368288600173251	9.8343125
deb/92a33502737f1	2.91178787129986	4.861625
de8/f6ce243565777	3.0637204463885737	4.26275
de9/49a834339915a	3.3077432803785496	4.9674375
dea/42a92bfe05855	2.919852697777685	3.8665625
deb/93805a2329426	3.268140429708281	5.0804375
de8/4734274d33a26	3.3031294118321135	6.1244375
de9/d4af6bdb0ce16	3.3720530039938934	8.6700625
dea/02dc853fb3091	3.1848547090340342	14.9518125
deb/3ed317e68cc8f	2.241550454464849	1.46525
de8/a58190a676b49	1.0886541557860143	1.5008125
de9/d36756c1dd03e	2.8699920561852603	7.40575
dea/e01bc8bf3dfe7	1.6321811131839465	0.961375
deb/d6ef984fb1c87	2.319032877774931	7.0079375
de8/cc209af481cc2	2.5128665120420988	6.4186875
de9/f309c113d7787	3.276160982272317	9.727125
dea/279228303ab34	3.3517861976677756	2.4726875
deb/7d1154d138282	3.550909365154211	4.1175625
de8/297ed833af43e	2.7813235920244237	7.3776875
de9/cbab045241cd0	2.491820066056404	11.4000625
dea/4c2bc0e62d401	3.285492388899919	5.75225
deb/6755a01e6a2ba	3.082435464218694	15.493875
de8/5b67053ab750f	2.342068219837335	4.3315625
de9/f175904da6aec	3.1386143159182125	4.5074375
dea/fda5a5f524012	2.015264156025485	2.4753125
deb/8983bd7cb0e08	3.037718959266308	14.2025625
de8/9bdacb39781ec	2.149496396782262	3.3063125
de9/7cedc6d327cc6	2.9254830718967866	1.885875
dea/5bc84f70d6ae0	3.195117233706781	4.0135
deb/5d8bd23e6e532	2.9526693743119288	7.4519375
de8/27f32147859d4	3.3720739693422837	9.4530625
de9/32cf8517f8447	3.292731006146375	3.5556875
dea/1e13d4c923ece	2.8850299494195646	5.887
deb/d81e3574abf9b	2.668913876976961	11.728625
de8/f94692671b77e	3.264917032913334	3.56125
de9/ded44f1914481	3.3573397872612754	18.4005
dea/c8bc350325d6a	2.870937335851913	1.4895
deb/fba4f37ba22a1	1.0614861667285287	2.7128125
de8/2cee2f7b8575a	2.747974129899444	6.3053125
de9/4ade6e4afc54a	3.0308282764876595	7.5976875
dea/ccd1935442f7e	3.0144847354788546	6.70325
deb/d49f95213acfe	3.059793173769038	1.554625
de8/f47ec64a5bdd6	3.335275805478017	11.515
de9/92179666d0ac2	2.0811934279586994	0.9125
dea/149580e4099ee	2.7405731891816827	1.321
deb/af423ecd2038d	3.373400435899459	12.0735625
de8/d934db4957313	2.7286423556366595	7.498
de9/3b287a719c46a	2.682599404992402	1.91775
dea/7c1895f033fbb	2.853989148472532	4.536875
deb/5016220fb1d37	2.3614731692959237	2.087375
de8/7d041755d0e5f	3.221358173542482	5.2388125
de9/0377db4a79ff5	3.2913400743459666	8.5030625
dea/1ee61115d3af4	3.2761687900680174	10.3125625
deb/d5fafa7b01793	2.397218558152863	4.5303125
de8/721d66b853bc0	2.8111167084554554	3.2719375
de9/92b40a2bf30f8	3.2818545031693227	8.1719375
dea/f0b96a629ed0c	1.4399394960143368	4.1351875
deb/0d3ebdc4c4c15	3.2458903327453252	9.296875
de8/55dffcc8ad8ab	2.6278833173530565	7.8678125
de9/8ffa89b244a53	2.462926766587049	7.634125
dea/2a016a87f9e2f	2.8796394931964784	3.5090625
deb/7ca671ff5379c	3.0096354716674276	9.8158125
de8/80bb68fa0abef	2.8564262689544355	4.136125
de9/b987ac53285a3	2.277791415904336	0.9609375
dea/80e8779dceab4	3.2462108930265616	18.491125
deb/5cde346a69bbb	3.2760937003575745	9.8695625
de8/4c9a84f3f786d	3.096865083104983	8.8578125
de9/6558ad7abfa01	2.755676987695444	4.4845
dea/575ab22db7157	2.9916619329485616	4.7428125
deb/9050cae51b443	3.0492442287844566	13.234875
de8/8a74cfba8f01c	2.5903170918753453	2.622125
de9/0a5507b92cb94	2.506854251383522	6.622
dea/d52a66b78ed76	2.614254152778625	8.6018125
deb/b7f1fbb07f46a	3.1568631154929734	3.6909375
de8/cd3a0ffad60ca	2.7350307996211636	3.87175
de9/fb8253c99c496	2.729579796885049	2.265125
dea/d882bb2faca0f	2.6536211693488947	5.1255625
deb/cf80525568b41	3.465972557909749	3.2279375
de8/1ff2ee6e10cff	2.93386827259083	2.022125
de9/94f3bfbba2b7c	2.834908599550648	2.54975
dea/a801a22780999	3.0988386839974416	5.427
deb/99580857be9ae	3.1436667580572255	7.525875
de8/4cf5558217ee4	2.976819301178145	4.680125
de9/ecfa8074673ce	2.8020309236106153	12.5499375
dea/40f6f35201996	2.868697047886498	6.5639375
deb/259df569d1a2e	1.9152150555868652	5.704
de8/78e1976efe56d	3.134110890672296	9.449125
de9/97411481df4a6	2.0573468656248	2.224125
dea/88a99a28f3094	2.947790961057228	5.27825
deb/8b90d37ca8b81	2.151428858744966	1.5654375
de8/f1424001c747b	2.117366079468494	4.2691875
de9/457c1d346de17	2.7304814055331756	6.0083125
dea/4a96b32a191f1	2.638170698487234	4.651375
deb/0aa794938a26d	3.029104675105745	2.1666875
de8/eb4f3ba4f76bf	3.0177857853906946	2.813625
de9/23db578be71af	2.62080428645213	2.0496875
dea/dc587e9bcdd4d	2.830039755941751	8.0920625
deb/94a731d35ca29	2.757433832409364	3.940125
de8/7e059e11987a4	2.2002824212988297	1.955625
de9/f0bb29c5608a0	2.318083907148921	10.629875
dea/42e32dca5dfa7	3.142665540951578	1.85125
deb/aa3f99ff5a087	3.414727552779137	16.099
de8/9dd46f1eddb67	3.1234511493135138	8.8823125
de9/ec4e9a7986fef	2.1573672655611924	1.00875
dea/af2e0c24d48c3	3.206049253984554	5.6713125
deb/6e22726240d62	2.3959751453102944	2.4325625
de8/ead2e8991ddcd	3.4567588558718567	4.1321875
de9/a588011b8bb09	3.4394188498974803	7.949125
dea/5819d8bc1922a	3.119691801804993	2.1179375
deb/c21544097b7fb	3.2934808432615568	8.2714375
de8/025b12dd116cc	3.4145838612563884	6.5044375
de9/3b879ffe89c37	2.9050842656003866	2.845
dea/3cebc4df6eb79	2.191378538607675	9.367625
deb/bceb15146a7cc	3.4438794036714846	7.81675
de8/107d96cbba4df	1.8083519433800417	0.8406875
de9/fad91df575908	3.2873808030368004	11.5466875
dea/5e52eadff90e6	1.7514336939555413	5.2589375
deb/93e081693471e	1.5946242004908135	4.400375
de8/65b8e0b8a9e77	3.34490777644951	5.508
de9/bfbd95af15f2f	2.9661115165724556	2.9038125
dea/53105e8df768f	2.9799491128362923	9.2701875
deb/82e096d54c216	2.687963925587668	1.9948125
de8/622154396d503	1.9562903315538458	1.513875
de9/6fff8ff457f9d	3.1817397311846256	3.8880625
dea/5392e76a5e10a	3.438509100975105	6.6455625
deb/2106a3f9eb3c8	2.5439535485291596	7.6339375
de8/b6d8bdb1350fd	2.60825256045047	6.7119375
de9/e2b5d632cf4cb	3.2068663271198643	5.883375
dea/17f51794e153b	3.2100659525509876	3.752125
deb/5bbe8fefdbd00	2.3094275467438012	2.693
de8/250d7b2169486	2.4088916744419318	5.805125
de9/09f51dc559c34	3.002543522694228	4.1626875
dea/f2a9946504152	2.3677023900522878	1.8598125
deb/9c937fb173a1f	2.2908386669621335	6.8143125
de8/2b28e4ac43b6c	3.2040178115779536	3.8284375
de9/068422dcb7bc9	3.0392288815510438	9.7085625
dea/e28d80a64b2cc	2.9440964589216625	3.566
deb/127614ffa5eb0	2.0864013431880144	1.06175
de8/f29f1b44a0efa	3.3610566056967963	9.8921875
de9/7126c423e9c72	1.357056689263804	2.717625
dea/229c1d3438c53	3.0809607921835953	7.2425
deb/45c351a940e95	2.487501583292105	11.0804375
de8/c8167641db57e	3.169236036635804	7.9843125
de9/2d6a128920751	3.363091203470195	27.2921875
dea/1c149f03eb596	2.8822315272616863	4.345
deb/ed6444b372e54	3.1232358789525754	9.0224375
de8/72e049a7ddd76	2.772029917835468	6.4805
de9/7d9868b0a3a4e	2.328073208653086	3.194
dea/1b9d7a1a74f68	2.687469320526354	9.1106875
deb/01d82a1058df9	3.221444266811561	3.6225625
de8/f08e7b29614b0	3.31340886940378	3.970875
de9/8d229d17fbcdf	3.0717253769781974	5.7735625
dea/43c5750c53dfe	3.168889404163983	2.599875
deb/2196ec3e7a4c4	2.820156785256003	3.8645625
de8/87a75141bdd18	3.4083906230012073	8.463
de9/06130e71b9be1	2.7234873229914456	6.991375
dea/72cff8891b46b	2.4352431956560885	7.962875
deb/a2a6043e91b31	2.821098249337788	3.6375625
de8/2daba4337cb22	2.544289549014021	5.9830625
de9/924df3246dd89	3.1285670522060767	10.3101875
dea/c6d905b4c9ae9	2.3843396096091505	14.5921875
deb/1368f3d9acece	3.0573482174174096	3.4658125
de8/5f790a2a8fbc5	2.0068127858196676	1.399875
de9/8bd3dcb29504c	1.710421459948277	1.775875
dea/925944c21de83	2.059358150891359	1.883
deb/7e65734d82ae1	2.601261284033951	4.9919375
de8/b76f602193ed4	2.704194470927812	1.8731875
de9/ab31d181bdf7e	1.0708432317812884	0.9611875
dea/e7fce9757a54e	3.112945831576991	10.891625
deb/02c5b260626cb	2.8418959194821958	10.570375
de8/a42b9e4e9ad52	2.8531498447350874	2.486
de9/943e91c99d031	2.5248957061090023	1.6565625
dea/35671a018b5a2	2.9858739480590764	5.3556875
deb/42d337e27c090	2.6890708067336426	7.2009375
de8/e4274f6d06da8	2.982092646882667	3.6154375
de9/980f0c9fece58	2.505360499143618	5.915375
dea/07e6101c514f8	2.9824153312495256	28.789
deb/42cf36b68c59e	2.3621193591159684	9.0735625
de8/96346bdde8c56	3.148018577641893	3.5033125
de9/f30dc894ce781	2.6454018474562235	6.895
dea/6c5b7a70eed2c	1.7723692013881986	0.816625
deb/24e5190ed818c	1.1318325537595813	1.5290625
de8/0259ad9854c73	3.314092286435749	2.5751875
de9/8c104620ef227	3.04672480504669	3.0373125
dea/9003c17c36b6e	3.3561646460140753	7.586125
deb/aa7cdf1770619	1.5834357354990116	0.9835
de8/fb0504728b801	2.8250701426137357	1.1539375
de9/0734c25284438	2.6192012642976557	9.0096875
dea/6efb22faf9f3f	3.3768717280899425	9.2796875
deb/6e1e068f2d4c0	3.245895018725625	5.340375
de8/e534455391e93	2.726374745852971	4.6869375
de9/0baf371cf8815	3.2817703676958914	4.7590625
dea/82efe92a274e4	3.4218189368931347	9.414
deb/599772a10e04a	2.245020465843981	2.568875
de8/49ff6e42ce5da	2.34050932733957	7.0651875
de9/7fcb2d5d49d4b	3.2203142701099416	2.9565625
dea/709573fb71fa1	2.914690615831116	11.645625
deb/00e247a519d8b	3.509689418860575	11.23325
de8/6f94e72f79ee8	3.2386707625660183	6.1376875
de9/9d04cd2fb6f70	2.5250320406323983	5.974875
dea/9618602cc20ad	2.025461841066306	3.4394375
deb/e86e7fd4d854c	3.3513093102153597	9.68675
de8/49d64e87bd613	3.147824376423091	5.258
de9/7449720700f7f	2.2170374982502987	1.6109375
dea/89eda840be114	3.225866982902322	21.00775
deb/cec884b875459	3.4868204876699775	6.3293125
de8/e5ac4440b0f0a	1.8837924987531858	3.1943125
de9/28260b470cc91	3.1924683174252513	2.09225
dea/4b4a4ab7045f5	2.509640156869801	5.7461875
deb/e8f342ca0eb85	3.320553802520113	22.5015
de8/4f54ac7a2de98	3.3513730102300596	5.288125
de9/5cbc02dbf0384	1.1517859569533653	2.145375
dea/3fac3280eda5e	3.167264921040459	2.331
deb/f83979cefa1c6	2.5770578761663336	1.971125
de8/ef070b7f2bb71	1.9242342986950856	1.1054375
de9/90956c617fa24	2.7550459464483166	4.9871875
dea/f3b44a884a189	2.672249625969772	4.3506875
deb/0ab4f4e2e33be	3.063751375525036	5.214375
de8/e3f3b226925d1	3.0833352858140555	9.382125
de9/d56b0e3c2ae69	2.36857214864937	3.768375
dea/6a83cde088d0c	3.424376503464234	9.271
deb/f8a4844b4ea45	3.2183848458224573	9.383875
de8/2a623993afde2	2.2783598190117282	4.63425
de9/11144c6c1846e	3.358566570171618	16.1193125
dea/f44cccfb13abd	3.1262423931875456	9.470125
deb/ef63b9120fe3d	2.8857106352311837	1.454625
de8/b2182440a3b37	3.345962658148234	7.036375
de9/11b5b26d4497d	2.799756066045526	5.5556875
dea/15f8111b9901e	2.9860837673054257	5.1313125
deb/1ddbe3651a782	3.1776709247106107	3.1946875
de8/8c5f5851acb77	3.2267817304671196	11.2883125
de9/cfd274caf8e5b	2.751460814426474	1.990375
dea/ca933dfb75b03	2.965793773474703	10.959875
deb/1b86e94693e78	2.7255367633932677	21.085
de8/c02a73bf0d0e0	3.2537341499946284	2.698
de9/b37020f9abed4	3.4437882506889568	12.8031875
dea/073f06e472538	3.2059810817947656	8.8455
deb/752ed66fc79f4	3.1222201017758313	5.423125
de8/16fec351f4462	2.54395951215067	3.8690625
de9/16f8142035a7a	3.4264757435872406	5.0946875
dea/a3eda9abec2d9	2.5919660125195563	5.211375
deb/f06cef3cb7d42	3.3418184988692405	12.4026875
de8/83fed7261f23e	1.9279683070206228	1.2490625
de9/c887390a97493	3.1455308192055718	3.83275
dea/57fa6db8db756	3.231769381603975	10.0281875
deb/9a9ae426f3537	3.349088316565043	3.8059375
de8/ace00461f752a	1.3340670024264771	1.5881875
de9/6284aa59ccd4d	3.481845527736198	9.9053125
dea/22b9ad6f7a5b0	2.7128651564994866	12.404125
deb/0a1bd9d655a09	3.0591287898730055	3.89525
de8/48b38a3363d73	2.863436911356206	7.898
de9/444a477417649	3.075941281723909	12.139375
dea/1b832af4f16bc	3.4369099632002102	2.923625
deb/a1a1e33e0cc86	1.1439801205255349	1.417
de8/c47aaec6235ac	2.604430328168189	2.1943125
de9/5827fa9ada1ab	2.2593493720140767	2.742625
dea/115947b0d15e5	2.8419980482541907	2.9890625
deb/4f88528c305af	2.93698083590373	6.2954375
de8/5e6625bd974eb	3.182083889212854	8.3700625
de9/60a9ea2771a8d	2.554102078645855	2.01825
dea/a1d09ff96f750	2.368565936847856	1.1585625
deb/a7c75542ce019	3.4151979930639746	5.951
de8/ecb650e38a3b8	2.268310432657623	13.3978125
de9/333636e4a9863	3.0102428411267734	7.2970625
dea/889d3744af8b2	2.884186700068233	4.3375
deb/ea34168d68aba	3.2018382976416095	6.8740625
de8/b9589f2cea750	3.3536373300243207	6.9388125
de9/11ed30dd70300	3.3732085667621363	7.7640625
dea/5519d17a82340	2.7727917025583864	7.5639375
deb/246b1f743fd4e	2.4772265294479983	2.9995625
de8/c14f3f2412a40	3.1021033331997625	2.52175
de9/86445cf86fde7	1.774974800645577	0.9801875
dea/2038a3deb6657	3.1515525377437306	4.73975
deb/0f55537308548	2.1054215419421207	1.312375
de8/a0c03541c2387	1.3340998913421627	1.80125
de9/43dc86bf535e0	2.900498574039184	4.808
dea/d1900c1d616a9	2.1588749901110282	0.9450625
deb/cf4501c46dea9	3.0467037797413496	13.9015
de8/02c3da50cc057	3.0406642381760784	2.8460625
de9/414563db71439	2.864776071298194	2.8125
dea/24b3e3ae0d586	2.3499031819350527	2.2726875
deb/699a102af85a3	3.262315124965005	2.7155625
de8/147e00bb34ca1	2.749660476927027	2.7995625
de9/704d012d3a0ea	2.203797169394287	2.2695
dea/30ba12159b48c	3.287009488087776	4.513375
deb/453500a62dbf7	2.8844797580297197	2.8315625
de8/d422050dbab66	2.330999526818502	2.52475
de9/8086bc364e480	2.7955210144556637	8.46025
dea/bf99b92aeb53a	3.264265899543931	7.504
deb/24714030e45fc	1.6316311376330794	3.90075
de8/7376e8d21ece0	2.3997728587792144	1.684125
de9/6e35af8bc70f8	2.073533738911264	6.25825
dea/9e2d3d667371a	3.354560096054528	2.138875
deb/7c31d86c9ad12	3.4252283845011733	12.666875
de8/2f44d01ca5633	3.3769404567646344	5.866125
de9/06c0d616ccc30	1.7847395479216328	6.0734375
dea/ddfcf12d7d4b5	2.760420392996494	4.1851875
deb/01d5c7f4ab1e9	3.094772694973856	4.8049375
de8/a8dce050fc1cf	3.513680233277318	9.627
de9/bef23ea248835	3.3758948436789162	9.011625
dea/d23ba2c836c52	3.1708884298627646	3.6553125
deb/6f20c70cfaafa	2.1307811668967416	1.2944375
de8/6fb19b5a4e220	3.417886492131306	7.8409375
de9/901b6df1af3af	1.1378668481478857	1.96125
dea/070fc4dcebcde	3.305885090438582	13.9905625
deb/a149348c8753c	2.471880381413059	3.369875
de8/14b5ce533240a	2.2420461733646206	5.8816875
de9/a50161360f3e7	2.638442751943818	2.4023125
dea/d04b687d620e4	2.6697208759448565	6.46375
deb/0946006cd9b6b	2.3675629269545615	2.60375
de8/f6f0371ff660f	3.5000877200463405	13.455375
de9/f3ead212e4064	3.3085577856965114	11.5426875
dea/acf722181362b	2.1623105171828634	2.64525
deb/46a2fe66b8e29	3.2296998656208507	5.938375
de8/e2771e166b33e	3.078323088563901	4.6294375
de9/c62d2e3ef9e2f	3.3379591071930643	2.6491875
dea/b23f9514ee1d4	3.262855202174284	9.27775
deb/970d951817111	2.855286421479204	7.1318125
de8/e9f91b965a702	2.2492947619224655	1.7424375
de9/a5c51c567e6fc	2.6010083366175	2.116125
dea/f5b0e34bee341	1.9006399776109444	1.8750625
deb/ae6ea1c83f400	2.755301941676521	5.1984375
de8/bfd44f1a98f09	2.724990853987	9.8079375
de9/9ac15bd28d7c5	2.3360732484789897	0.9604375
dea/b70e5659cfa2f	2.596065707527825	6.8304375
deb/ec1b5487d60cf	3.2650237513130773	9.838
de8/803fb3446b63c	2.180771949521614	4.99925
de9/f7160a33c4ac5	2.2422502854605764	2.9344375
dea/c973c83b54201	3.0691660944020804	8.0014375
deb/922082e67d5d1	2.745580758484896	7.95
de8/c4906d273a85d	3.3974101042489337	14.1100625
de9/3c899fad9101d	3.4149556700357984	8.9109375
dea/c6d4bc9567286	2.3215574425653434	1.2574375
deb/faf17157864df	3.3452592433290738	8.4865
de8/593134ad2d498	3.127860412156958	4.05725
de9/c83fcdcd99075	2.7118828904312897	2.3578125
dea/b7e4456248ca6	2.237563694710792	3.685
deb/1dbc98758a2f8	2.975408774517047	6.492875
de8/c2a85e042807c	2.6229390399836348	2.448875
de9/3ca3f27428ec1	3.163566102273159	14.3674375
dea/84d91cf357558	2.6866700008017896	4.5558125
deb/c4667bea18810	2.9603699537153685	8.389125
de8/ef18767d56583	2.1055011731251168	5.3631875
de9/471dbae6d0383	2.427279417158984	9.4571875
dea/5a475619c9850	2.777672561062426	3.460875
deb/574e52aea5b3b	3.2371559964150523	8.823125
de8/e6ab79bfa0b7a	2.699531394871776	4.4685625
de9/80539a259fced	2.783823824059293	1.6606875
dea/4b618db002eff	1.9897980277602438	5.35825
deb/9c03b734e05f5	3.1636323970574485	8.51075
de8/2c490f0d49f99	2.122464469829654	2.28475
de9/07c188e1b9f90	2.761627240341371	8.5543125
dea/37c969b1e2da3	2.712739957668021	4.4303125
deb/0f1a0b3d60418	3.002524057817929	8.2376875
de8/1e90c90dec819	3.046484949380114	4.057125
de9/d2c5028bd477c	3.1701443625539767	5.938125
dea/c7e74b050bec3	2.9554796010044955	7.108375
deb/16f81f841e660	2.903115560762372	2.6513125
de8/84166b2dd8f49	3.3365239029398763	9.3899375
de9/0d6e6e91c013b	2.636053436422242	17.87875
dea/f6d5c1d7387ed	3.0337643444475333	2.0411875
deb/cb7c9013c9da8	3.1894093000845922	3.720125
de8/76cbb6388c0e1	2.134054091944713	5.840125
de9/d77531526ffd8	2.2732725397440983	3.7735625
dea/7a67bd14d0d34	2.9295060077831363	6.754375
deb/5a73d351fe309	2.915771327354274	2.0411875
de8/95c0d076478bf	1.1196920042312106	2.5495
de9/5111bc42bb62b	3.3774429474433925	8.4195
dea/3f317a17fa3b1	2.0596581003463794	2.06625
deb/d19d2e54a2b43	1.1861631136710005	4.0189375
de8/4e2c92f49b131	1.7850107436387	1.9771875
de9/e97ff20665325	2.0636055914268523	4.4560625
dea/409848893392f	3.0562331941915075	9.0335
deb/05d724d6c361b	2.147348949224043	4.2008125
de8/9cfea2ac1a0bb	3.4683256273123626	4.176375
de9/c253de5863a69	2.974856904680732	15.2896875
dea/2728b82840995	3.0626582042399386	6.8938125
deb/0b43c33b7d7ab	2.878933364255596	5.8840625
de8/58f88241e8562	2.1490960726699115	1.088375
de9/d33b4fe16506c	2.39825093958428	5.8223125
dea/0090307ea03fd	3.1732836244535036	8.1128125
deb/0293728086508	2.9179103941252817	3.724625
de8/a9d2c33f1605b	2.587774537878344	2.5595625
de9/ad265cec4803e	3.4012349330287663	6.1988125
dea/8bc14e05ac012	3.0763204273409652	6.346125
deb/7bddba34fad51	2.4721068669594946	2.5226875
de8/7787682d560bc	3.312588047581212	2.6974375
de9/5aeefaacea9a5	2.7247021382660157	6.9050625
dea/3987887aec890	2.6289054437729527	3.6620625
deb/e913cde20bb96	2.851523349793565	1.4376875
de8/c6d830e86df13	3.085688883720296	6.0784375
de9/e94588b2d64ea	3.3271753081529942	8.4941875
dea/bbc3a44f46980	1.9133777693218685	5.7846875
deb/db53ea8735a62	2.6857039207605733	3.55375
de8/b7e8ba3849e9d	3.340908504213972	6.2526875
de9/e75267f72800a	1.8791441399060222	0.960625
dea/aead281f6c2ea	1.7458068698651146	2.1988125
deb/0b34c04f96272	2.8149686925913726	10.1034375
de8/d92619df75b5c	2.389334136837698	2.7199375
de9/dc9296e770c52	3.3591424167070927	6.81075
dea/9df308ad2d974	1.10920265143235	1.1529375
deb/27c0aac9c2afb	2.523513777586509	2.2408125
de8/49fa2872aa394	3.1775863212934885	6.6828125
de9/c27ae4156c5de	3.0679637969436206	7.814125
dea/608b17bbc1abc	2.0454582904513754	4.187
deb/df35eac263e7b	2.550672912406554	2.6911875
de8/b2d3971053711	2.9903567393442385	4.346625
de9/c705bef03dcdf	2.8787754501647664	3.1861875
dea/97bbd16a9c0b2	2.5192883055932116	4.750375
deb/bc9fe444bfc72	2.424944364158793	6.7496875
de8/9d6a6680e4685	3.116386939842344	4.1698125
de9/e8e472e8b6b5f	3.3935838937200735	7.3131875
dea/3046f9cc654cb	3.5342862787997595	20.398875
deb/31e76ab0fb14a	3.059470652144794	2.86075
de8/916f19cf08841	3.3711436908777954	7.3825625
de9/9928ee25115e4	2.8125578165273364	3.1346875
dea/99b59dd89c02b	3.0451943542891646	4.728
deb/7f0238837eabf	3.168256122756036	7.9099375
de8/078a3969af7b8	2.2395922944061413	4.0890625
de9/40322ce4edd0b	3.035994553854871	6.835125
dea/d3adc6d0e6a19	2.4456679822097054	5.4128125
deb/08246cf9da4e5	2.4270925951177587	4.923125
de8/5df45fc6d6b0d	3.468360224925607	15.6153125
de9/064bddeb1e152	3.261776048146279	2.2753125
dea/5b4f3ee54c3c8	2.093997703503202	6.5090625
deb/76446792ec9b6	2.0189953734154353	1.0809375
de8/aa0fbbdb0cac2	3.372328488051796	23.9456875
de9/93a570921b8b6	2.511190245976922	1.997625
dea/53fba7f5d0f8c	2.6121514790687517	4.5974375
deb/7b6d43523fab2	1.1469217446799997	0.91275
de8/f0cf4a42036fe	2.5638871946690207	5.334875
de9/d650da10f3bd8	3.105559913882639	11.1935
dea/c61d1153f5ac0	2.821329305767817	4.811375
deb/11885065d8e07	2.9191122043522237	4.58525
de8/2ed76afed4d5a	3.1013168362981594	4.7635625
de9/6c8e663ea8438	2.763440285798933	4.4333125
dea/44c48e645dfa9	1.168758494506597	4.7633125
deb/aa990a7484889	2.9414885087448077	3.3431875
de8/144aae4cc9dce	2.701826406535553	7.858125
de9/87515e5e0b267	3.1187732979615586	5.75925
dea/4869902d5d4c2	3.2751460091596756	11.669375
deb/d9506c4583dac	2.7902185269501873	2.419
de8/7cfb24f583190	1.69537207818075	3.776125
de9/c01a03c638b84	1.1226723318613876	2.122875
dea/4953ea4fc51c6	3.0128400914951396	4.47075
deb/247e7eee9b5b8	3.075198978118364	4.2328125
de8/1288254eb6d67	2.929478182960441	2.2885625
de9/66d0db7fd3238	2.1881569062739743	5.96225
dea/aeac09d3e16f5	2.4098664353095502	13.046
deb/30b5c0f83e3e6	2.0708783800560044	1.7673125
de8/60196bf7c73ca	1.857593705588057	4.0091875
de9/5aa6239ded808	3.352013577422949	11.10725
dea/6a4c8f92f5df8	3.0586845621776737	8.0065625
deb/ca208196b37d1	2.7035666671686123	4.6885625
de8/319490e1b561c	2.63290953952145	5.1184375
de9/9d1a79bff06d1	3.504644671295594	20.78875
dea/63f93fb003d94	3.4824404537837346	11.650125
deb/04e65b569c254	2.4664909433332944	3.465875
de8/ee9dc23498789	2.333810369903448	0.864375
de9/6f28151af5089	3.4113486590595756	7.701625
dea/718e2309e5246	1.326570422521944	3.543875
deb/963d68d5deb1a	3.3427102920244507	3.1575625
de8/ffbc6a04cf229	3.033870541028746	1.88525
de9/8b4ee9a73d62a	2.2911069608949894	4.9210625
dea/d9ffc25ddbb9a	2.660784484554841	2.913125
deb/9f5f3e3e4072c	1.5660031696698	4.496625
de8/a121893f82b27	2.8140192961371318	5.6861875
de9/990228e8d7747	2.2152747632645258	1.9419375
dea/f6be9cada5f79	1.7949320176705559	3.7529375
deb/56008b4dfdce2	3.429375495669661	4.7670625
de8/1cc4fab30876f	3.153940995618582	7.1734375
de9/6ec0ee323b9ef	3.3344780464696138	11.181875
dea/8f9e57df052d1	2.992091845991663	6.2204375
deb/c415559ee12ee	2.4882050587480977	2.8463125
de8/299c15a30a3ef	2.810164925164314	3.6751875
de9/d48e01ebce8ea	2.812916281137669	4.840625
dea/e29469a20309c	3.4677762022608687	14.1155625
deb/506a4fcc57bce	2.962234369444625	1.8768125
de8/aaddc0d4b3238	2.738652178767557	3.4934375
de9/ebd2d604726d7	3.5108384326838245	4.5055625
dea/9105e682fe20e	2.9034895827054106	5.000375
deb/3fc569d2ad3aa	2.8476471901669496	2.2913125
de8/65e6bdad4fe3d	3.2593068761272215	4.855
de9/c312752b5c4c9	3.1468409696603175	1.5625625
dea/52f7007f8a2cb	3.2769882532288768	6.086
deb/ee02064971c0f	3.37723155084885	15.268625
de8/bf810a79b71e7	2.459410000076886	7.0906875
de9/b8998a5188b45	2.3162375555311723	5.403375
dea/14b67ed901e25	3.077666752193581	6.3165
deb/3ec02ebe06457	2.8905215430120443	7.5444375
de8/2a8a914db09f1	3.154620220415022	5.4539375
de9/4acac4567eaa9	2.6002038877179974	3.270375
dea/0a5895d6f1097	2.1969515619150326	1.4423125
deb/a93bfddb6c2ae	3.4627473641014967	8.151875
de8/54b5bf9b2b2bb	1.9885558898598739	5.0805625
de9/b2cf62e90ac3d	3.0776546874789257	4.3525625
dea/0d889f53c4b91	3.1139369408569615	7.6965
deb/9f5d526aa6a97	2.933506983168077	3.2946875
de8/223f55fece469	3.062386401413336	2.086375
de9/5bfdcd8097a2f	3.1219256034103746	3.1984375
dea/4267bd3167652	1.3974570796772163	2.9451875
deb/ba219a5130939	2.7018707127018904	6.1978125
de8/1408337adfbe2	2.5222629700625663	4.324375
de9/9ccfe28940682	2.9735237722873653	2.24275
dea/7031d397c0686	3.2089725591553937	11.02475
deb/75220321e15af	1.3268086244597754	1.29275
de8/d13dc8fc2d57b	2.653125118979304	6.35425
de9/df1e1eda9730e	2.5630340653413994	6.8004375
dea/01ae3e24b20ec	3.321552894073361	5.6340625
deb/48f87bf151216	3.2998558529833355	12.7446875
de8/36b66c1e89fec	2.3955759933448277	2.018
de9/86bdda43d3dc3	3.0227738833229227	4.1049375
dea/a93d1b21b9a28	3.091471246507131	2.54075
deb/49ac58db436bd	3.1217181075727223	8.8965625
de8/c3afb72c70c5d	3.209476963181609	5.0046875
de9/e3cbef52681e7	3.1210080427419307	6.627875
dea/63ade67413832	1.869699608232325	3.165
deb/ddbc065e2576b	3.2921387206944974	6.287125
de8/e7c6826c35be4	3.238307599020084	7.592625
de9/88a176c68b31e	2.3235318446793887	5.2605625
dea/7ad0368bc296a	2.343011612450372	0.9125625
deb/a0afb3d40ee6e	2.7163497129563723	8.3203125
de8/e50c91ac7aff6	2.845121668507173	1.65525
de9/9d4c716acc650	2.8883215506439126	4.4009375
dea/a538890dbd9ef	2.3102647801333256	3.8178125
deb/69e13559d150b	3.041661102547722	16.9978125
de8/bd4adf4c65279	3.1759517421730763	1.9849375
de9/36a136a549089	2.7932663854091455	1.4393125
dea/f231de466a9d3	2.7288813440647437	7.56775
deb/69c99aa087c95	3.3519244013463174	8.2763125
de8/7c63e832cd31c	2.535691936937423	2.1639375
de9/be15104f8d7e8	3.4731898992548205	5.03825
dea/37064430842dd	2.89199534186177	8.954
deb/6bd2a913f4b0d	3.232381290081041	6.6019375
de8/962448531c0e6	3.1309914443177704	5.4530625
de9/7c2e1d93ada2d	3.3185639232741946	5.2003125
dea/9768a61846b72	2.7028275923189824	6.0143125
deb/e259ded49c65b	2.7804838949592248	5.245
de8/dd17ae86c5d43	3.2411325466879	5.3109375
de9/213eb0fa310b4	1.8445045068265586	1.4676875
dea/ee79fbeeb4d19	3.0970236388072787	8.9793125
deb/0dd61868f434b	3.489887022584271	7.077625
de8/9964f34c3096b	2.4271684643284	1.529625
de9/45185da69740d	2.818476945441537	7.9465
dea/673d26e5d8aa4	2.95356547297725	4.5939375
deb/c1599aee330ff	2.94365374088936	2.236
de8/43fa7fc2e1396	3.236743200975382	8.455125
de9/66604c3e6cd83	2.710331491992095	2.7969375
dea/cd5cd8c656dee	3.084370953724569	4.1365
deb/05df2e74796aa	2.114381683986052	8.2250625
de8/aeed4dcd193d4	1.1756086630598117	3.900875
de9/75f4e18b5dca6	2.7889534281076602	6.1820625
dea/0e6c9230cdc9b	3.078231622084413	6.6253125
deb/6e37e27d0d6ce	3.279476644489383	11.6465625
de8/872b677f65766	3.2504823098197106	18.5361875
de9/ecf3f58e5935b	2.0486893702970645	2.2109375
dea/ac4a6648d660e	3.3458875083760917	4.4629375
deb/d061119c9ae62	3.3108374312697753	11.3378125
de8/d7ca6b9aa09ff	2.109565875313401	9.41975
de9/e4a1073163bf6	3.1379372072636627	8.179125
dea/f2b524b393e6a	2.230130449315677	3.7
deb/ba0bd8e83000b	3.5131774301082137	7.444875
de8/e87f408930710	3.0892211662701636	16.126125
de9/d78da37527cbc	2.703607435179084	6.5123125
dea/98370627acaec	3.2762191127516616	11.1395
deb/28913eb6945bc	2.839490079056179	7.3214375
de8/6cb9f0d22b02b	2.849816532652276	3.0845
de9/e451ea4363753	2.827920283167729	4.1295625
dea/c6e13f7e2de0c	3.4247969002385887	3.1520625
deb/b79c7ca70ac13	3.091199388695358	4.4489375
de8/a92a6c7049bdf	3.4184651255886167	5.2794375
de9/1b9b8db4cf0a3	2.740269540298989	3.1085625
dea/26439f84e7819	2.9468289228857256	11.934625
deb/9019f236c1f6e	3.3495492481708147	9.2314375
de8/9bf0f487fc8c0	3.1376748001667436	2.3515
de9/786f6c7b0a852	1.600630833368037	1.8046875
dea/9fea4d199e48e	2.9760873457287564	4.201125
deb/28be1b590ca11	2.634997132576027	1.6345
de8/0e41d9777ca0f	2.959589322250441	4.073625
de9/22a83b5393150	2.9469432555913286	6.10475
dea/b9439cca4f4bf	3.200399994921489	8.787875
deb/a695da773c6e6	2.4328945649824787	7.44875
de8/66933d49f8d69	3.1251195406693877	3.4431875
de9/b721b5f972461	3.17284754865794	8.515875
dea/f7ff90512b936	2.1489315430045055	4.7200625
deb/a8917d4281123	3.3677891050722844	4.3908125
de8/cbd44a6bf3933	3.1723670011092584	13.41125
de9/a19951da11df0	2.9186693310822784	13.9778125
dea/8b707ad1fbd6c	2.414361165477423	1.852375
deb/60d053dcbfd8c	3.208485964002635	3.5361875
de8/f8372f38a1f94	3.1895894412541272	14.778625
de9/f5b7bcfe614ed	2.723918646326512	3.031125
dea/51c88579e025b	3.134653900091392	1.5323125
deb/908b27bb3fb05	3.264198348596809	2.896375
de8/1347fefaa2aeb	3.36192348116499	14.28475
de9/5b2ce0c3cc528	1.940091261027985	2.031
dea/a963bd42685d9	3.06297681311578	3.945125
deb/cf09dc59251c1	2.4794924970877266	4.346875
de8/7379827865d54	2.984749841789816	8.82025
de9/6aed2464a58a3	3.285617770401652	5.4431875
dea/4c11b55dde7ac	3.1374281041029386	7.32475
deb/d6aea5a398d65	2.126440945967607	4.710875
de8/e9fd26b1de69d	3.180435951575821	12.762125
de9/f4d652c5de041	3.3230767076502437	12.671875
dea/20ad5db6e48bc	3.484622420096912	7.46825
deb/ffebfa1b0c8dc	1.39328794664208	1.585375
de8/4ddd624eaf49a	3.2636919316750244	5.265625
de9/8b8625fa22e28	2.2738934830047697	17.844
dea/99c81dbee08a2	2.5500005385546443	4.982875
deb/33f24d7c81d06	3.195392380394937	6.274625
de8/0ae28c62a8a48	2.9009622388722196	3.117125
de9/17bbfa7263cad	3.256378126237895	11.8339375
dea/9104c1e88fc8e	3.408354400662704	6.18425
deb/ea94e0fa74096	2.506831070997118	2.22575
de8/e795e733ae37b	3.1145751287301096	10.34775
de9/77a4850e0c955	2.68057559271189	1.490875
dea/4b585b2fbcf3b	2.15364293958286	0.8405625
deb/4a76d7023e1b0	2.2329200842718926	1.869375
de8/e108415175e50	3.151035728858798	4.1405
de9/71631a41b14cb	3.017805565773011	1.2489375
dea/c21dad00ba44e	3.1257522834365807	7.5679375
deb/797558d30d5ec	2.3203989314838807	7.854625
de8/426be4e5ccef2	2.5613256472801007	4.9700625
de9/8e230eb97bbf9	2.97192557168931	5.6594375
dea/91dee41f7e20a	1.2960819229070357	2.936
deb/d696416f103e9	3.190912956545652	13.6295625
de8/6c28cb4619e16	2.48929044478603	11.0236875
de9/b4b3bc85a5650	3.1195968133262304	2.500625
dea/c36525f435812	1.9756340395832601	1.39375
deb/33b4c36ada890	1.6166397417811393	1.1155625
de8/be86fdafd80a9	3.2629233360925296	20.072125
de9/4bbf196147cd2	2.793527080631774	1.5961875
dea/ce1797c4d4189	3.2199044758053526	9.4759375
deb/d73719aec222a	2.9802180441647828	5.379125
de8/794403b8045a6	2.301079161194163	3.134625
de9/2eeabc1bcd00c	3.0085673553298116	5.790625
dea/b7d2ed51e3cdc	2.2177091097462633	6.4600625
deb/ba2a4cd53b437	3.396538033634768	13.1313125
de8/9dbf95faaa221	2.2746328846124	4.5358125
de9/9657b32c24676	3.2091546957049992	9.079125
dea/a12b23a21cf57	2.334863505507064	5.41775
deb/2c343b784f745	3.19060793145518	4.8679375
de8/847d9622df49e	2.5553407226193934	1.646375
de9/6a0705e9a356c	3.257073603414775	8.7381875
dea/35c83af14d216	2.7329440869804	3.858125
deb/696f420721c1d	2.0528132684708003	1.7798125
de8/b2878542e5062	3.415821818577837	6.8293125
de9/c791e0b00feaf	1.4738717084577828	0.6403125
dea/b4ae5e3a33366	2.059933126398371	4.8083125
deb/2926bd997ca3a	3.3283238294739905	6.4738125
de8/45ede7ad75322	2.901298127747054	10.0606875
de9/acc46f31a4be9	3.2236562018876	6.2741875
dea/029e8a851336f	3.4441679063647217	4.2976875
deb/8b664d594741d	2.66710563571433	3.075375
de8/63ba853ecc430	2.738946948442965	2.2163125
de9/5e09a90bbc8b4	1.7616621697003014	1.8986875
dea/35325531afc25	3.4453042839270345	11.3940625
deb/d558778fdb22b	2.003470693610481	2.8935625
de8/010e4ca63e36b	2.526554717846621	18.92725
de9/56dadd93121ef	2.281154284273972	1.0595
dea/af8db291bfe73	1.885711684609001	1.009625
deb/d5fd3b67a4739	2.9838230495083993	9.401
de8/dc1d6236382ae	2.2973434954179894	2.1624375
de9/a16bc73a1ff8d	3.1089206590453213	4.6828125
dea/9b32b39a6d313	1.9465998129439273	1.2850625
deb/8884a0bb9614d	3.093238777405521	3.7885625
de8/612dfa228095c	2.7339669880811948	10.0878125
de9/a39f91900b4d4	3.073966310047662	6.7899375
dea/d65f88eebd22e	2.6019692380387265	18.6765625
deb/7a9d42eea3326	1.8778791323327664	1.2973125
de8/91bbfe9ab7aab	3.258564417174945	9.2214375
de9/23a924ba0bba2	1.820504078686436	5.8845625
dea/df4eb72100135	2.677435051958644	1.8764375
deb/3dbc36b2bba36	2.073567866674629	1.947875
de8/f89ce8ab6b3d6	2.650118371660875	0.9963125
de9/9ab20e209f411	3.042358915786308	4.7565
dea/bdb5b7490f6e2	3.1492212736620573	4.1206875
deb/f80c657d134a3	3.1918424514255586	12.906875
de8/c67b917af077e	2.5058072593766476	2.55125
de9/a771ba89acabe	2.447971239727028	3.0760625
dea/2908f41c31343	2.4862253627694386	2.528875
deb/146f4d826647a	2.6602125617522954	4.3860625
de8/1c8e6b0ae673b	2.7059158703018116	5.318
de9/58c8ca142e5a3	2.7980936856403544	5.6445
dea/860b7a37e49e1	1.8416968839551446	3.4799375
deb/82fee844ac541	3.368228833872048	4.945875
de8/e32a6b85e87da	2.1485520772617592	4.6509375
de9/11c898269f8c5	1.099176660643525	1.585375
dea/d3bfc22f021af	2.91691544227003	3.759875
deb/3c51f8f5a1e27	2.431508365739338	2.1179375
de8/bd3d97204335d	3.037515628695895	2.112375
de9/595b846cdfd8a	3.1808356850787756	1.60925
dea/48a62805f8372	2.8701931919516266	1.160375
deb/d94bd89520fab	3.407612804910442	2.6440625
de8/99ab213632132	3.2182035624208947	7.730625
de9/44ddba69b8c2e	3.2605216965023947	6.22975
dea/f745e5b324f7b	2.179965397741929	3.8193125
deb/30ad72785e2c9	3.0194615861801593	4.137
de8/7114293e1ca4a	2.1430474804229616	4.129625
de9/9c5ea603e0658	2.4244840031305204	2.3349375
dea/a58da598f0946	2.36041025388473	1.73125
deb/e0836ea6557e6	2.767365251176297	2.0178125
de8/eac6648e3ea8e	3.4679194463907383	7.7426875
de9/de4d322ed5745	2.8631379895660167	5.8740625
dea/a8853e970ff45	3.4068422104690037	18.04075
deb/3bfb8285d2682	2.8512179530560826	3.0295
de8/6c8cda3bbb846	3.5496659019994126	16.7303125
de9/f33253b944ad2	3.1695733328982274	6.8475625
dea/89f0e7301e681	2.928627741775987	3.2975625
deb/8ea8c6305eedd	3.0389405036433224	5.2661875
de8/da00c8f4884b6	3.066178751556133	1.5649375
de9/e5372f1462146	2.322959961025286	4.5176875
dea/2a33c85549f0a	1.0852738783010596	1.9480625
deb/55a41a26d744b	3.068330229629664	5.4419375
de8/d5591fd2ed5c4	1.1018946179932343	1.2863125
de9/7504eaab89dcf	3.2545297973370784	8.515375
dea/a85b9cb141c4b	2.804548952055994	6.7075625
deb/dcdf4b97f61e5	2.6213800404276584	5.413375
de8/c9f5767b03945	2.9557551553462678	7.574125
de9/97b062fcec5c7	2.631259736166569	2.26325
dea/145516b31c5df	2.8866130901700697	12.4554375
deb/3f69255ad76e0	3.2300099720809627	4.2899375
de8/9de2712b0cf10	3.3679443995929645	15.041
de9/b5ab585787be3	2.481066924976264	2.1723125
dea/06204db35b7be	2.4519131338522238	2.954875
deb/3540028391135	2.8975888980825375	6.2180625
de8/7a8d60267b6b9	2.5635363991383127	7.888875
de9/dbe6b7e25dc31	2.0316647892137922	3.38475
dea/70942b6fb57e4	2.9934267209040715	2.71075
deb/6e9e6958784e4	3.2497677769914857	7.1940625
de8/a77b6370a5ad4	3.0670151255901223	10.7144375
de9/785d66c61378e	2.3491575915867644	3.576625
dea/aa94876e4dd67	2.7715165835645044	9.046875
deb/85ca72afabd74	2.49633831799532	1.0088125
de8/26407e545cb36	3.4558181276736626	7.0954375
de9/29d320f7847e6	2.6057256372602358	4.99725
dea/7d6884b1acc61	2.6631949636810583	1.2019375
deb/792f270240e0f	2.6525081490711235	3.3619375
de8/3f2567c39a493	2.822373167212573	6.097125
de9/3da6e7b29a516	3.2698416880490817	4.2746875
dea/624513cb59e5e	3.0793430198460436	13.773875
deb/9b53ceedd4a2b	3.0146005113406757	10.0939375
de8/95d2b15454523	3.19193427084221	9.7663125
de9/699b3459498dd	3.2007205650301787	11.1179375
dea/ea02fdbc78278	3.2492722951864157	6.5219375
deb/c5452205483db	2.9161920855883747	4.140375
de8/e14f1b8f84134	3.182927439522601	3.557875
de9/e91cd403c3196	2.442338225583368	7.0980625
dea/03927859da578	2.9353220782228764	4.7603125
deb/14a6d73b9d9eb	3.0648537123505686	9.6734375
de8/47d5740e28ca8	2.956485373822024	8.6256875
de9/9dcc935483a60	3.3961465713057577	12.55375
dea/947add1f952f0	3.4638134457180363	18.177625
deb/a058336ceed98	2.2119887564994283	1.64225
de8/5aa95ed1ec4b3	3.5174248345208237	7.567375
de9/ed991fd406529	3.3474214838745477	3.8210625
dea/7b39de0485e7f	2.3966184610602483	2.63925
deb/2020c2412e719	3.2859599864235256	2.6918125
de8/586d90f80f6f4	3.3806004352463317	4.89575
de9/28472d8d08b41	2.4493567530944325	1.87725
dea/4cbfde46b89d6	3.423151496207149	3.913625
deb/39cd5ac2cc390	3.037612354470325	4.522375
de8/13a59c9498ee3	2.122435174917152	3.8329375
de9/dd055c5a22df9	1.1032713180052691	0.8165
dea/280979e01d615	3.0419562684089723	2.7528125
deb/6c17733e4a430	3.3059349632455075	5.4935625
de8/c23f6eec471a2	3.0137769251618143	7.5095
de9/1bab14e39360a	3.5588852410354077	5.9865625
dea/75c0a12b3ce45	3.398716410382922	5.4323125
deb/44427de92f1a0	3.094826130717446	12.34675
de8/cfb85ac19ccd0	1.526848495530672	2.145375
de9/e82ff609fd7b2	2.9029943140514507	5.0330625
dea/8e8f95b190c05	3.3241970686337035	19.1380625
deb/afd3c355bbaca	2.454037680898885	7.0735
de8/2bbe9a0920fff	3.502607767437509	15.6859375
de9/06a216040522f	3.0315364961913613	7.8244375
dea/cd275107cde86	2.842681056874496	2.2983125
deb/4c62e42d2e9d2	2.215778698019045	6.53425
de8/2524a5bc3ceb3	1.9774758659571297	2.3679375
de9/f387ed771d702	3.5059287933773384	17.7160625
dea/de35ae1d4611c	2.0735739350947995	4.4484375
deb/f04636e2059de	3.2634625988637262	6.7118125
de8/e1060e5fd3504	3.3470171711368297	9.379125
de9/4cedb30605c5a	1.5753631814106457	0.9375
dea/f3646d5d0c64d	3.196545718203999	2.575
deb/e5469216858f0	2.775776001634209	9.590625
de8/442f7b7e8b4c8	1.7505151583974836	3.1096875
de9/d65ddaf7df479	3.035410297810467	1.9705625
dea/f3ad2b0587869	3.135409113561417	7.9586875
deb/dc0b3bbfe30a0	2.8975598590113787	3.9929375
de8/514b997d1cb34	3.301762183406157	4.965125
de9/4d1a1c4c1dd7c	3.2492169906181467	8.622875
dea/fb6a437610a2c	1.8667687440955456	4.684875
deb/2d6cbee76e17a	3.502410599949865	16.572625
de8/702d105784bb5	2.212781440211165	2.60375
de9/fa7f29f006993	1.5966519369036247	0.8488125
dea/deee85ba4b1a3	2.2560625461479544	2.01875
deb/991f1d2bc0498	1.0700429127756712	1.7519375
de8/ba6017a0b22d3	3.0799526253953045	14.6726875
de9/e7e853843da3b	3.469515682467228	10.21475
dea/74d175b06d822	2.6505615108256526	2.14975
deb/fd0f8aaeb986a	3.1070532543221594	10.9001875
de8/069741f1f953f	2.572736557105778	2.068
de9/e0d0e5a583ad2	2.68575911982467	17.2360625
dea/beeb167ee6887	2.938199123874581	7.7311875
deb/b394bfcbe5a57	1.6048822564897505	2.4563125
de8/23347d86bd9e1	2.3452431294276908	1.79325
de9/81896aacffa8b	2.995441716639284	4.0931875
dea/79c9ec582d76a	2.634963400579178	6.154125
deb/a4123b36fadfb	2.4251978968430827	4.297625
de8/22d813ec66ebe	3.2041104080249245	5.2176875
de9/4db9926000698	3.2878181922407355	3.926125
dea/40e454077c113	3.1445210020938843	6.6020625
deb/e8fa7b11ce3b9	2.6692096323992085	3.1773125
de8/4572b582bc502	2.445594122400962	1.5608125
de9/0a6c0703dfb52	1.356761790847867	6.2374375
dea/b331f22aa0ffb	2.9717609807921965	2.19025
deb/bcfee63f49cc0	3.117999848228997	3.93175
de8/7a3171bf5e767	3.4515961904425794	10.669125
de9/c6c0fb986ee50	2.779716932068524	4.613625
dea/2493e4162df44	2.564412123281799	8.7985
deb/ac1f93e2dee11	3.558369206467958	6.1978125
de8/0dff2e91a7cda	3.220577807680033	11.19325
de9/a926167e5b7ba	2.846143715314023	8.596625
dea/e51f07a25d9f1	1.6634956042130753	1.2493125
deb/9f458974d7498	2.3594571214585858	3.1148125
de8/07b4010ea3ea2	3.188573609099663	11.9776875
de9/e8ad063f42164	3.1792756379526246	7.4408125
dea/fe4f23f386304	2.673513449458548	5.4818125
deb/dc666b605e3ac	3.387511965878233	7.971375
de8/e0229581088ee	3.5300121623915897	12.6235
de9/c4f2d701e7224	3.4383849521110603	18.1213125
dea/1e17de7a18f2f	2.9606310645736174	6.03425
deb/d6f4a0560d023	2.914916879837853	6.9314375
de8/909fa337e9926	3.293949990627361	15.7188125
de9/f18e3d9cbf41c	3.1533657702232243	12.3146875
dea/0be1a22ca5b88	1.4495017513967985	0.895125
deb/d40670c7882e7	2.8471595544879804	3.23925
de8/be45215f4b995	2.8772945724102055	7.9415
de9/10d91fdc81d16	3.205081294322973	2.9581875
dea/122da13ce54fa	2.9029908295972398	7.6575
deb/e0a574500ebdc	1.1527559535770615	6.438125
de8/70b9670239187	3.166690194540372	2.142
de9/4028c32e8add1	1.6694112300641883	3.9609375
dea/cfa650edd43bb	1.7511263630766776	4.71925
deb/e04be2a8e2202	3.3954696680005645	17.0450625
de8/07b61d7320efd	3.501667993756832	10.6856875
de9/1fec98782efba	3.093730563392978	3.0125
dea/57105d83afca3	1.8450159069224816	7.1893125
deb/2fcd4a626d987	1.8991394013787295	5.741875
de8/3e38e49227177	3.455420034764098	9.5511875
de9/a63d0b2a1863e	3.086141567693985	7.2136875
dea/58b96f7d23311	2.435118553424672	1.2016875
deb/86ded3f9d2e4e	1.4936063947033933	0.768375
de8/b56f6e1f2ce45	2.5192411648288653	4.2360625
de9/d8cfd79946793	2.4182280148157145	2.068
dea/2cadc5c81dbe0	3.1885382982859065	9.616375
deb/6950aeb7d9859	3.2238833949387726	7.1086875
de8/5c03455e7b06a	1.0919962885702916	2.3330625
de9/4d3378e072761	1.7443163918556346	4.634375
dea/a16b43cc177c2	2.126543683417058	6.5600625
deb/fbbb5454b3b02	2.9331035309082196	4.3154375
de8/b62399b28f526	1.5404268533633982	1.343375
de9/34e8fc27766ea	3.3918323224768314	12.504625
dea/6c0cb178cbe51	2.937513638838929	1.2468125
deb/0eec627104723	2.787588982398441	2.704875
de8/b4f34b38873d2	3.401441829415588	8.712
de9/73482801e1c11	3.527944846933615	6.1829375
dea/775e20f80efbb	1.8707602577913516	1.3943125
deb/87075a050c203	2.605583520040821	2.2115
de8/73a63c3e174f1	2.865982103343865	8.3105
de9/a6cfc223e760b	3.0752738052532025	5.2114375
dea/c0c0a7d21c9ae	2.6968684860359398	8.7943125
deb/8a311741e0690	1.0780785886173172	0.72025
de8/c51fbe1a1639d	3.3994138634376165	4.97425
de9/eb0be82f9f916	2.6865079015381426	1.545125
dea/5627555447c8f	3.1967423513979827	3.87
deb/b1f91785f774a	2.432349994959666	3.6825
de8/cc6586d07069c	3.0146251497503607	7.8990625
de9/0b1411dbec939	3.098004259211136	10.9435625
dea/f0d66df91c4c1	1.614996420022403	5.2589375
deb/eed9db548c3cb	3.1755745931245922	1.39425
de8/b51bec51db7e5	2.8890511910188414	4.8445
de9/abd33ea580654	2.431396006929584	4.1355625
dea/2ebc998909b45	2.513835004890243	1.489625
deb/f73f703ab8ea0	3.1601549225885384	4.235625
de8/69046f48982dd	1.8627294828119254	5.0664375
de9/418b470824e62	2.53336347199806	4.611625
dea/2e1402befa97f	3.4461798526832084	3.7291875
deb/b86f133ffcc74	2.169488089279189	8.89475
de8/b05d9e336463e	3.042332192180767	3.64475
de9/6814b470f5742	3.0413710726412546	1.1050625
dea/cd517a34a85af	2.709224063625849	4.8468125
deb/2a33461e415c5	1.790533597820914	1.801875
de8/412f8858e0a3a	3.052709604437536	5.03475
de9/6d36f94debf01	2.687804986697513	7.307625
dea/bec29a5f388a6	2.3480580226127983	0.76825
deb/bd6edc0f2b3a3	2.9520964210902516	3.4184375
de8/43f9d2a110067	2.208577824289576	2.3731875
de9/d07a751d4ad23	2.6437840320569825	4.007125
dea/2ae88d168011c	2.9860871204732247	5.2586875
deb/94568592d3b0c	3.326746611603941	3.7505
de8/16209594b335e	3.2925871544036958	8.7919375
de9/0f66c66c19c40	2.581531705241712	6.3478125
dea/f02a15e06d11d	2.2504754414355332	1.754375
deb/7794f9f1f571b	3.007935898972912	3.8006875
de8/464b95a7549d6	2.689753272125656	6.629
de9/8bb54a3f9d968	1.9782700790821555	1.1680625
dea/ef2b356ea6bdd	2.7647041019158185	1.92075
deb/d23ebc9292191	2.899991907324127	5.499625
de8/de0601a9e4c34	3.197567156049912	5.5949375
de9/a3b435fd30bf8	2.8152187694663384	4.4744375
dea/32114dda04452	3.378847109832488	3.9115625
deb/da1ab43a05393	3.1939135654849786	1.899
de8/89ac25d3888f5	2.2717282664649927	2.607875
de9/4ff25d1000d84	3.1033843784997717	15.393125
dea/3571d843f495c	3.078551331587845	4.6410625
deb/daab7a3d058c3	3.2302571926009587	3.127
de8/106db4dff4922	3.494708129012537	9.458
de9/e0a2cc0bd8b89	2.6141555910114884	9.42175
dea/17eddc5fe7d62	3.205548359127377	2.4818125
deb/4ed79eca2fed0	2.931990289490019	12.8965
de8/abed3e84bb9fa	2.2722588725979014	5.052375
de9/529b770d14ebd	3.4040249405671172	6.5645625
dea/25e0176a517cc	3.292246871519502	9.625875
deb/4a679775e0462	2.189446169401037	8.0305625
de8/4579459120eed	3.4843783658124963	10.172625
de9/2cd707aa2fd10	3.2991499308223697	7.889
dea/837d40e8b0372	3.1118265977579678	2.835375
deb/0fa02d553c223	3.3136475183115053	4.231125
de8/d1ff5f29100ca	3.256777134495232	4.2875
de9/cc0190544a72d	3.1533780223568333	3.8664375
dea/76cdd03c7f914	2.093762970023282	2.6593125
deb/7884584f1d08e	2.228067492188495	2.162875
de8/58d30b79602ec	3.271521133985559	8.2215
de9/6100ffe69bded	3.2783260885586474	4.1766875
dea/ba378c32a0057	2.0198493168787492	2.57425
deb/9060c822b940a	3.385746626039115	4.5746875
de8/7f4ac848f00d2	3.3698918244425435	6.6359375
de9/200b665f13d91	2.2407284950416018	2.367875
dea/30a08ffcd9ed5	2.4718158092715456	6.1501875
deb/e7392963f9fd4	2.626890701197896	11.6234375
de8/c21b6932e9850	2.0847909269389637	1.9746875
de9/b3aea5fffce50	3.1006850894843985	5.9501875
dea/3f129e753cf3b	3.331720171345302	13.6385625
deb/cf20bddb44a18	3.0411256311228274	1.9326875
de8/4ee860ce8dbc6	2.3171893152761593	3.0145625
de9/41fc81ba8bdae	3.3228698626090463	8.853625
dea/6576283e3157e	3.0334952509493176	4.7280625
deb/c870b7b048c18	2.8262204862370925	3.46
de8/624bda6c382ce	3.3201758250200926	6.628625
de9/c44af2d949ee9	2.54689839951302	4.230875
dea/a36c62b3d417e	2.91328930032166	3.031375
deb/320756ffd9b70	2.7144282620357423	5.0461875
de8/08297f6079216	3.0274727446632315	5.2698125
de9/4bebd0ca73aac	2.6803159464345057	1.345125
dea/4fb4a53a117a0	2.636690889397914	6.3915625
deb/ee261db043d8e	2.9531513190294145	2.84725
de8/8e82872eabc44	1.8677168262919281	3.960875
de9/74f60b3fd5c78	2.5010851162523164	8.9933125
dea/7915769046ac7	2.1465772956311415	3.8489375
deb/fb59a512a37ca	3.4281170335670743	11.088625
de8/776a5bbca64a1	2.630878807940026	2.412375
de9/abff85b66f12b	2.2658507063582065	2.1221875
dea/ec6b04b41e939	3.3063335078852494	14.9115
deb/11daf8949fd00	2.995493033213755	1.5834375
de8/e38fc51af45ec	2.038628781268429	4.537625
de9/028c0cee50819	3.018852745125603	1.7531875
dea/88fa3506dd219	3.338926415085999	8.2995625
deb/9d5e83c492444	3.2000996627270353	4.8736875
de8/c7f6bb98fba43	2.567512242121969	5.8855625
de9/4f134f94da1ae	2.5819889918587093	9.3773125
dea/dc1323bd73798	2.8443880426250643	7.9040625
deb/742b40484b8ed	3.1186587505729793	4.435875
de8/8b5f3691d2f97	3.3620335978359424	7.858125
de9/e4c88ee74c38c	3.3828970686308195	8.99975
dea/26347ae4bc613	3.2461168148740147	1.719875
deb/96bef2a3e9aa3	3.16745056985981	4.5275625
de8/8a868b644b000	1.9040043048947362	2.9304375
de9/3e7d2f83ac025	2.7360522578752677	1.153
dea/ea18be5d3df94	1.9933901273456667	5.5514375
deb/a2cd1a3da805d	2.0388877358916675	7.3575
de8/7c747295802fd	3.5579104982789316	8.194875
de9/8190d847e1902	3.551959539226624	22.785875
dea/91092429a446b	2.983228453339863	5.959875
deb/9ffdbd1bd422f	3.1897014068815435	7.0018125
de8/9bff1778558d5	3.3097449845799014	4.0871875
de9/aabb937752f61	3.2419004243265155	14.297375
dea/e0deaccfed945	2.936824240468383	3.79275
deb/e93973dbe0f93	2.5933616538417836	10.0405625
de8/458d88b3f4b58	3.356561226458186	10.24125
de9/17ebf38d4da6d	3.2191782467307255	9.224625
dea/3cf5ac13951a0	2.6266804051390498	5.11625
deb/9798da8005c38	2.4508935897024826	3.677
de8/855f44d80a013	2.826497111714732	11.8078125
de9/368f2f2ce937a	2.84695668801774	5.846125
dea/b4518507a3f73	1.90273967357183	1.89075
deb/e06c1d305f208	3.5264197806725215	3.6881875
de8/29caae08b72b5	2.768690889270028	6.327375
de9/7a9f3bfd5611d	2.9373526353651758	10.50125
dea/6faf158a43581	2.6664659133896853	1.634625
deb/56d988b1163e6	3.170048697032636	2.0455
de8/8e54d4c8152b9	1.5627177575500861	1.89075
de9/502efe4c2f404	3.2346807774924136	8.250875
dea/7c4d250e87475	1.1110111226213584	7.61925
deb/f7ad5a1743244	2.591578306233148	1.5865
de8/f2d0aeb75b8b0	3.346593511778912	5.2166875
de9/020d861d079fa	3.374885214416138	8.668625
dea/40797d486677c	2.4397373128449167	5.3203125
deb/feb3bcbb45b9f	2.9675974858113165	4.1944375
de8/a7a1a7fb504bc	2.4988091711727236	2.420125
de9/f63fd51814598	3.2871890077168575	3.76
dea/24dae16e52386	3.3382096760254334	10.5608125
deb/a3f3e870df3fd	3.446885746840333	7.86375
de8/9743bdab86eab	3.5279372972619787	5.111
de9/69002e64ae39c	3.071343989743689	2.201625
dea/73c25fe0db27f	2.252988632233822	1.812625
deb/2b3083cae0e14	2.5419368759522807	2.1104375
de8/acea3f5c18202	2.8710116565537995	3.5848125
de9/90be9bbe4335b	2.9166419012149554	6.80475
dea/27efbb860d093	3.489911631795415	7.5158125
deb/1a6be5d49ee05	3.181336751433362	3.1720625
de8/bd48735a3b275	3.491941165821297	7.768125
de9/a90eec171c97c	3.4325715780241857	10.004
dea/164200efbe9f8	2.107456215233039	4.229125
deb/b12ff29da66e2	2.603089892274097	3.3090625
de8/c27ce9a72a20f	2.939518095411229	2.73875
de9/fad76252f952a	2.9356129539355114	6.601375
dea/c4e075ea0a180	3.4879467316111588	10.8548125
deb/50a576cf79ab6	3.1640728178346804	7.725125
de8/300bf8030aa7b	2.7697230514971833	2.439
de9/c37646812bff5	3.275891444783145	5.06225
dea/98f2422b984f6	2.9158284356967243	2.8749375
deb/9f2339fbc90e8	2.6912187095487963	4.2800625
de8/0d03419229580	3.349016396300548	6.71275
de9/106d4e224f793	3.4188757885301806	11.7499375
dea/d8d17178ea482	3.327685259400137	9.752
deb/ead0771bf69fd	3.0151398291126865	4.6259375
de8/22f446bd342db	3.3679056837313004	11.0660625
de9/b1b769b7da12e	2.1730367698123443	1.7815
dea/527b1b1897580	2.550680338799814	9.174375
deb/384987e7d2ab3	3.436862790646628	6.6708125
de8/cea0ad7dff6db	3.4219809946681154	11.5550625
de9/40a2288115d2f	3.0220054117399093	10.9119375
dea/084e16a79646c	2.465016155346003	3.263875
deb/f079a35bbb736	2.1533940031186987	3.676875
de8/d957a6b6a7ef4	3.3674322929398373	8.842875
de9/9987c029b6f67	2.9100433834071353	6.0305
dea/579941112cd88	3.3316009509769486	5.0715625
deb/a812df43beb2b	2.268940228006422	3.0284375
de8/76112b5de92da	3.181064541499196	5.3595625
de9/55ea3c488e835	3.374247016651951	4.2468125
dea/29cd4401bb161	2.9477736795535256	4.6575
deb/df7a71c3950ca	2.796704458963637	7.327875
de8/53b22c98f0264	3.3081348662361947	2.4046875
de9/429c25cd2b0e9	3.132201732023637	7.0695
dea/e4c907dd73c96	2.1963702306002437	5.547875
deb/0594cde6ff66b	3.409406512143556	3.220125
de8/43e83fff0ee3b	3.210826573832634	2.3364375
de9/be902793030fb	3.4251000144121897	12.6065
dea/5dabd323e393e	3.2610418671433137	14.129
deb/338ce843bc4fd	2.3721425446305417	1.71175
de8/e4d4cd01aa97d	2.7442212617420982	10.9245
de9/2033fba4c616c	2.8138266353317825	5.683125
dea/ab8c9edee3db3	3.0821323229293682	2.026625
deb/8aac709a507a5	1.25588783066874	1.48575
de8/27e5c6cee393e	2.531971715916455	1.0089375
de9/a8c5931ce119b	2.8111887973018135	1.68225
dea/131785dab79bf	3.282375871083825	3.76825
deb/3edf0bc3ff468	3.0794096928361943	4.9680625
de8/25fb9d7ae0c0a	3.0149832553393345	8.7690625
de9/78a5505679d40	3.1194659112556042	7.996625
dea/9e95e682a3fe8	2.988144725873518	5.911625
deb/13033c143f541	2.3810197277061866	3.0498125
de8/14fbc3e5f69e1	3.4430386866284484	5.16375
de9/881f61c3bd1b1	3.1227965354055223	5.632
dea/10197280db785	2.9249071917628733	3.01575
deb/6a0b772011452	3.363297792985861	6.253375
de8/9806402852cac	3.378870847890329	4.683625
de9/db8f61d1d7cc0	2.4245871856093504	4.1035625
dea/790c83051f81e	1.1403829781001307	1.3144375
deb/0ec87430847d2	2.6664595758329033	4.902375
de8/75d28d2e0a2eb	3.197495883856039	2.01975
de9/bb29f31ce8e34	2.919888156689574	4.3066875
dea/0b5a71568e7bc	2.625694675508134	1.7269375
deb/3ebe3d9f15960	2.4281476823774484	3.0149375
de8/7986c4646c79f	3.39443929210812	4.90275
de9/991c3bf04871e	3.3546615597526364	9.16325
dea/6d3e01bcbf25c	3.0056176897113898	1.9229375
deb/7329c5cfbf476	3.253176438269133	5.81525
de8/8c935b2daea56	3.065331767730442	6.3959375
de9/d4ef50773b052	3.1894117644081414	9.1655
dea/dee200e313a3b	2.7314444728706113	6.3544375
deb/25cdf76f5120f	2.7768424435763612	6.4225625
de8/12af28200f017	2.4370568767231298	3.7081875
de9/61bbfeb8235e1	3.252519128848192	28.117875
dea/d7af0e8b84b97	3.4220822841947394	10.8683125
deb/ec9a2f06298b7	2.5413088717052186	3.259875
de8/afc28032e23ae	2.2301336164341805	2.3769375
de9/6ff2f587838c6	3.2335288471451427	2.3046875
dea/fb9383e3b15c8	2.5587466820665696	3.412875
deb/79e5d06da0ebe	3.6025405053662993	7.7568125
de8/0643ec31d1d6f	2.608773564093052	5.6489375
de9/93f3800cf4a3a	3.312301778745972	8.232625
dea/bd5db3c2e567b	2.8705787453055254	4.3704375
deb/9c34b9c20353e	3.5591297030398965	20.412125
de8/fd934c8c2ccbd	3.3818623561916588	14.899625
de9/4a1ec24c3f926	3.438714336084111	2.504875
dea/c569a61aecd09	2.696838823147741	6.219625
deb/69fb6012e2462	3.1408798222752243	8.4474375
de8/ffdcf251da2c0	3.0597930802861404	4.6063125
de9/b066146365151	3.0754547461581527	5.075125
dea/c8daf85d93d2f	2.191610708746587	2.7001875
deb/72541e58a950d	3.1354912041112595	2.6291875
de8/0a09e197e2280	3.271078998874447	10.4100625
de9/61afd73217026	1.6080846962904194	1.089875
dea/d9fe1db548f7b	3.14194145080586	8.7678125
deb/8ee80497de617	2.657685549282572	6.8309375
de8/a7b90cf0baadc	3.1592154070029452	6.5240625
de9/11022d5c3bdaf	3.338028283789288	9.9248125
dea/bb081d0cdee5c	3.1582375665987246	4.7480625
deb/202432fe0f0c8	3.262345120989274	27.3529375
de8/ad8515d5a584b	3.4082242165596695	5.9195
de9/1f9ff9e0b73ba	3.228272666864883	8.6535
dea/4829f50d10d2a	2.6991685595954578	5.333125
deb/12bf8ee2c1d2d	2.1848719029050288	1.9213125
de8/bc9a2b5bf19a8	2.692095362208081	3.7160625
de9/cc857a2bff3d1	3.3970618404829374	7.3879375
dea/39117c76d55b2	2.3844227449096316	1.641
deb/9e4cdf4f0b528	2.556532181453452	6.064875
de8/39c3e8a128964	2.9972830830336874	3.5186875
de9/e14bc40b30584	2.3981217968245483	6.9425
dea/b7bb43d872277	3.2215065476535556	11.1063125
deb/fb698121fca94	2.8880293848802934	7.3294375
de8/878b5dfe2d93d	2.045112135791931	1.8041875
de9/bbbfa9b971b4b	3.139787395387919	6.811
dea/2d75d6174a4ff	1.6901008539051152	4.856125
deb/3637b9c46f494	2.255666670190488	4.2865625
de8/6759f398a0415	1.108198754564657	1.1291875
de9/0578fa482f57a	2.9837383354367564	7.20125
dea/9236dec67e42f	3.0742376593299876	5.3051875
deb/2890949c33d8f	1.8459876711049448	15.6645
de8/aae475a2b822b	3.0114960636350885	5.611375
de9/5a5efc5f94c2b	2.9819371382033726	4.66575
dea/79bb6962fa2b0	3.22768537570917	8.5945
deb/ba5c7e295efdd	3.178174887518966	11.1803125
de8/ce42dcc500c1c	2.472240425003462	1.400125
de9/277f38a92f4d5	3.192294661650419	14.23125
dea/422d75bf3a7c3	2.0956169832330356	5.0700625
deb/0344e3403598c	1.9364423975871143	5.110125
de8/c71ce04a6f06f	3.0404576417938927	7.4701875
de9/4b1173ffe99b7	2.2507945500348554	3.0498125
dea/7353b040ebd1a	2.37112696656785	6.2194375
deb/8dc1356d0b4d0	3.397600008947504	6.616
de8/b89f13a476c3b	2.0054490962474465	3.3109375
de9/2a0d70da02c45	3.188901633051724	6.304
dea/edcad169b5707	2.5075881285959394	6.7301875
deb/54735eb541757	2.7540914352119423	1.5394375
de8/2679cc69bfd32	3.455277852736857	4.67925
de9/25c64759caf95	2.838046780802431	6.1335
dea/6986c2b3a359c	2.413226402156303	1.2494375
deb/bf02209fffff8	2.2747751183934257	5.5661875
de8/cf20265d82668	2.296139203143042	2.12775
de9/3bc7d2ab6eb0d	2.5729025287548253	1.846625
dea/529d1cc4fca4a	2.820470297834186	6.738625
deb/5f60cc22aa872	3.035032743402715	4.775125
de8/34a6fe706703e	2.363981271414033	2.5001875
de9/833dff41048c5	1.8900433593317285	9.800625
dea/30383c4b6a718	2.618472675919903	3.5133125
deb/84376aab64272	1.8913816654697195	5.4049375
de8/dd5c0926a638b	2.565431555078407	2.5421875
de9/b6905b7b12655	2.548186892998743	10.123625
dea/5a4e533b2ad2f	1.8667862084825424	1.2526875
deb/1aee757259084	1.7553179013178966	4.6178125
de8/29df88ab07b26	2.9499345766864673	11.8760625
de9/9e7d1d2e7128c	2.320649443225755	7.1278125
dea/e769534322753	3.23857473434641	5.071125
deb/d3939e3bf81bd	2.566017257780098	3.561125
de8/8bf3e2022e325	3.007423811543572	4.823375
de9/6163a19f64efa	1.9631014160503084	2.307625
dea/c6ffabae3dad6	3.0633814969847366	9.538875
deb/bc3fa296e0d71	2.9760979796789173	3.142625
de8/5e0ad603eaef2	2.8932539822880585	5.2963125
de9/d615c93f733e7	3.3998852955725027	15.1518125
dea/bb78b80524745	2.3775135534084373	1.56125
deb/2e35b64563a88	3.4547211992915536	11.953875
de8/6cc6335a54cdf	3.1041509246118664	17.5759375
de9/b1352b6e9e0f8	3.450602055382339	11.6364375
dea/b23d3b20325fb	2.765887027592925	3.849125
deb/bf4be3c009552	2.2852192205683473	5.531
de8/0562620efb5d0	2.0612496488817227	6.947125
de9/654efadca9622	2.4472637313482766	5.004125
dea/b9784579b1ab7	3.4983921012701473	14.481625
deb/4abfd71c1421b	2.0480407745880624	5.46125
de8/a0155d2f08980	2.200649380462734	3.896625
de9/cbef9e7d7fb8a	2.0130413866453933	2.4234375
dea/8b2e8f84d0cf5	2.5657590945967783	4.815375
deb/5aee961fd1cfe	2.966658298857807	9.940375
de8/6d4cbfde9464d	1.6832324519649426	2.1643125
de9/4def4f76d969c	3.4078730824538463	6.5731875
dea/16572e196c6b0	3.2044027871372354	5.32475
deb/66e0cd9e0ea0c	2.8154828721271588	4.601875
de8/7fd67075d3555	2.7860987438974	0.921125
de9/76404af1c6f12	3.390380915943947	7.0033125
dea/6043a6cf99c90	3.388600544325067	6.9443125
deb/4eada169276b5	2.0197150073876387	2.76525
de8/16e2b49199b9b	2.8510297519614287	18.5695625
de9/0a4841c485edd	3.2312755582685213	2.242375
dea/0479ee06cda8d	2.443812103377493	4.5543125
deb/2560e96713caa	2.2355759550240006	2.1403125
de8/f949483431bc7	3.2487596411427586	13.4975
de9/175a18607cf61	2.894204730951595	5.2375625
dea/465ba2406ee45	3.364640387532557	6.8491875
deb/e9b98468bb15d	3.2172063151770454	2.210875
de8/e107bc691129e	3.056431867750465	9.613625
de9/aea8b493e0b02	2.719364540760409	6.338875
dea/e8fc71e99e637	3.5116241577243197	8.401125
deb/650681dcc96b6	3.1739021248490515	11.530125
de8/8c885c282887a	3.413386815389683	9.09975
de9/ffb925fb464ab	3.3551612506982194	14.5488125
dea/7595d2b51174f	2.6573221896210453	3.20375
deb/57555fd2926bc	3.5143351744196574	16.34075
de8/47fc7705fa3ff	2.7355631733311414	5.3093125
de9/f3782da89ed12	2.7591909228403857	2.8834375
dea/ea375c6a9322a	3.164347557551613	4.9730625
deb/735e76f14a71e	3.093326408218058	4.5064375
de8/b973113979de8	1.6167050727162913	1.065
de9/d787304a8c4a1	3.132873244569275	8.60625
dea/9f5eb844220ac	2.634521045744724	2.54725
deb/4fac31774307d	2.635617752629635	1.5751875
de8/7f44356c04987	1.9359950478306303	1.489875
de9/71cb7418df6d6	2.8584170382803507	4.521
dea/1c21b7c3e7468	3.140897160176729	3.492625
deb/3a91f05c2dd76	3.382948953671744	9.2760625
de8/f55df88d05a1a	3.4700304348004036	13.7355
de9/d1ae0c1f45495	3.151140076179417	11.9049375
dea/7fe56ce195ea4	3.5123645777933237	4.836875
deb/ba6a52f61ec22	3.3805369829172256	17.8905
de8/c2e8661f8e3dd	3.427221868252077	7.646625
de9/9e2f2c677d69e	2.8557319112449044	1.977875
dea/51115fbc62a66	3.2012056587787634	9.7129375
deb/0c52b8aa96ac2	3.2971166671972583	5.3418125
de8/7d4d25a161aa8	3.5223031097660202	11.92425
de9/3ed8abab7b00f	3.2441378495567403	9.4390625
dea/3d8fbfbfc0ce2	2.252939653688938	5.70275
deb/69cb0999ae39c	3.367253803865114	3.562
de8/ac9871538270f	2.7720055998612674	1.7369375
de9/74a076c2f7e44	2.1841728215077776	5.9315
dea/a1f6926370a2b	2.772500952538897	5.00025
deb/daf9d994c0adc	3.266823627840973	7.3935
de8/4540cab520998	1.496594469173355	2.78025
de9/79b6ec72b256f	2.2943787571529293	5.114125
dea/ce432f4413a8e	1.7543029794879343	1.3460625
deb/f8b581bf76bed	3.0198160460528607	7.451625
de8/d3ebb440a9390	3.3262051591539312	13.1150625
de9/98992a45a7e99	3.2796186810625008	1.442125
dea/cb917282c8ffd	2.7413851951307753	3.2828125
deb/8238d2fe366ec	2.9777186672309495	6.71025
de8/071641a023e5c	2.4828916444191265	5.8813125
de9/ab80df9de3210	3.2966842779804666	7.5195
dea/4141c2de4b1e0	2.646853697040631	17.552125
deb/a7eaedf778d43	2.353157277095772	2.2605625
de8/cf838b5cd2a16	3.052083070571031	4.2061875
de9/799fe6b22c1c9	3.2852307959135416	5.935375
dea/8948ab944f1c4	3.2040902096927115	6.261875
deb/43dc5caad4b78	2.97045824697528	14.924125
de8/d151352e1a28d	1.5183858429663522	1.999125
de9/8b0775b7ab98d	1.168776844929452	0.8165
dea/4e569fd8cef65	3.3614138041850268	9.697
deb/f4799812582c0	3.4572507789070124	7.8951875
de8/c9696ba293bab	2.668040323984527	4.490875
de9/9d17a7c3d638d	2.2986271788198267	4.0364375
dea/b132a57e82abd	2.3366438624128536	8.8315625
deb/d8b85daa90ac8	2.544002374179235	1.45
de8/bea61c96e2556	3.1566695365736344	5.0784375
de9/22cd11da12888	3.2532906527181886	9.651875
dea/6178bbf4896e9	3.324154259827075	15.5879375
deb/9992748126748	2.9952713780711577	4.3435
de8/91613e4a0104d	2.4777319132493214	3.165375
de9/63e1354ca70aa	2.900629240839149	5.1690625
dea/d2d89568a95ee	2.725360416699578	2.9700625
deb/ae76d31fc3ce8	2.0882458559494044	1.1295
de8/8c54e95451f0a	3.034019497369499	9.2264375
de9/099d367c8c79b	3.2661748486220765	4.04725
dea/841218a14708b	3.0541298699805597	12.393
deb/72b22df2ed706	2.3388426566595064	11.939875
de8/3c1402bf8b36f	2.9411303187792925	1.616875
de9/37de4ac84022e	1.8795306600534187	2.587875
dea/c3792c2d77e7d	2.848623394037846	6.0015625
deb/a36737c81ac3d	3.3793458211774623	8.2346875
de8/6d5dc82481ca6	3.144849664728561	4.06375
de9/e8e788b2961d4	2.854318145643063	4.6446875
dea/b4a0e6305a7a3	2.395900075927538	9.297375
deb/2191f18077686	2.7551251552392584	3.5815
de8/d63870dc0df5f	3.203544490176176	3.1286875
de9/b1174ea17a763	2.9408999094911956	8.8500625
dea/69ff8dc0e04f6	3.0036514802316314	1.36925
deb/cfbeb0e01ab8b	3.223631972429884	18.6091875
de8/08d8fce8c0893	2.658298938854098	2.0968125
de9/076d593840cf2	3.024088187053951	4.356125
dea/a302431746322	3.2861463950765204	4.950375
deb/cde97a9ce4d77	2.960858318085033	5.7390625
de8/f9f5f5d2436e8	3.4380172301289957	2.62425
de9/788e840fa895a	3.3324909678199	9.1595625
dea/0201ccecad045	3.0969729440399894	4.2385625
deb/491d5d675cec6	3.35090833014983	6.057125
de8/90fdac4dbf09d	3.2923411233703916	9.2065625
de9/465928151c4bb	3.1916357688240113	3.40075
dea/4e0dc7b8db3e7	3.4028286020196004	17.1030625
deb/971f5349fb41b	3.050410231219175	11.388875
de8/d9c5c53518d97	2.917674559597846	9.182375
de9/9ea0c52dd92e1	2.030003865553858	3.2444375
dea/35da2e674cfd3	3.0720675098810637	14.5506875
deb/ae9dcdf17289e	1.9927351863071616	4.02225
de8/5e78ca4176989	1.8774526796493363	1.0565
de9/9385ec7be4984	3.08644583420351	5.5565625
dea/258f4a145f35d	1.6783055509350395	2.72325
deb/7eb94ee8bca2f	2.91286644534719	6.15825
de8/b5449dd1716cf	2.4965063881358036	4.133875
de9/2c41dfee2354d	2.921512253398027	4.3625
dea/de03f8cdf96c2	2.7860438830492953	1.0086875
deb/a189d6d0bcf60	2.938415865542706	1.8273125
de8/2a9af3eee58fc	3.184980398545537	12.5780625
de9/da1d9893ef14b	3.1981979775063727	11.387375
dea/2e674a18f31e7	1.9401157559001905	2.9306875
deb/f5a9c4eac3cd4	3.089781138534957	8.1838125
de8/d71ce4556c6b2	2.8289229197296044	5.22775
de9/5323c5f48e36c	2.9422253089680654	8.0184375
dea/5a632d46cdf95	2.381309356979905	8.374375
deb/18cf2251707a7	2.199029473263076	3.6851875
de8/0b926bc5d6012	2.922181050533411	7.5735
de9/d9ec20c166f4a	1.137909173419949	1.691
dea/435b728007c80	2.846733216715779	10.840875
deb/319fb6cf01d84	3.151176203778153	4.9584375
de8/9f6a83d0875f1	3.0627472961142543	2.33375
de9/7c1c7b99cf92f	2.903273289702955	5.1925625
dea/071332838128c	3.41722841687763	7.1624375
deb/d5f92316c0dc3	2.847153991136043	2.981375
de8/4f1e8f93592e7	1.8172261007401183	4.1053125
de9/8edb7d2539028	3.3837703585764256	17.1070625
dea/5257bb84c7bb9	2.565310866705765	4.613625
deb/f6e5411db8c81	2.2391569665471494	7.8610625
de8/0c65f4c337a53	3.4507713299877785	7.5085
de9/a2a7d5d443233	2.848055545431299	5.3569375
dea/6557b021a8911	2.8180854222831657	2.860875
deb/3af2de4f0fe87	2.991170769591033	3.542875
de8/3df0e172a402a	2.791198138173989	3.60575
de9/34ebcb05ee79e	2.299905303631638	6.7758125
dea/79ff29ecd3342	1.159291665501676	2.4315625
deb/33f7549edccad	3.3612842410699386	11.5115625
de8/733ac2dd3ef10	2.514403724018543	1.8488125
de9/a67462b36071d	3.342888599698277	4.7620625
dea/7f158a1cd5352	2.8453446073056994	1.3024375
deb/d4c18d335639d	2.7005652133683524	6.7228125
de8/4fc195b61b998	3.438334041317016	15.996625
de9/6f7514b05a36e	2.855527195021093	5.1593125
dea/fc5fa0ed6a5fb	2.7236286410397983	2.5245625
deb/4b85b0c2e597b	3.0224389564720484	6.7671875
de8/b632a48218c33	3.4261301483461346	6.04975
de9/92a0e2454d07d	2.5815069109280455	4.6800625
dea/4819307bc4895	3.2015934213865727	2.9229375
deb/f2c8375a3acae	3.2977013209258113	5.354125
de8/d133ae7996867	3.1735781161584944	10.0678125
de9/8ca7bfab1827a	2.862525961220022	2.602625
dea/58d45e474b5d5	2.45144143232162	1.5108125
deb/998d938a385e8	3.099638256912859	7.0966875
de8/a82c8d580c403	3.2705636439329497	8.902
de9/ffa6bca78c2e4	1.6073628461234173	3.316
dea/1ce19cd8bf147	2.6645668227830335	1.038125
deb/ddcb197879548	2.4434181772589434	6.4555625
de8/84859c687d8dc	3.31850556188568	16.67125
de9/e5fda54ab0adb	2.698178320652184	5.379
dea/596908d1f2924	1.1244339775013574	2.4401875
deb/a4f5ef64ce3a0	2.834475230511764	4.89
de8/4b2bfe567ae8f	2.4084243573235504	6.155875
de9/0f847f542df2a	2.4130044469486474	3.824875
dea/7551de0b9688a	2.1153036361167383	1.250625
deb/3f0a9794879da	2.524585599946056	0.7201875
de8/f1ab9b12c9e17	3.399264043136502	11.121375
de9/696bd780c1e30	3.301829136703133	7.091875
dea/d3a2da137fda8	2.6336494552274385	2.9125625
deb/a8500b32e3783	3.438182535418675	10.4170625
de8/0781232551aba	2.9250871406630483	1.9545
de9/294448eb265f8	2.8927239805312737	1.997375
dea/83d3b13b945bd	2.7058480201796193	1.1979375
deb/2501befce285b	2.722520614321957	8.9219375
de8/f0a15354d11e9	3.0685495114386288	3.7541875
de9/76621ede805b4	3.0189340770326143	4.1886875
dea/a98f8ea6c614a	3.2789466576759447	5.4535625
deb/fe73e98a1bc2a	3.303964603190401	20.3616875
de8/dcd3f4c80ce47	2.8150829773292196	4.2325625
de9/6768d2c061751	2.740899983133755	11.5685625
dea/5b357e68aa0b4	3.0899374540684548	3.3645
deb/6f1f72dc85397	3.3458918279782504	8.0459375
de8/5a65b6bbbf9a7	2.8693015131108193	3.8305625
de9/91bde4da00d43	3.042111526980696	6.4776875
dea/357fd0d6ceaa8	3.074060840399678	3.9900625
deb/58a688c879e3f	2.6939109260483733	2.5639375
de8/bc1b8976e8e87	2.5066782004091723	3.1665625
de9/241c4b8b1521c	2.440996097784672	4.489875
dea/5e98e5a032f6e	1.796313337525706	7.0145625
deb/84c2c46a1ab07	3.261862733718167	5.993125
de8/24b94187124de	2.051142634404039	5.052125
de9/737250e86cae9	3.1652324851960927	5.96225
dea/003ab06df0223	3.0875759813884227	9.036
deb/4dc8227d2553f	3.23664565801224	6.626375
de8/25fe20330238c	2.256446132194382	5.406
de9/a45c1786c476c	3.3725514293583196	1.934375
dea/f6c88a8e24c1d	2.878742458138103	4.8621875
deb/23ca7f377e168	2.8383261299527303	5.680875
de8/7539a47228ec6	3.249377389707418	4.6865
de9/e558b44c81896	3.2583824491671893	11.09425
dea/c64df784c4906	2.9777888183686594	2.9309375
deb/fb8ae0fb1d55d	1.925751256041644	4.731
de8/ab6694e69f86c	3.0401707477887654	5.6935625
de9/366269629812c	1.8777727495170295	1.85175
dea/fa58590df0a57	1.09809157433387	4.5376875
deb/b0a746a3f9552	2.381565916362529	3.3980625
de8/fa7040dc9c11c	2.79188766259471	3.47425
de9/06fb96673f679	3.2434326477714515	13.5210625
dea/893031724e5a2	2.0297578330815247	2.643625
deb/80f2b2ef75f80	3.3587184890973907	3.4891875
de8/3683b83c27556	2.959746423504553	6.5196875
de9/50bacb2ba6592	3.506248487240437	10.1978125
dea/92f69c8d85e20	2.664834762279295	3.687125
deb/f2b2e84d4f8ad	2.907951801327328	1.801625
de8/f9f1baff07c0c	1.9853636351189232	2.5466875
de9/8691f9a7a7c73	3.2878925800369685	3.6733125
dea/f9630febc0414	1.1036866096124627	1.80275
deb/ac8867327dbf6	2.865224737476213	2.5686875
de8/581d8d1259031	2.5159378115230404	7.236875
de9/9d206a7a253f9	1.7471935341473386	2.271
dea/7f9940a0c4ca6	3.391675017252436	6.8895
deb/790d90d399726	2.883392202077309	2.2104375
de8/be0d93b34fe31	2.4267674454511465	1.468875
de9/f140be411e015	2.806892659717549	1.9315625
dea/f8a4cdb9ead2b	3.079273148694744	7.997875
deb/239fbae837026	3.1150353450223682	12.078125
de8/ee4303a7e2ccd	2.4070641402128183	1.0089375
de9/e6449db53d5f2	1.6942334114585291	1.970875
dea/77a03aac9872c	3.2966248936469027	3.3795625
deb/555e343b36c42	3.2694343712320606	5.9811875
de8/e7ed423c8757d	3.310477066506057	9.532875
de9/648d5ab5b92ef	3.234680697080038	5.5571875
dea/22a636ef5a630	3.228248191977332	6.389125
deb/2b9c36eeb1aa7	3.5499733291160305	17.853625
de8/3ab9d46841630	2.533168454508805	9.608125
de9/b3c5208004e60	3.3581704560949586	7.9381875
dea/49c9e2501bb10	3.150385505470778	2.3745625
deb/106786214da8b	2.390262334266302	1.7026875
de8/fbadc3c86c602	3.1277073319223967	7.3560625
de9/6a353a784c6aa	2.0097296254812336	4.6339375
dea/6633a1e107b0d	3.3348486451406525	2.64175
deb/a6b3dfd2810d2	3.1314397782184713	4.3323125
de8/e0bf691f7af24	2.2712847846985915	2.2121875
de9/71145592b0e50	3.134345512034902	2.117625
dea/9667e759f5923	3.3320006914554443	9.15475
deb/ca96cfeb5529a	2.1258654940870025	3.9609375
de8/4a2445e6b5ff0	2.7534218786572717	6.7995
de9/10c52e30d791a	3.3056855464856696	16.411125
dea/45fb5c521224a	2.009982799121882	1.501375
deb/404eca5962c9d	2.977755233788865	4.7136875
de8/bc9e0359e5a85	2.831974670971619	1.958
de9/47f49aad93e13	2.5393228749620596	11.34275
dea/f50b305961fb0	1.474882211144718	1.0575
deb/1eef1a6e9c488	2.6557296921968816	3.3151875
de8/545eb8f271432	2.3522332041157545	3.7015625
de9/56a9526bd3749	2.4496320187850644	1.3460625
dea/501a50ae48ebb	3.5389106878346888	6.9693125
deb/8569e45efb59f	3.372748688187792	7.287875
de8/b813ebbfc4c59	3.026211426873077	8.099625
de9/ff79b20bd3e58	3.059624596026401	6.724625
dea/47498b9cfde05	2.8282730950463617	8.6650625
deb/a4a75076ba5cd	2.7351416102904778	15.22975
de8/72042cc7963dc	3.347165073311577	26.9130625
de9/91be5522bb5e4	2.945051252195924	11.6178125
dea/215717c7100ec	3.1826173893208454	4.0179375
deb/2658a17dae47f	2.5198776209642175	5.91275
de8/231823e49352f	3.109406132889439	2.633
de9/a9136075aeb78	3.233428426978691	11.797375
dea/71409c5e6fc23	3.2891740654707813	14.0854375
deb/9ac6cb2901e59	3.5400414517524608	5.7168125
de8/1ad5ddd828759	3.3151842783834153	7.260375
de9/50c9735864788	1.0762694801397408	5.5523125
dea/efdbd7bd34c56	2.950222387784018	8.4606875
deb/31f78e68c6a75	2.3175186565558836	9.24025
de8/b25f455ad8a6f	3.2034726196200154	2.789125
de9/949ae74c0b045	2.621215129738632	5.03175
dea/eef6bf366358e	3.428850938754094	6.2475625
deb/f949357ca0438	3.0964521378759065	3.283375
de8/ef445413c4c2d	2.5842014261754462	2.4874375
de9/efd6fa5c25da3	3.382188715780498	5.0171875
dea/1e60ba2a7872c	2.359431959741436	2.1500625
deb/6de9766d5da6d	2.57646630750686	9.7124375
de8/6e32d557b6eb4	3.2054912475286854	5.24925
de9/6991ac43e4feb	2.908503533481165	5.8550625
dea/ca5d4c5ef8509	3.0392262539852433	7.4895
deb/48bf16110f637	2.553073995125749	3.5251875
de8/e5811ab06781a	2.7899681181727507	2.4394375
de9/fd6614f949082	2.9677597681446173	6.4264375
dea/2fc40acc22c1e	2.6382881060451258	1.4901875
deb/157f8bfaf7dde	2.694726491432813	5.9385
de8/9f2fa786ffd78	3.417437692793282	3.1584375
de9/e43b8d20c2a72	2.8998117122154583	1.5379375
dea/7f68359a35cff	2.7238493227081597	2.918
deb/1a5058af11333	2.489189314372177	4.0884375
de8/8a0a50160d487	2.978336246440859	5.7378125
de9/7249bf81a510d	3.300363412211046	18.3541875
dea/b8f2fbf9e9b26	2.700847189940764	1.7685
deb/28d2f19105045	2.013564868703373	3.9670625
de8/957e61340dbdd	3.303175897051405	2.260625
de9/b966a3568d04e	2.934239804407734	3.4874375
dea/8efd04f610902	2.746631073892935	1.2091875
deb/747175d566f1a	1.575624034826838	4.009125
de8/53817c356fb00	1.467112593709009	1.1305
de9/7123da7094791	3.0852218763181773	1.5866875
dea/6ff1e18dce273	2.1862378156364497	2.973625
deb/ee60ed7f3751e	2.253322148248376	4.652125
de8/42ff13f674089	1.363248877688901	1.27375
de9/33c39a0499c5f	3.314839647942826	18.6236875
dea/e5eee109720aa	2.5972544978086254	14.729375
deb/4e765d2ab8ea9	2.7748844877933316	2.53325
de8/7d590e6129b33	3.1407048963511697	5.7413125
de9/115997b1f0bf8	3.135413221912043	2.7323125
dea/a431b36e4a3bd	3.459103750086923	2.593125
deb/5364af53ab044	1.5251096696391053	1.529625
de8/e600f57531118	3.1554359707423805	4.809375
de9/4a90ad1396ff7	3.118047655990035	16.197
dea/fff2de8333ba8	2.5584763834393938	7.13775
deb/c0799a491c4c8	3.319374877462905	13.5746875
de8/09808f98bf840	2.8067171870831418	8.3365
de9/55d7c43d35b33	2.8025741483814453	2.9281875
dea/cfcbcc5b5a8d2	3.1451859761882583	11.582875
deb/aba8ad4fa8930	2.964716656631649	11.8399375
de8/2716aa4b464a2	2.6133995671594854	6.01125
de9/aca6d087bbe59	3.2520160622757386	6.638625
dea/61f17650a007b	2.5099084167371988	6.5596875
deb/312d557aeb7c4	3.2650940882505766	9.6060625
de8/8552c962a7c5b	1.9573403914208143	3.6240625
de9/dcc519471e76b	2.511185069358441	1.108375
dea/d92c1f818ffe2	3.168047996458859	10.4005625
deb/be49e3ddbef30	1.5825929429513323	6.72025
de8/c9a43ac535fbe	2.9719389606125213	12.534375
de9/dd39929d7e32c	1.4166935868854762	3.3816875
dea/c7e2a78a3cdf2	3.4575185996226425	10.011625
deb/ca7f1e45c0f63	3.0415292724877365	3.9846875
de8/8c58f8eabc341	3.175128363126429	4.3260625
de9/c3979e80adcc8	3.2442556159716074	1.91075
dea/0a93b71fc0abf	3.2804282972219	3.7150625
deb/99609e19ccac1	2.6800498433312288	4.274125
de8/6b6460b896c36	3.2990551264093697	8.0806875
de9/4916878927672	1.1428219746157924	1.93875
dea/9b91b2b429973	2.5519525805170744	0.9775
deb/4aad17795f29a	3.181483265398694	8.68
de8/5dd8f579867d4	3.379663174630043	8.338125
de9/a42590955ae1c	3.25802857742262	9.792
dea/cae4a94183d94	2.5349044714957754	3.772125
deb/25a2c2d23ba9e	3.138778956732326	12.3736875
de8/162456fad31ca	2.353558095885214	1.4890625
de9/d317d22543a08	2.6140990078025212	0.9604375
dea/6602e11fdf28e	2.7566406472342195	3.704625
deb/f0adf24a3a228	2.000885059343286	1.1015625
de8/56993e24180fe	3.01092174039096	7.4813125
de9/6983049a3d769	2.8996041988950974	8.7070625
dea/488739b6a9f9a	2.621007798676009	13.334625
deb/fad597cb71a25	3.378907417738752	10.922375
de8/30519b3236720	3.123177422501541	7.6031875
de9/19b522aad3c93	3.3024781246610755	9.3125625
dea/accddf10f8b56	1.7237350362301909	0.9604375
deb/03caaea4a549d	2.5271600109807344	1.2493125
de8/42bd2f4400eb1	3.3371466266295498	8.69125
de9/23c0455d377d2	3.076191735043763	7.8756875
dea/708fa79205a3e	2.849769731773283	5.3123125
deb/1a9addd766aad	2.2717211989560715	1.1875625
de8/4723aed54dda9	3.294622693944696	13.6156875
de9/13297a596a220	2.9144722516571866	0.896875
dea/35aeba7f28fc2	2.3424427329209863	2.3618125
deb/dec44aace492e	2.258489981981	3.45825
de8/6978847faceb8	2.1241364538712664	3.911
de9/682144e469da7	3.098146513885941	9.937375
dea/cdf5a613c189e	2.7577966096766953	6.1679375
deb/e9e25103d3b00	2.212090328657239	26.039625
de8/2d76012c1eab8	3.317237763767249	4.857625
de9/8027e93cd13a9	3.076836958090263	9.14225
dea/15704cf233e43	2.183152957443933	4.0808125
deb/a2ece9bde6434	2.9212184361505162	4.556625
de8/eff656f4c09dc	3.1470044721776307	4.3204375
de9/2bb2fecc0d11d	2.9220901060292612	6.2493125
dea/41b14e777c027	3.1155569962305907	4.9220625
deb/2bf7be9df2156	2.6541353520286752	2.1719375
de8/82d9af111528f	3.150495273536882	1.38125
de9/7caca31bfde14	2.172102981533911	4.0818125
dea/bf617c11f7146	2.0964998924250007	2.5046875
deb/984c850c8c54a	2.883956027295072	12.53775
de8/e7c9f43cfdfc8	3.282413746135862	7.941875
de9/ba29297e5af7a	3.162891364087374	9.929625
dea/3459563a69a4d	3.6034490341777197	5.3803125
deb/442d7943bbe19	3.2708332009710332	8.7499375
de8/0f766088f1a9c	2.200942095030273	3.50275
de9/dea158d510f71	2.992023001490038	5.963875
dea/b56d34298f53e	2.9666290857951663	4.466375
deb/9d5c4529f6f23	3.373931011959323	2.4735625
de8/027163566f9bb	2.532688863890694	1.35125
de9/aa5fb0555221a	3.3066307965442627	5.8319375
dea/8913b32fd95be	3.153318782282229	6.269125
deb/35ec589af374a	3.3015785743336297	4.9336875
de8/8629a48574f69	2.714754165045773	14.13775
de9/6e12595758083	2.7555388325849552	5.3688125
dea/5148c979970fd	2.1987412759581955	1.03775
deb/4e851ddedb157	3.4442157227457884	11.07125
de8/48dc6784b41b8	3.1729614095400924	15.836
de9/bc8ec852c0fa1	3.3821927842876276	6.6845
dea/da280a44526d8	3.0617718061116976	5.738625
deb/c3de056a1a86e	2.168108257198879	5.1930625
de8/96203fd6c0824	2.6680508614915244	7.74425
de9/30208d23ed0fa	3.3344613968682792	9.6970625
dea/46c9e63434a54	1.1558861613951688	1.915625
deb/54b9f5ce0499a	2.7030915283080668	4.297875
de8/984520f792e17	2.5905475145569477	1.577625
de9/b3edff233e8b2	2.807644953557386	1.6138125
dea/93d53ffb2440a	2.838821129771678	4.4421875
deb/04ccc8535a88a	1.9262347595256022	4.0435
de8/edd4670eab77f	2.9670206043649556	3.15275
de9/d61a600170c35	3.076738022473129	3.465375
dea/4e985fcd0b585	3.2439919117948337	4.6836875
deb/98d109aa32d19	2.447278081482481	8.672625
de8/c548f688f3b00	2.67989382158344	3.7595625
de9/c10f6470b42b7	2.9658954197725125	13.87975
dea/8993e64cb19e1	3.249595791306928	3.321625
deb/c0858fcac1f83	3.427894592481056	10.0213125
de8/450807af8ee82	2.6411089597146913	3.76425
de9/b35046862d481	3.315597532598825	2.6006875
dea/685dca523b3ce	2.743359891671592	4.0019375
deb/21bc97095cb3d	3.0395185128969717	4.2868125
de8/14d5bfc60d8d8	2.920771200733517	6.09
de9/4dee8cff22afa	2.8141957898835996	14.212625
dea/ed18d601a07dd	2.6815750431912537	5.86225
deb/66b3c5e00eb19	3.162171005698241	5.7963125
de8/ca5ecfc094137	2.8950333695799655	5.1438125
de9/5f7daa8db6b08	2.7817670086347497	15.1859375
dea/0f02c0983f1d3	2.3452961916821917	2.09375
deb/3c8a95518423b	2.436911791949406	7.16525
de8/8c0e143de88d7	2.8648895486046753	9.3984375
de9/84cb668e735e4	2.9420467061285995	10.3965
dea/4295bfa2b6216	2.9577248062603547	8.29675
deb/c92a54bc43c82	3.1643670869637166	18.7075
de8/0ed6c218bf9f5	2.986082890887797	8.7664375
de9/8d45d569e742b	2.170175860266419	3.8658125
dea/26b56267ba54d	2.828706724517475	8.6005
deb/bd47ce1f29c4f	2.964029273834908	10.6515625
de8/921fb94b88971	3.1347554034775413	7.4875
de9/490c6b21a5daf	3.152181949066044	6.4006875
dea/8f10a89062a01	3.0807688846114285	3.361375
deb/d19a5aa64de48	2.5926597917892793	4.354625
de8/7824604dbebea	2.0867056686448735	2.1605
de9/875c5e1bce470	3.3987588859987445	8.5995
dea/24c1d42f2a5a6	2.6648225745567338	7.1496875
deb/44320ebca8616	3.3680292476575793	10.977
de8/1b89304311431	2.193910109071678	0.9128125
de9/a2875623a2a9a	2.282746997909546	1.6830625
dea/a98a01d8350b8	3.5362575328599317	10.0415
deb/f553e700a2706	2.34255680407659	9.3354375
de8/d785e9df364ba	2.747788172098857	2.8709375
de9/1fa28ff3d6c37	3.195628479642353	7.6150625
dea/d3e94c1d9fe22	3.254118810199197	4.6644375
deb/844db8e2c0639	3.2635885662183752	9.91275
de8/8866f9eb70564	2.8931257129011203	11.902
de9/9fedff88ce5a6	2.2598168622917467	1.94775
dea/bfb0a17ec2522	3.1114805622148367	1.97675
deb/4437f902d7a30	2.9494009845945435	2.4020625
de8/dbfd82c6af2dd	3.0664231220349136	9.317125
de9/6fac7596a737d	2.6381611011370807	1.9023125
dea/d1e556208c608	3.3583112131765906	15.2218125
deb/e8af0bf7e1c8d	3.3797513355565245	4.833125
de8/e94bd630ff615	2.080934427686265	2.146375
de9/df0be401ca50e	2.892742933037819	4.442375
dea/43fb83b5801f3	2.1117243444589504	2.5236875
deb/c5b0d49515be5	3.2487092403701414	4.644
de8/b6562bb5b4ebc	2.1834823243715933	4.3576875
de9/0593332f74367	3.1908957790691375	13.22
dea/69e7fc18605b9	1.9814143247815335	1.561625
deb/92786bba56743	3.3651961333083626	4.6634375
de8/62e1de22271bb	3.0015305850778637	3.70375
de9/15741060ddba2	3.3919269159399885	4.944
dea/556409a145f0e	1.9321889478219432	4.2254375
deb/0cd35ad09cded	3.1067780276156776	3.5135625
de8/c4cde2e607540	2.860691359923846	2.4026875
de9/c53082ad8b491	3.3765707664787468	19.743625
dea/969539e9efb10	2.284385277991837	2.6656875
deb/c2afd4eb0e24b	3.0175670950222	4.0573125
de8/38a707d8d4083	3.0548007405760473	3.577625
de9/9578f1ec79ce2	3.0623237551500826	6.3474375
dea/27f7e9c50338e	2.6446032785321516	8.562
deb/5962b88201c3f	2.977218461974081	5.9371875
de8/313544fb95bd1	1.8420701183864943	2.5973125
de9/2b06aef207405	3.4705068489084265	7.7465
dea/8fd419b2dce2b	3.355894712128734	17.3401875
deb/96d0fe0de25a8	2.721806323812524	25.2668125
de8/e5444f5786264	1.7339905643838656	0.9723125
de9/398c33d4ee9e0	2.4480389679384027	4.7519375
dea/120674b8bbb42	3.2766423176581427	4.4315
deb/a2cce2b3e9478	3.314772144941737	1.5388125
de8/639025da4a235	1.8141919209959887	2.125875
de9/5a13227c16ea4	3.1234088623267606	6.773125
dea/47a25a259fd05	2.982490358578555	4.113625
deb/7d1a910849f9c	3.4650403981655287	2.7385
de8/9ea9f43e2a1ab	3.488250455941577	5.4919375
de9/fc29b8e80d8a7	3.2712701798391444	7.2846875
dea/44d121e64ce88	2.7522953317396834	6.00275
deb/808e4d13a2e07	3.194451161767284	9.122625
de8/95c4b542c0d20	3.3511581093004685	7.9519375
de9/256fbd256e3b7	3.1371755536461055	4.949625
dea/7b7a51efc86f1	3.221276117289085	6.47775
deb/d12f438a812ce	2.565571727988777	1.201125
de8/9940855e3c25e	2.5041256059953074	1.6249375
de9/34b5fbc0beceb	2.2635835243659628	6.0130625
dea/b315f5c36573e	2.7052601086942936	5.05475
deb/3ae6c1858756b	2.6335826915771134	3.66875
de8/a2c2a76e188e7	3.4421186209168257	6.4246875
de9/41f5674fdecd2	2.3801857154722423	1.680625
dea/57d6826ba444d	2.8198957012940533	9.31825
deb/968473484f434	3.081212002188592	6.0256875
de8/f2b5582efba0e	2.7832379937450082	6.6475
de9/99e40eb46b225	3.072741602942081	12.32875
dea/fd052cd763e21	1.2024034669742327	1.730375
deb/bf2970baea278	3.1389158594248956	6.5966875
de8/bbe2af77819bb	2.975740800400514	3.801
de9/b1cf421c7e9cf	3.1216654699549653	7.0056875
dea/56b56e7920010	3.000292508945855	5.634375
deb/0f33b9b610b78	2.5115400954054294	2.8210625
de8/13005d8e40e6d	2.581599250659837	12.1271875
de9/f9c46039770d2	3.4470662215746097	8.0739375
dea/28a2c778a35d8	2.0782069752155863	1.2449375
deb/2cefcefc941ba	2.782780960349871	4.586125
de8/7315c753226a6	1.9154362812388213	4.61125
de9/97805184fff63	2.423324670307372	1.201625
dea/056cf3d069b90	3.465547593048834	6.25775
deb/7a7fb97f191dc	1.4769979090567964	1.4415
de8/c1827659d2168	2.8072640373921165	6.2629375
de9/526ed5669a3ae	3.153775665582259	6.96975
dea/7f271f541dace	2.5062661556288846	7.1909375
deb/a061abcf5f193	1.7365608472989487	1.4659375
de8/1222ee4f3b3af	2.383008933478445	2.6425
de9/1657f01abc35b	2.8425820810825906	5.7635
dea/df8ce48289ebc	2.9315126726941716	5.0181875
deb/7844e49a84d3e	2.484560539656106	19.320125
de8/0a4a730b90243	2.290960454261509	3.7681875
de9/8db0165b2a22b	1.5935409624623549	3.5925625
dea/66f9867e4d861	2.2440827347231855	0.8165625
deb/4286859a4dbd1	2.934723316260882	9.740125
de8/5601281e351ca	3.40260531269147	9.8316875
de9/5fb02f66d57c4	3.3702812026332793	6.2796875
dea/d49ed99b96066	3.054498213985432	7.9105
deb/9eaa2208f528d	2.052910571002793	1.0711875
de8/e058065b77378	3.0521572666076864	6.915875
de9/8427d482848e4	3.2938640264470895	10.9189375
dea/a203bdccbeaef	3.0516997773462173	7.575375
deb/e289337fb348c	3.186387555034506	5.6159375
de8/34badbabc0e40	3.462590979819276	11.2533125
de9/d88ba5c86cc8a	2.9870187980600855	8.6921875
dea/8aaac8048fc5a	2.7043229396528177	3.7521875
deb/d13590d1bfdb1	2.932642593992251	6.751625
de8/e06e5b794d089	3.261044685751427	13.6565
de9/013457b342ebd	2.425158693715202	2.5975
dea/a491e4bbd6d88	2.7062335689288823	1.6818125
deb/a64f9388371ce	2.6970599123699635	3.9720625
de8/36ff69da639fc	2.9830038451304253	10.7703125
de9/4362f92df9286	2.805372686404342	7.88525
dea/95bedada5fece	2.67419273115894	4.07075
deb/8be26c6d91bba	2.266084089297347	1.3568125
de8/f93601b9fd4f1	3.313892014492536	7.67425
de9/30dffe2e312f3	3.221659298568131	3.7683125
dea/fbe9a6d1e4b4a	2.3054918401394864	8.29625
deb/15fdd49c29610	1.1047679852367325	2.97725
de8/8ceae60cf52df	2.4563396235639097	7.9043125
de9/0c215fa0bc195	2.9062572844839	3.867625
dea/a2e817d8ea3c8	2.9359522421617625	4.1048125
deb/ee90fe98741cc	2.7639435389338907	2.7869375
de8/b58dbe785e699	2.550528922259518	5.7984375
de9/54af55393c2bd	3.064154444224876	3.18875
dea/fac31aaa2dff6	3.155077456020568	6.6679375
deb/bbe15022b4ef1	1.0864141691689064	2.623875
de8/4ecc3bcabde1b	2.6860074947955805	7.08875
de9/edadd8b2dcaf5	2.6840435367868607	4.8835
dea/bbe65a50fe44c	3.445933098733924	14.7448125
deb/d800fa9383fcc	2.35136842449576	1.441625
de8/a3e3b2f13e52a	3.1029281769285366	8.447875
de9/bb017f8803721	2.5898557019616586	4.5425625
dea/91b7689183b0d	3.1791253956037573	6.284125
deb/25d98a727e7c7	2.6216349198662394	1.5551875
de8/f083888557e7e	2.524534805590825	2.1685625
de9/446510bca7aae	2.8594129561557073	4.01375
dea/2f7be92b46f76	3.1818571404748304	10.55125
deb/deb6e519b95c8	3.163177029338076	3.3644375
de8/f1ac4e5df8270	3.0212245536610642	6.425
de9/de10537924cb5	3.3615363011451347	7.896625
dea/74502920fd50a	3.3683557251328167	6.8225
deb/4689aafd0ebd0	3.4364229050279094	7.1235
de8/ad79cfb84a4ef	3.3040030302069217	6.2811875
de9/8ddd245bda49f	2.9681306559657172	3.166625
dea/3738095208ace	3.4773015607153908	7.443375
deb/b444d9cc31029	2.7704916032841465	3.1238125
de8/6e4c28254f7d8	3.1301680740124422	12.574
de9/00c5bbc681229	2.159634015671354	3.93575
dea/275897324ff52	2.824160067075688	3.4045625
deb/bb0f9d3807bf1	3.161722197646831	5.640625
de8/0a841bdc0b331	3.4123309837782427	20.6389375
de9/7b9b6ee339ef0	3.309101855910303	3.4479375
dea/7a3b5cdda9cee	2.5200984643302986	4.0573125
deb/9d8f8a3846aff	3.2686095743463452	3.5280625
de8/7bea6e788f04d	3.3807030291197187	16.7359375
de9/f3087f17840f9	3.2607573681877824	6.50525
dea/cb32c205cded2	1.9687451850420756	2.799875
deb/f41935e555819	3.405960308431634	7.832125
de8/1c0b6af9fd6f5	3.105788417822819	7.556875
de9/22664cea34511	2.9526225301212006	6.118
dea/fc47a191f6511	2.873722242873864	5.592125
deb/91c9f6c5f2d16	2.750582124275295	14.3596875
de8/300e19cca5db7	2.7632671120835606	2.348
de9/93a20c9d62dc5	1.1779088724043585	4.16575
dea/677297ee06ce4	1.2898628238759051	1.24975
deb/63c25e971f8b2	3.3110576762233537	11.7728125
de8/215d48880a822	3.2304625439947268	5.670625
de9/52dc1f7f55fdf	3.0962547924957535	9.9725625
dea/8e9639e24ebe2	2.191080127641442	1.0570625
deb/692181635159e	2.9088003792271224	7.6130625
de8/d5696f842ea61	2.3471609815124665	1.537125
de9/601f7d673d891	2.2674830009502998	4.547
dea/7a8a521f84586	3.2208828742740985	3.4943125
deb/e8c3f224cfabc	2.293039887443919	2.4105625
de8/56f49fd6a9e16	1.1328507941889734	5.4408125
de9/5b19701402e0b	2.739790463634433	3.5453125
dea/ea8665ca66653	2.3809783346051474	4.0115625
deb/2b2019001bc5d	2.503193215240932	1.6054375
de8/f9d430c7c07d5	2.9834890383737678	2.97025
de9/e66fd68a38d21	2.99551411899375	7.5015625
dea/567ff575618f3	1.8639213148812614	4.5378125
deb/a39ddf7009888	2.3480943112790404	1.136625
de8/4fee789468bb8	3.1228130426627247	4.1765
de9/cdfb7c1b6c50e	2.030028935915892	2.0664375
dea/0e7712402af7b	3.014062882625823	8.0244375
deb/4ec35abf60062	2.803392106232034	10.48225
de8/1da10a5b971b1	2.9895888876099903	8.6815
de9/a6a1f098d613d	3.2383607260319	9.7405625
dea/33be9a6dbe3b2	3.260430765717099	14.974375
deb/e4f307114fa0e	1.721687768075114	2.622
de8/9b8874ca0a39c	2.7239190634628914	4.690375
de9/502468cc4401a	3.0977435943442577	1.41825
dea/4fbd84a289fa7	2.855532055643432	7.235125
deb/d28099c7fbeaa	1.74013114017739	1.48075
de8/631f33a302431	3.099831231548827	2.581375
de9/c747a07638229	2.2767758537838354	1.6133125
dea/ce29a76affe4e	2.050237517684017	2.3755
deb/ae224c43a6c1e	1.135142851924377	1.441875
de8/c5d4e59563115	2.8116587835938494	4.395625
de9/86cb62bb454f0	3.093306104082656	4.05475
dea/919389b2d50bb	2.5319406678663805	2.2203125
deb/609678ff8c456	2.067094767892645	2.713125
de8/f712136e98c6d	2.389118172003472	3.027
de9/05bea45a9c8e5	2.1113001663156985	0.7683125
dea/04ce69bad82bd	3.0883412398881163	8.6771875
deb/d58e415c143db	3.27623624340536	1.0571875
de8/a9aa203c25f26	3.2974285447464284	8.4770625
de9/35567424785cc	2.7621753456985507	5.5488125
dea/995e9d49c7530	3.1279034944942437	4.84775
deb/db7cb4a6c4b52	2.8046372068254595	3.255875
de8/22eb50ba5e1ae	3.015018751257077	5.107625
de9/6369ea0baff4e	2.2717276047706703	1.633875
dea/2273dc62285ae	3.4341646312072127	3.532625
deb/b960fdd4e9185	1.0917776812587465	2.8363125
de8/5a1e3dc8cb4db	2.2503072177929146	5.2745
de9/90899080a0e1d	3.497473989806796	10.1944375
dea/bcf2815192e4f	1.6534347823064692	1.6648125
deb/cc5b9457c9cd5	2.7884131114247293	2.506875
de8/ca12809b82bc7	3.1997004330104986	11.88275
de9/b3425a175ae24	3.2943616516436505	7.088375
dea/fa135db1497a0	2.9066001286362093	4.60725
deb/d6a93e752cb38	2.767580111485564	4.321625
de8/bb738e635175a	2.4875114523455903	0.7450625
de9/b32c87c300c2a	3.235226405650153	10.90175
dea/b324ca55f59bf	3.311467591820982	5.9973125
deb/d587c846d7f30	2.446102251998117	2.025125
de8/20c8f496131db	2.8985845780554103	11.7096875
de9/75349831c9c12	2.8078751239440285	5.9606875
dea/453d209a7d5b5	2.541078482776217	7.71075
deb/33e3a215f4348	2.8114251215007093	3.985
de8/d9a4d08f5b0a4	3.4765262316799634	12.9430625
de9/8d205311a0351	2.9576694755896775	4.4896875
dea/a23cee73c7d6b	1.0929423242393521	1.6841875
deb/c48f4a84b147a	1.8883816992314386	1.7793125
de8/f62f3892d12a6	2.927152803592756	4.12475
de9/bf45da9655174	3.1982697094235943	5.333
dea/b7d6424b55db9	3.2516390167611364	16.3895625
deb/a6e2cd3003995	3.2630359891870895	16.0588125
de8/5c9627cfe164f	2.9902761974831242	4.268125
de9/8c72f258cc7db	1.5301613908904323	1.05725
dea/c991c23ab3143	1.1122360186224538	1.0571875
deb/2ce84589c8618	3.2733065556796612	4.4060625
de8/16c31e3235b33	3.5353799550387377	18.5301875
de9/dee34b80fb04e	2.721880716603274	6.9168125
dea/2b733589efe07	2.943769105164638	4.7571875
deb/ae63a5072461c	3.276738564456625	10.39275
de8/0f80b7a129521	2.899099936283473	4.4075625
de9/e7dc67c690012	2.3509782715342062	9.5145
dea/736542333eac1	3.1915159397908974	5.7678125
deb/fe3a712111988	1.6889451294637223	1.274
de8/8306c279e2aad	1.9832241765468452	3.364
de9/444694a2ee057	3.3123356366371066	2.3318125
dea/0721fa92e8197	3.343235551723735	5.5775
deb/d7f060ea48689	2.9002951858894854	3.5598125
de8/3819983e7bbcb	2.9720670895596695	3.012
de9/ecd4d1b7b3400	3.4670172611779866	6.4335
dea/a40fb44a7672f	3.282085272943817	3.341
deb/8886e641b1afd	2.785620178461034	7.5395
de8/75215d3a73fb2	3.092781239749712	4.3458125
de9/7a4fb02c6aa13	2.702493570104114	4.55825
dea/a110cb9adbafd	2.005856144142467	9.497
deb/3f93b618d6bb3	2.1269465120556834	4.132
de8/6ca1f35bdf62f	2.5231488077235555	1.0811875
de9/b4a00a1ff208a	3.3767295287891512	3.5520625
dea/fd2c5d8b69342	3.433747148496733	4.8771875
deb/48506e2bbbef9	2.9872690530085593	15.223375
de8/3a3bb90bf3785	3.0467219589869043	4.079125
de9/79ce13be7b06e	2.7047658832706127	1.3558125
dea/a0170e42164fd	3.3303633181247756	16.0008125
deb/bcbb71873a533	3.2064877181698255	9.207125
de8/8edb1652c1066	2.9281635595189166	2.0455625
de9/fe217896cd156	3.1268208835328495	4.6638125
dea/98ba6d8f5aa41	2.501556592793116	12.812375
deb/b2cb2a7aef948	2.3314584118387414	3.617625
de8/ca9df5e57846f	2.1645039491737967	1.9425625
de9/9dbde5f415db1	2.8366669785818233	3.4574375
dea/8224cfd95b95c	3.3370664923539146	7.9688125
deb/73e6859af9168	1.8572998057932197	4.1046875
de8/f4b5b44b1ce5f	2.778396700689958	9.22225
de9/116a030507a17	3.286285207520374	14.5955625
dea/477f774e3ac03	3.3751774507640326	14.3680625
deb/f35f193974d24	2.0339844824432403	5.986625
de8/17d07e93106d0	1.4773244757684634	6.38375
de9/d7ce0e5b8697b	2.8553078574763697	6.802875
dea/41d1c8d6ee028	3.167215284701065	9.3656875
deb/0c5443ed73ba0	3.235670462618427	8.874625
de8/4a48053c6dbeb	2.9879238795389194	3.5131875
de9/293fa056ef674	1.8238396941170258	3.1025625
dea/d837a1e2210b2	2.497959163977299	11.2505
deb/9ad7a8ffe6acc	3.237151551318864	4.20675
de8/b9fc3458e4576	3.4049679074249224	10.4321875
de9/4949160d36fe2	2.2011926553221564	17.0389375
dea/6d5d22334edbc	1.447988225619397	3.542375
deb/f7868fbd62a1e	2.482114031583802	2.13825
de8/2715a996a6593	3.1427562064748833	7.5290625
de9/88a2dccf3b5df	3.093328453126804	12.3085625
dea/e87eb1b6ed7e2	3.2329644430601143	2.74075
deb/f293b3f85dc15	2.229583286973629	4.7075625
de8/9fbbc90bbbba6	3.076891357225971	4.0095
de9/0c8b6f00f1952	3.1187584037223615	1.895875
dea/157273c613b23	2.754890257804379	9.8261875
deb/21b6b78685b19	2.940358751428033	5.4385
de8/b40bf250cb8a5	2.9095487080147104	19.2119375
de9/86599ea92a7ea	3.0247459548433726	10.28075
dea/016565dea7dac	3.2070060403735807	19.844875
deb/33cf765d4ec04	3.411967762709477	4.8780625
de8/a13fdf77b2743	2.368872016904985	6.823375
de9/1c6227e1d7749	3.4155593525426307	13.1953125
dea/d22bbaf679be6	3.1088360392328873	10.9896875
deb/333c400cfe885	2.355073846128729	1.5354375
de8/a98767cef2cbf	1.9309739698637605	1.393375
de9/2a305c4e6c405	3.1341783669636465	11.6273125
dea/9a2559049e024	2.180778167069358	1.105375
deb/ba2406eceba62	2.286684548188475	9.438125
de8/aa18a5d959887	2.4641464347006634	6.708
de9/8adac0c34285f	2.7863807080681484	2.953
dea/41a5c4ac34769	2.580993239137414	6.5698125
deb/9effe886de489	3.4055061494452112	11.050875
de8/37a839b0cc755	1.1814862058925855	3.21125
de9/e8af5d6aa953d	3.0926304591317675	3.865875
dea/946115cff4827	1.1670344730181945	2.236125
deb/f1b3dd70c69f4	2.8769536762005856	6.64
de8/d608a87d5f0b5	3.2598093343762793	9.409875
de9/a5c9011c84827	2.846398235769047	2.666625
dea/9d4c67960fd53	3.219174096308432	3.5098125
deb/7684df8270c50	3.0209322886299304	6.5268125
de8/92241ef92ae35	3.3835744218483006	11.3353125
de9/8d4fafced0481	3.4815415354991113	8.6688125
dea/e3d94d773309c	2.154643742123649	1.1928125
deb/883a7be715deb	1.785510139064499	0.7930625
de8/5d76489549923	3.434001450195277	6.603125
de9/dceaa28da76c4	3.480596401480007	10.5935
dea/89434b94a421f	3.120952127090686	2.6483125
deb/200b1855d8121	3.109354930420083	3.7345625
de8/96876499c92e1	2.690109152110252	3.7194375
de9/072ce8508edf0	3.260167522492742	5.20375
dea/0ea734c64baae	3.287040400621651	4.803375
deb/bf36526a96275	3.145381091395147	3.6044375
de8/49113db03c387	2.4570210138055697	4.8348125
de9/439882871e394	1.7875969180168412	1.8108125
dea/a447b0e9b2c57	3.2820511919361035	6.173625
deb/394c665c8d95d	2.861517398457907	9.43825
de8/f62038aedb8f6	3.5660631370684324	11.0345
de9/4756bde5dadc8	3.3139596598794796	11.411375
dea/c55c57faf60dc	2.753602367674108	1.1331875
deb/c9d7446da1094	3.4019886087172884	9.5868125
de8/89f35c3a3f627	3.2372124446226493	7.5434375
de9/84d31c7fa75dd	3.4343033097176687	6.2455
dea/0fd5b9ebfdc90	3.3086266642810904	4.2803125
deb/a097718cdba93	3.322981610456252	5.5005
de8/49a649af08c7c	3.3488485060650217	15.8551875
de9/612ba947fd2b4	2.447937671816857	1.0565625
dea/9c951945c6e6a	2.6180948466384573	2.424875
deb/dae6a4b5634fa	2.890802595891014	4.059875
de8/c7e215a7eb764	3.3858300301162365	8.5575
de9/c3b9a5bbaf7cd	3.141529906594758	2.69275
dea/b976d90e44660	2.3231080691269557	14.362375
deb/ea2903e865c73	2.684029747303625	12.2393125
de8/0a013f23e2ab6	2.818601880095168	3.1725625
de9/57e9ea2df8c96	3.4173945240585404	6.5543125
dea/765404ce51469	2.498335856725423	4.498875
deb/d19c1c051317f	1.713491352120652	3.1558125
de8/717d55959754d	2.832231048891944	4.441125
de9/e8bf44a0c0f9e	3.0353487699079627	15.7188125
dea/e748ca3eff82a	2.2426197487899184	4.88275
deb/a1e3871543155	1.08161355086189	1.5861875
de8/525efc6ac0e82	2.7192672302254977	3.244125
de9/ee76346a31c67	2.7498590618988827	8.0186875
dea/5b76a196db6ab	3.1693413303142	7.3628125
deb/141369b99bbf1	2.951634825512035	7.2955
de8/f36ee876003f4	2.896087531628777	3.55575
de9/afabff4cbe81c	3.4159914484606024	3.0695
dea/56cd245cc028e	2.6229168256861057	1.27425
deb/3aee8b4fd946b	1.375998190616912	0.84125
de8/8070e3f8966e7	3.2648853350593647	7.85875
de9/57113d2e23aa3	2.549185724369479	2.16425
dea/50bcd8f51dcfc	3.3429185029314223	10.73175
deb/842c7d64524e3	3.326319647235322	2.1685
de8/7f5302d93d0bd	2.806509578006062	4.2065625
de9/7f6b648801b18	2.5191092357165448	1.91225
dea/6a2d54785c879	1.8116096714648293	9.6508125
deb/c133b66126cf9	2.152248204935407	7.147375
de8/b759e568df8b6	2.257247443278859	6.5473125
de9/0fba4aa607425	2.578709046335717	9.4099375
dea/f0d182905a9fa	2.8298898703422055	5.960625
deb/931062447243b	2.539617279042577	3.6780625
de8/420895ca4cc15	2.8948773398937817	6.6200625
de9/5d41d0b9d046c	2.1689132007898033	6.048625
dea/1266facd9256b	1.9436787160262081	4.3945
deb/6da0a64657776	3.0776751487553162	3.5374375
de8/83e2d662b4a66	3.074124480602945	3.0138125
de9/24ca8e26cbe00	3.571823674908595	5.9384375
dea/00ef534c0a4cd	2.345374669650122	2.1334375
deb/2737f21237bb9	3.396736339742237	18.53275
de8/59d608e8171bb	3.1433685642707307	4.5379375
de9/2a17621b74c95	2.3875235717913843	8.352125
dea/b539876bcad44	3.268737267790093	3.466875
deb/0fc62f823dd6d	2.9482578513402085	5.451125
de8/c7a7c09333ed5	3.4490691400598266	6.464625
de9/1ec33787b742c	3.1035997831274105	3.1561875
dea/5afb89d388722	1.9189301124137286	7.808875
deb/d837e665ffdb5	3.402543366301376	7.992125
de8/1d7dbc814057e	2.4965976817643	8.8595
de9/e7111b92c89ca	2.9440014607100333	2.4701875
dea/a05c6f7a2420c	2.3694024512186878	1.29725
deb/d35c59bbe4e98	1.4418412384443682	4.4580625
de8/32ab278099c36	3.1242615463632655	6.7213125
de9/7aa99eaa7e945	3.221825183657969	13.1878125
dea/6f00b7efa4d23	2.9167251272818007	8.695375
deb/079dbcabc0b0a	2.6727062199688127	1.38125
de8/7280f1dd231be	3.13858784184151	2.6880625
de9/c546e2f41ee4d	2.449443483967492	3.2088125
dea/cd930007efc87	2.87401971163797	9.79875
deb/1506bc57ad428	2.9125799429907655	5.6779375
de8/5ca243b42a497	1.1710941631278702	3.951375
de9/45b6be31feab9	1.6651190722094806	1.5971875
dea/9135db0345657	3.3640648160382973	4.893125
deb/c41219dd518a4	2.5295888638071657	7.29525
de8/156dae5ad5879	3.188783308275721	10.903
de9/4c51c8bb659bf	2.987103267613806	6.60675
dea/88bcae61495a8	1.8332906263718765	2.8149375
deb/b290e200b24e0	3.0422713397845897	5.8830625
de8/d1d8be5205654	3.316547871593311	11.389875
de9/937e91a06981e	2.9947265208698663	4.562875
dea/b330b81444030	1.971275699214967	0.94375
deb/7a0a35ea6b521	3.3759959744172634	6.717125
de8/96bdc980dcfe0	2.3204186981214896	3.5660625
de9/39b472f35e91e	1.101064521770407	1.8269375
dea/4dd50d28b09f8	2.707078590888215	1.48925
deb/b7e76b09d81f0	3.379401663544221	17.4800625
de8/84abcb833725b	2.306419003163448	5.115375
de9/137ec29c3a7e4	2.6168469785826747	3.781625
dea/cb090740e3240	3.0335770569949365	5.545125
deb/8ac05e40da873	3.216017645517615	11.2441875
de8/98d7376ffc944	3.200105295472098	15.2459375
de9/cbc35a2a7af46	3.470858971217113	12.292375
dea/b982a2d237e51	3.2917715011100923	4.3205
deb/de0eb6890573e	1.1188620314739848	2.6639375
de8/5de279c316261	3.4652704193172106	13.5425
de9/020e5790b091c	1.1087087751102658	1.7604375
dea/196fbc452fd0b	2.2684657114353373	4.474375
deb/e176021b6abf9	3.035389792161641	4.5059375
de8/4b2e13053206f	3.1218136178916893	4.5720625
de9/1d8b04af5bdff	3.4180354968994027	8.9461875
dea/21b375bcbbc09	3.3704656683828937	8.4675625
deb/b008a146195b9	2.6590847481117983	3.8486875
de8/1deb9130ca919	3.174784005279054	7.4310625
de9/a3e56fb2dcb3a	3.326608696783827	11.5875
dea/83b9b2bdef37c	2.4967850629474992	2.073625
deb/f579878028dcc	3.308854533410025	6.5449375
de8/83b22da04e7b9	2.9284429068974234	11.2949375
de9/010146dbee968	3.1287526359282842	5.2909375
dea/176b3e6ad4f2a	2.046578313565062	1.6543125
deb/d9089bb194fb0	3.0876887291328248	14.2505625
de8/a2f2911be9205	2.591932078445448	4.4466875
de9/61432b7e1d7dc	2.531689222724148	1.506375
dea/1d2e4657c4684	3.248462318612468	6.0435625
deb/ac0e9b730b32a	2.635720596469869	3.25825
de8/e27e5fddf862f	3.0816839480729037	2.220875
de9/04b46605ccec8	2.608390345915644	3.096375
dea/6166dbcd51bdf	1.4757462120188916	4.26
deb/f74f18d622649	2.718567876000505	11.2914375
de8/cd32b997a89ae	2.0521646079933973	3.8048125
de9/7238ff2a45994	2.562038992101896	19.8530625
dea/a46ad76d76afe	2.9542374282427506	2.3294375
deb/8365da2798b63	3.3099732564003865	8.92175
de8/12790695418f0	1.5968022098730585	1.2978125
de9/40cf20c06dc85	2.9215044105501162	5.313
dea/9d20db32fe70d	3.3697848627913958	8.5901875
deb/b70a767f0fb49	3.2083474102996306	6.39325
de8/dd0a1edfb8b61	3.4670612553901847	5.3669375
de9/f848d77499035	3.220508419397705	3.971875
dea/77e7a7100c51c	3.150680491941476	6.4336875
deb/eccc88b564fed	2.8730799157986144	1.5575
de8/de2b172b65f16	2.9506908852948124	8.08925
de9/88c27597705c4	3.139007344485949	7.33075
dea/6c113cb9ad4f2	1.8570148502755153	3.9128125
deb/74fa82a92a95e	2.9614811692371656	3.10575
de8/532876c6baf8c	2.7074606226262583	4.369375
de9/83014cb7594f6	2.751974867643892	2.6428125
dea/b0b1aac99c52e	2.925094727579317	2.530875
deb/413c654d5a1a4	3.154178986687779	6.6289375
de8/6585f875c8678	2.79268612755245	6.750125
de9/cfefecf52f0b0	3.3531688236066275	8.022375
dea/a0814fe1c514b	2.8685177880646253	2.2365
deb/27546aafd3c53	2.220080806624921	4.5549375
de8/c029d273a5e3f	2.1402502034095616	2.079625
de9/9f31c3b5c4856	3.1410937882564904	3.9881875
dea/e7a0453f1ebbd	2.543270580531623	3.110875
deb/92bfa2cc21d7b	3.1752265663319994	6.7299375
de8/65d05c720f707	2.1767485283159935	1.1053125
de9/27b1809711383	3.196732706252199	6.19575
dea/bdcabd94405ae	2.1078754167593776	3.016375
deb/c2236579844b4	1.8286662829836737	4.0371875
de8/fb6d3af93df45	3.296193718190208	12.432375
de9/598c389e31a9b	2.122637381256079	3.9186875
dea/73b2d01e2ab51	3.227681771475078	2.83825
deb/002048499169b	3.2831804781205784	10.9533125
de8/cf6a86ca76bec	2.015931487191883	2.5483125
de9/47a8f3ec41f0a	1.402360961704323	1.8784375
dea/af39328dbd9d9	2.067115870752233	5.399625
deb/ddae16c4c0b0f	3.2681168833782235	9.004125
de8/fe379c1359c8c	2.167625002190592	3.897
de9/863a8823db6c5	3.4033782239733736	9.7826875
dea/d40fff3b6a908	2.2020744121557154	2.6498125
deb/c323259be3b7e	2.521451202067305	2.693
de8/6d8ca3ed2adab	2.7239778326649766	2.3201875
de9/7fbc856d9b8a0	3.226218899688541	7.4670625
dea/d11f1121f83f6	3.1916444668719253	11.563125
deb/a39c7b625d02c	2.065517980589525	2.549375
de8/debde2ba26c26	3.027085909770695	9.3906875
de9/307b573a94c9e	2.2744382879246015	14.48925
dea/e46b543f79f0b	2.3966933846237706	4.7304375
deb/751e9e1047d91	3.278876496263076	6.3538125
de8/8e9eab323cb7c	3.2195163580523563	8.446375
de9/7568effe4b6ea	2.2411254913308327	5.1846875
dea/0934539464a7f	3.5144317216316545	8.9851875
deb/b8d2b3d80333a	3.2397122031231143	5.104875
de8/07f019e75041d	2.6528745465483428	4.793375
de9/a3268d9d37b1d	3.0711646492201803	5.2954375
dea/08e5b5b078d6d	3.4053867096587838	10.7549375
deb/b21ff093bf6e2	2.5751887170890275	5.4780625
de8/8285c6d357908	3.2362911753057473	3.396
de9/a00de394dfd6a	3.0533055548873445	5.3135625
dea/4dfa36abb4377	3.182163622115713	7.3055
deb/5a4ab4cfa704a	3.438519374853062	26.9533125
de8/77dde15bc76c4	3.3066975203617406	13.75375
de9/4149c8dbeba53	2.632401425060381	1.27025
dea/c662dfbd95011	2.684241173399591	6.5438125
deb/930c6bbb51a4f	2.719383218994529	2.7329375
de8/bf0d633cb0a22	3.082908133626551	10.9483125
de9/32be042e7eb84	3.2422511081350502	9.1366875
dea/03cb198af036d	2.6353357078782076	8.8628125
deb/7beec4cc9ce94	1.94351485413446	1.441625
de8/8f4e35404a204	1.07934543819824	1.7788125
de9/cf6c299ffdaa9	3.0210289419406533	6.4476875
dea/2f820c59348dc	3.2490187336127896	3.7633125
deb/25935bd2441a1	3.163339661232545	7.8795625
de8/e9caa23e2bd4e	3.2636785283157264	5.136375
de9/a6ea8b72323e9	3.252721931448498	8.544875
dea/817c1fa988427	3.4411497083956366	17.6331875
deb/51e1915f6f0cb	2.6064860187254766	15.4034375
de8/af64da318cff1	3.0066665410653255	1.6215625
de9/cad7e64ee5488	2.6675854524040545	2.161125
dea/5662207e8f6ca	2.7357122728954164	3.1793125
deb/9570258088706	2.9888347784631217	4.8550625
de8/88a84798d76ed	2.9822816496262066	4.652
de9/86bff492e2e6c	3.2499267747531824	3.06275
dea/8187de887a2a2	1.592644914582005	3.8784375
deb/12ae7c5b3ff0b	1.8061248390345888	11.2795625
de8/b57008a3ac43b	2.3158227706850414	3.5018125
de9/087e574b7028e	3.2193755591757864	7.0503125
dea/b4f0809d02ff1	1.7336629676138724	4.326625
deb/0cefbcc72d32b	1.5395138794055256	0.81625
de8/a16453c30ac03	2.719122047320879	5.0886875
de9/080ffef366a6f	3.052443921962235	3.422875
dea/99a91726069c8	3.1772797869952263	13.17675
deb/fc08671ae2532	3.3799683635423348	4.452125
de8/dae7c00de792d	3.1833553661693768	11.207
de9/8436080354d0f	3.1725595286173123	6.866
dea/639193a4a79e9	2.448863942873507	2.207
deb/0de10a5cce6a9	2.4830166883635085	1.196
de8/0df0963a6d5d2	1.9634795049390883	2.6681875
de9/3a1d8bb16c68f	2.652688369151949	1.9336875
dea/46b311d962817	3.016143858839714	2.88925
deb/9d8339599a767	1.1797894107043452	1.0569375
de8/bc9c6a40c0a10	2.2640613910727847	3.167375
de9/727575b134fdb	3.0400521272104517	8.4028125
dea/752949a72f6f4	3.1241951428493637	4.530625
deb/0506e53c1190d	2.8326504411501228	2.3718125
de8/243ee7c12ff81	2.628784906701805	5.257625
de9/39b13edf6b863	2.795406068303689	3.431375
dea/998b7f0d49715	3.292172008944188	14.9525
deb/2c0dba5555481	3.2928298803902583	8.578625
de8/dd2b4365bff28	3.4290810795313185	21.0291875
de9/acd9c4f098584	3.135725443200232	4.6155625
dea/a8f2001d2a817	2.7585695761767726	1.77975
deb/b2c3ef2e9d43e	3.1288997718294596	5.940625
de8/526e592f799b0	2.3846165055764756	3.11325
de9/0af430a8222a7	2.3791804237162135	1.5891875
dea/50becf8855a80	1.094603786154028	1.537875
deb/d8bdbbfedaab3	1.5277248259346796	3.183375
de8/27695404096f9	2.611661433333418	4.9760625
de9/9343df8d2d01f	2.3921487334464016	3.88375
dea/a34805fb0ac3a	3.4232601769688262	22.2398125
deb/26c1f8504faf4	3.2140048882916488	3.9971875
de8/9ba076786dde0	3.1294077176091637	6.46275
de9/486397c04931d	2.726145306204795	2.6478125
dea/f292fe890091d	2.6933020337972056	7.9139375
deb/5c5f710f13d75	3.077163772951922	5.41575
de8/188cdebd23622	2.234531411635796	6.5894375
de9/4198dc2784785	2.8388620082607825	3.9614375
dea/e28a3a7910e66	3.375036300285248	12.31975
deb/a0c39cbd752be	3.4885442422367894	5.316875
de8/f75637c8f0c80	2.072175634575471	7.257625
de9/b24250fdc825b	2.5625719287988162	4.247125
dea/ad40e815ffcb6	3.353937032288631	9.60375
deb/950e2c9bab593	3.0113771893262586	9.0843125
de8/eb5240955c7ab	2.8063811371995038	8.8833125
de9/0ba7de7e1e15d	2.8338134918977156	2.1209375
dea/0e16886f71095	3.0266787776536903	3.2680625
deb/101c84edaaf97	3.175560584663485	27.121625
de8/419fe3813440a	3.3552353584252783	5.73375
de9/a70ec1115477b	1.3346762597785895	0.9475
dea/c899225c6d09e	3.0302428915254787	3.18075
deb/9505be3783ab8	3.106649785260447	12.350625
de8/640c65711747a	2.3076660419390023	1.87525
de9/2494f28f35385	2.5500698086383777	2.337875
dea/0d62ca1b82de4	2.71774795907865	1.05725
deb/fbf69dfaee41b	3.117229510234749	18.465625
de8/3c2c3c6ae41c3	2.8913577798409626	7.577125
de9/87355b3279c0e	3.147469446599994	6.349125
dea/615af2187b9d1	3.2940037214661877	9.5116875
deb/6db43e9bd8f8f	1.7848349553007452	0.961
de8/1950f79a9183f	3.3843078917225466	3.805625
de9/fb8ecb228c220	2.330956334565789	1.335375
dea/cf35c34edfaf7	2.980263220722911	5.99125
deb/5d5868bce64bd	3.1962256543815255	7.91675
de8/315d5e792def2	3.153070057663432	4.3851875
de9/e7c71c2446a70	1.0633810249358002	4.275125
dea/7b9317905c7de	1.0985822702109809	1.0565625
deb/2eb89943397a1	2.348619550049457	9.0489375
de8/757f1dc703384	3.1477549033322987	2.117
de9/c6b05270cc6ba	2.3678162386379165	8.6655
dea/cc3f4c60d0388	3.3074197107353753	6.3234375
deb/a3e25a2e3634f	2.4792011576251625	1.2999375
de8/b9ccdffdd14c6	2.0212124232547093	2.2435
de9/9ec2a71988a7e	2.9367254190173337	1.9465
dea/7bb9091445967	3.395909460185929	9.1884375
deb/bde44ddb83bff	2.575344729286544	2.076
de8/be79e28bd6e77	2.4971046152436442	9.2448125
de9/008939036cd5b	3.412894832684119	11.1641875
dea/7548ed433898c	3.2809750452860174	6.655
deb/cf1ba322bf124	2.9552672510842157	6.2243125
de8/d2d2e6b2049f3	3.1527696369695164	9.5669375
de9/aace2c6bbfe37	2.922173979117401	3.350875
dea/24985dfad729c	1.8804305860072912	3.0293125
deb/1f825bcc0307b	2.7422412982991244	2.8165625
de8/633e48d4cbd62	2.041367736096613	1.29
de9/11bab12fa363c	2.7165084725002324	11.7855
dea/bd5ca183dc7ed	3.4163414778711005	16.237875
deb/37bc31a810be5	2.8604423232758234	11.9455625
de8/32e1ad71b8d94	3.1205558818935777	4.5556875
de9/c0956aca5b3e2	2.6846976254007893	4.292125
dea/3f5c51b9efcf0	3.315299689422272	19.2816875
deb/603d17cba242f	2.329756885461013	4.05675
de8/3f430a7471efb	2.930245186979987	6.1653125
de9/4bc293aef1b5a	2.8634067686727627	6.28775
dea/cf76803baa73a	3.164459119668961	8.2571875
deb/fe17440f01590	3.272360339398919	9.8571875
de8/a3f94c5735a3c	2.9944887436302947	3.435875
de9/c6c738416fdea	1.944639639898897	3.72025
dea/261843387e95c	2.630425656212172	6.362
deb/fc27b3386e7df	3.436238189140117	6.2994375
de8/01d9b8133ffc2	3.2932988935472745	8.073125
de9/78eaeef95911f	2.621425522364812	3.2630625
dea/749c2fa58ece0	2.76791705728731	3.082
deb/711670aa55423	2.5768476258642075	2.7139375
de8/6c20b17df8a4e	1.0766092989558322	1.1046875
de9/53b35f4e5962f	3.072865613128132	8.0218125
dea/11f474564b82c	2.9165886748424623	7.7621875
deb/e1a816edf6fe7	2.4163756688551206	1.3849375
de8/2ac2710a42ff5	2.2740418525133212	1.8916875
de9/d02d5c65dceaa	3.20351305884388	5.431625
dea/09bc723c26ee3	2.6974406430570688	1.5455625
deb/21893220acc4d	2.1279023974795224	5.0555
de8/8a08f90f34f0e	3.0144957829199877	2.9560625
de9/5a8169bf1fe54	2.7946064396359187	6.0269375
dea/57cc97363e626	3.3352192990097507	3.6448125
deb/07eaeddc83512	3.0342662908551503	6.2361875
de8/35cb4bca76ba5	2.652091164782271	2.892125
de9/2d8ac24548253	2.6275036187789826	1.827125
dea/0efadfe00ca21	2.5097579696280787	5.955625
deb/e220dcf1981f9	3.2389734562951125	5.7669375
de8/5d61c2defadec	2.276470671399414	1.20075
de9/0f5837bfb39b8	3.019687076961498	20.6210625
dea/c49d6820bb14a	3.184274822027394	1.8219375
deb/b24c8627fcb77	3.336438224883763	9.032625
de8/f2bf5cd367d4f	1.1176579832764502	2.99225
de9/b3eb77f1c0b60	2.6469017266717043	2.12725
dea/d3f246de53d00	3.3531202734604584	14.7384375
deb/cc26c20a933f5	3.478588884014313	7.2748125
de8/38b62142a681d	3.359910106465361	13.4309375
de9/5109422aba7fc	3.0224385181479145	1.6669375
dea/5409959547fcc	3.2577975452524655	6.1164375
deb/b1a46e5b4fa39	3.4130663945524424	19.7025
de8/7ba7995f7fa13	3.4198460104898927	14.010625
de9/47de54100a2c9	2.6389262203789414	2.2993125
dea/ee775db6f7439	2.3027573109850237	1.3229375
deb/8a4e44c3347e4	2.697145083389487	4.4675
de8/1b744b46ee488	3.4468220912243153	6.97475
de9/5f0b176af7c36	3.4191244106273424	16.399625
dea/f2dcc723d184a	3.357941434944704	13.155
deb/b591e244527d9	3.0751966171298855	3.9095625
de8/49c5b096c2f26	2.5159707977909913	5.053
de9/9f8d55301c9c1	2.7152540140369807	5.453125
dea/caf707358fbfa	2.848069840367058	3.108125
deb/4d086ca9383b7	2.214012973878893	1.9236875
de8/c696ad11da752	3.3268910927359534	8.2649375
de9/7059f823859e7	2.952375520044796	2.3063125
dea/349769e1649ae	2.6576423952157078	1.953125
deb/296df5cfd7c05	3.026881277108972	4.723625
de8/36cf6fe997e29	2.3342785000965125	4.249625
de9/3e4c6f78fd265	2.252359152578361	2.101
dea/65e6c92f464c8	1.5335393001853763	3.86475
deb/024c689f07de7	2.2916169441843004	1.2015625
de8/bfb0c7544fe6b	2.7305549759775514	4.7259375
de9/53546ad6c5838	2.564465592288743	2.3836875
dea/47b853ff209f9	3.1938632194424037	8.08925
deb/2abd59b621b7f	3.140332243668067	5.698125
de8/01aee9be62181	3.4355804866275355	10.20875
de9/bb9fa5e3624ca	1.0886187309637656	1.649875
dea/fc58efc6e39e8	3.1823341507839187	5.8640625
deb/d1c5e20c28032	1.9905930293344263	2.679375
de8/92c53c8ec28ae	2.5412317460718192	1.6475625
de9/196346e634b65	3.2047823148969097	4.9034375
dea/7b588ab3afe6f	2.5814210233329624	11.822375
deb/3f04b560c6455	2.7407102329682718	4.8275
de8/42eef7cc30786	2.753728499897807	12.1645625
de9/e9d49cbdf3199	1.8143547765341368	3.4448125
dea/5582ed9b6fdc9	2.110979482338043	4.0204375
deb/6d114d562fe5a	3.0459633795553684	4.4209375
de8/5009140c28ee2	1.326702906212584	2.077875
de9/36abd7f1b0585	2.690151126800817	4.79475
dea/3ba876e17f4f1	3.0835695060362887	12.8884375
deb/9e1ca116a7eb9	2.481003342538062	2.00825
de8/71797d9abf775	2.6921451609540936	8.6691875
de9/8f414bad19b59	2.684099592685332	4.3456875
dea/d1c00e0a7e4c8	3.4522633038277974	16.7555
deb/020375954b248	2.4453933011313396	21.0185625
de8/25df0f45e7f14	2.9341098036369795	11.2846875
de9/b9bebc7423c0b	2.256480412341126	3.758875
dea/5f34b83f5b113	2.736750572182747	2.742125
deb/7ef739768885d	3.2543509200238545	13.9285625
de8/c06e28a3e683f	3.0687276205871235	2.032
de9/f048d317d5982	1.7603079818394167	1.9216875
dea/2279ee8142ca1	2.8656063939682963	2.755375
deb/654eaebe40a79	2.976008413799643	9.9971875
de8/5d9294f1bdb55	2.086502322529001	10.0646875
de9/acfb13a9daab7	3.5358464358058574	11.55825
dea/7067f844b583a	3.167831324369148	5.05375
deb/42cc26c0d018e	3.0537756669105565	4.6441875
de8/92a84fa4e64d4	2.811130554043001	2.189125
de9/6653d751b27b1	2.5696458387398176	9.0085625
dea/1b034d37efccc	2.9605396812256872	4.7073125
deb/54adde6abd6a3	1.9207219274916727	3.404625
de8/9cf032a50e0a7	3.275124845640069	18.9910625
de9/5fe57845f2fa3	2.8489437671459403	3.698875
dea/7880a8a67d45c	2.7126813524509306	5.7140625
deb/9b273c10cf70b	3.3408043153556926	9.9549375
de8/443aaefa26a0f	2.381576552888248	4.6330625
de9/c31693eeb53af	3.0296389764390947	7.5755625
dea/560de9fd8b617	2.9748777786348857	5.595625
deb/8379c596b8ed4	2.5793523823769404	1.1544375
de8/3c9c40cf43d77	2.269487840322506	4.37825
de9/345ff5628888c	2.007230888772726	6.063625
dea/1c2eba17f15f7	2.6139085003634897	1.080875
deb/4ae83d091f715	2.9267356720661	9.06625
de8/a7c8549993c7b	2.996169353397247	3.283125
de9/7eb37f9afd585	2.9912270556264597	14.4579375
dea/75144e69beda2	3.152006074806394	9.3418125
deb/f080254f20964	3.1173574137907814	6.1748125
de8/6d821328d0aef	3.254326892391096	13.23275
de9/8f6a32829744b	3.20712729606293	7.4476875
dea/f0ce71435fa4e	2.541943273985432	3.80625
deb/e332a064fcd86	3.053391168244479	6.0550625
de8/0fd0cf1a9c303	2.316729442652879	6.23075
de9/fad985cb38a27	2.6919320251857797	2.45575
dea/ca7c22ec7936a	3.388069420259231	9.064875
deb/6e3732898cdad	2.064500211573163	8.34875
de8/1ffdab585c6be	2.642199556244201	2.3089375
de9/51b33e527657a	1.9350406646964267	1.273125
dea/31600bd3737ea	2.6160989626529174	6.560875
deb/1be1b9c408736	3.187875928867615	4.9030625
de8/b54d4275a2e9b	3.286272463644931	12.3985
de9/00f095b6ed4d0	3.588322603257723	13.8595625
dea/2da8fd9ab42a7	2.7057537456753034	5.541
deb/6a53f030214f7	3.197001993403538	9.4995
de8/6f4b02e668884	2.8380217927010185	6.191625
de9/be508b948e73d	3.314056639566167	3.3885625
dea/a0b1ebdecc64a	2.6600933875928257	19.3654375
deb/b49e14b471e05	2.668058099156961	2.6931875
de8/e809002ffa823	2.7707160647836298	3.7631875
de9/575fcfe3dc0e8	3.4217244295337004	4.952875
dea/dbe64e444d345	1.7881206950770439	3.3521875
deb/ba34a2143c4f9	3.3241839944878904	4.151
de8/9d3d26d318264	2.9699221973794425	4.9804375
de9/08b27f7be9046	1.1359130951389393	1.3215
dea/918ca8257c6ca	3.16980576984168	6.40275
deb/2acd370cafa9a	3.414867177508757	6.477125
de8/4db0f0e521837	2.910470371029447	3.06
de9/b7a548a9aaeaa	1.5742506752587033	2.954125
dea/f0f5ee6e913b0	2.9167417781631104	5.957875
deb/8efc99aa4f1f2	2.7504603209159773	5.0085
de8/c67f0e4112536	2.31600521023839	2.8281875
de9/bdb0afa949f64	3.4459392309330465	11.5235625
dea/0117350b58e64	3.4101181987123015	9.4569375
deb/fda5490b0eced	3.2034722684659216	3.6225625
de8/205d0516a984e	3.11963861143255	5.1733125
de9/257397bbdd8ba	3.423765777311311	11.1531875
dea/4626b0a7e5f63	3.1449137826011433	14.354625
deb/c770377caf8ad	3.371815531059181	11.068375
de8/d241bc3c73685	2.3242223411854317	4.43325
de9/f0a4db647e307	1.9468076863504309	2.022125
dea/b21170820b6a4	2.7145226897234167	3.4045
deb/4dcf32a5fd6b6	2.9458095561950475	3.8460625
de8/881c4e4a64beb	3.0145519895526953	18.3463125
de9/df4e9f3a4ae39	2.875603799353491	2.226
dea/827cc6dccf221	2.241336195933616	1.7994375
deb/7e8265b94c232	2.2051331420665554	1.212875
de8/5b2e2399e00bf	2.9708669536438945	4.013
de9/70e86cc7647fe	3.1549305834738495	6.731375
dea/c7c889ed5bc18	2.3499590728787108	3.32325
deb/c6a7484fba144	2.5056973397894575	3.30675
de8/6e07c34c71b6f	2.827121074921756	2.72725
de9/26f1723abd3bc	2.6372505475857184	4.296
dea/478f0e757beab	1.1034662872815448	1.4890625
deb/2f1e2d651389b	2.628881027880965	2.3075625
de8/bdfc5fe6fb2d8	3.453447420879013	7.403
de9/010bea05dac1c	3.1212434852754978	7.9841875
dea/26972790c06fb	3.0773042997577718	8.068875
deb/189298e637901	3.175804402496492	2.405
de8/ede93a1bff138	2.9911443264235382	8.9400625
de9/c9f15a60f5736	2.3140289198187025	4.983375
dea/75c0e2c43a4a6	2.1838040743561735	9.654375
deb/a1d9c6f575fbe	3.0010469045550128	2.9638125
de8/a108733f2218b	2.3339100186819097	2.7035625
de9/224855cce0208	2.3492934777500416	6.39325
dea/0015e7f90d406	3.036259098067712	12.1433125
deb/2b6bdc2c0c7b4	2.7933167499545224	7.281
de8/7b8174e7ab965	1.152278514885148	3.0611875
de9/f4a8b47b96bd9	3.29352993241496	6.96875
dea/6a51ff61df819	2.9629118171355726	4.3768125
deb/de69e59647e1b	3.425953977061387	21.5965625
de8/3849aaf64bb84	3.1929732237488424	1.787125
de9/d47f290c34433	2.3132253553835187	1.7309375
dea/d9691347bdc7e	2.665777635463087	2.4846875
deb/f5197693ee041	2.70831572886829	3.513
de8/f37e46dee1292	1.1605708891337319	2.0676875
de9/f521a580177d9	1.4649557323436602	0.64875
dea/9f37e9df79eb5	3.4914483158870984	10.9099375
deb/c81a535386d48	2.9494036173738096	6.0916875
de8/b84925453d854	2.0060120290782866	4.7390625
de9/06806a6509cc3	2.710417782048896	1.393375
dea/7119b7fa56e36	2.711545273981136	2.172625
deb/6156ae9c2c800	3.178174953362102	1.374
de8/825301b093a05	3.4184921708518896	17.759125
de9/1f78d52e2544a	2.931998299102972	12.903875
dea/3d99e612bd834	2.569180876730078	3.4798125
deb/ea0df67ed4b33	3.413880519186668	3.153625
de8/5222d1925c826	3.0850923563688974	3.6079375
de9/a29ae702f0ff4	3.2959555402677565	4.4723125
dea/d5a7962280e8a	2.9731903134867315	7.393
deb/f6ae6f528929b	1.4145082458433562	1.201625
de8/06c57b5a4ca47	3.4502728243579353	4.56675
de9/18502f3d35bfe	3.1521896520068022	4.784875
dea/d6bcd1a796ce0	2.305029676855546	6.666875
deb/d9cafe632a174	1.8375068549610247	1.442
de8/bdb301badd6bc	2.7965833174313794	5.1444375
de9/d9649dc85f1d9	2.875169691883343	5.531125
dea/c2d802068dd25	2.544787317309083	8.97275
deb/c9fcf7a6f21eb	2.306397956248055	2.715125
de8/34ab70f6c9cc0	3.1000349551942628	6.0140625
de9/ee48a46e4c1d8	3.3686371483980615	16.7734375
dea/012ac46b83f12	2.9773787150199986	5.3394375
deb/d2f2d4d824948	2.655350094655694	5.239625
de8/681ddb1c24d8b	2.3894666690186495	6.872375
de9/cf98e4f644d64	3.3245139008948144	7.686625
dea/a57c7aab79b1a	3.1907294695562207	2.0058125
deb/e8796269d12b7	3.3061549278183104	6.7535625
de8/485204e6114b5	2.4763539154402285	6.8461875
de9/6fb44aac2d850	1.9678895181511147	4.7035
dea/bf622a2ccedec	3.104474730750028	7.2899375
deb/f0dcee25e010d	3.375422610980415	6.332
de8/8ca0bfcbe4b8b	2.893669209801978	6.035125
de9/781b7d0e94806	3.3203270414029404	12.0875625
dea/67229f697f8f8	2.693602707888638	15.3868125
deb/e8f85b9cf3618	2.705596638216407	2.051125
de8/22b71ec8e456b	2.1887978887081996	5.15525
de9/32297ca307564	3.2190346623928083	3.953125
dea/be1c22a317179	3.3883188378494675	5.294625
deb/9c9fe77cfe6c0	3.2257558065247642	4.0221875
de8/8f67c543cbe1b	3.3406733155005988	6.176625
de9/5a1ae2f750d11	1.9997071855180086	1.5993125
dea/80df6d7ad180c	2.7443979392580116	13.7363125
deb/074c5915f1fc8	2.351572764091954	2.1470625
de8/bbb38813766f3	2.386922672753002	2.1218125
de9/409e18aab5f57	3.061101884876503	6.7576875
dea/f0d3826e314c5	3.098611531189015	2.0598125
deb/892d7d768a825	3.1264699716753497	2.818375
de8/09bb24af116aa	2.941089778359759	7.026625
de9/60dbbe2d3a120	3.4539676018801897	17.0854375
dea/8b88eb7eee659	2.2359167860075666	3.6866875
deb/dd6b010b21c04	2.354374949872304	1.2498125
de8/361780c3d9b51	2.066980890592692	2.4035625
de9/dfceabebdfdf7	3.197514210238102	3.0805625
dea/306837459efb2	3.3842701822279073	6.9468125
deb/4a90b988a7774	2.823102394453231	5.1865625
de8/789373391cfb4	2.966456888000013	3.4923125
de9/c2a14f7b6f0dc	3.26214219134358	3.006
dea/f95353149909f	2.4085632506896806	5.73925
deb/f77e26b987c27	2.859181754214902	6.029875
de8/5883b3a38b763	2.2207246933914284	2.573625
de9/f84e42d3bab7e	3.4121115532862847	18.9825625
dea/e6fa924654cf1	2.7432964874472283	6.1215
deb/dc1d83207d6de	3.1374113228394442	8.9450625
de8/1d009bb5c9af8	2.494529895530739	1.922375
de9/2ea40bdae3216	3.0793835370236313	13.0601875
dea/be3ea268a0199	3.2238438838360843	3.425875
deb/dcb77f79be6a2	1.4708405190440597	2.7985625
de8/daa3adb327a7c	2.7306091997806727	1.923375
de9/8c78056f3e6b8	2.364899484395348	2.15475
dea/af2c3abaeca80	3.2573162193061047	6.9991875
deb/fbb641bb296e5	2.437969005421445	2.4963125
de8/1c70383314a69	3.063139929135346	11.0750625
de9/49fdce18b7fa3	2.4156139592192103	2.9358125
dea/5b49e98932e2c	2.6039294637895662	6.110875
deb/7b4f0eb5c01bb	2.3456457475073442	2.185625
de8/77a12eaeba8fd	2.7117838423306067	3.540625
de9/14defd29afad7	2.7148941889243607	1.105125
dea/d33e8670cec73	3.388661361209698	6.465375
deb/003151e67136b	1.0999346891115485	2.3960625
de8/a574c00bd7c65	3.324663689076772	7.054
de9/3cb0f8372a78b	2.912649649212064	2.2115
dea/3a979e08d86ed	3.184977946924117	2.574125
deb/1c1352d955843	2.765844901240538	2.1030625
de8/3d662e4a88fa6	2.2299137769126416	3.2993125
de9/140372ff663ba	3.0274779987457565	2.01825
dea/f3de353202f51	3.031747399759367	4.0673125
deb/3e4cd169cae2b	1.1133744072997789	1.7823125
de8/7564f3a4c98ec	3.0252289811263804	7.444125
de9/6ed5ff55fd87f	3.035457353953067	7.4595
dea/94cc0a0a83f28	3.1193491080998306	3.2163125
deb/55f7e11ecd58f	2.2846894110032903	12.143875
de8/40ad8dec64803	3.019069175522518	3.4765625
de9/4ac050da6e38f	2.7317156964666824	4.1794375
dea/a358c4b8443bd	2.4044588192832355	6.1161875
deb/245cd1fbf8502	2.5361634851735055	6.2880625
de8/e451eb1a55a2c	1.3460226205345878	2.8115625
de9/78a48c473be0e	2.585870592856633	4.7508125
dea/a2d1959243054	1.7950825318774115	6.8814375
deb/be9052dced595	2.406139527269054	2.2749375
de8/07c99ab6da339	1.9410547769137612	1.3929375
de9/06d9a85486799	2.778928926992387	1.057125
dea/19ddba0959943	2.8942462641563083	7.4735625
deb/4475a95f1bda2	3.289587977452791	9.8735625
de8/342648eb70f27	3.2479052830159914	13.3745
de9/b8381dd3d34b0	3.1529971167419752	8.043375
dea/7f0ab9f2081e4	2.9169851070508415	3.0376875
deb/9eeec4c3a7d54	2.6225945653628475	1.489125
de8/ba4d2f1ffade4	3.3298730801688845	10.1583125
de9/02db6c42dbdf6	3.4921788179795223	4.8645625
dea/cd9cc4eb0824f	3.038554781019476	2.4386875
deb/a0aa4509c4243	2.432747141426386	1.105375
de8/a06049c80e96c	1.2625138587739333	1.322875
de9/176720f0f1b57	3.320536764342689	9.11825
dea/059de255e9cc0	3.47468733540219	6.5201875
deb/ef1f6d916c49e	3.603604063444254	8.7578125
de8/d2fafad59088e	2.5880377195159627	5.22125
de9/16dcfba541ad5	3.3247978504081663	7.192125
dea/07c43304c173e	2.7906272388781987	3.3351875
deb/c52ea95383b7c	2.349134132282397	3.6538125
de8/adb296ce559d2	3.3350773773807694	12.3764375
de9/84193b439974a	2.2492259192644473	7.9991875
dea/0a5e4fd83cc09	3.45008735487998	12.1590625
deb/e7738079555ff	3.379530052943563	4.3726875
de8/4729fcdef6f94	2.945688108712121	5.330375
de9/6a6c6d87c2d76	3.166930663458632	2.4339375
dea/0e0dafbc4bfc3	2.489248916151792	7.5936875
deb/a74178a6bbf31	2.7756360020865807	1.2895625
de8/0035ddcf180e9	2.3358262161982752	4.518125
de9/91546f3648100	1.9628465666569606	2.524375
dea/508a405c8516c	3.225647874567114	5.765375
deb/9a66b5fd26ea3	2.4912326913347616	2.0423125
de8/7c5c085439034	2.4906589118729268	3.363375
de9/82fe252d77d8f	2.9025929098524026	4.6720625
dea/5aa0a08e6a3dd	2.1475310953232194	3.0566875
deb/c2b6b1559bb4a	2.806218914325206	5.265625
de8/a3ddbb3540bb5	2.238260361625863	1.3784375
de9/beafab36d4c94	2.7473458737674483	19.53
dea/6a144fb2dcf63	2.8737102537031425	4.956375
deb/29a0adb618ebf	1.631577677593942	1.3455625
de8/abbc8679958b9	3.439369484578939	29.5515
de9/a28c4553932c0	2.3258621222898115	3.7958125
dea/2d1ad7273863c	3.36957763951138	8.81275
deb/534ab2c8b011d	2.306147522230033	3.16625
de8/fc84b07a2f707	2.770788598445215	1.245
de9/81ed35fe12959	1.8005285678536906	4.0085
dea/408ed40a9ec82	2.8529149204723154	6.0681875
deb/2a36f0524fcc1	2.945513977073592	3.1158125
de8/0d04423bcfffc	2.808591934587816	6.6240625
de9/c5ddd2f32fb20	1.7299659640812561	1.8305
dea/392bdd1696af5	2.1314417867145705	3.7505625
deb/7dbe05ae90f3a	3.3119584215243942	6.37775
de8/f10cdc52d37e0	2.30701624098356	2.5833125
de9/55d41c8eaf473	3.386250881121056	8.702375
dea/e1687114444b3	3.226569294769854	13.3566875
deb/d6da2d29ae599	1.0883645830741322	3.1244375
de8/4fcbf8877267b	2.8673909355734795	7.189375
de9/d1713cd4e2458	2.6548334833251204	11.4565625
dea/50cb88b00c6a7	1.9416311661125805	6.29925
deb/5c39e549cf20f	3.0011488552687813	5.4305625
de8/491fc8915ff8f	3.0487866851360534	12.2816875
de9/12a9d0cccc283	2.7003084490761244	2.678375
dea/fd0255e102945	1.975938860198741	3.028875
deb/9d998b8da5112	3.2249170057702896	3.6923125
de8/e0480fddcead4	3.47621599512469	11.7886875
de9/dc89ac9d01c72	2.457160504675121	3.319
dea/076997366fad9	3.223844588076458	7.208375
deb/aa5dd6148f269	3.3863246037784136	9.0095
de8/0364e5bb43d87	2.5432917426006596	6.7455
de9/465d7c9f340e7	2.736248698614737	1.97175
dea/f93c9bd24bc9f	3.28860700065593	6.782
deb/c861396de90bd	3.2555789258525967	6.1243125
de8/9fa7fbc29c8db	3.233368021163457	4.9691875
de9/6f9a897cc4dcd	2.7675998818294714	2.6466875
dea/0926b41184511	1.6819169473369553	9.2966875
deb/dac87461b9817	3.445206502077624	9.242375
de8/63fcce0d03cc2	2.93952309807347	1.061375
de9/f224666d6fdab	3.3245796228686904	5.4861875
dea/a3613e629e605	2.2105012324381064	4.8254375
deb/4416aa67a56cd	3.2953868520640643	19.1355625
de8/9b1f350ca6e7a	2.6053153093149755	13.4058125
de9/c6b6d9ee39471	3.1712981106271325	7.38075
dea/8a355c183a61c	2.775838908313258	2.089
deb/31ae004818206	2.404979272615405	6.7155
de8/78b840c49b435	3.2721139618560047	6.76625
de9/e0db418370462	2.4002262366206435	7.5021875
dea/c6a526be5441f	3.1472502034773147	6.6990625
deb/73717723e5f10	2.618829941325751	4.3930625
de8/c710b769e7722	3.278837921799635	9.7570625
de9/03b150f2abf0d	2.7084668973628	2.6956875
dea/2a3c1087e0f2c	3.5110991193231342	10.448625
deb/ec79a91a8b430	2.711174115004916	4.1526875
de8/c0ac473229612	2.8422213179437	4.253375
de9/59fb24b58bec3	2.559103335869137	2.2161875
dea/fe51d063e709a	3.404655983590095	6.4341875
deb/6309c81eaa4b0	3.1044206914527903	2.6655625
de8/a7cd0d5acc855	2.5929110001823448	5.3629375
de9/f1206e9f57ecf	3.0516274204513048	5.5464375
dea/e975f69cff282	3.082236460867277	2.1643125
deb/f960041be3107	3.03121995168349	3.101375
de8/5637ffa6b2f99	2.442557546661901	6.3779375
de9/144daad471598	2.7411211636461243	4.8884375
dea/33aa619b0ac9a	1.711935357007878	2.123625
deb/d7cfa3966015a	1.2862915952583873	2.584875
de8/d4b8d9d5e76a0	2.9376239470521273	4.133125
de9/2912c64a8df2e	3.219153513616059	7.0919375
dea/cbffdcbaea7e0	3.293449947319946	8.0860625
deb/d7673d7606200	1.4453707726661211	2.2398125
de8/c9a722cbcd0ff	2.351185984451105	6.006
de9/de84f43c8bb23	2.3698524025278047	6.9505625
dea/211c24564eb34	2.3490625682770907	2.854125
deb/ce3787efc137c	2.8356304386466484	1.875375
de8/64f0c895cc027	3.4438897958348944	9.9899375
de9/186d5c523b926	3.1297204954774602	10.1146875
dea/db2dede1039c2	2.6813861002652843	1.648375
deb/98994aaf0ff69	3.170547148981189	7.5846875
de8/8d8620960041c	3.1655987029238863	6.825
de9/963196c3aa392	3.007135162264847	3.478625
dea/6e8476d0f450a	3.0730110119516225	10.47675
deb/28cbae25e2af4	3.3857897449982297	5.48425
de8/5db467a5256b6	1.7372559992059615	3.9126875
de9/d5f3287f85b20	3.4415637845117524	10.8366875
dea/494ce0b325cca	3.2928929761505796	5.2048125
deb/19b0b32cac827	3.3623975535317436	5.7455
de8/97abc53ed71db	2.146759188493692	8.217375
de9/1dfedc858518b	2.0788758044931326	6.9244375
dea/90317d28ed880	2.258591367505643	2.7554375
deb/4a1420561ed68	3.283545819456144	7.8099375
de8/a953d90180c13	2.271572396796334	4.552
de9/39c5709688169	3.000101384419949	4.541
dea/c47f0edde0112	3.3885101444411716	13.9865
deb/e8fa6e6786e3f	2.3364224648767036	3.608125
de8/ab2e53c41e7df	2.1510205363694004	1.2016875
de9/c32ae3f0dd343	2.670534467832384	10.6604375
dea/9d322cc738f23	2.644433708024529	5.8019375
deb/b1152ea437d59	2.5953109849050473	4.334
de8/d55f1244abb43	2.7378304881105087	4.2534375
de9/9e444323631ad	3.1390150502180907	4.9986875
dea/f0dd8d11d7e10	3.1770163400943248	9.201
deb/c936dffd9e401	2.7634828302463275	3.6785
de8/dc82928637607	2.725880128310875	2.328125
de9/b259b8dfc3cd0	2.7543047681518873	3.5625
dea/11c9b26aaf38a	3.1969441813907262	5.0088125
deb/833272d751793	1.9842526381611725	2.3595625
de8/ce3c2a2b78c92	2.6982510941636573	7.16025
de9/3f05e5b002590	2.7425359858140097	1.192625
dea/21e8143567bec	3.08516050659853	2.4754375
deb/859177745d66f	2.1082322574533974	0.7203125
de8/283414d30a3d3	3.396362316709473	7.7286875
de9/7ee68d9c1117b	2.4806484515521845	0.7201875
dea/6c3933c7de62c	2.255545725162654	2.1319375
deb/193f3a10ffa3d	2.799286254789873	1.5614375
de8/ff79c20a092fa	3.268081658720274	8.3855625
de9/18d26e4783c94	2.7080377879597144	2.3391875
dea/9a420ac49ccb0	2.7938917125601437	7.154625
deb/66440f558ef0c	2.982750357327731	6.0554375
de8/26476ed059e76	3.589532049209344	7.0640625
de9/0d3449003af8b	3.059894203507846	5.5900625
dea/89c35a07cfad1	2.929964579972151	4.304125
deb/4520d08aff877	2.959440086447267	2.9338125
de8/e6e4814c3c6e4	3.1043435428836896	12.761375
de9/5dbc3d0475e74	3.1111249517551003	15.994375
dea/be6dab944d560	2.4778103518709362	4.2979375
deb/2fac1522759e5	1.8991798909700022	5.842625
de8/0ebca4f6b49cb	2.6291098538308417	1.5929375
de9/bce68c94eb3ea	2.933204539454818	4.0955
dea/9744000842f1d	3.148685810861699	4.6334375
deb/39676395dc084	3.0544654638250632	3.6035
de8/7ff48172c0ba4	2.500570447943313	6.47875
de9/ff48af2bdc621	3.245349352842358	7.0655625
dea/ec8819f0852c7	3.2037470837418276	4.4808125
deb/011450bc4125e	2.7323411718005928	3.3165
de8/46f44d1b7e0e2	2.6521645388305335	5.277375
de9/f79bf61ebdbf0	3.0020760312949273	4.4026875
dea/275c2ecf566e0	2.096121898243836	4.49075
deb/499aa7f928425	3.00194967412667	2.1665625
de8/ba4e6d049b521	3.206931892026699	19.66825
de9/c9a9168f8be6d	2.700509964269019	9.8721875
dea/4e60d04becc12	2.7759566407957954	4.227625
deb/d6ed3a8061d61	1.9035653748049681	2.3805625
de8/19ca033321ec1	2.184617724698869	3.2191875
de9/1cc54bdc09428	2.834115611900176	7.295125
dea/ae5797f9d091e	1.4569722529187428	1.0483125
deb/00e84707398b4	2.994309043829632	8.62825
de8/ad18a65114115	2.9589515393243557	4.9969375
de9/c437c4cf0e022	3.234078692267105	7.2374375
dea/db31c11836d00	3.407061424005733	2.7905
deb/f7811d58c5d6c	1.9434777822577112	3.719875
de8/bbd31925cedd6	3.3861525873282545	7.625
de9/873aeae8f1a9e	2.820411510140823	11.9534375
dea/339f0084cec30	3.0305749241727247	9.9689375
deb/855d7b24ae7e4	3.0856177274709458	5.5713125
de8/2d1adff4a3770	3.044890198439147	11.0015625
de9/0220af36a900d	2.8549481639220926	26.1996875
dea/c6039bc00afcf	3.4964907632352795	10.864625
deb/ae6cdf4355c53	3.0907865397343097	3.4006875
de8/8f5e6e0162183	1.9890814049658827	1.67975
de9/97e8e5667250d	3.388340485268209	12.8086875
dea/6155b97b70aff	3.26532279836167	9.38075
deb/88503b5176753	2.2910759530410774	2.705
de8/afb452b420dff	2.8622895737042184	9.864
de9/1c96806c82651	2.3331328354347995	8.7345
dea/f15b87a53ad6e	2.976951833460408	10.026
deb/05edaa160b559	2.776469275732401	3.22625
de8/1fe64f039c1cf	1.8801923156563354	7.0550625
de9/37880d6352c5f	2.8321868621799244	8.01975
dea/3399b2c30a81a	1.4126174064855472	1.5866875
deb/d1e4891881fd5	2.6835721644763613	1.3938125
de8/ab1c3b05c9977	2.6871510780024983	4.0178125
de9/370dfddb20589	2.6235488276472894	2.6166875
dea/28905a1d4b9c5	1.859058783409797	4.2390625
deb/17b74932c2549	2.15756309380481	1.3458125
de8/a49880565d1e4	2.674179782229243	4.928125
de9/23d9db55ac82f	1.840297184806899	3.1401875
dea/21760811c8622	3.4025579099358163	5.6754375
deb/8cb40e084efb3	2.4717235896559315	4.594
de8/3a0aeab82ce84	3.362901581287861	10.0464375
de9/e757d780ac3ea	2.874660913457214	3.239125
dea/4069a1376c65a	3.208373940966363	11.757
deb/b695149cf8f01	2.8981788701271896	0.7201875
de8/96e81599064b1	3.2808531507780296	13.1810625
de9/e41e667ac3254	2.9916370157934127	7.1173125
dea/5137bb885b4b2	2.605230213088674	2.6120625
deb/1372b9d1a8189	2.3604583362566074	6.5115625
de8/e573add19999e	3.2224411273207503	4.3018125
de9/8901e0ac6d420	2.9834366188812265	1.6249375
dea/181d380056a5f	1.4575038717033408	1.0694375
deb/b5a9a18a6a87b	3.3128454938465244	8.3591875
de8/7d8cb66230031	2.2663455138177464	7.0223125
de9/d2ddfd22b5fab	1.0917886043324854	1.129625
dea/b5b4b24aac40c	1.4731439936235329	1.075125
deb/b474758757a33	3.258489010684571	14.39025
de8/f8610253bd7a7	2.616462520512108	4.233375
de9/1a208f6a9dd9b	2.221915714399843	1.104625
dea/6dbe1ffac94ce	3.1380748032114374	3.542
deb/764010da89c1b	2.8349662377064377	3.1751875
de8/a29f58d28c67d	2.3548395232391526	3.665625
de9/61a73e72bc501	1.137845136976239	2.126125
dea/efdbe6026cc79	2.7500784684196793	5.8556875
deb/84a09929b8d71	3.270410687583906	15.332625
de8/57ee3da0c35b1	1.6583616142625561	3.57
de9/de3a4306e0796	3.0603195393364038	6.94675
dea/33daeb4edbd9c	1.9924423584664672	4.330125
deb/00c55643b1271	3.2786490566091273	2.6805625
de8/68bc40d447c7e	3.055714844944369	5.6185
de9/01d7f7c9cb78f	3.0626822932347957	10.3149375
dea/a8545d46449fa	3.164365556324925	8.23
deb/041cf259d4ee5	2.708101996896681	9.7919375
de8/3c793b5eb9c42	2.2425740831226673	1.585875
de9/b59dac6475d25	3.198609494346519	1.3415625
dea/220bd89515829	2.6397686823955393	2.7145
deb/06114c1fa0883	1.9416705226203872	2.842625
de8/056139f6475ec	3.0279231713317225	4.5181875
de9/8780a1d02cb78	2.8037019309077205	3.280375
dea/a8472337e1c1a	3.051369254284031	7.2569375
deb/7dbd88c857ac4	3.1289890411628773	1.690375
de8/478d0581cb13b	3.1447157912399635	1.9111875
de9/ae37375ee4fd2	3.2173937338285246	4.821
dea/aad35baa44b37	2.4847475220136195	4.772
deb/b81ea94bdcf47	3.119634425345624	3.395875
de8/d0803f95242d8	3.4779479560611426	13.325875
de9/a79e7002cc717	3.3724377663365703	17.1205
dea/5dcf460651441	2.5836198275807227	1.8026875
deb/446cd0934d910	2.2958223508492064	4.1175
de8/ef6fa82a93801	3.269310067380104	11.217
de9/9037acce064bc	3.151231307416431	1.8761875
dea/a6e4a3b380ca8	3.346022964845718	7.054
deb/06377ca778b84	3.3866168432500774	12.20175
de8/a969b74eb47fa	2.321255194634889	4.1499375
de9/122f1467a6e43	2.677479669388218	2.5984375
dea/705c0f5b0c423	2.4729279071643258	6.8003125
deb/60044f8a5a541	2.7929526954428385	20.896875
de8/628de3b9ebe8e	2.305518446967423	3.173375
de9/96f15c0e9fd20	3.3664862872053947	3.7160625
dea/6b2b0b1ed46a2	3.3325453712296236	8.007875
deb/9ad1fbe15bf11	2.9789521239576846	2.929375
de8/0f8b10faabc37	3.382168415634001	6.8093125
de9/08594bdba1aab	2.3957718186032033	2.922625
dea/7aaa53d3610d0	1.7476034071363977	0.7203125
deb/31b6973a44c11	2.722809325201952	4.749625
de8/2dbe3db12347e	1.4468704901964242	8.3871875
de9/afaad65d1218a	2.8430955647276126	7.6405625
dea/d2eac87f50229	2.5813138438045957	2.481375
deb/c379c2296d93d	2.598999426412081	14.43975
de8/01212579c15d2	1.0852216372221486	1.034
de9/e9c60763f31da	2.5854448239162573	4.5383125
dea/a7ffded4f3b7d	2.813585159146245	3.3565625
deb/179cee2b22fae	2.960081344097179	6.7565
de8/46d568d1c527d	2.808806379137279	3.1710625
de9/028748bd27a39	2.4586017716172672	3.0345625
dea/d18c293e7fa95	3.2222853064474832	8.43425
deb/3150e7d260de3	2.9608514921916704	4.735625
de8/b13f92e80769b	3.368296507885788	11.67325
de9/8ec88a371f2f8	2.072560503853991	2.376625
dea/29b4d901632eb	3.2540052329810245	9.4874375
deb/42f95176f8b38	2.973183547196048	2.368625
de8/048997c016bbf	2.9123308340825025	7.3594375
de9/b656f39d1446f	2.478475479752925	3.0004375
dea/c5386e22201d4	3.1967370559782986	7.631
deb/ec5a96c11854d	2.9237071521030855	13.1409375
de8/ad61a8cf42e45	2.0288010956141695	3.7499375
de9/1e562015140d8	2.824829203970011	9.7874375
dea/d8ed67c1760bd	3.432478972194237	12.8484375
deb/b88e69252f868	3.147620140098075	7.1955
de8/89fb83f068c6e	3.5086565093215074	13.39625
de9/8acd979568698	2.7366288569760826	2.9003125
dea/cf976c9059c28	1.360151546328332	4.1813125
deb/bc993c94dad24	3.208888837139241	10.96
de8/760f63fb73816	3.432508631507425	8.3829375
de9/334c7a8f45fd8	3.087548093140265	7.9279375
dea/a9eb3b482db16	2.6149325067130396	1.3935625
deb/4144d6f4aab44	3.2632717058303027	10.0285625
de8/7ccf1b57d9c38	1.1461983055572296	1.5693125
de9/d5878f2bf67b7	3.40625893353824	15.0295625
dea/a85bb6ecbe90a	3.2687002223368715	2.671375
deb/07d5aa9d4c980	3.5450472311996437	8.2929375
de8/c43b5c24a81e6	2.875117255296101	4.90475
de9/0988c17f40c11	3.177970535258816	5.9605
dea/b31586f0d0d1c	3.0441901732271175	5.500875
deb/57d73bb6dd288	3.3498403552716804	4.566875
de8/da9b9c3e563af	3.3598639408481445	3.8018125
de9/31b314e6c69bb	3.197130476863062	11.263625
dea/44cad6723159a	3.2540785832674994	3.0385625
deb/4dbe07dbf7dde	3.447693230938824	6.334375
de8/0054ace845442	3.370787310635726	7.31475
de9/fd0c0f0d2db36	2.7737916004562084	1.7295
dea/a2826eb0059ad	3.1210295961860295	6.6040625
deb/0d0726a7c3aaf	3.375363568391094	4.8511875
de8/d789c16e44938	3.2276641729763353	8.1524375
de9/3339a7892b607	2.9498830336752406	6.815875
dea/9b848e19aaf2e	3.3324838255866345	3.51025
deb/6e87232ad37c0	3.4929724561400928	17.9619375
de8/2ccc5a331ca4c	2.9430164470315057	1.4614375
de9/745a54be61b99	2.424181827229733	4.3380625
dea/fc4bc2ffc864a	3.074726342579488	2.2461875
deb/5b11eae7bb8fc	2.4188170527516264	9.5771875
de8/6441ded31bcc5	3.304414656817491	4.2840625
de9/057caf02f188d	1.1498634240534784	4.97275
dea/3b00256090293	2.0938117240533347	2.2159375
deb/fb42dccf9ef4d	1.928344852184644	2.1270625
de8/4b786fc50545a	2.376216479568039	20.9796875
de9/5a34f2cdefc67	3.416368475778493	7.7390625
dea/780023a30ec21	2.9582703708127887	6.3510625
deb/d590e3dadff7b	3.029838846131273	8.3343125
de8/9a398ca1dc9e6	1.9744877997989874	2.7095625
de9/bb05ca8395d9b	1.8104656094084077	2.0685
dea/20e6c0a2b8df6	2.910369747283643	7.453125
deb/f408af29990ed	2.0481583086893065	1.933875
de8/6e60cdc4b5461	3.383344023189824	10.72325
de9/c7de2a7b048c2	3.1496396694745568	4.0371875
dea/f2a12b563ec87	2.25225363604506	1.4940625
deb/b404ee8afb6ad	2.410108733149137	4.443375
de8/c071a36365514	2.9009334564804674	7.424375
de9/3994ccae72a5b	3.1414070866950197	4.6759375
dea/b6dc8673153dd	2.5816899905189143	8.24075
deb/986b52feb578b	2.6082492758510365	5.4423125
de8/62a516492b044	2.5136502881530296	2.1886875
de9/ae85c06db7272	2.1847856016374454	1.44175
dea/dbc8b5470a18a	2.5581350979288193	3.5283125
deb/1eca8abfae379	2.2944298231583113	3.2976875
de8/151666933fe77	3.0099197703752916	13.1714375
de9/d5430650ef9a2	3.4258174973056996	7.0705625
dea/b2d1d29b12388	2.7877398667744044	1.1873125
deb/5b4e7b94a44e6	3.3386038206689133	5.0966875
de8/1ae5d74819d89	2.8333157906516764	3.9995
de9/46c262e82037f	3.4631536479370153	11.0610625
dea/94deeeaf1cf87	3.251091738037312	6.1148125
deb/fbc88de078387	1.6791922636188061	1.7788125
de8/9b018093583f7	2.436726033706291	6.199875
de9/8f0a0fa3a253e	2.8239062181504972	1.34575
dea/8fd317d45ba90	2.7272845220107613	6.059375
deb/dadeba67f931f	2.35075287814961	7.6709375
de8/cb07d6fc52937	3.0723247843178854	2.46975
de9/064214a9a71c8	3.3557919554131064	17.4321875
dea/bca9b217c26f3	3.082820537146108	2.84475
deb/e57313f126109	2.9587180683408953	10.2495
de8/7239817411b77	3.188470767835703	7.812
de9/2faddcf15600c	3.0530515559118587	5.701875
dea/0e05101ee36d2	3.202824220709084	5.892375
deb/9906992145530	2.695083872192647	3.834
de8/20164f6129e4a	2.9747583305242133	5.932125
de9/36e0d800ef3bc	2.3979130991557405	4.3763125
dea/033b876c277c4	3.4829863895806823	9.1316875
deb/246e317faa841	1.8286279231321925	2.3541875
de8/b19c1f6e9f78c	2.889107179481992	2.7871875
de9/5238a4cdb8578	3.169528329337696	6.13775
dea/8d9bc39b3f293	1.9596833437612027	3.0275625
deb/b7791539d5e43	2.5150507791329884	3.2463125
de8/ce4e17211c16d	2.9859585386129237	8.1885
de9/1614e7fbee53f	2.7292616604380076	4.7308125
dea/984dbfc063b91	3.2971250141197945	5.1298125
deb/d249fd745749f	3.2749511335539547	3.258
de8/cc5ad09fa8039	2.2213549824117966	2.354
de9/1716ddd470c30	2.968552711740298	11.602375
dea/81433871a6198	3.0697406509260214	1.73
deb/f58a1c1f6046d	2.282833944399298	3.801625
de8/f7614ea0335c5	3.2164255670325357	7.67475
de9/fc878ebe69b65	3.24357841073092	4.8565625
dea/bea997b0fb4ee	3.178210313852568	4.172
deb/60b911a1d0abf	3.550064838094111	11.871125
de8/ab47508896c56	3.2071164911201717	4.303125
de9/bd23a51540c3a	2.581912973102658	8.537875
dea/06a23e4cdcd83	2.9700364614316217	7.0063125
deb/04f8d601f057a	3.1937738799573614	9.974625
de8/29d6bf3cd3a14	1.0942821397406362	8.411625
de9/68420e9bf61ef	3.2743875894005567	5.552875
dea/e219ac92311b5	3.3191790119469515	7.738
deb/b760a3d528b7d	2.18967343741054	1.2736875
de8/a5ab9c1ea159f	2.7150695647595344	10.4745
de9/b61a802d58510	3.1002908239849813	8.387125
dea/8f37c81fe3764	2.504108834780644	2.546875
deb/b747078675e0c	2.833414892780259	3.6161875
de8/f0a67f07bd6a5	2.1011919116851083	1.1236875
de9/57722781a4eab	2.6991508756821894	9.7723125
dea/1c88c3206bd90	2.4458933591151144	0.923
deb/05697c3ce24d4	3.437390267835327	8.825875
de8/d8cc1a289654a	2.7886965262279637	7.757625
de9/12840194de80a	1.9204700328149482	2.27675
dea/f13b9865e3dd4	1.8342884381895939	1.523125
deb/f0244f4a65044	1.595367731906629	1.0478125
de8/fb33d29cb47e1	3.165681178648643	8.89375
de9/dc276e73a78b1	2.198169946913112	5.1383125
dea/93136b650c214	3.1844580803422127	9.60625
deb/4ad5babb7eab2	2.744016948437855	2.277
de8/b904aa61846b6	2.1216075090673536	3.5696875
de9/d7f1a5f4d70c3	3.3176041054286074	5.296625
dea/e0a4e72e3b7f6	2.0552635898627836	2.71875
deb/320c6f2a7a357	2.7982150935530785	2.6551875
de8/4e8b53cbabcdb	2.425643644959931	3.501125
de9/02821e7ea88ab	3.3385457321369696	5.4885
dea/46285699ec810	1.3674267403928584	4.3943125
deb/925b9dbf0a84b	3.1448085027498416	11.26925
de8/b05290d0e26b4	3.0662277041360793	7.7170625
de9/5fe6ef53df6aa	1.9229250531106146	3.1793125
dea/e7c5b11e45187	2.422784977502383	3.4623125
deb/7a840db3e07f0	2.855948204033167	5.650625
de8/ebbb1066dbf19	3.176366140739572	2.9890625
de9/9bf99b52dff2b	3.1319455779725516	4.184125
dea/2608f200c5ff6	1.2083871633078742	0.7684375
deb/6418f4fd8089d	2.8304075733760317	13.5769375
de8/024f74fb08636	2.886699656642286	2.8585
de9/74459a2041ac7	2.421884762505115	6.628
dea/9c3685004ba5b	2.7568488684627384	3.9605625
deb/95476efde7cbe	2.9896818388433597	2.2970625
de8/c3a9a3b01bdb2	2.359950183086305	3.3394375
de9/08240618d2ddb	2.986498574405695	3.0951875
dea/5da1871784df4	2.7009096678082236	9.605
deb/8119eb68478b9	1.5538549978708216	2.59
de8/ac759492c861d	2.894647781704669	9.4589375
de9/f6213d2d5d0ff	2.7651838288719506	4.9548125
dea/4956e16a24e8a	3.0823044985987447	3.682625
deb/a63ef0f22ec88	3.2906443201003013	12.8665
de8/a6ce7b8eab7b5	3.137597369876591	17.121625
de9/37e14f9e21048	2.846112203137856	3.844125
dea/80b524a512873	2.502001745129121	2.0431875
deb/a59b024878c1e	1.1062680969925591	1.225375
de8/84ca1d263b03c	1.7982323077887168	3.4733125
de9/6f0d5fe17a331	2.86668809998944	15.153
dea/e278e03bc7a9c	3.281547199988585	10.8365625
deb/9ddc438a8bdd4	3.215016716535207	9.9895625
de8/e145a27c65a06	1.2769447870761854	0.8645625
de9/228ea4368709f	3.4222752420473053	11.7881875
dea/0d195bbe6fcc9	2.983237924701026	4.2205
deb/63e8ee1c51ffc	3.0108444428019356	2.164
de8/df2fa634ed829	1.8651378405497936	4.0746875
de9/2c24dcfae9a49	2.951580748546483	2.6723125
dea/41d870d448418	2.486249323248748	3.9303125
deb/7a469301b088f	2.8413470641702023	3.7471875
de8/da2a7b2249305	1.725249411661043	2.646
de9/debb081027e5f	2.771967801824634	7.6595625
dea/5a07bfb533d77	3.3776101041463304	4.9674375
deb/b4d3621b8c02a	2.4235032655577795	8.0861875
de8/484b54e6c924d	2.6316905488109428	8.093375
de9/f761cd3b99e5a	1.0828749060754792	1.008625
dea/932b8458a0ee6	2.940887813164917	13.7416875
deb/f0e7415d3f0ba	3.154166172383304	5.093625
de8/e431abc3a9109	3.289250595011818	8.50925
de9/fd5e3e6098f8a	2.3236115665019077	5.0728125
dea/bcd8689767517	2.5856768603013247	1.4810625
deb/f819818b1ac99	1.661566200115291	3.414125
de8/626fc07dd5285	3.2714190889841746	12.669375
de9/547fc080c6124	2.8529958348625013	5.3261875
dea/790d380009a15	3.2584413635771274	11.34
deb/62fe20e4216fc	2.3601207381159104	4.513625
de8/0f79ecb313595	3.1569208247417024	6.439
de9/4d58d50f7a8b1	2.802315980145675	4.2055625
dea/67ed74d5f4ee5	2.9476817927384307	7.2658125
deb/2bdacb29118fd	3.4362161078545816	10.922
de8/29e692fa53311	2.2215453903824938	2.1495
de9/2980adc5922d1	3.042843926560207	8.0731875
dea/e947e903226a8	2.346632866558686	2.308625
deb/fcea05cdf76d5	2.6383298230207366	2.744875
de8/94fddb109c9a7	2.735636039594289	1.399375
de9/66100c03026bd	2.942889802271115	4.1873125
dea/15577ac7ec3db	3.088532849457799	4.6033125
deb/e3bb1fd081933	3.1049914673939862	2.017375
de8/01a07a9e41440	3.07002592360107	12.2696875
de9/c7d723e224ebe	3.2442210865674443	5.0039375
dea/655e621178dd6	3.3825434269106682	6.212625
deb/803eb0080f09a	2.2879989063531396	3.796875
de8/28e2f0be4be5a	3.1206204723065976	4.7141875
de9/df1aea1420ab6	3.2926858934504417	11.039625
dea/00efbd270bc2c	3.249988120813659	4.3659375
deb/2940248f2496a	2.5047139893258756	3.0720625
de8/ba11eea209bf9	2.717162600627985	3.102875
de9/de3ccbef2ab13	1.5857038223273625	1.1215625
dea/03a1598a993ae	3.4961593497260557	8.3828125
deb/f27cfee5782a8	2.775100175951165	7.587875
de8/25fbc5c9be19e	2.556018805769268	2.389
de9/36c4b0bc142b1	2.596451748578957	14.28025
dea/87848237b6f50	2.6726305292405663	2.0923125
deb/46cdc19193d8e	3.334146664218793	8.1045
de8/98c9a956f0e2b	3.2176995701867908	4.981625
de9/6d4b83f5f3a41	3.1673216879419583	10.3135625
dea/e267c52d7900b	3.1273620082594955	2.6579375
deb/ee967c742115b	2.4220968231477347	7.697
de8/9c8ea621b6a75	2.803371892378013	4.2576875
de9/0c71ec6c3c6e2	3.11485154986734	6.7495625
dea/8444af714b1e0	2.417027670385856	8.2475625
deb/143104f7dbcf8	2.755743451492885	1.598125
de8/63ba78b694f5f	2.7653315910646357	14.2958125
de9/ee8ccd943a03d	3.2564680179123333	8.0319375
dea/834d141c1e4d3	2.634089478595485	5.6238125
deb/f895ab71a84f3	3.2892191010856613	7.060125
de8/94faf62ebc018	2.6531136622990585	7.7005
de9/edecf8bc5a0fc	2.3937716561366704	3.502
dea/d14f88e0b1f9d	3.2394120303343454	6.9143125
deb/940a89ce7a2ff	2.0544843251380165	1.297
de8/c6dcd5eea5728	3.4634960271940223	6.619625
de9/48ec7a2db76fb	3.0314199197164995	2.5311875
dea/b97843fe64932	2.4118803657132117	3.4445625
deb/f0d6e0d7fd698	2.745384727307416	4.623875
de8/a5b4c470c10ce	2.5363629462445942	2.7421875
de9/a8defdc5a5d06	2.67951969481636	1.5061875
dea/278f088d1f65d	2.9247142673318836	10.1629375
deb/cb69e4bd4ca9f	3.2951467017521576	3.47825
de8/a44085f6b48d2	3.0281253744331247	11.9166875
de9/3efa69199808b	2.223012992337795	1.879875
dea/391ad6282c001	3.5350937089181236	18.497
deb/5a99e8e974326	3.1568303811706264	6.5093125
de8/57f0794932505	2.9278927276473867	7.418125
de9/458cf39914b78	3.2668172141289817	4.9286875
dea/85f50f0793d10	3.1412732861572636	10.755875
deb/4663b0b98f2d4	2.9868485423612956	5.590125
de8/55bc67187aed4	3.313472298637607	5.4325625
de9/f1f59d33e5b50	3.4226981016894156	6.7049375
dea/6fc8d1a937066	2.897366436287063	3.8711875
deb/184c634ce7ffd	3.305457766768499	5.8875625
de8/0ee3ed3435ce0	2.0464233232955205	17.6395
de9/c5dd85b36fe05	3.200023318612743	8.2085
dea/79cfb4b8e93af	3.375460775208487	4.912625
deb/2cd2db06c7ac6	3.497820085850319	9.334125
de8/29dcf76ecd50f	2.215636976636796	1.890125
de9/90d12430472e4	2.8604564867933244	3.4736875
dea/0572f665c6da6	1.090314513456612	4.1530625
deb/148fa8ff446cd	3.4358030555171437	6.7195
de8/9e3f74c2fcba3	3.26615194710476	4.6466875
de9/e43ded2a25e7e	3.0133932087157107	2.0190625
dea/8a450dbb623b6	1.842606730281268	1.969875
deb/83953ccab4e05	1.616902587074049	1.1830625
de8/be0b63285a8f7	1.0850916555321277	2.5005
de9/05f52818a8ebe	2.9234787000072577	6.581875
dea/02243d7a8a363	3.3215731407573537	9.064125
deb/6b8c4d5e78dc2	3.3070191703970075	10.43875
de8/15e8a052e00ff	3.219365438907396	2.07375
de9/aa199edb8cbaf	2.923917262335709	7.2015625
dea/37bcdc6f01822	3.323431467909778	5.7836875
deb/9a1bc3c2fec30	1.9414882277450098	0.7683125
de8/a86b0521fc91a	2.8521819067995438	10.370625
de9/cd6ad68bb0c10	1.9126776574658422	2.9974375
dea/cdaa787c7e8c7	1.080936232916197	1.4859375
deb/3026ac8fc9384	3.4319740480422136	3.9908125
de8/4b1c624b518eb	3.1374933631860804	5.6865
de9/46ab1928bbdac	3.0601358231173683	9.935125
dea/ef9bdfbd7bab1	3.461414144245975	10.2834375
deb/6f948ae69e7f6	2.891214449177778	6.214625
de8/07439124018c5	2.217254709934925	6.5409375
de9/c3bf5c49de1bb	3.252388718587559	1.7091875
dea/5fe96e9c8eee8	3.335221371292047	4.24675
deb/d2ea6d42ca78b	2.8590312761777996	2.3921875
de8/d456859ee3cbd	2.309786273002882	4.066625
de9/e2e8d9606d7fc	3.4184655539006052	3.992875
dea/acafdca08f2e2	3.4771756281536015	8.0324375
deb/07b66ad1c0d84	2.663125416492199	5.8638125
de8/c76214c9fd38f	3.368182931606109	14.3865625
de9/72172ed0d43ab	2.022996695102026	2.385125
dea/096ee44600781	1.839598815712631	3.4968125
deb/33be025af650c	2.8926137027128154	10.406875
de8/61f77c6fc07f9	2.858906846447758	5.1904375
de9/10cf50efa3f14	2.272898305546341	6.0418125
dea/887b32a8263e1	2.1746344157956377	0.9758125
deb/d5392c60aafcb	3.195180911228799	3.1685625
de8/eaf80d2e78213	2.668898433215233	6.735375
de9/c587fed9bb0d6	2.841411729110714	2.4674375
dea/16e64ac14017a	2.0026554552821056	1.069875
deb/32a0e115614bc	3.4088312441240682	19.362625
de8/fc789bc85aeea	3.347781006347875	1.93425
de9/340ac6c4046e9	2.8360702588659366	4.186375
dea/1d55e2c6260a6	2.9289133635917435	9.233375
deb/b788a21560a54	1.0212369534954295	4.3070625
de8/ffb2cb40c07ac	3.3167347826088323	8.972
de9/ca7d6716db04e	3.442708934996887	20.90625
dea/4d2d351ad4417	1.5780729541831633	5.09625
deb/05b137653a30f	3.290664531302697	6.922125
de8/bb1feec7f0d19	2.5308169106104366	5.179125
de9/47544e5241f7d	2.015631510300346	1.371125
dea/34d078bfc4834	3.2843976558049177	7.747875
deb/b895f91200531	2.111234756042273	1.1054375
de8/354033570068d	3.1369062988528453	2.943125
de9/2d938655db911	3.351729084332001	12.18125
dea/de5839cb6f3ed	2.447373081054252	1.480875
deb/01955b495ac13	2.035132450943913	2.5479375
de8/88cb0982a674f	2.916961049331019	12.0156875
de9/9165f034f8d21	2.244270601673972	2.2111875
dea/de728a8039ee0	3.152915008464001	3.319375
deb/df25d384ebbbd	2.0032277288907268	1.297125
de8/af09fca29a425	2.537783592475353	5.379125
de9/8f0206f3e8a24	1.6235457547820895	1.0569375
dea/9371ac98ca849	3.0377431568061706	2.834375
deb/966eebe63c4a6	1.6155688590843782	1.978875
de8/a7e42e46d9c5f	1.747253059248149	2.5053125
de9/368170bb9fde6	2.950953517425777	3.951125
dea/ad3b2d13d08bc	3.458991279295748	10.233125
deb/9d9aac2f21ef4	3.3981567321781414	12.206625
de8/94e0799304dbe	3.098609941530938	13.9221875
de9/c9e39df90277c	1.1271161697292362	1.922125
dea/8ac461ea412dd	2.9642700404010873	7.66875
deb/fa83920c68d4a	2.7810573761772206	12.8908125
de8/ef921f78c9517	3.0136421226410346	13.355
de9/ea322ba14f3ee	3.391782989017642	3.411125
dea/53bf4bdcc02b2	3.1372002685353144	3.28
deb/b10c9ce3e5cd5	3.4757297001477547	11.1145
de8/f22dfb563e379	3.035475276272233	9.459625
de9/39b99baca3ef2	2.864453711303501	2.781375
dea/be841b95399a9	3.2262199622721326	6.6854375
deb/2f1bc8ca97be7	3.2500110323341866	10.123375
de8/2138fcc20ab56	3.091420417722909	4.026125
de9/9dc21eeca9d55	2.9413225947770774	9.893375
dea/36682da355167	3.3598406389540654	8.6264375
deb/1fb6d2861a224	2.628033110693653	2.547625
de8/df81e54832809	1.1538754515302292	4.4676875
de9/d2711f0058921	2.61202009439734	6.79625
dea/5ed20afefb387	3.495405764464926	15.384375
deb/74160ed04bb43	3.3044195034482535	7.401375
de8/d4124f2d24f88	3.2505199779802094	3.97525
de9/45db67c30f43f	2.860304981564647	4.8750625
dea/7520e11b01310	2.579074443049316	4.1954375
deb/df7494282020c	3.19983416816378	14.17575
de8/fd3d5b7fc3e9e	2.446583218897182	2.4673125
de9/e2f04068c9356	3.1698273207928818	3.7485
dea/d33422ce4fa8a	2.4738192297847794	1.2975625
deb/6de917abf74f8	2.0552042686158365	0.9609375
de8/21b7d6ba70c41	3.1179894296807773	2.987875
de9/18ab1bca3f394	3.4407579318762758	7.9503125
dea/622a75933f412	2.6385420651555624	6.2516875
deb/99af0cb1f36ad	3.1900162205876605	6.22175
de8/250062bf4146f	2.3662579804005976	3.8104375
de9/afde7dfbb9141	3.284867108193255	8.4096875
dea/c7143cd9ae9ca	3.1283864647509234	4.338
deb/7bd61fa04e492	3.1856757954780663	3.6076875
de8/387b8997fa6ce	3.408219289737545	20.54075
de9/eb8f7da8455e8	3.0863219655747605	2.3153125
dea/eb049c328592c	2.3449493039772578	1.714875
deb/df6d7076470db	3.179815627833775	5.1153125
de8/3990af5aa674d	3.0935233031461915	6.0701875
de9/7bb82ed6858b4	3.596108386198588	14.40675
dea/001929f982269	2.5525370677325165	4.0118125
deb/08d957fee158e	3.186051798598346	8.6875625
de8/ddac076892124	2.66613482749396	3.5328125
de9/c5e2c614ebf4a	2.9862671944554307	3.8165
dea/76f49fab9cde7	3.1704271907636183	4.667
deb/ddbaa7bc9b3ff	2.2294179446482936	4.6
de8/8851373eb78d7	2.075971827851074	1.2013125
de9/509d2dc7a074e	2.479967737037185	15.618375
dea/03f01632a75e8	3.339162420391517	3.6455
deb/df8621e351f5a	2.8162038923226205	3.9739375
de8/c98ef450a9063	2.6308336531222394	3.7764375
de9/db52aeb07da6d	2.2444769608994535	1.56325
dea/f977a734cae36	1.8773172359529107	3.720375
deb/94a176c786399	2.6051207285713547	10.341
de8/2f02b938d5564	2.456558646780829	0.98525
de9/e7200e59badf3	2.668345408028387	1.5140625
dea/22103cdc6f935	2.9372686894946134	2.582125
deb/ac750c2d31afa	3.239433720929566	4.5168125
de8/039aa235c69e2	2.8332687198836224	1.493625
de9/8348f6520eec3	3.0224027154513173	1.7043125
dea/41e899d842319	2.481859253080265	1.345125
deb/8e2ebfcb84df9	2.757360559000219	3.062875
de8/8e51f1cea5ed3	2.227670712686432	2.6909375
de9/b4bd47b9081eb	2.4551031301990958	3.5133125
dea/37689f2ba6ae1	3.081861852297163	5.2824375
deb/ff3fd333f64f3	2.385859568453713	2.2160625
de8/4b6a27b9a786d	2.8959660911752687	2.7443125
de9/c9146c67e1caa	3.029008909550498	3.3788125
dea/2063bf7137b64	2.009754987746913	2.324875
deb/eeeb1c7fc6f41	3.3275228085950226	10.545875
de8/7759ad623b9ab	3.141147141881027	2.5985625
de9/86e81323a98fe	2.915629878636752	3.230375
dea/2fbe5c7a7dc48	2.8036662297982806	12.52025
deb/cd5f02e00c45d	2.995142673143268	7.2280625
de8/c7c79db147b47	2.752176312250336	1.6344375
de9/54477b7a50db6	2.0077718738766617	1.739625
dea/f49b1cd0ac56f	3.3370565960618728	7.6889375
deb/b889fb16c0078	3.156105783351148	8.026625
de8/244e2e7649126	2.4461884565971346	5.602875
de9/05f9cb4007326	3.129595492632794	4.077
dea/c36d46cc767b4	2.7082532479039734	3.1255625
deb/0209df4a76e52	1.162169653648347	5.9650625
de8/b0417fe4cc467	3.419935482237769	12.053125
de9/72ca0211d5404	3.2443264243727055	2.738625
dea/802ce6ca3b08a	2.9406513752669783	5.67775
deb/8ef135c8d3365	1.9970298331763927	0.912875
de8/1a6683857ac2b	1.1236875208203296	1.2039375
de9/fca23e1b85701	3.328963912279296	8.0050625
dea/9b75e5517e605	3.0718378607498313	7.5839375
deb/aba60d51bf99a	2.82711309948431	3.09875
de8/2ef98a9ad9c28	3.1512282219904364	6.01075
de9/7abf073b16cd5	3.3956292787053033	5.003875
dea/2452a19ebf91d	3.0044832521118807	13.3415
deb/bf3605d51d477	3.0306783431755693	3.6236875
de8/16edc4e0c82d2	2.847680462813499	9.7886875
de9/0d30701191e48	3.3267624689313857	12.4546875
dea/24bf53b3e3c40	3.1350772406762655	3.598
deb/3f30bbd051db1	3.313393128412818	4.1251875
de8/cf62d853d9d3d	2.9745499526172785	10.40875
de9/3a60ebbc6c55a	2.889927075929004	6.9879375
dea/9b0905d828755	2.5990067141170425	11.942875
deb/41448c8ba28d8	1.4917623169922525	2.599125
de8/faed20977263b	3.1674858548349496	2.150875
de9/e835fb3c6b836	2.512090996090021	1.7819375
dea/b1ba925737869	2.7489755151282287	2.180375
deb/bce6ee5c25f92	2.3289332028011223	4.8026875
de8/63970fc6cb0fe	3.1200573499586546	10.865625
de9/de5a9f7df42c1	2.9111945476630274	21.722875
dea/19a279b388f79	3.0889116773495426	13.8435625
deb/1a6d499bbb0f4	3.2479546425682613	6.2521875
de8/06edae36e62b6	2.557628781940111	2.30475
de9/64baef1afa953	3.5302717383701916	13.7540625
dea/7193d847a4258	3.2592553660001	5.4605625
deb/7e5465fe19772	3.3237212660584836	18.191125
de8/a39aa5508aac7	2.1479380534940753	4.9613125
de9/9a9231c3e2e7a	2.6838179287772435	4.2015625
dea/bbbe365da414b	3.1323030030562977	2.8756875
deb/2894cf4e16a8b	2.6578674462608496	4.726625
de8/c9a421e2a034d	3.144234586378674	6.1775625
de9/b311575d13026	2.9021946036327004	7.29575
dea/d50b8619611c9	3.282671908260041	5.88775
deb/cd6837c1d90be	3.1653662362707453	6.4139375
de8/b529a1143d478	3.415199076360107	12.50225
de9/655ff0296bb6b	3.1423653290024487	13.2535
dea/0eb56efef62a3	2.463499478663187	27.75325
deb/69dafcbbd28ad	3.3421750278236337	6.7135625
de8/2a2dd117d5446	1.5645299081051784	2.690875
de9/319c28ae4b91c	3.3149359077453977	8.5853125
dea/fe8df0365900b	2.381232214486299	0.9568125
deb/2c5a60d1cceac	2.952558007140438	8.3275
de8/be197709a3ea5	2.901205066098395	5.1905
de9/27c6cc2a46b9b	2.6967359497733097	11.3591875
dea/ef3a7a21f709d	2.7843428926862814	5.1186875
deb/ddd3bfb6ddbdf	2.91562798212245	3.8216875
de8/1dc76ac895a0b	3.1237188065039225	10.7455
de9/ad70088c3f59d	3.117767087064442	5.1878125
dea/73d473ce6c951	2.1603078133229596	0.912875
deb/dc5431c53f4df	2.217170333130472	6.356125
de8/7ae1219f4450c	2.347724989374222	1.3795625
de9/589ee98eb49ca	3.410808362485259	6.148
dea/d1344f954dd2c	3.3008587365131765	6.874375
deb/b8b81fc85de83	3.4603538573140336	13.2695
de8/ea59bfb9ca109	3.097932239139889	2.24975
de9/6a8ed0f93900e	3.259430321425671	2.44675
dea/b426ecc7cbae3	2.9158782938879932	9.3151875
deb/1e7609310c738	1.5260748896084	2.170125
de8/c8803d39f56a6	2.3249972643293586	5.869625
de9/89a96cce24e99	2.612337440549075	2.2778125
dea/a2e8f34241f25	3.4837752077760467	24.2684375
deb/58a4c758ac842	3.0598821693031506	15.1761875
de8/7c1a33fff7a97	2.8292110018000938	8.5211875
de9/78ddeb6e0721b	3.0781453612876284	8.1375625
dea/8680ba40a4d54	2.677591550521769	5.573375
deb/c398d24f8105b	2.8654329381525567	5.512625
de8/2eb2c0ed39a47	2.8620556042566845	3.4034375
de9/6e341ba23b933	2.96565645980752	9.0865
dea/73b41e22c430b	3.3231384874175625	7.244875
deb/7bc2df09ae427	1.1763542039463704	1.6955625
de8/a6a348a9f31e2	2.74772320569157	1.6354375
de9/31aa8d0a1ffe3	1.9406123854558082	4.9338125
dea/b11bc661d2b0f	3.3019878681741774	12.44375
deb/a06b03da79819	2.8049767558756247	2.2253125
de8/8f28b7fab732e	2.6908967905425145	2.4990625
de9/b3120748abe0a	2.9959936510759553	5.372125
dea/fa508c89d3d7e	1.0939508284579502	2.212
deb/9d53cba1bac9c	2.720654107174668	0.828125
de8/f73db3a652499	2.2497770717047696	1.48975
de9/3f8b22b622443	2.1781778139163013	4.1840625
dea/7c25f87c87ea0	3.3282433471540807	6.355375
deb/647b3b53d92ce	2.4597053470717816	5.2396875
de8/421b9a0ac094b	2.9340340011711317	10.621375
de9/b5a731deb524b	2.5610247767786483	5.506125
dea/f29a1c4f56ba9	2.3769278924233777	5.15975
deb/0c3f93db77c8b	3.0920385710775498	4.973625
de8/38349f283e76b	2.5805904478454478	1.6815
de9/7f74d1b40682e	2.717946746117385	5.5273125
dea/ce8a1b01b9a24	2.8132334280940556	5.2688125
deb/c5563e0af3f9e	3.323343354735313	13.4984375
de8/536c64d63c803	2.740544616384692	2.6433125
de9/f06d1cecd49fa	2.6715837034598424	4.28075
dea/ea1bc1302273e	3.3967938509569575	15.203875
deb/123c29dc9f36a	3.3216853268806212	1.5586875
de8/d9ff9d233131e	3.095124079576445	3.0276875
de9/ff84cd162059f	3.0996922324554803	2.402625
dea/2e6dcd12673aa	2.9636824627673786	6.092
deb/274b01a96a8db	2.9776665909799105	3.6404375
de8/94a53dce1d0a0	2.9433379420759613	6.800375
de9/e792cf65772cc	1.08811075809354	2.4841875
dea/bedd56a844bda	3.2869214003561273	6.610125
deb/b3d31bfef2437	3.3535785477106064	3.401125
de8/52d72023bcc03	2.8740141401001487	5.85575
de9/5e46dfae1f61a	3.437925447645415	5.105375
dea/0b8b8f10d18cd	2.6941145031928975	1.0573125
deb/253cf1e802055	1.8464056531846846	0.6240625
de8/e1a40a7a9a768	1.2626077060253134	2.27825
de9/7929ad42d95b3	2.975431729024763	4.646125
dea/b31399909f323	2.3620962454423684	2.035
deb/09645e0094e6e	3.3143419569476036	2.623375
de8/8b4e2b64dc144	2.9589434917327195	17.256375
de9/299d5660f3e15	2.773524563783892	4.4155625
dea/22599702aa501	2.846312492693799	4.070875
deb/043804b9d490a	1.1138053888274004	3.41475
de8/6d9f39264551b	3.2150278734686086	2.8405
de9/8852f87ea7663	3.3656583456310067	10.0910625
dea/c2a95a9113fe6	3.4060655120020438	10.0366875
deb/5f61f0acd29cd	3.1825175791328446	21.0644375
de8/9baf871e0f639	2.5772350503296853	3.6034375
de9/3297b12e1a057	3.105875021109739	3.7203125
dea/2e5053fb2431b	3.0228820648774954	13.047875
deb/c2956688a811a	3.195899504795683	3.9440625
de8/33b83a4dc7c34	2.3491739321316043	2.7885
de9/3c56bae122899	3.101072598449164	1.9231875
dea/9f93e63dc7b04	3.290294318513694	2.016125
deb/920c5fec066f4	3.253409631550513	12.41675
de8/59249a9681a5d	3.4968310245572964	16.110125
de9/0c079e653ea8a	3.201382054408693	3.2063125
dea/ffdb32bca2dff	3.031721416961885	6.2754375
deb/59d9abbe9bee4	2.4423745821310447	3.547625
de8/625c2d76483df	3.159146971463746	6.3975
de9/ae0bbc147efa6	2.854035813238453	6.951875
dea/58f7a3c8ab122	1.3007750576935562	7.9565625
deb/0ff5b0912141d	2.5911430784864744	8.570625
de8/a2f68506d67c6	2.9417751534085315	6.0198125
de9/f7fbf181b8771	1.1769154817914798	3.7599375
dea/8d58c3ba06580	3.562596123153094	3.160125
deb/7e125b8431af9	2.979878333497103	1.954625
de8/070d93a4e5816	1.1364206379376236	0.9609375
de9/0a753d0a28a92	2.348490039179255	5.2658125
dea/5130cf6e29512	2.800766551421326	2.482375
deb/89ce6528b775b	3.0261895438170185	2.5114375
de8/d5f4b5aff5b81	2.7341878837709586	5.8204375
de9/eb806cbfff897	3.189415446118132	26.390375
dea/dc959844f6e0b	3.214669574949336	5.705
deb/3d60dc6ea1fce	2.5285533536398908	4.4310625
de8/7fae03036e4a3	3.260827235600587	8.3813125
de9/e54eea187c704	3.031706756991438	5.9806875
dea/d78e918049eba	3.2695133092842137	8.509375
deb/0016b625da58d	3.308891134359989	5.720625
de8/f2ffd34ea2200	3.249718155546698	19.8521875
de9/9fc3cccfad6fa	2.877297211908175	2.8071875
dea/44b749b0ec995	1.3420496833601527	7.4328125
deb/08125430b4c3f	2.6067857389403093	5.591
de8/c9bc5ca694ea5	2.70489010065638	3.061
de9/e50f3efd9da91	3.0187671616896536	4.2184375
dea/d733f5d3e308d	3.1802586969023503	4.87475
deb/1b536341845ef	2.7985701234525653	6.8631875
de8/0b83082254c83	2.8919743706556047	5.336875
de9/fd0237cc11ee7	3.3100074988607253	6.2876875
dea/187bcde5c14c4	2.48968121580105	2.6030625
deb/73780a99fa849	2.9354495293870864	4.11725
de8/0b636de723b7c	2.8294510279176595	1.0845
de9/4dcf11989a658	2.236762628726654	4.2895
dea/580c67be70ce4	3.284622188258123	13.181625
deb/a02d7cf816cfe	3.3416119694744535	12.0413125
de8/97ea4927e87fd	1.84198246280851	4.437625
de9/24e6c003cdd12	3.136826599959459	6.1093125
dea/b770ce44d3671	3.218365884850744	8.2665625
deb/6c56c80ac3d3b	2.5148290997151754	5.094875
de8/25f1c5c65302f	3.270463970799287	8.732
de9/1de06cbe3c5e9	3.0813204199542197	3.6738125
dea/1be70e14b65ac	2.855742331531548	8.7438125
deb/0296bcb4a0527	2.5177614342752292	2.583
de8/3186084d507ab	2.4954349959250246	1.2983125
de9/aa55bec95f730	1.5624084174066795	2.813625
dea/bf7f94fc478f5	3.458992803541933	13.364375
deb/9bae22d8e90ac	2.9323817395709235	7.929125
de8/f1f0361474582	3.218047280342969	5.4831875
de9/69465f5d65402	3.065514973385633	17.3921875
dea/b279488094938	1.8229222474183506	1.10175
deb/3cb81b525b2f1	2.1627368911227314	13.5364375
de8/d9b2ad3433c26	3.112115130372328	6.9751875
de9/ef3f8f1161793	1.7239766085306936	2.48325
dea/02d02abb470b8	2.2504120932045963	4.138125
deb/9091280e23392	3.3303695071993737	6.7546875
de8/793236f2514d4	2.757875292966999	9.661625
de9/0035f3d1e8a7f	3.3377659375714352	7.566875
dea/f0ccf6f635c6a	2.6552119342067217	4.8165625
deb/bddfb6e18ba60	3.2993130015604106	17.4226875
de8/2daee58a3a933	2.3065848305324375	3.5580625
de9/4f5559a5f50d3	1.400116993171098	1.44125
dea/fdbca8abeb999	3.177503930121684	9.8846875
deb/faf2a10a26e80	2.1840889391072853	4.0388125
de8/4ee0523919016	1.5971314072380067	0.86475
de9/edc7e3b301231	2.8381779893165935	3.9606875
dea/76e2db5b6a83b	2.4346223395067206	3.6663125
deb/e6b9ed2dc5d0b	3.1136601236533368	13.86125
de8/7a7090de46cb0	2.8417094823638953	7.389
de9/c66eb444a2486	1.1317828569164698	2.5944375
dea/9f5a8c0bebcb0	2.8630062192224055	3.899
deb/1609733b2dae1	2.625183303462941	1.4954375
de8/7baa68b1641eb	3.1909391857985696	3.5300625
de9/0177c7cfd1534	2.014533191435755	5.048125
dea/4ecc7f35c60df	1.5199865789125542	1.48875
deb/a22a740ee5428	2.843904355441143	10.9748125
de8/b3fa40f60b3ef	2.962883026059136	4.7613125
de9/a12cc94e00496	2.0644179417554755	6.0298125
dea/5f0feaa6469f6	2.3159591723762514	7.8468125
deb/e3d4b3ce3d240	3.059994599489118	3.88325
de8/cfa1d4a677628	2.6699425456459807	4.4106875
de9/e43a88111f0f2	3.1496599863502963	4.497
dea/d7bc864d21519	1.0856944555903716	2.608125
deb/99113e3a6462d	3.4858748278540803	15.9473125
de8/122cf35f8ff36	2.7828876058296323	4.115875
de9/7c37a3795f0a8	2.671074556106247	2.7941875
dea/58871a2b55089	2.9279112014655455	3.65775
deb/7323cabc1faf9	2.1137418645692927	1.72775
de8/2de253cbd9395	3.154624683034812	5.93575
de9/8f508e0f430ab	2.063961829979436	1.9836875
dea/a9418d3f8e5a0	2.517811743702103	3.118125
deb/42c581aaca18b	3.1566899442222707	4.365875
de8/bf84de999a255	2.8207050169061927	9.489625
de9/bac8f8a35be64	2.342225044822299	1.2590625
dea/0e788b1a32e6f	2.4312513812701764	5.103375
deb/65ccd22164f8e	2.9139386440185797	2.993
de8/79ca71534b101	3.263891466519178	3.919625
de9/c2e120e76946e	3.573566431900806	5.2235
dea/33285a76e002e	3.2428859062214297	3.1713125
deb/851e5429ead9d	2.847062881401365	8.3570625
de8/a8dcd3697e42e	2.1664491361982465	1.4505
de9/b9a4ea60fa91d	2.8760745861289414	9.48575
dea/6e3c4c8fc4d83	2.367539804260969	3.3680625
deb/6f8f441426a4f	1.176493708758029	2.8885625
de8/fe7483c33c483	2.4248223054400677	4.2779375
de9/fe38a18fa1c83	2.7300855177145023	5.8293125
dea/f8061d4585391	2.8829760083790505	3.387625
deb/633a4b431206b	2.3669657135075814	2.0325625
de8/3f0ee835e5e76	2.1181906012385214	0.8655625
de9/331e150a52e31	3.137803063559869	10.0850625
dea/9f3e6c33339c7	2.0539357102038456	2.226625
deb/f9465ae78d99b	1.5513401973512402	1.6106875
de8/a19b6d0075942	2.777841497361711	2.235125
de9/dbf7e5fe3b1f4	3.5474676497948554	6.5065
dea/ec7ed1391d92c	3.1063146285020977	6.56425
deb/6463c8887d652	3.529306773521256	12.4038125
de8/c71f1e7618461	3.1529313540121144	12.6426875
de9/a372ccd8af763	2.886873608745874	3.768375
dea/ba171ab3bdc0a	3.2161603429411265	9.161375
deb/ce265181e0db3	2.520284192860565	1.4924375
de8/9528be1e1f49d	2.5170893659934284	1.5215625
de9/710966bb62a70	2.113523463168035	1.8755
dea/6816c9665349f	2.715117951092325	5.340125
deb/70d91c2ac9732	3.4591494096961557	4.4215625
de8/c079054e690df	2.7916097772703314	3.44325
de9/cde2b56f49981	3.082685573210155	12.44575
dea/2be797456ca62	1.8321121491949337	1.7410625
deb/7dfbb28bf3e05	1.5892205242053339	1.326625
de8/7d74f45f3b7d9	2.109911979023961	1.8256875
de9/9d5700f6cb86c	1.500606566367694	1.009
dea/5f69b8042843b	2.6631310987601773	4.3783125
deb/053953c0f36a3	2.8838794450296286	4.324375
de8/ccfd573e3c124	2.9265437219432076	3.0779375
de9/826a9c47ce820	2.806425411117251	7.147625
dea/d1a277d688df6	2.59006614200415	2.7039375
deb/388bce86b2826	3.387083847253911	12.3040625
de8/95dc98492fbef	3.169691063481101	4.04475
de9/842d9d2e3be85	3.4305329280790358	10.0534375
dea/aea10418609b1	3.4956787286959408	7.5433125
deb/970244392acea	3.2392410450509974	4.8796875
de8/19f974e1ad56e	2.717017324958365	4.1193125
de9/dc726c789202d	2.8237687060892425	5.82225
dea/3576cde3e6853	2.291634823982662	2.4363125
deb/1a312eb546fb1	2.0583068861954064	1.153375
de8/c41042883d573	3.0423288597060694	6.6219375
de9/ab5e08351ed4d	3.2282688535886828	9.0110625
dea/0631267463a52	3.2641904321154134	5.1489375
deb/9567c1a623a0d	2.7735107330705313	10.479125
de8/843bea151d502	2.495387121038695	7.710625
de9/a1fe8354ae3f6	1.8770147221565037	8.5185
dea/d7369b80279e6	2.7110848654482624	5.2993125
deb/693b0ef1224a2	3.3284647954036073	3.654
de8/6bbc599c75d4f	2.7381800670040874	5.8629375
de9/a669f877d7460	2.3565199159631245	4.7038125
dea/1ada637905e3d	2.40974966981836	6.0613125
deb/cb3eec97d6602	2.1660957399819183	1.1355
de8/3d4d58a300bcf	2.984286779960306	2.40425
de9/c27a3685f7ec9	2.4458017864004566	3.886125
dea/164b541a77b6d	3.1017337226658865	10.0205
deb/f755260ba058d	2.850638964448354	3.2139375
de8/779919f757956	1.9630812113015665	5.052875
de9/bbbab4d8179fd	2.4309886413582444	3.8584375
dea/166eb2ed8d19e	1.2633133491507398	1.00875
deb/d29fc82b7e7ae	3.1938964338867786	4.292875
de8/32a044188c0a0	2.523672408856697	5.147
de9/4f45b108dc2a6	1.680581967789608	0.9366875
dea/de60c7b33c644	2.7918743785456583	2.311
deb/0ab6cdc5686b6	1.8721467416211839	6.1094375
de8/bfe659d51c96f	2.664927871751366	6.52075
de9/b79419d3ac506	3.467508928942206	18.7494375
dea/5704386de13d2	3.4525499889295936	4.140625
deb/0eb9a3a28c15f	2.916236550093499	7.6369375
de8/f39606ad8c312	3.2212746993992534	8.1088125
de9/6ab3495b36b17	2.7694208678499215	5.544625
dea/1853dc06a7f84	2.4357869144426174	4.0851875
deb/306fd14decea7	2.9590908202157014	3.8905
de8/bd89c07e9ef11	2.466957308225717	4.808875
de9/ccdf7ec60a851	3.2866063506948384	11.39925
dea/9dc7d4d10ff77	2.833385088155435	3.6069375
deb/f073b05744aa7	3.4220532516484057	10.1175
de8/cf7b19c5c24d5	2.4408981936711998	2.9615
de9/0372e9c62b27a	2.1340746398012866	1.804375
dea/bd9739f292981	3.0588919534057344	8.143875
deb/37ff64459cda3	3.1791808721740127	8.1645
de8/7439ee683c647	1.0893381264500994	2.6565625
de9/049b814c7ea6b	1.55756176774149	3.8725625
dea/f46b60d9f2f24	2.9342454389616806	3.0605625
deb/170e0811165ae	2.941688354627439	5.1965625
de8/0d565d627fc1c	2.2850447540262215	4.9945
de9/2700f491b7ffa	2.49530628008392	5.55825
dea/aebc692f04b03	3.142656066657703	2.0206875
deb/8b3678f43e6fa	3.0138694745819867	2.3446875
de8/a566d43398dd4	3.3586027700830274	11.664125
de9/9e4b92b7b3622	3.0808215009102207	8.0044375
dea/c399ecb5881a2	3.423507951389407	4.203
deb/1a0b148e5a42c	3.24917499915467	5.721625
de8/999d43667ef21	1.974476148525463	2.286
de9/b45f119666f5b	2.746749466573353	8.8176875
dea/aeace29e2acc4	3.239529123907429	15.1523125
deb/c9a422f4c2b75	2.2535610670367063	1.2980625
de8/8f9d9f717b6b2	2.7171515719997177	3.770625
de9/df0af8eae4c13	2.414635374825638	6.60225
dea/b315eb3046578	1.9712459344052293	1.517375
deb/02e479fa4ae05	1.1850898984426068	1.6818125
de8/bbb0500180819	3.1947217092651665	9.1245
de9/1360a588a95e2	2.3085112840125874	2.076875
dea/933a6e0a4dcf3	2.683005202920491	8.6341875
deb/131620fbda501	2.950319571064569	5.3375625
de8/faca9e837ae41	2.840019032801772	0.6243125
de9/60c8d5a7cfe63	3.2009595984255443	7.7211875
dea/00e0107f1c873	1.7986981497745467	1.5458125
deb/fde123a4c4822	3.0055689989622545	3.682375
de8/7b1d2791b9401	2.6062323312031324	2.6543125
de9/e8efddc7e4dfb	3.2887885519089783	5.2255
dea/c73b9d197a388	2.868715331811218	2.3075625
deb/ff95d2bb4a25d	1.542796014562922	4.724875
de8/614bac9062376	3.075915865722344	1.7951875
de9/f29aa25cb16e0	3.2721302934999024	7.702375
dea/f8dcb86133313	1.9053326662499885	2.454375
deb/60e4dfabc9d6f	1.7888260036417056	3.1144375
de8/24a3510921175	2.507723481338995	1.444625
de9/a4811883d9469	3.2003109540330565	6.3753125
dea/118001643ac08	3.2932310203519806	7.3763125
deb/ecb63ef55eac2	2.489045356041475	5.1544375
de8/4dabefd214ebc	2.8000542315529855	1.6114375
de9/8c15b9657ab8c	2.401561071934014	4.4506875
dea/ec6419baff457	2.3031692616368953	2.6588125
deb/1faae4c61bea9	2.8193044843807518	10.89925
de8/333ba272a4fc7	2.4757890363014607	3.8165625
de9/e4910e68105a3	2.670018485362614	7.0088125
dea/61c356f5ca882	2.751361048672785	5.92075
deb/1891d2c8774df	2.816238195637546	1.8276875
de8/d266eba1de3b8	3.0196337402355855	7.851
de9/08b9fcfbd34fb	2.607916500475441	9.434375
dea/302f9d19961bb	2.310482732138604	4.3458125
deb/c15f8b8816ad9	2.819734330843541	4.3350625
de8/a2a2abb61c265	1.1012941256646303	1.1733125
de9/dd5944a9be82a	2.702193005835123	7.1576875
dea/7a6d44fe51f23	2.909448195402907	8.24675
deb/0b7d72ff7bb59	3.113128119256276	6.4905
de8/5833d0b42ef91	2.734959622332806	2.9875
de9/c660bf8e00c9e	1.2086768204672154	0.960625
dea/5a8c3fcbfd7ee	2.60108613608627	10.6725
deb/72f3462d536fe	3.2340949725055683	3.1554375
de8/20a2558a5e705	2.7871205485369175	3.701625
de9/9fb62a97545c8	2.9921416700383223	9.978375
dea/306c0ead34168	2.400423056522053	5.529
deb/695e832e274ce	3.136230610912777	15.989375
de8/e7245944d1ae1	2.680056275241479	8.0021875
de9/c6262cbabeb18	3.2636984876422743	1.15925
dea/5b9987df827de	3.159487798965576	4.8191875
deb/80260b1fa7072	2.9687533300853173	9.180375
de8/9154bdf65b9b1	3.114742570172973	6.2681875
de9/49555d0360908	3.38097986922324	5.9900625
dea/5f4faa16785bf	2.1615555293634205	1.393
deb/3555a4f72d8bd	2.34064031634728	4.499875
de8/6201d3abd31ca	3.302183793177183	5.60975
de9/f88e18714226d	2.1155160435237623	1.5491875
dea/d250165a1a061	3.0406529376034497	23.257875
deb/f3736a1f0067b	2.825522902760047	1.6055625
de8/3c3ffa24a3b6d	3.3316953458308665	11.4959375
de9/0ba279e43e8cb	3.2808769386711574	6.2539375
dea/4e3fb6eeaaa29	3.3123304145646495	6.8071875
deb/e988027f9f737	2.6641767561387075	6.7378125
de8/9cbb86f286f1c	3.4770757923931046	10.6315625
de9/0b3b4d15c9891	2.96757871166757	3.64625
dea/f3128fc9834c2	2.9651816756134894	9.185375
deb/ea391d1f6b2e1	2.9107078936904727	8.00225
de8/9fed0134a9b20	2.907274004873413	4.8269375
de9/05afc9220288b	2.9606143382877166	5.162375
dea/766dc29eb2daf	2.985092809545242	9.5729375
deb/a6e08de37acca	2.58424911491515	0.8758125
de8/4d42cb7ed9824	3.2232400705517747	19.10125
de9/57713e28a0574	1.9814434211218932	4.6655625
dea/d4d0b903d4be7	2.777525732056761	4.802375
deb/f351b0fb24111	3.2634005961548818	10.6758125
de8/8fde8fe424af2	2.4270290167758373	3.619375
de9/2d093302ed796	3.4465473403426294	13.5926875
dea/acecb24951d98	2.5231254592722077	4.4554375
deb/3012924114ff0	3.1195490433598585	2.726875
de8/984cfa10888fb	2.3956870809220447	6.6458125
de9/03b007b59740c	1.8418152876660299	1.2014375
dea/fae665d4edabf	3.201299262686125	4.2254375
deb/8abb250167a75	2.4283297891643483	8.4976875
de8/1a1a903b3ec0d	2.963253462472759	4.8150625
de9/f64e8fe74c81e	3.303221523251844	8.5910625
dea/aef24b788cc6c	2.9301153075572195	4.192625
deb/434311e988821	3.260090310129453	7.71325
de8/b563b5868b0eb	3.2889028598633376	9.6265
de9/c304badfbe2f5	3.0725030970945557	4.5215
dea/ae5323642fa8c	3.0419970944476478	8.724875
deb/3672ecc144861	2.69386910229798	10.4790625
de8/953871e35029a	2.8372579283338917	2.8539375
de9/0f1bbb9d2cfa2	1.6641014784406716	0.9611875
dea/ce86bb72c679f	2.705730272364024	2.571125
deb/e4d247399a9a9	2.299607430653625	3.0134375
de8/88174063652a4	2.5720309627343445	1.733
de9/be359ecb05518	3.167966957724716	4.065125
dea/f8b9af17cc763	3.300097409036453	8.349
deb/cc16f0e622059	3.4100810715724315	7.479125
de8/0fcb0518b92b6	1.9761851691891332	2.2575625
de9/bec7e1784909d	3.144474776927959	3.9713125
dea/cd21482cd36c8	2.0036973960174307	3.9494375
deb/2591555a1f8a3	2.8386770398184877	1.7080625
de8/a08a4932e3ae9	3.415079772131265	5.6578125
de9/4b42298dd2f18	3.357773667249674	8.058125
dea/7b0ae70d5dc83	2.2626507082774676	3.2935625
deb/50bd841690d82	2.4300275228906267	2.018875
de8/cab4d3d6ce3e4	3.3794721325461774	14.276
de9/b7b96d2ee9246	3.204072837577727	2.859125
dea/cfdf69c68e1ee	3.018810428218841	7.486875
deb/9bc90ec4ba2e9	3.1841625066312407	3.931375
de8/f331b04f7cf76	3.0809942885517465	9.8470625
de9/ccb4143519153	3.269792569686035	3.26625
dea/787550403bb0d	3.185279970065897	6.95225
deb/acbaddbef11bb	2.8396316108458457	1.6103125
de8/806a8ad20b9e3	1.9364667401856068	1.0010625
de9/f83d234d02d18	2.7815588136808067	3.4385625
dea/914e69d841bff	3.134584170396967	5.816125
deb/ac266999df186	2.9609604714572058	3.8981875
de8/4feb49120745e	1.8355570000962516	4.069125
de9/19dc16bfa44f4	2.999646459655892	4.9728125
dea/fde71d7810f5c	3.0399988641231013	20.4329375
deb/c6eed61ae6148	2.9462727679396115	1.5046875
de8/1074db7306520	3.2594729277446994	5.2385
de9/efee30c80b733	2.9938090681813416	5.2575
dea/c5f704b7efbbb	2.9189024738481804	20.589875
deb/bc8397242ea75	3.010214576639771	10.0265
de8/179472a3137bf	2.9399543754568342	3.728125
de9/e63b9d4db26a8	2.764707320898468	6.53125
dea/61acdf1e6fbb3	2.445926319626672	5.313625
deb/816682f1d30f5	3.2495720417872023	2.0325625
de8/76b37c8d3ae6d	2.5978547563921923	3.666125
de9/ab24734ce4093	1.5513512487771142	9.971625
dea/acab76600734f	3.2963412692823235	3.7020625
deb/a071733bf4301	3.3900297216502766	15.7490625
de8/e57a272875647	1.689349239626349	2.8360625
de9/82523090d34ad	2.7590808781819254	1.22625
dea/786e2aa48a3cd	2.763749631614804	5.8149375
deb/838f4abbaaf11	2.382975897741041	3.3134375
de8/d9ce7c767cedd	3.3990159203597954	7.157875
de9/9c8c734d6542b	3.086636443185541	2.2874375
dea/603537c00e562	1.9516293804542908	4.0215
deb/f31bdffc9c382	2.640769204457867	2.0676875
de8/3f8f4afd98486	2.1767723136060564	3.0290625
de9/f35085daf8c3e	3.2924798591922166	2.9795
dea/ac4b930eb0ced	2.8105484733194817	3.293875
deb/3250b2009ee89	2.9156784373508753	6.92175
de8/0b455c51614c7	2.5726431701189316	1.7551875
de9/2933cfef2af4e	2.6597988113133444	1.4033125
dea/d71b5985161fc	2.3743525701082246	0.9658125
deb/29340b333bda5	3.086235520004571	12.8781875
de8/17340d153bc3b	3.4324810355383106	3.659
de9/6dde64bc0b576	2.5196324223452695	3.88925
dea/b1edb6b9d9565	2.5370747140559797	10.322625
deb/a5c4b7c561d08	1.6880605521751906	2.8185625
de8/9513b2fe600fd	1.1465484502131502	3.8321875
de9/d5a080b328867	2.89434739762383	3.9879375
dea/f59ef91ea3aea	3.0567999423389973	13.7633125
deb/5929e7d119f89	2.335574806600201	5.9303125
de8/07a90182fbee0	3.0984861295541797	5.3596875
de9/1cf8d6e6d0c2a	2.794560341410603	3.2249375
dea/3d74c4067be0f	3.509676320731682	6.203375
deb/10f79b4505455	1.867164395609294	0.8645625
de8/a95eb18572f64	3.4188131253920715	12.7659375
de9/7d9903be5215b	3.202077568211297	1.665125
dea/f3633c5ccb9e8	2.884507805718655	1.77525
deb/133cc59a0c7d5	2.598323131002398	8.1629375
de8/e2b84d6e6398f	3.2485324782311844	7.4365625
de9/de3a941d8699c	2.921410734377191	7.211125
dea/a9da00129f486	3.3609300337884416	10.562125
deb/6622501b7be89	2.826063959600014	5.5796875
de8/5b04eb1062b7a	2.943412926127356	4.4603125
de9/e95bd71e467ef	2.6275242198129	7.8654375
dea/3b4eb7c52b7c8	2.8378168227949425	1.788125
deb/c276872a22b14	3.131533210233284	8.75125
de8/974fb41b556d3	2.975859294629982	2.24425
de9/b5012687e6993	3.3339680079352343	2.8445625
dea/d07c6860ece8d	3.098647578460298	3.0294375
deb/3465f2cbe5942	2.9678344712984677	13.597875
de8/88a04f86f18b9	2.8433667430099288	3.6554375
de9/cf59e0a17f710	3.286881987189525	14.843375
dea/59e21ef9b4a00	2.982644903255606	7.3295
deb/ffc482d66a6fe	2.4911146482764073	4.20075
de8/cc51c7e7ddc15	2.865630532621602	18.6141875
de9/005ec7777eec5	2.584360720221593	1.3369375
dea/f3317443b151d	2.9964866460889636	4.813375
deb/e3c0784c5af6a	3.345562201946266	5.98725
de8/4d4f8df547cc2	2.848934306614892	1.0675625
de9/d02a9f0df4102	1.8971047892606403	1.8503125
dea/f86341aa05bfd	3.4262511071816046	7.5990625
deb/90dc8f20e91b5	3.055202911018712	6.24075
de8/18c0e5e1012af	3.2136000559625666	8.43225
de9/803e0c74f30cd	3.279290013822045	7.8191875
dea/16fa2920761ae	3.0182996727791345	6.8438125
deb/c3c3302a9a316	3.45006905506658	4.5868125
de8/e2a61d95e89fd	2.655087349933496	1.9236875
de9/2692d909d3201	2.419705768535485	5.1388125
dea/6fc77ad803bf1	3.5129191988323742	6.935
deb/b48361d426c28	3.104530551422494	2.3076875
de8/1933d60c54f85	1.4123891597327218	1.6994375
de9/dd35be6bc0f0b	2.118816740390927	1.001
dea/d46ac38f85f04	2.719609296399985	12.5410625
deb/156a304ec20bb	3.302599809822516	2.066625
de8/9093bdd01a309	1.8303961737753722	6.4466875
de9/0d236a6028ac0	1.9310975487328128	2.116625
dea/3bb841c900e8b	1.1190108436451043	1.394
deb/23d65d0c0250d	2.844829778949236	4.1165
de8/8fb328eb5bab2	2.596195091658877	2.6185
de9/be8ec137d07b3	2.804819780776435	3.5608125
dea/dfed5c88175e1	2.1784224487344117	4.6168125
deb/d2747625b25b3	3.067337910727085	2.7986875
de8/251cae26ba2f5	3.4408901323827252	4.71625
de9/4759e278d5261	1.4396861227098663	1.2495625
dea/fbbbb0fcdb106	3.194249500500541	15.20875
deb/476115302db66	3.30580615052688	5.10525
de8/1c873bfdaac81	3.2786808270125314	10.4945
de9/202fe964fcc66	2.764849204500371	1.736625
dea/a6aee2a2afdbb	2.553274248926111	2.251375
deb/ba82c14aa0c80	1.9928228973329138	2.019625
de8/fa58cb9a3923c	2.7009824786428953	1.418125
de9/d4285026b23a7	2.650606128611759	6.369875
dea/e4389501f5f73	2.3834493738846025	2.452375
deb/092d5cd89d43b	3.2098182614915696	6.4750625
de8/9364ed1074feb	3.15041737515717	3.3895
de9/2b68899e857bb	3.2791831318444564	3.1100625
dea/b5dad933b534e	3.1001926535673396	10.565875
deb/83bcc86c1d044	3.3573876493626944	4.932875
de8/2d007e645e029	2.542649554883023	2.7679375
de9/475b124253f62	2.53298912490429	1.8350625
dea/b7bf3f28ad646	3.446037312331332	10.288
deb/45629c5c66fde	3.0825056531391524	3.403
de8/623479501739b	3.114694292108897	1.7129375
de9/5e7c0c731099c	3.141464385554034	3.9673125
dea/9fbf6cfc3ac44	2.649163853532102	2.5419375
deb/99f70f1a982ef	3.209548996083286	5.074625
de8/027dc6a2489c0	3.357201082807869	9.464875
de9/1201792aae727	2.6840504506237366	3.0306875
dea/4626664ea0241	3.2385447495181623	9.3925
deb/8588cc9361367	2.6686385076253094	1.4813125
de8/053e73d189f7b	3.1757751022014924	5.2466875
de9/0c3e196454f56	2.024290827547887	0.9885
dea/a901fd99e931a	1.2283151793753588	1.24975
deb/fd47031e81b5c	2.5750073060284255	2.43025
de8/02f3fc721061b	2.0873539812210504	2.823125
de9/4cb434727ae96	2.872209548830271	3.5455625
dea/593705ccb0a25	3.5683228510668266	8.5750625
deb/a7b2c52b2edc5	1.4767204549881277	3.8165
de8/4f60109823c16	1.307430353762383	1.05725
de9/7c0b0e29c6656	1.966504828181089	3.5538125
dea/b4f55ace102e5	3.0568267324309883	4.5178125
deb/221ca09cf1459	3.4449649010062777	6.0590625
de8/143962a1791d3	1.1432691390817942	0.8648125
de9/6f9c7b4e37754	2.7435915299545792	9.1444375
dea/c623361e7f446	3.5491325742279587	4.8610625
deb/bde73ab6248f6	2.767281826280037	5.9320625
de8/fe5a869215d50	1.9434775074416866	6.1053125
de9/8c0819e597f6b	3.1797179744913953	3.6289375
dea/1230874a0cc60	1.4322822202627254	2.1696875
deb/952d06ca6806c	2.819167326219697	3.5773125
de8/883e70cd66f96	2.682189292220238	3.059125
de9/1d47e90ee7718	2.783702377320859	3.214125
dea/7971a14abdbd2	2.806931491553804	4.9328125
deb/e1b46db36dab0	3.443990333262505	12.12975
de8/930727e399da1	1.9987056026810959	2.227125
de9/c225949e4d050	3.4210275211688495	14.701375
dea/29f96017f260d	3.137889258433586	7.332375
deb/b48ad930e8768	3.1844878033378423	5.416875
de8/673d60ba98386	2.6869339357875894	10.046875
de9/31e61987c6dee	2.9555873833674897	5.0335
dea/4e558cf80259e	2.3508996603736545	1.9868125
deb/613a51459f4a2	2.6292122669886324	7.9988125
de8/3a2171a424bb3	3.369214526351739	6.2306875
de9/ea1833e15e461	3.250124662169004	9.69475
dea/d60aec66955b2	2.2312797950208223	1.05675
deb/9fc4c118d0e3a	2.879755355959964	4.465625
de8/e08bbd0e1012b	2.7589162079414313	6.67175
de9/f0372739011ff	3.104189235456493	4.076625
dea/aa2fb15fbdb45	3.0469990968501133	1.2975
deb/d7aea849d2b16	2.7061323012333753	7.191375
de8/c866ef56c95fd	2.8678998230626243	11.1498125
de9/d1917b4a87d63	2.6408422578697466	11.0056875
dea/d4507e20b070e	3.1695365449370896	10.8224375
deb/ce680a3b995aa	2.0758881573374164	2.2991875
de8/e737ec83f4031	3.2475980665963853	7.13075
de9/9bd9623796238	2.2942781098838942	2.1620625
dea/a6f451f8c0b3f	1.9627013681587422	1.1534375
deb/db39953938406	2.5330634793024838	4.9769375
de8/20e250d78fe32	1.8211856491411427	4.0849375
de9/085c1e1b643fc	1.1040121939737069	2.9755
dea/1a481e0080c6e	3.2077832975726115	5.3065
deb/59cbb74799cca	2.6705342671106065	1.82825
de8/d81864f587a54	3.2708585618352197	11.9535
de9/5c1d7fdb3d0cf	1.6237160571215925	1.6158125
dea/a483c93ef54de	2.1661400003138804	3.3051875
deb/0da65cf2fd2d8	3.307429138736847	6.3811875
de8/f44c19fe1c293	3.396461865973113	8.4533125
de9/4ebd9df4ea4fa	2.1423158548719385	2.30775
dea/aad4d4dab58de	3.222682193112761	3.6109375
deb/8fab1bd53da08	2.1565820179418473	7.1705
de8/c9601c49d98e5	2.8757582508482393	1.490875
de9/5cc77603ab49b	3.2624426629055225	5.046125
dea/28b6331f5e3d7	3.174831626661032	2.6811875
deb/6771400dbf313	3.4882672408836917	5.818375
de8/04e15cf10001c	3.133753475194471	10.046625
de9/9ccfc69e30175	2.9810954089161252	10.62225
dea/4dd87775189f8	2.9656613995654446	6.736625
deb/c823ef0249c0a	2.515858993664316	2.386625
de8/b77653e64b0d0	3.289118618073235	8.0774375
de9/c0d92ec44b476	3.324862763064286	5.594
dea/a1a07a8af08f5	3.052123086455729	2.463125
deb/90c9eb11eb9f7	3.161730909606201	3.0491875
de8/85131f4a7db21	2.153583834989201	4.081625
de9/33925d1c533e8	2.8261656443111143	5.162625
dea/6416c3b086013	3.2756615882749753	7.672875
deb/6904b3260f494	2.9833732882456814	8.127875
de8/8cf096215735c	3.1434743420408027	6.0080625
de9/b1d6e59b762ae	2.3256137423905447	2.7878125
dea/c28006e7eea05	1.2824586085360465	1.61675
deb/8bf6da006c4a6	2.5547367949250264	1.2113125
de8/56dad3a32b9a4	2.4865127518553565	9.4123125
de9/d0729ca00de7b	3.385334594063494	2.26925
dea/bb55f6728e31a	3.3809850317352246	8.684875
deb/527a6b12706f8	2.8904984324519734	10.1959375
de8/3c31741637573	1.2348999774661393	3.3634375
de9/8d2f64fdf2dee	3.2487302494392174	7.871
dea/dfcdf7106508b	3.0712258430192523	10.3744375
deb/90c365326db6f	3.0747033215960458	3.3903125
de8/98b5bf9415cc3	2.630732732451361	4.2755
de9/35aea3bce5382	2.4792053739458453	0.8604375
dea/6082ab9dc781c	1.8682169901562202	1.538
deb/eaa99749706a3	1.9089739363906872	5.1639375
de8/230252e285277	2.687231831612014	3.6130625
de9/e83571182261f	3.3411015501984678	15.0616875
dea/29f3ce966b1b2	1.168099266153557	1.032625
deb/9a74787756b55	3.29426533994819	3.977375
de8/b5de4acb423ce	2.6777659899776243	6.3221875
de9/cd663d7ff3521	1.7312479663810465	2.4645
dea/2c9b0420c038a	3.458711807685245	5.969125
deb/8629e0c4697d6	2.8018822489851534	3.8800625
de8/854373575991e	2.619314744651779	7.3793125
de9/a5030c42857e4	3.06436629454687	4.7463125
dea/3b7262ccc9546	3.486452453054654	13.211
deb/8147f1f0897a0	2.2879466034096523	1.9135
de8/3745618a3750d	2.776642688648717	3.51775
de9/2733e5e76ee40	3.2361812583549727	3.805375
dea/9216c6098cf5b	2.695942622117243	1.57075
deb/7a2f1c3fc772c	3.0182161779167815	8.74425
de8/2c4a037f907f9	3.0257786064876653	6.7230625
de9/4de0fe3b52915	2.5790602286396505	1.6691875
dea/d4f90ed394fd9	3.148032492168805	8.0224375
deb/d6bd96074d9c9	2.450052702406005	3.83
de8/04ef0d394d8a0	2.5775479075229843	8.0626875
de9/0c52793b74d76	2.8776754052478277	9.542875
dea/a7552ea6754b5	3.28935445646369	4.1746875
deb/88c3d0a5a8b38	3.2280817354185287	5.4586875
de8/6757f3d3856e2	3.350753526245897	24.871875
de9/66a1855d631da	3.0757448850610025	2.9833125
dea/fcb75b7141dd4	3.2250120762550814	5.1461875
deb/2fc1ba48a1a6b	1.8241689894274042	0.672125
de8/b7f77fab8f7f7	3.184918119803102	4.2930625
de9/a54c91fd34bed	3.3553091089787737	8.1550625
dea/a5db683152472	2.630422850875362	14.63475
deb/9df2441652db6	2.275504165746585	1.39675
de8/37d8fdb090330	2.8473929185094757	6.2038125
de9/b2e21de336ba1	3.1988709268371136	11.42525
dea/b5a3512e6359f	2.8842352531749285	1.8906875
deb/bae963fa60792	2.7574406346606435	3.5235625
de8/32fa3f5ae3aa1	2.2638565688971823	5.1824375
de9/9125fb7cf694a	2.81141877511928	2.602875
dea/0c8579daaeba1	2.9264201445292635	6.3795625
deb/6251da4d9c431	2.8741243050239866	5.8390625
de8/b873a5453de4c	2.9998179737654773	3.20375
de9/d888dff60cd5f	2.1232380017616435	8.4466875
dea/df42fa558ac87	1.9163644234046542	1.13125
deb/24721f49b8c27	2.8292722161658945	10.865
de8/0d527539308d9	2.4178730083286593	5.0976875
de9/d269540c65b4d	2.0635837049323724	0.809375
dea/49a1572ba4a2f	2.3003465471166993	3.120625
deb/cc59def481e2d	3.240389461365346	5.658625
de8/ab6ffcb691b26	2.4995440183974655	2.425875
de9/bb027e36c4db7	1.7431555280519442	1.7338125
dea/23204aeffcb83	3.1725761893046776	4.2626875
deb/08a9c17838f7f	2.8099214979893055	6.2280625
de8/1d525324b1aea	2.965302504659733	4.798625
de9/f0056d2d0982e	3.3469638791428062	7.277125
dea/f67b5178caf6f	3.250804522498486	3.931
deb/014ea87a94724	2.486692979033093	1.9979375
de8/b8eb0ea08e3e4	2.869944447055319	5.3364375
de9/f01887e0716dc	2.2886044751510175	1.405875
dea/f17405e53e34e	3.093802683076467	7.0505
deb/b5591480d3587	3.3489674191689023	7.8074375
de8/ee52db5fc542a	2.938347537625613	9.327375
de9/cb0e8d824bac8	1.4477761487456056	2.599375
dea/32ffd02f6f253	3.4106044279128795	10.69675
deb/b23a889341be1	3.235933937419392	1.6344375
de8/d704a446c9574	2.1526760632708273	9.91975
de9/7f5f9538bd5c8	2.62405898056302	9.923125
dea/b679ef838a2fc	2.274623465367219	2.88625
deb/e54b3809ef838	2.456045400996712	2.625875
de8/f7899ec7f7f96	1.9447201713846585	2.6353125
de9/36d257a85b680	1.9381582872254226	2.95725
dea/df5d0da400e3f	3.3186855825558985	4.133875
deb/08752d0632977	3.2957515412534413	5.7594375
de8/da410cc9d3125	3.3734930503651097	11.3448125
de9/156c616d3d13d	1.269304782438185	1.32175
dea/0b301819c65fc	2.731238030302013	8.3716875
deb/ba2ee47a3d7c4	3.2998140749688183	9.696625
de8/e7e82e24bed64	3.2246949111557788	5.008375
de9/73ae1d386caf6	2.461616473503507	11.079
dea/90a2be34d3e8e	2.5929448543714155	2.8631875
deb/79df3f69becf5	3.3195801086991823	9.8596875
de8/69d36da962935	2.872102237840725	19.0024375
de9/14fd641ad66d9	2.3488184711835736	2.3295
dea/a48c5f082e97d	2.6286743469054743	5.299125
deb/23ac5ff6c576e	3.529818821931044	6.7393125
de8/af65a8de56223	2.410810494859831	7.039125
de9/9751cfea0f4f7	3.044620340123212	3.2555625
dea/e3c4c3248649c	2.8649202296425	4.0374375
deb/0ad4e65472615	3.2296172351447447	5.1489375
de8/f222f74fb47b5	2.219029645603533	8.69125
de9/420ae1b0eb134	2.108043971457071	2.6635625
dea/e5408bb8dfbd7	3.003260979573202	5.5970625
deb/ff1ed9aed6870	3.3824195874981955	10.0879375
de8/2225a7f7faa38	3.454392390883869	3.7198125
de9/37ea07b0a9016	2.6843845818146366	8.167125
dea/7b630b77ec97a	3.1479838529329136	7.9689375
deb/8cff37f05cb0c	2.5616471659371305	5.583625
de8/3c69381682e10	1.8393754373017344	7.4844375
de9/35f5186a0d6bc	3.4512220043531836	8.4115625
dea/7c6b2f3df83a0	3.3659814666673604	12.271375
deb/8a5e328e6fd65	3.402381516342038	7.5921875
de8/ad74488e0f595	2.4926069991360333	2.7009375
de9/d9be4c7afa181	3.3149471582213694	4.36625
dea/2a9bc8621699a	2.7415463790048222	2.0028125
deb/c00a0bfa88da8	2.1764010032653562	3.3193125
de8/0a42479a44ff4	3.508314708346132	7.9804375
de9/7203efffdbbae	2.3775840755703785	3.8065625
dea/abc5d8a4d5b82	2.6831101543301528	1.5081875
deb/372213fc62a9c	3.047034406023445	8.217625
de8/6f59041193fcc	3.1963353377123633	8.4923125
de9/24a560c141044	1.858913796787531	1.6829375
dea/9e29645aefb76	3.0821014091070467	6.58225
deb/9571941ee0167	3.210493245519019	6.683625
de8/9b4672394cd5e	2.6296323136783397	2.64275
de9/5c738de51a169	2.5904943898395647	1.9146875
dea/20c190eb03b82	2.9989048657231554	5.0396875
deb/c03e9a7719c03	1.1010199481006435	1.2019375
de8/aad06f49b9914	3.2096970889356244	4.447125
de9/7d434624ee68c	2.9798145139980377	8.083125
dea/3c2c7774108e2	3.3894364600455216	5.391
deb/9063348df7e9a	3.1103441815938777	15.823875
de8/daa63bf4c7b97	2.527527539187508	4.9015625
de9/7022e1216c545	2.59760623949858	4.84875
dea/ff22b6cea14ba	1.5180520351384723	5.376
deb/66a118cd64418	2.732076396761098	1.593625
de8/ec6a04324e41c	3.0491553861965484	1.811875
de9/ed28e70bd4fc9	2.4951844936574816	2.4485
dea/fcd7fb4c98fa1	3.2282441173749694	8.3946875
deb/c2e7be375e6f9	3.1282458055925595	4.7745
de8/856860b75c24e	2.9166742599858635	2.2124375
de9/d3e8a26cc70ab	3.0584685949542845	6.741875
dea/ac34459b3893e	3.1211807957815614	2.9850625
deb/61b582f35dda7	3.2309288479248437	8.29
de8/e567e9932a0b0	2.638674953641904	3.6511875
de9/73f2139d3dd78	3.213163319553108	7.1535
dea/3f041335e621e	2.232030019435457	9.9163125
deb/329ed701944e7	2.505676083868125	2.115875
de8/438870ae29bc6	2.8021012590198047	2.2101875
de9/8b6cdf93f5ce2	2.7560738177262656	22.3318125
dea/50ddaa3a43a09	2.2147031869127827	1.29725
deb/d03cde5b07e53	2.3145646149312347	4.682875
de8/e754bc92634a8	3.2622849932435116	1.813125
de9/6e439b1f1efb9	2.0199435585139365	2.116
dea/9dc79840633bb	1.08060642788091	1.2253125
deb/7d10670c35418	2.66626617725343	7.6896875
de8/cb28c397d723a	2.671221085391177	1.659875
de9/e8addf533b240	2.9245083503631624	2.1553125
dea/8cd38974215a4	3.2673420663612314	5.4229375
deb/db1452cdb1b4e	3.3449877848427287	5.472
de8/371ca4d639ada	2.6268554371070385	2.212875
de9/458b379b88749	3.2475828956571364	2.37175
dea/49adde4af5494	1.0701941977201013	3.1761875
deb/b964511d1d3a2	3.320761456783462	11.864625
de8/24c7739691a62	2.9066584830230457	5.4804375
de9/00277ac7d8a50	2.380610772047691	4.4894375
dea/aaa73459eca94	1.1115440491188469	1.8381875
deb/2f720a1c29269	1.9435349598309852	3.224
de8/0be4917a85137	2.1665550742477526	1.329
de9/0c05e900fb26f	3.320231594693846	7.77325
dea/a11db6433aed6	3.188489708302726	8.2371875
deb/cf94e7efa029c	3.276554287822676	3.2988125
de8/573cd14d27fdc	2.1034723813857545	6.5641875
de9/c61b233405135	2.78013747317211	4.34575
dea/99479b42d1202	3.0733290081082414	4.2646875
deb/29908a429e269	2.3648571130479223	0.768375
de8/35a20720266c7	3.0872285210474226	6.80325
de9/cbee2d00d8963	2.8647124777223625	9.5333125
dea/13ca01260b6d6	2.926222190135533	5.8461875
deb/a0c4bbb3087ee	3.064543012030719	10.4349375
de8/fe8c72e9082f2	3.301158102425014	9.652125
de9/55e32782442b6	2.743568544204049	4.022625
dea/ac21fc363a0da	2.5840569824834883	9.33625
deb/e031c1acd13fe	3.1743938156791494	6.13425
de8/582d8f8528eb1	1.1166809029140217	3.756625
de9/58a1547807ed4	3.207485924083778	7.8865625
dea/b4308af0ac81a	2.3803426231376092	3.031375
deb/416d37e67b8d8	1.1535589717750478	6.655875
de8/b5713a6e381a0	2.405604875781019	1.9315625
de9/65c2d281bc956	3.274946472995826	5.218125
dea/2286bd27b4ad1	2.142996666017497	4.76225
deb/df635891c0feb	2.87196508489753	1.6596875
de8/4927cd3fdf195	1.1034242098610998	1.828125
de9/a93c99a0d568d	1.1041598034049005	2.003625
dea/e991e7690b5a7	2.354041733919636	4.05675
deb/9c7249011db84	3.405251492740755	8.6395
de8/91d1ec7dd3854	2.2751606648031872	3.51375
de9/0428703b1f7a8	2.5238556963117915	2.3006875
dea/dc0c0ecf1455f	2.4922304046364863	7.0470625
deb/c62bbe00f5c3f	2.8358040347363236	12.790625
de8/e98d3deff9fc5	3.2023854776395386	3.0709375
de9/09c045c47b417	3.1153061923761576	8.910875
dea/354039ab503c1	3.529778908597881	12.5470625
deb/a02d64f8b493f	2.190458500376264	2.3784375
de8/943e6ae79f4f0	3.04231509112538	1.8754375
de9/6b0a257c7230d	2.8701794833578256	2.279
dea/28bb77ebccd39	2.8245837347762097	2.2289375
deb/32ce4016e381b	2.6865624290074925	4.758625
de8/170233d42ac69	3.1467418454979397	8.95425
de9/0a4f348059087	2.371372400237062	2.846625
dea/9a561266ca02f	2.44363036820479	3.2455625
deb/d430940c7fb39	2.866800103707256	5.248
de8/4779a3a8bf807	2.510565484692198	2.112375
de9/f94ab8a2cb351	3.013176257137306	2.1295
dea/f7c635ad988d2	3.33804267188085	6.5995
deb/c8918c10aca62	2.6019884627906307	5.489375
de8/24abcf3f70cd6	3.027208660129283	3.41075
de9/0a7f37a68cf54	2.2745355263441556	2.6425
dea/9ee061bec728d	3.3508133559565567	8.24825
deb/79fc830703013	1.3132414819484806	1.442375
de8/e838856162ddc	2.3240617555249634	1.7461875
de9/d64f23737ffe4	2.7561950180470767	6.768875
dea/0911a15247d97	3.479676945623502	14.8466875
deb/98abc64b3fadd	1.854241935577958	3.3818125
de8/cead0b324032a	2.7197006271048507	5.3285
de9/e8a92063f6751	3.2961374982129654	3.960875
dea/ca70e40aca58c	3.083088837314385	2.2593125
deb/8ea29ae913ae5	1.164594366081099	3.931
de8/989debddab346	2.0393957108963727	3.8254375
de9/6318bd204f705	3.456840388305321	9.45025
dea/7d2dd2302ed86	3.2172733954032937	2.8739375
deb/5ccc1237c9b06	3.181834008650126	8.16375
de8/67d6dab894601	3.290854225429409	11.2981875
de9/609e807290e72	2.1650134509042225	1.10425
dea/99acc5da1009e	2.2012425584664603	2.8235
deb/fe5285ea808e5	3.1575813366357295	1.056875
de8/1588ebe1c667b	3.534891847445605	7.7675
de9/c20b77cd639df	2.2978787395833478	7.279625
dea/9e3b43e9e9147	2.386703527971817	1.0496875
deb/2375b82bd5c22	2.588653793646682	8.0554375
de8/d88b17efeffe1	2.6164237884395027	4.20575
de9/2d56f21e267a1	3.2024531809043455	5.264875
dea/09be8dd3e5819	1.098453138842661	3.00475
deb/02e3fdfd7229e	2.823685236060353	7.4845625
de8/51dfed8d763c5	2.686114008124449	3.9369375
de9/84a5954853e30	2.0881841217077355	3.641625
dea/4c997dc4aba7c	2.9743454421498896	19.3959375
deb/d7565131163cb	3.1564087984080036	2.389
de8/2b8e7ae46ae8e	1.71858204257014	3.4539375
de9/884a1e0962bc0	3.102286179473824	7.741875
dea/e24b8d6777917	3.1493530555799545	5.7513125
deb/135d687bc193a	3.379713212463168	9.7095
de8/3f090fddfe498	3.009756337847439	1.9318125
de9/f9b7f9fa5f91e	2.449152491333197	13.9285625
dea/5acdbae5870e2	3.2486225204432793	3.8695625
deb/aa3bab8766549	2.6994855557404525	4.89375
de8/27e87a87b9ee1	2.6968388355070627	7.9279375
de9/abbd9f95795eb	2.5674834827635116	3.608
dea/c37f4932d64a5	3.2524113327158877	6.1208125
deb/761c523018d9c	2.832851720369254	5.3403125
de8/0bbb1fd981348	3.2519300871919405	7.2366875
de9/2fb43466b6697	3.227286539885594	6.067375
dea/e080068d24bdc	1.2879608156157505	4.4603125
deb/d8d1a9ad0d80d	2.279302641963861	2.0420625
de8/fa0d8b7eca17b	3.3963199770073595	22.07725
de9/80470416d9a4a	2.8101958560685127	9.880375
dea/889aeac0af547	2.875562054229315	4.6895625
deb/697ab7e24b9c9	3.475736430882565	5.2659375
de8/2e8a658559fda	2.1634111804101654	2.23175
de9/e4ec99bdca4ea	2.0278146196386446	2.3231875
dea/96061f39da177	3.52746199604628	5.3778125
deb/d309bb802b75e	3.267260520456933	7.665875
de8/42719d13657f0	2.3275198731005475	3.823375
de9/1d9f407050bd9	3.4079189458923587	5.827
dea/2fa61011b01b5	2.3405469774755203	0.8175625
deb/1a6a51d3e563b	3.190906369872224	17.7485
de8/6ce8b5b8c784d	3.2081751580478604	4.7303125
de9/a6fb06a2236ef	2.4660497191686708	7.349
dea/84eeddf4ba439	2.9087405713296373	7.5839375
deb/0954057456314	2.6925166173224095	3.7739375
de8/0e44bfeb44001	1.7038525228342902	0.8029375
de9/2267eaf014c51	2.3305436184205326	16.2423125
dea/eec9535fc09b4	3.243573421345836	2.6981875
deb/578e1a4a19b97	3.3186744989491856	14.6238125
de8/b974729d2ebe9	2.49872870447304	2.6553125
de9/8f32bf8e2a541	2.998400881605041	3.6271875
dea/39b29bc0abd43	3.256075160749219	17.9643125
deb/995cb09917382	2.576451321666304	10.6144375
de8/f3be226db06ab	3.2716396640693515	9.66075
de9/affa51212287b	3.221542128716163	3.8509375
dea/96d1bffc84d6d	3.3524582832672394	7.0858125
deb/04a04e9f63699	2.4899635361962535	3.10575
de8/eee111903eb52	3.3189692890859956	3.4658125
de9/13d66162604b0	3.1544828025167253	2.5506875
dea/73c5d27309bae	2.772867782221824	2.2201875
deb/f1fb5548ad1e5	3.1249676292812616	10.2500625
de8/6ab0b4781e871	1.8399119429666748	1.28175
de9/507beeda10d05	3.079586672436629	2.478875
dea/173f92c68c1e7	2.4856684305535066	2.4031875
deb/6529836501340	2.8623630705234504	9.1250625
de8/769595b40b695	3.1541428627161885	5.018375
de9/b8e92cbe8b988	1.8430831328858233	2.237625
dea/ea73983c727c5	3.469307928620855	9.3875625
deb/291fc2d31c155	1.0948618864040127	2.104
de8/69871d571525f	2.493331215502504	3.144875
de9/473e3a483cdd1	3.0286280883455263	2.512875
dea/7998f43413edc	1.8262985279857986	3.408
deb/37de13c2edb8a	2.556240176307155	7.1664375
de8/c56d5df15b7a4	2.307691122643774	5.114625
de9/22a16c4216f16	3.3961344126634714	7.44925
dea/5a9301e4b30c6	3.030376314682849	5.6665
deb/5e2927253ae2d	1.5161531873585088	2.0255
de8/cde0ad4e04d23	2.9208071661964756	9.4428125
de9/becb3ea6a483d	3.5053604012820183	11.2985625
dea/c40059fd7950c	3.0333388061176905	5.8231875
deb/23c3eb40342f2	2.815566884953165	2.7036875
de8/00f7ea200a81e	2.8227698700962445	4.9071875
de9/5fabd84e655c9	2.9031304745081674	8.239125
dea/4c94bbd31dee1	1.829128263343476	2.5953125
deb/2ac77c8936d53	2.457677318078621	8.256125
de8/8a8db727ff14d	3.4476522819083955	11.35875
de9/6e107be4befea	2.4839672653519953	3.9118125
dea/d6a30f78db023	2.224537175680151	3.02975
deb/465f2fb774d33	1.0900051715901724	1.0436875
de8/7d8301f93cb32	2.4659198559664706	4.8024375
de9/22b8eeb4518c6	2.47391185463226	1.1535625
dea/ff286e028ee72	3.388081165471476	12.5981875
deb/d747fb742b0bc	3.0199501863651412	10.3489375
de8/be176c042db55	3.415403304696823	10.03675
de9/e1e1555176332	3.0595420369026116	11.1991875
dea/cedac5aff636b	2.884254341057225	13.7404375
deb/ae91c3616507a	3.0727321276375474	3.9193125
de8/941abdf011b20	2.9026610899675966	10.163625
de9/04308b9da2b84	2.6480115679052085	2.068
dea/6b5926a4a4bee	2.4977020204179454	2.949625
deb/3d5484b4e4d6b	3.13396211231139	4.038875
de8/48af91ee3c5e6	2.28099386468771	2.2725625
de9/2eb29f9fe78e5	3.444645848274074	7.608625
dea/29c5d43a3c65b	2.131100128499147	3.5210625
deb/2e63f834fa565	2.2509884991493836	2.0666875
de8/e5605fa519b9f	3.1976822604583086	8.37025
de9/37816d842aa51	3.3302487801311	7.54
dea/0ec75c2ec5ae0	3.1111489241004096	7.4445
deb/c2aa07b116e4c	3.353201191427741	2.66575
de8/c4e7cb4c67910	2.7902658728005605	1.54425
de9/917153cdf1d06	3.1297397705068275	3.4154375
dea/744a5a2362868	2.5707982491310797	7.6010625
deb/5ef3d5301a021	2.3376446471095744	6.4655625
de8/dab1098725cba	2.7058310696809826	1.731125
de9/16600a3888a09	3.064457470064746	5.197625
dea/71e1a4c5e26b1	2.344401101068177	3.617
deb/6475836fa13a1	2.803554442928806	2.86275
de8/58aa605714dff	2.6925145055462267	5.213375
de9/bff412b4250c6	3.4533329691187933	11.583125
dea/b64c5d800259c	2.243514723878799	1.7781875
deb/7ed81e88e5ad7	2.6692465488064165	6.1689375
de8/9e4e5a1d2c23b	3.294500816754521	8.749
de9/b239f02b2e97b	3.020076649970617	9.2210625
dea/1b85451419520	3.3908624726292573	8.9729375
deb/122a21bedb7c3	2.8226197776873967	3.0469375
de8/df25b89a89191	2.6178437764010023	6.2445625
de9/47660b8ba4652	2.3066344870275977	2.986125
dea/d686a776a2328	3.3775330271834507	16.822625
deb/40cffe39dcba9	3.4147256157847106	6.159375
de8/c023189f7cfa7	3.0202021333884352	1.7588125
de9/6626c807b8292	2.9767062005908147	19.7386875
dea/376e9be363841	3.2997925294269383	19.3056875
deb/dd9d3bf388c34	3.4055655020660645	7.5359375
de8/6b5f47d910ebe	3.204389050805489	9.9635
de9/401900e29a11e	2.471625604799508	1.58525
dea/348b5bc856b86	2.741106264951055	6.680125
deb/50510631463e0	2.8108890800939474	1.136875
de8/8f1a016f101a8	2.259186999642457	0.768875
de9/41ee2c0d1d9e8	3.037141430442002	4.866625
dea/bd49aa245db29	2.179242605768405	3.6524375
deb/b81d4ebda0653	2.9178049601173943	2.1644375
de8/0fa6658982a56	3.3595846368600304	5.7351875
de9/991237f380005	2.1586138916071573	3.1304375
dea/81ff319b72609	3.387769527682665	5.9178125
deb/03c96e3fb3d94	2.8154726090599143	4.435
de8/731bf9e2d0469	2.615743694948814	2.3035
de9/493c68303d386	3.10551626540903	28.00325
dea/01ce065626fb1	3.325291987115166	11.457625
deb/a4512339972d6	2.6862149112611444	5.678875
de8/d77a6baead493	3.1387907530391868	7.5008125
de9/1ea20411ad50e	3.3051368844185416	4.7246875
dea/b70071d520138	2.558312096738864	2.104625
deb/0490c97d15adb	3.2298593409561605	6.978625
de8/e63d8039b3cce	2.356515507593606	2.778875
de9/30ccd65414b07	3.1336137486297235	4.4420625
dea/9b7c18c81aee4	3.06703044062785	13.1851875
deb/25592db2f1089	2.6888528269594554	4.00875
de8/c35697f97a5d8	1.4856724211396182	2.37375
de9/fef69a7343100	2.7038308652559335	6.9113125
dea/9884b7efb75a8	3.58189402742081	3.99375
deb/79e8dc6c15a6b	3.308947852393294	10.17425
de8/1b7bfb2479cea	2.601469317321817	7.031875
de9/889e7f5b2a237	2.383217724448161	2.2490625
dea/e4b7babe8b8d5	3.1615057188012297	6.2049375
deb/44c26d48ca20e	3.0487566107536646	11.783625
de8/c7139e1512c9c	2.6030019468691634	1.5399375
de9/6a06b27a11163	3.0709152562171096	4.3059375
dea/ee3e6d49ee3bc	2.65734124177322	11.368125
deb/391b527c276b8	2.527024683277482	4.7065625
de8/bae975314e700	2.084969864427295	2.2848125
de9/194501ef837fb	3.318919527369231	13.44875
dea/ea14482510115	2.444801561566051	1.1049375
deb/e983fbef7fca4	3.259849743505104	12.7339375
de8/d6e06acdef89f	3.1947693590132205	3.7148125
de9/180c4d7482226	2.802770739034126	5.4468125
dea/a2f390cd288f9	2.207240748048915	1.009125
deb/b30ff4a9e4fd1	1.0798856724172534	2.9640625
de8/bc17b273ce96c	3.1715087912463518	11.6238125
de9/9d2073f62ccc8	3.190934839158128	4.142375
dea/14d9b1bfeb045	2.4364063964817357	4.2246875
deb/0fe4a32f1e9d8	2.538924874567205	2.374
de8/95835c7a9657f	2.1308836013095367	0.843875
de9/c11f346162d06	2.8257282098486787	6.1536875
dea/97f8b5f57e9ff	3.102601019513623	8.9489375
deb/23bb48ae24f5e	2.4313263180463904	9.678125
de8/aa12597bbcd6c	2.716431298105799	4.4921875
de9/9e36f5573a86e	2.39603911915086	2.78825
dea/3bf8852d35423	2.0852693664143116	1.105125
deb/49378e646bbb4	1.8229421998225146	1.080625
de8/a9ce9373743ae	1.08993771670579	1.1211875
de9/aa3141af6f0e2	2.6909246180187365	3.521
dea/47bff9784aa9a	2.789810384635889	2.194875
deb/4b9eeb7f13279	2.218840093931563	2.5091875
de8/8120f0f2aa9f2	3.378405924074363	2.140375
de9/6cfb2edb879bc	3.4647966907542047	5.48375
dea/c8d248cad9261	1.6238055932417343	3.2990625
deb/ad4a1fb7a465d	3.211786067874416	10.323
de8/d2b954078f91e	2.7114952630716136	6.7464375
de9/5d551769b1f87	2.1803616651981135	4.0888125
dea/7d1aa5d1a9148	3.2693507445273906	2.1385
deb/9da629cb4d5b0	2.5566711115196914	7.208625
de8/f935e41d3738c	2.3109870583551935	1.903375
de9/9487640e79d19	2.4875341338304433	7.693375
dea/60789033a5bf0	2.8461475573549926	1.47375
deb/06afe2f12244a	2.510908334874236	0.8661875
de8/4e94da4880343	2.9624489821178304	4.311375
de9/ed24dc13d6011	2.5351093653351553	1.3930625
dea/81a12b6956cf1	2.7853773218351465	3.6035625
deb/3fbca86d7429c	3.2921768890022536	10.2756875
de8/6d9260e4ea9d1	2.902274764557441	2.6519375
de9/b1e0b70733a4f	3.43060366648176	6.8219375
dea/4a5e06c3f3bd5	1.4697757319704674	0.76825
deb/4b1d41bf47680	3.04652138281984	1.8789375
de8/28d817a6f6c76	2.9660380733967187	10.9904375
de9/332faab5cbbe2	2.302931911854266	10.639
dea/d37ef4c2493b9	3.0107883329396508	4.5825625
deb/2ddfb7d23eb1c	2.1798233673256013	5.06675
de8/88f73b6390d1b	3.363874538715638	7.6043125
de9/95065cc190ff0	3.1534617177275557	8.8550625
dea/996d00f3dde68	3.2633641871329155	3.464875
deb/8b0be5cc1cce0	3.3129846711116144	14.0439375
de8/96bc2bdb87168	3.1939232680867597	9.7554375
de9/6386869275d9d	3.2355160284302245	2.327375
dea/6b5366914a039	3.4014404410833636	5.716625
deb/d8fefbf708ff7	2.9084348082238325	1.4021875
de8/8de4ef353e3dc	3.2164817712427896	5.910875
de9/86c3bdedea7f7	2.9541188080974057	12.896125
dea/ff7e884b1f0e6	2.8040367854899992	2.4534375
deb/5d8116d1562cd	2.8658183560738104	10.2086875
de8/51da4f1e850b5	3.0490584689519014	9.5153125
de9/38bb8e25b1773	3.1400287501732937	18.9449375
dea/3054e2b409384	3.3032094717631244	13.475625
deb/493600022b6e0	2.774718405619047	1.0813125
de8/5f312bf195121	2.85784928522856	12.201375
de9/d66aa308cdb07	2.489976012663374	2.7875
dea/9fe03c499a18c	2.2355585649930254	3.9170625
deb/ed1b2d1d5ef1c	2.001793111565974	1.5863125
de8/af43d0b542134	2.8106801797093905	3.3389375
de9/c1f2a100ca9d5	3.1850446193895348	5.628
dea/3c9eeb7938533	3.2125341668031795	3.1745625
deb/c6f76806701d6	3.0574714940162853	1.9458125
de8/26d9032c4f36f	2.126952594557374	1.44225
de9/a905864325d2e	1.473155885760777	2.9269375
dea/1a9118a1f23b1	3.1460373848555117	2.911125
deb/63bb230628553	3.372519497108544	8.7069375
de8/8b6da64323380	2.789094678845025	2.259125
de9/4faa0b5c58afb	3.0240043038555786	6.2164375
dea/8c4ecb8124054	3.3732657242509383	7.80975
deb/52ba0dd7f8430	3.387589787077633	11.7075
de8/21441cabcb03c	3.3644588738369188	9.7204375
de9/db7d48311db05	1.0965285231031145	1.1055
dea/124e245c7e19e	2.663500713282024	12.53925
deb/a1a7d2f498843	2.796372212791039	3.3923125
de8/d4fa7f920cd4c	3.170539643493739	8.580375
de9/0f700b7840df0	2.705102648685822	7.33575
dea/c36c0f9293f20	2.3518251236747663	5.402
deb/219ebccd340c3	2.8409168720153914	7.545
de8/00335beff0a78	2.3081562144837764	6.094625
de9/6612bb8f80833	2.6526890502185805	2.6213125
dea/0440f97f572ff	3.097880894771728	5.995
deb/e947ede86576e	2.8318128776350395	2.956875
de8/08ab84078920c	2.6949879517195874	2.5748125
de9/5f98b74c1ecbc	2.801029806348112	4.2406875
dea/63b4cf7f23dda	3.4305762622768974	10.4684375
deb/4e9f71b1d2923	3.3965683119912917	4.9254375
de8/854b6c94ac81c	2.991213494049835	1.249
de9/913e8b70d559e	2.49504649538853	4.4378125
dea/7426d8e55d16b	3.2949501116148943	9.183375
deb/e8f81f6528e97	1.2726784140044831	1.682625
de8/8f1f2d46f7dcc	2.8031234160775735	2.924875
de9/bbc5f1b853e4e	2.918238147760387	9.1920625
dea/cbb6af61b918d	2.445763623947896	3.8848125
deb/c935e0299cfee	3.091093865514724	3.624
de8/f22728dbebee5	2.9909533731116658	8.7554375
de9/2e4b697d814d9	3.0895572909273628	3.2223125
dea/e96b16797539c	3.2395283324180513	7.41275
deb/4f85c7f885db5	3.378130633796171	8.1026875
de8/a8cfcde39d56b	2.8134181200502177	3.80925
de9/d954776a0a07f	3.0862542588949586	6.181125
dea/0d09cb55be48f	2.668305897580524	5.632625
deb/43c305971292f	3.379121859632704	11.2070625
de8/4f65d18cf4589	1.9359598661724302	1.970875
de9/a921d271aa777	2.9054005190924928	9.1775
dea/438d2a4109bde	1.7610962555114833	2.535125
deb/d295f24c51cd2	1.8330527913260888	1.0940625
de8/b03ab1ad6b9d1	3.1743002606484194	6.836125
de9/d3a73b705c1ff	3.1299839413265835	5.2218125
dea/ef0aecae6d2b0	2.8790769542299612	5.8348125
deb/9cc52fc203e28	3.4720005752851875	12.7723125
de8/4944ab8c9cd1b	3.411267185834814	10.4075
de9/f59b251dd03e4	3.1049274615307074	1.6016875
dea/b2a5fafe152c4	3.549978477175112	8.9284375
deb/40a3f27ace427	1.9977387187246851	3.2618125
de8/b7a6fe43d480b	1.5296593886398844	4.6969375
de9/de7c21e58e3b5	3.3723976695896782	2.644625
dea/da4c0d3c9e6bd	2.49693337603785	3.737125
deb/356fa9ec15099	3.3049872271044087	2.5016875
de8/4c086df137ec0	2.1830214980059384	2.4111875
de9/ce878fbb0abb2	3.4847573884642933	14.446
dea/364166dae09f4	2.989749931003056	9.2701875
deb/72bdb8c71b5ba	2.460407647381243	2.3786875
de8/eb76ae16d90e4	3.119976190506534	4.7688125
de9/ed6be440aad13	3.3516921063977376	12.2761875
dea/99d6e33cd9939	3.0082932832516036	15.131875
deb/8283ba1a4565b	3.217820332783004	14.7831875
de8/71a3d120c6b4e	2.6807357812874097	1.3428125
de9/f05768352e569	3.085138281934185	7.200875
dea/9b51872355ea8	3.306754630969271	8.024375
deb/6b1ffc65bf28f	2.8497901213579446	3.976125
de8/43e50c0cce969	2.466223628473449	9.3668125
de9/b30682d36c239	1.1159860004519635	1.201625
dea/cb24db0b9d284	2.31718465170218	4.16925
deb/e05cb49381cd4	2.7390587517269402	5.516
de8/09ad7335a486c	1.9703696681443066	1.8625625
de9/0994186b6d2c5	1.126408983330784	1.3466875
dea/e163ef1715561	2.9514495332265	5.7393125
deb/26a6e8d1310ee	3.1590309642026044	3.60675
de8/e3a19dc895a4a	1.1259539408841017	0.7201875
de9/745fe428c7080	3.353016901881747	8.5705
dea/06f4256048f64	1.4565975255443921	4.8258125
deb/a9b9b13a13854	1.4291663621201232	1.7558125
de8/029aec6bd751e	2.6702465668620388	3.8095625
de9/9c1bafd8fba17	3.1292767802688193	4.6645625
dea/5ee23f6aff9cc	2.3462343377108454	1.8269375
deb/3be4fec25fdf1	2.869996800634501	6.093625
de8/2d304a437e6fb	2.993133539935737	9.2096875
de9/b6e9ff6273dd1	3.2823278818244757	7.980625
dea/081d458ede31e	3.304091178333826	3.1096875
deb/3e5e9409bb692	2.8928849336310605	5.35475
de8/1271bda7fbd9c	1.8825629078595667	2.93925
de9/9cbc3d3ee8078	2.7853050303393783	2.6895
dea/a3a1d9a79e1e3	2.106145731760135	3.1393125
deb/321179fda6f29	2.6227499614326715	7.69425
de8/425f5280adb5c	2.8099774197237126	8.2668125
de9/aafcfbd474442	1.432448755249841	3.9134375
dea/2e89fb7ad49b6	2.959001897953839	4.0875625
deb/600bdc89945e8	3.2667769564611993	8.1960625
de8/b765acc89868f	3.520049804789123	7.86775
de9/8d419361f4db1	2.632451025768932	2.5001875
dea/c88e691d44652	3.2311944766532292	11.8170625
deb/fb253d9504306	3.029407829894992	12.152125
de8/f7d6e1808b921	3.4455957189519304	3.4555625
de9/a875cd1476ab2	2.2352022961092057	1.6131875
dea/3fceacb2f3cb7	2.325544495714999	2.5383125
deb/b0509914509c5	2.0533037751634287	2.169875
de8/0938f92177a21	3.030798605595162	6.847
de9/752577290525f	2.9357778571337922	10.1443125
dea/b9bbf93cd3260	1.77887240268394	2.81025
deb/a65359df7e31e	3.1832271141702058	7.2356875
de8/a0ed3fd6528cb	2.2310649863142253	6.9773125
de9/4ad42361c79a0	1.5207983449588656	3.6701875
dea/af4d2b87e76ed	2.945227640019023	1.8098125
deb/aff02224ca190	2.9453187972867036	18.2119375
de8/0acbfe046f8f7	2.3149312371669497	2.3556875
de9/37fadf6f6c665	3.091955825682612	2.182875
dea/8c6a5d6543940	3.366554426903739	4.8125625
deb/94c90563177f2	2.6063013726695106	2.34225
de8/b33378df99bf3	2.895794914087027	4.874875
de9/8fa76408399b6	3.2384986911106712	8.3035625
dea/37a51538de1f2	2.885416810407523	6.3663125
deb/0dc2326514e85	2.731619616443752	1.9
de8/f285e020d3b6f	2.4333719110840817	2.065875
de9/074bf321aa4b8	1.9243776305088662	1.681875
dea/4cd7844afed5f	2.6781274465366467	7.2568125
deb/f9d880880c812	2.460315553236663	5.6925625
de8/536a08f789f38	3.2572576085636147	3.3920625
de9/c20347e5ebf28	2.51429698008323	4.1135
dea/47cd158e123d6	3.221398097322985	4.05975
deb/a5567187512c0	2.590681897342669	3.8849375
de8/44f31a2fe9d4c	2.2591858184066975	2.53875
de9/b8fc2f5879de7	2.200169971927172	1.1858125
dea/5d48eabc28ef4	1.114314715701926	4.5379375
deb/c1dbd81b19a56	3.2143804601387487	3.8440625
de8/d62634dcd1045	3.016439257604947	10.653125
de9/0493d6a72b10a	2.5180805948239873	5.09825
dea/8dbcf58e9eec3	1.323762612224373	1.586125
deb/a8c5f9d19a8ec	3.2261778131441257	20.446625
de8/fd7776fb45147	2.22845998709741	1.4413125
de9/2c7c259c971e6	1.6570117330277714	1.1029375
dea/60ac5e1b628ae	2.130644480700027	7.6345
deb/8135f8eb68f84	2.7662484568328103	5.0251875
de8/9aee2c6d2d885	2.592248465853412	2.50975
de9/6d8b6b0301422	2.859099266048592	4.049125
dea/0b50745c0ceac	2.9978452512237745	11.794375
deb/47a1d78e30fb3	3.1678317735186248	1.998375
de8/20529a00c6b39	1.3945520471747628	2.6384375
de9/300dceabe4886	3.372345131545341	4.2065
dea/c0014a700c6ab	3.4187908440559536	7.7989375
deb/2595e003f5417	2.7620249766570697	12.1745625
de8/95d4b9389c9a2	2.8065545844948865	2.9331875
de9/1eb52e823eb7c	2.825172124463589	2.11425
dea/dcd9f63518ab5	2.24987874324177	4.5341875
deb/6c808ef7b9c13	2.398764319915832	6.27175
de8/299c364a58501	3.1078539123200875	15.8610625
de9/f032cf00e2ab8	2.6221960288864516	5.199125
dea/50f0c32d99ea5	1.641713879746994	2.068375
deb/7ae193e5fd70d	3.341633999445533	6.8761875
de8/12a1fcabeddf1	3.0465220279016463	1.1619375
de9/007b7b0c2cfd7	3.4050362347731205	4.1349375
dea/f82edb43db4a1	2.5464188274437243	4.9995
deb/cc6e7e8e96634	3.2867172306811354	10.7749375
de8/d7786e286813f	1.9889799649599336	8.032625
de9/f0bdbd26af08d	3.0729192204892466	12.0904375
dea/e3cce79c64cb7	2.3302936375019967	6.183
deb/e4a63575c6bd6	2.7751638863518666	4.7865625
de8/a27f6c935bbd0	3.3817789795042192	9.1084375
de9/ddae2059d8630	1.5147056683956546	5.035
dea/a19d397983e77	1.2160813429616233	3.9205625
deb/d96ba20c7c11b	3.0996880719251654	6.3619375
de8/d5eaf0700aa94	2.5285900700350066	2.625125
de9/04e04d992ad93	3.272606496195634	7.32475
dea/9a59eaefa8df5	3.0914746220961753	3.286125
deb/282b31773f64d	3.278063507753869	7.5254375
de8/8a1f400417744	1.9457582280067545	3.36875
de9/40fea67c94fd8	1.0924268312582681	1.153125
dea/76163dedca8ef	2.9482058550300416	2.0789375
deb/a03a823881be0	1.7711843090784691	1.2975625
de8/b4a0234fad3cf	3.451267041235243	9.835375
de9/a301cc8c217fb	3.1610996238886755	3.8069375
dea/4a68bfacc3639	2.0234158437935785	2.0638125
deb/24b9820e5e57b	2.685674675333856	5.138
de8/aa7cd78cf0376	2.8228818848521327	0.9125
de9/8ffd96f2cdbc1	3.2163864620453424	10.0335
dea/d0a181567ee5c	2.541784989320224	3.235625
deb/431371922509f	3.0187058651356793	11.18
de8/0b27389c896d2	2.5469323042059586	2.7418125
de9/c3b601a00c085	3.2883929551362225	5.70325
dea/d12e78f2c1018	2.5788439483810643	3.700875
deb/0249510db75b8	2.7679141337938633	3.4618125
de8/afb12618ec22b	2.058036440443899	0.9606875
de9/2f8a446931efb	3.1176028266341027	7.84875
dea/ace43851ff207	1.4092855570818998	5.5756875
deb/889cd170a82d6	2.628503459623126	9.23575
de8/833ac1c62733b	3.048481724247735	5.3849375
de9/306c7730e679c	2.626841217887424	2.626
dea/31ce31cae5328	3.419464716336469	5.919125
deb/efa62f260b0e7	3.150673745171619	5.0623125
de8/eb1a32d50fdba	3.0064687060128708	6.3029375
de9/985c49d628bac	3.090647909198603	6.331625
dea/a973a89eef899	3.2717178998207785	17.4206875
deb/d585a204e1e78	2.8287037676730566	3.3198125
de8/b233d5c2375a9	2.6151011109318647	2.4804375
de9/659d1783deb46	2.5434481875396324	3.495625
dea/78a8269c005a0	3.3932165415139255	19.045375
deb/521eaa03c2b7a	2.967922473065388	3.7445
de8/a43520331ef56	2.59145177515094	1.4414375
de9/f47878d5efc31	3.2382282138375706	4.6364375
dea/ac839212d9607	3.4345011587331586	10.868125
deb/58b66ae565631	3.2637853564419554	5.556625
de8/ce132ccb7aa7f	2.6370741918925007	3.0375
de9/9026e5cbbcea8	3.0570755949424524	7.2493125
dea/2dd20644357ab	3.331090799432723	8.3006875
deb/3d8003dd2e81e	3.2570576056358447	5.9225
de8/05615d2bef478	3.4648743808484483	6.1578125
de9/c9592285c4775	3.1726349715547686	3.7426875
dea/9c8baf4cfd264	2.489694321570951	4.8109375
deb/8b10928e6d141	2.5974790379016617	4.77925
de8/23ce4152b4d9a	2.6296707057520465	3.38375
de9/88ebf88b3a92f	3.2096476113895385	2.736125
dea/2d0d0ce6d733c	2.9222720474100767	20.9466875
deb/10bff106747c5	3.228164226143831	11.7136875
de8/7a67a49d6167f	2.107788489938564	1.5530625
de9/945490f00c529	2.7461688927113848	4.0465
dea/303af3fe793a4	2.095311958484607	5.877875
deb/66a0ca051e25c	2.7092148762040345	4.0091875
de8/4995b91d2c73d	3.49852465462773	14.0738125
de9/bbbb959903d72	3.0906819769804073	19.39625
dea/e546cd1048069	2.5253332634353702	5.33325
deb/68c5ef7f05a0f	2.9007120358067318	8.9350625
de8/4f5cbceaf2690	3.275649422812731	9.8523125
de9/e0e35679c9051	2.634428401441793	6.8374375
dea/b5b99a43faa52	2.4106506843118964	19.416125
deb/79f06ef26fc0b	3.1374159024692068	5.2924375
de8/15ca10056a42d	2.7739315273546286	2.5715
de9/36c11a244934b	2.677132012931407	5.323125
dea/8346a34f8422c	3.3368749220775054	9.4845
deb/28d310983524f	3.30551253705557	9.8095625
de8/23309b3378181	3.357068309724205	17.158875
de9/55785cf8c70fb	2.478143510985698	6.5755625
dea/b8f8f54aacc8f	2.1266558288101196	1.001
deb/62b0b2082eaa9	2.1421467953292685	1.4485625
de8/f61d4417408fd	2.7052357399767177	6.137375
de9/e607376aa1073	2.7337936720811022	4.47425
dea/e2db423435989	2.851868341162342	7.7925
deb/d3cc5b2a92290	3.391245426387303	5.670625
de8/e3164dff5300b	1.4751232682840574	0.9159375
de9/037c0bdc5dc1c	2.098856500540549	2.1388125
dea/d480ef2fd8b45	2.2715693404771207	2.2631875
deb/7c37f01c0badb	3.228088079957358	3.726125
de8/800f11e223f56	3.458062380278711	12.199625
de9/0fa3ebe0a5666	2.8255506048580794	6.0180625
dea/030249a5bb5ea	3.3720887088852654	4.434625
deb/1e478bf7e1efa	2.5959710412070214	5.697125
de8/18b2e843ad28f	2.7912920494922435	3.36575
de9/8d6c42b5cb0a5	2.6600899076520412	10.9120625
dea/a935cec838beb	2.132696155265232	2.3511875
deb/87d6e251df6f1	3.5568324569784777	16.7479375
de8/0678b350f6107	3.1447204360564847	3.99125
de9/61a5be84ff117	1.3839725015536959	1.4420625
dea/9f4592bce622c	2.4980669084759493	5.9355625
deb/401cebf8e5a40	3.479645628602956	12.5570625
de8/e685b9a1805ac	2.5887591417445743	3.8981875
de9/35c3b10bfe90b	2.183084921144602	4.10475
dea/deb4ceedd211a	3.221768055709901	7.722875
deb/a0fb2a101291e	1.8582729909600715	2.0429375
de8/8a83c5f9944a9	2.0376381732478994	2.250125
de9/3f5f8c3ff46be	3.222640083838942	18.401125
dea/809ad2fc9bf2a	2.783740813884104	3.73425
deb/69aff7dae5219	3.1706962275650996	6.670625
de8/93354dc10a1c8	2.486966736459533	9.2234375
de9/8bad2298a2e4d	2.61143261290843	4.2494375
dea/85894366d819c	2.6641614530131172	3.912625
deb/ce4f62445f1c7	3.421588715222766	6.0628125
de8/40aad76984cd6	3.233985121670255	5.6121875
de9/a32b969a9ccc9	1.7113772755651584	3.634
dea/daa9da39c4f24	2.458402291012554	0.7201875
deb/a05004ede913d	2.5125326083017234	4.2073125
de8/9350377f9827f	1.9952077448855785	1.15275
de9/1762957b65894	3.289541702774267	5.2916875
dea/1c11b3e44dfb3	2.7050008826439664	6.3151875
deb/b51430cfbb4fa	3.4102524280381927	7.637125
de8/502c76cc89ef1	3.4916430809422843	14.0588125
de9/c687e7fbab923	2.6317045418112652	0.8164375
dea/728e64395847a	2.0354288000412777	1.034375
deb/00fd2ea639c1e	2.1324005090300053	2.16275
de8/1c1ebdac09837	3.0001385671000667	6.927875
de9/6ff224f5dff54	1.0992049028605364	1.316
dea/524c57a195469	2.3613685224920924	4.1793125
deb/20ca5cc2d4c40	1.7570232609683851	3.020625
de8/b44d3da9026dd	2.953345472393059	9.7840625
de9/cb369a781e5af	2.9552596195201097	5.67575
dea/d0511dc415fc4	1.7145011565512	1.5855625
deb/3682bf89b3bfb	3.2584411452297974	4.6420625
de8/941d9d2559f1b	3.0924138633914877	1.803
de9/f0477693d6881	3.1434444322867665	10.0240625
dea/2863b0fb6e459	3.3385420897581484	7.2146875
deb/ddcb166970b23	3.0349868839260385	8.7203125
de8/2857b7f8566df	3.1240325317268933	4.0748125
de9/09a703508bc3e	2.353432517232601	6.2315
dea/6b3bd28b01a63	3.431635354195596	4.9235
deb/a37d8fdcc4685	2.4665383013080096	1.7065
de8/94458d53d3702	2.5966287968225465	5.489
de9/ad2b45dd0c091	2.817809179269109	4.0110625
dea/3b00ba2cf7c5a	3.1959171090823695	10.6940625
deb/65ed46b15f6d7	3.023633499129406	5.7628125
de8/756ad274073f7	3.398814275607674	7.8718125
de9/cd044e7aaadd6	3.2268051926020687	8.0615625
dea/02e50e14e3b34	1.588945770308522	1.361125
deb/0b888dbab4691	3.3776892015604147	1.821375
de8/61fac4da811b2	2.7391182541534627	3.9470625
de9/5508f0fdca6c2	3.5416696848654086	9.7136875
dea/c824e3b04c88c	3.2471041201018926	4.997375
deb/8ab8ce699011a	1.716904801269213	2.045
de8/dd6a753fea4b9	2.992719580343459	5.210625
de9/14f6b6919c174	2.37185213649767	3.555625
dea/fc8f5b0033331	3.424918157420743	6.1121875
deb/cb78c4a569be5	3.087123961168576	8.594875
de8/be697f62686a3	3.380745937793364	12.541875
de9/b4727a0e3eab4	2.7411918232627324	2.980875
dea/e4a8838c55ba9	2.075819119523366	4.28625
deb/dd9911d39f0bf	2.385888937941772	4.1539375
de8/ae31b7dfb9084	3.5768553841399213	9.56575
de9/5550a587c5453	3.4378817037869913	8.8384375
dea/e058156bcec34	2.187419544962711	5.1146875
deb/a6093f6bab65c	1.5262779259946593	1.9258125
de8/d63ff92f5fe56	3.242067408138606	7.7716875
de9/89db57ff4aa01	2.7641720258122255	6.851125
dea/6e19905bd6d1e	2.5541684284731168	8.091625
deb/8300553818f8b	2.7993042189591257	2.965125
de8/575d55d22394e	2.943514458685705	9.9205
de9/33eb1e753cb54	3.171353118607902	2.836125
dea/54b0d9c9f36b9	3.3147886170341483	4.9875
deb/0dd3b3c024d6a	2.213355577864662	2.1675
de8/99c30dd235538	3.0929213456819884	6.1030625
de9/86c7dd6952129	3.2272226782370534	5.4391875
dea/b4180ba4ad9f9	2.7680841627270993	5.10875
deb/5b7ccae759e3e	2.605508646782148	1.10525
de8/7f1f4ed0dfe16	2.508580893023213	2.673
de9/846f052973d2a	3.2826563169021106	11.999375
dea/b4029ff20e168	2.93212003925967	10.5325
deb/d056ba5b79d9a	3.241136000681243	11.4139375
de8/bb248dc5e1606	3.2120190216784374	7.1814375
de9/20b9b48117b17	3.1733324246269974	3.64
dea/50d9ae0cb4079	3.3436251511449857	18.652875
deb/611f98c60f513	3.218906256410528	8.2491875
de8/91770c3846212	3.213866175953763	2.504875
de9/6569dab3200b9	3.245866464517652	23.4553125
dea/7b5f7e80face0	2.423625527233615	4.6813125
deb/839c2df74732c	3.1197399682687186	6.9285625
de8/e3a55b8a4d477	2.8911308285280612	10.0049375
de9/dee2ed1f9e38a	3.1769686234192567	10.3404375
dea/0a25d4134a129	2.626513591262554	3.05175
deb/8db92358ac1fa	2.418192356359733	4.077375
de8/9352f48320eb6	3.413488300850476	5.616875
de9/13c3b537a85dd	1.783479385639678	0.8165625
dea/2f759281880bb	2.5587249858019345	10.9649375
deb/b06ea69916291	2.552290711440055	3.466625
de8/6ed40df8d1385	3.230352152411393	22.780875
de9/3d5a938bff68c	1.0825911157445038	3.2010625
dea/a0fc053717dad	2.8684582543255837	1.8834375
deb/52f8518fd5909	2.6735759935050467	4.081125
de8/24deb836bb267	3.262642522561714	10.5815625
de9/cc2d1fa628d8a	2.941629473258845	3.73575
dea/237fe26908979	3.411763362097486	15.6700625
deb/c8e45553cf6db	2.8371609346673314	6.0155625
de8/7cbe8196cd437	1.8922255076095218	5.8576875
de9/e440fcc2f42e0	2.942460037029315	2.1178125
dea/a94c725a9d752	3.359836353171167	8.5220625
deb/2c448e665b17d	3.090214492352116	7.80525
de8/bc6a0403e58cf	2.668061528682635	2.048
de9/f36debc8bf6ea	2.8276030190225585	8.0101875
dea/cfb191ed143c0	2.4661811709774795	2.8681875
deb/9e58572a2f360	1.4059843172620805	3.1746875
de8/318a9e83a748f	3.320817617415035	8.6838125
de9/82777c56145ff	2.7387176401603015	8.2894375
dea/ce490b5bec8b2	3.273588066720497	4.940125
deb/41ee26000b484	2.194001888733266	4.149875
de8/d81fabc857331	2.604367640641581	3.9608125
de9/fa77f0a082d1d	3.112305085020377	5.1271875
dea/a7bc04a6fee70	2.515919238000508	5.356625
deb/b724ea9cb497e	2.8700080388780096	2.5685
de8/62b64f0e557db	2.510315487105116	6.5880625
de9/28d092797c763	2.6503735841494014	10.066625
dea/1152c91d1757f	3.3687480671123	3.2358125
deb/355abe63c985b	2.459892323732515	1.64175
de8/7f1b88049ea74	2.6257053985726695	13.54225
de9/4b2b88c38cbcd	3.3737233515356757	17.9486875
dea/279e84ccfec84	1.9769455484115621	2.4075
deb/4b593d3f42b1a	2.902839488750269	3.31725
de8/5fa12354378e9	2.917040435598609	6.7525625
de9/9c478896306a6	2.30091096253218	2.4055625
dea/5a13b6fc4428e	1.6904512677703334	1.2975625
deb/f0acfb7fbd249	2.3444246311091916	9.4978125
de8/9423d0aef1ada	3.125237490977684	6.3685
de9/4b4eb49858825	3.2538167709884798	2.891875
dea/9afef6d4c1a36	3.257344790520194	4.2285
deb/0a251892eb893	2.6848330669745737	1.2015
de8/db9f920fc667d	2.9176912080824704	8.0420625
de9/e5caa578255b3	3.312120913503898	18.1399375
dea/69ccda74b161d	2.507145493583923	13.6790625
deb/ac818b8077233	1.158210622393241	1.3358125
de8/ff18e69206b94	1.8561254707845136	3.57625
de9/cf2b3291c90ea	3.3874104968857237	3.7146875
dea/d74e84b8a5777	1.9054077018971958	0.8165
deb/a7c0fafebd8e2	3.2085975714693737	10.08725
de8/174fe1c868047	3.258456033651755	2.641875
de9/f3c416ec0118c	2.9402649195581163	9.7078125
dea/3434f5c7afe51	2.2889010166838433	4.4913125
deb/2981ab919e991	3.4224941512873275	6.0135
de8/fec93ebf134f1	2.3663210154732535	4.346
de9/784358a4d888f	2.5202269406101876	1.5860625
dea/d63b9b2103e07	3.260543878649232	2.9058125
deb/49a23371183de	2.7418308657078665	2.8373125
de8/dd7061de12eac	1.8574768383323155	1.3051875
de9/9d0761dc615c2	2.8558565846849135	7.5045625
dea/cc886b13a2286	3.3555073308729235	10.871375
deb/7b68ee7aecd93	3.233418979839061	4.5345
de8/24ec38a2d0cb7	3.233651372188636	6.1868125
de9/42e2e5b1446da	2.522889409632665	11.789125
dea/5a3315d8907cc	3.3172966103619883	4.959
deb/aa9457818d81b	2.28519789471406	2.281375
de8/caeff914f2fd8	3.074275131533476	7.9881875
de9/de4262e1efdf3	2.5896888891163985	10.58775
dea/033e5902f85bb	3.309656979078782	12.8154375
deb/dd49adabe9c49	2.690911372986065	11.1773125
de8/29fc8720dfde9	2.6690028208378087	1.2684375
de9/854058a2497f4	3.1442853446983996	5.309
dea/2b2c945e40fde	3.4217578964491153	5.832
deb/cec5f58b4e8c3	2.839922258473997	2.5210625
de8/80ef0a8aad8b2	2.7614414636917464	3.8174375
de9/b3110591804a1	3.3372725086780375	10.1006875
dea/bbdbe8cc82516	3.311504944522619	4.44525
deb/332df73627b82	2.5813267571419334	3.304375
de8/2205b2c4f4206	3.0255842741184686	5.0325625
de9/a40bfe30ddfef	1.9969959719393149	3.618
dea/a32c6cf515225	2.415710903748341	6.8239375
deb/923c574fb2d75	2.1883799799092576	6.6261875
de8/3bec1121343ca	2.387365156943488	14.1726875
de9/a5bf4b18fbf4a	2.881083030712941	12.1658125
dea/322655b09f26f	2.2659256684456293	3.9676875
deb/217e57f8bd532	2.859638718826947	2.968625
de8/d548a9f92021f	1.9239536444720304	2.0323125
de9/fcbc9b644a405	3.3072928993315727	8.6986875
dea/b4b67d39a99af	2.558023184471881	6.50775
deb/cf5940c044014	2.986162645687317	4.6210625
de8/8d8e8b98f7123	3.4492038867261905	11.54225
de9/6620ffda65199	2.3400429816056785	4.4239375
dea/ea3c45b64af1e	3.3976434630363874	5.5758125
deb/e5f638eac3090	2.649832540973375	1.6101875
de8/fed44854bc0ec	3.2294532365086024	4.7598125
de9/162b12e307784	2.923741580213539	4.6821875
dea/24d839d8fd51a	1.0758757890204191	1.2976875
deb/2baffc5c90c5a	3.3215423974374625	2.6243125
de8/60f4072557d57	3.1075341329841786	2.933125
de9/438f8db211286	2.5143505812649405	2.8373125
dea/7480cd5788313	1.1248955977457968	0.8645625
deb/da630e832b9fe	2.4111850789469034	13.8230625
de8/ef697b8077158	2.858208703569951	4.288625
de9/f80657a133494	3.0435204849069613	3.9545625
dea/1b50d39f4639d	2.653103955053607	2.4518125
deb/dafece4931e30	2.9052622857712525	4.841875
de8/a3f62372c15d6	2.691406920780973	1.8531875
de9/684867a58d348	1.5570612493153198	2.9388125
dea/66623f1d38718	3.1716485005990576	4.20375
deb/5fa9a1461eb66	2.6761596418236424	9.5545625
de8/e020cafd2e60e	1.959530122466741	4.060875
de9/accf2579f3be6	2.9862635090328697	9.7728125
dea/01d32b9167473	3.324000336255949	7.2135
deb/cc4d243f4b484	2.6125621165832515	2.865625
de8/ece5faf50500e	3.0667269571749385	5.569625
de9/e49938fa354d2	2.8290669351246	5.0913125
dea/bc975de3cd9b0	3.473517593434991	10.005375
deb/40b9501a2752b	1.8301982050967516	2.0101875
de8/9984e75f1286b	2.7035974165020997	5.0970625
de9/91389ab52f604	2.049593506870513	1.02875
dea/4594a58d74d96	3.2031704372753778	3.63175
deb/f6204bf6ea442	2.6423428452440345	6.1628125
de8/1464292fd7d3f	2.3305809787918044	4.922875
de9/386e58bd39d32	2.4526547554293607	11.663
dea/20165b6a30a95	2.213394006986719	4.8488125
deb/41b3db7f70e5d	2.6828151903177413	8.881875
de8/e4511dd9a7fc9	2.809165960855129	2.1790625
de9/280358ae3ca6d	2.2904196038965003	2.5970625
dea/81efbee4873b5	2.984027634404482	3.96225
deb/70d447950773a	2.571987436877635	4.760625
de8/95ca063744318	1.7217200995802733	2.38175
de9/b36021e6eaf1f	3.477121307753	5.1901875
dea/7c4c20bf6155d	3.16921666320227	5.1390625
deb/e2453ab97220e	3.3552523838277097	8.3733125
de8/953301a010994	3.09227412198376	29.5885
de9/30c24de53a8a1	2.8945907073539523	10.6818125
dea/290bd32df9622	2.981044485071306	3.845125
deb/48052abfbca5c	2.1734989895422063	2.0165
de8/b0d67f9b92b0c	3.366573573595871	7.3135
de9/f9f80ee97adbe	2.2511798374667795	14.56725
dea/9fbbd6a1ad68b	1.313886569512463	2.4185625
deb/f8bca358f6a5b	3.1727443652878726	3.8275
de8/b66c5806508a4	3.386329025042619	9.6331875
de9/69347ff50c42d	3.149690402983067	5.358375
dea/c1b5fb5a724ec	2.477740991270083	4.859
deb/5b8a0f801cb4d	2.7243028215320044	4.1534375
de8/99e2b0ae66cb3	3.2072599903561527	4.440875
de9/8d1c3c50a5e04	2.7071106930635933	9.5223125
dea/ad5c439599d20	2.101990890981463	7.4695
deb/1ab04764d9e4d	3.392691052218724	3.010625
de8/fd695334ae3ad	3.1257390926876383	11.01775
de9/7f7a671abbf86	2.581162820972845	4.104875
dea/e758d58583919	2.5918385708061535	29.2989375
deb/5a48ddf1e2987	2.268329185027443	6.38725
de8/17538fa21bf33	3.339006087808567	9.7236875
de9/d6460b81e2c69	3.2275583855644947	16.3119375
dea/247a58849b631	3.33314813456235	9.6055
deb/70090ec28f9e0	3.4659942160700568	7.2555625
de8/ceebe7a2e84f6	2.8799488853548025	5.5274375
de9/acab9f2fa4b11	2.1931956544436515	0.76825
dea/cdfeee6c5d13d	3.3885951968452384	9.25325
deb/80caf7e96e774	3.212532917295231	7.7954375
de8/6bcf649d2c457	3.2756115923493256	5.6071875
de9/33e9932791081	2.70971226131563	6.0755625
dea/8618dda4e17c5	2.7205080503342187	1.1286875
deb/a186d367a999f	1.4434391162900466	6.894125
de8/dd4b3a4e824e0	1.1749463811700873	3.55825
de9/636c21298fe0c	3.435359065902135	6.4619375
dea/2be8a61e6bb23	3.0119864159809917	11.266125
deb/40eb8eedb15ed	1.9615560914239745	5.0491875
de8/8dc0304423422	3.245546762646965	2.6339375
de9/fea929a9b96ec	2.9794283655904508	3.30225
dea/c6858662e9078	3.094255006025874	9.844
deb/cff3e51038d20	2.5985415203197304	5.963375
de8/f281ac2936af3	3.018885318645897	2.6613125
de9/e6a94ef724ff7	3.342475930425244	6.6781875
dea/8ce49cbd9e968	2.632256713906792	1.05725
deb/d6239520d496e	2.065845712363147	5.9465625
de8/2fef6fec338bb	3.0556038296163437	4.230125
de9/940eb0391a4eb	2.573428037670132	8.323375
dea/ef1edef1809c7	2.609622477542286	5.053125
deb/0e794bf59f499	3.3260436942468057	26.27975
de8/29723d0b79e53	3.306264835944621	11.7531875
de9/0d10353f2ad6b	2.6935548945233294	3.1721875
dea/8e137b184ac47	3.10891993494906	11.39925
deb/2e12914d440ac	3.1566936934819187	4.060125
de8/4910a3f80eab2	3.439651438952604	6.2501875
de9/8101850acea76	2.0172793518046586	3.3650625
dea/d2a0e61136382	3.435388165441786	17.1533125
deb/b81f0cac70c93	3.1803276472356474	3.718125
de8/4717ce4517a97	2.6421453465496043	3.5663125
de9/7cd6630419874	2.9587426338481992	4.4035
dea/cd570fefc5308	3.1448064904996826	5.3641875
deb/90e2bf9dc95cf	3.0161386683159974	2.27525
de8/8bc0684226042	2.4828732961880755	2.015625
de9/1cec89bfa0a4d	2.7055629658482125	9.5824375
dea/4ac0656514c21	2.942158870542426	3.5725
deb/fab48ad54357a	2.8396477666569986	3.280625
de8/3107df3bef8f9	3.3552873398349448	5.684375
de9/331ab92d4aaa6	1.5116889738923651	2.9343125
dea/f6c46339daf1a	2.572109327990306	1.5380625
deb/ad322e94312cd	2.644418348162416	2.31025
de8/22065f299add2	3.074066647712262	11.236
de9/a7edcabdd2fad	3.329243014462216	17.5826875
dea/15d69e1dca2e2	3.4255793777540227	5.80075
deb/93b58f487fe4c	3.1933556913506544	10.61625
de8/8ab0039a8e4c1	3.36443529129181	4.582875
de9/11d2959401b10	2.6326296755932255	6.702375
dea/a3ece4bc17ae3	3.5347437631444776	16.2036875
deb/a9af343af309e	3.5225375038228264	13.0785
de8/7971fb60bf8c7	3.398201386969729	7.514375
de9/b48d10877a14d	3.3110048272703225	18.41825
dea/1814081669bdb	3.18180905511391	5.9144375
deb/fc9e254d9641d	1.940904877353096	1.6464375
de8/122caaa0d70e1	2.6943410644744197	6.316125
de9/eb7557922d1ed	2.1443807040079697	4.28125
dea/39862f688eac6	3.27387594465396	6.59225
deb/4d379baf4d3c4	2.175137552775285	3.075125
de8/a60c7c57fcf47	3.2247786745507967	2.4435
de9/3b4c166686467	3.4854437760622123	8.101625
dea/4779a3296908b	2.6814821708846557	1.856625
deb/42a649b9c3d67	2.9840335486615013	5.0480625
de8/56cbaef86353b	2.8169220585518353	2.355
de9/f7d5a923355c6	3.2426637774183176	16.2073125
dea/fa0946e054eb7	3.0109730746045824	6.4126875
deb/c48bb1bfe006f	3.2441927839587166	16.407875
de8/613295eb270cf	2.8671743716802593	5.1114375
de9/207dac9c61027	3.5361874521939654	6.383125
dea/fc190234dc79a	3.165347368556939	11.675625
deb/024096fe83446	2.0474539456097434	6.5965625
de8/e66a31aed6edf	2.180334518937479	7.211625
de9/9826fa2f900b3	3.3621587154083534	7.9396875
dea/6330424048f80	3.219770943331219	8.3689375
deb/f2db5a12f33a9	3.3428543374316697	8.1503125
de8/d01a424d53852	3.3490480052529787	24.8745625
de9/753c17cbdd38e	2.93605572987519	7.125625
dea/a5b14d846d52f	3.0361407234917674	5.1995625
deb/55076803bbd11	3.1959548593571254	2.6451875
de8/7863a7964b929	3.16201972132185	7.354125
de9/541dae55d00b4	2.6811474156125437	1.7321875
dea/1ac785110b2ac	2.895317363720671	3.4398125
deb/8c929b5967f64	2.9216589464642753	4.1634375
de8/da2bcb4f4f7bb	2.857094253641589	5.124125
de9/b0e56464ca831	2.9919899309808207	6.647125
dea/f0edb78ca3d30	2.9147509083814493	5.4441875
deb/348142c8c8bfb	3.128212273604203	7.0843125
de8/0fc9f709b611b	3.478739082013615	5.317
de9/fe852c95b1dd0	2.7552047950645915	4.987
dea/abbc8235e92c9	2.575658445613674	1.6859375
deb/d2fce4e12300c	2.2647092485842166	9.0886875
de8/8b73bc03996a3	2.716263485554346	5.403
de9/e2c4ae9c87d18	3.0180330572771474	3.3971875
dea/2f1a90e0237d8	3.4351125247938663	8.5019375
deb/d896a3816ca0b	3.409859168132351	17.8070625
de8/d6bb5cbe79b1f	3.3606765734252284	7.5533125
de9/50ad8256d73dc	2.568984077837411	9.11125
dea/fe6901712ab42	2.993611416496721	3.24825
deb/f6a13e0242f78	2.9942561785913884	8.919875
de8/12b2ad082bd1e	1.9240994814256196	5.095
de9/c5258f8fcc09a	2.8373516644693506	2.879375
dea/55486f9ff439e	3.3695325794359965	7.213875
deb/3822a97423b65	3.1983246487065897	5.6489375
de8/68d06078fda43	3.4555927680044443	8.7263125
de9/599219175368a	3.1240121744309275	10.037875
dea/0b08e109f2723	3.027056163304228	1.868875
deb/d667e3e9eec63	2.454409537055924	4.996625
de8/6285d54f81c32	3.5199405624595372	6.0775
de9/e2d2535f65af2	3.443620385000387	2.7964375
dea/959cebc8b074c	2.8104437748375797	2.3494375
deb/f0cbe740167f5	3.0199141691474956	7.80675
de8/b389a0f22e97f	2.714512420510485	2.909625
de9/94ea7f3a508f0	2.700622746761889	7.23
dea/eecd8c222a9a6	1.4233135246230326	1.4410625
deb/ab1886e00c77c	2.369963735746442	5.628
de8/e5ab713f0bcb6	2.759900360115983	5.5304375
de9/c60748d7b4b0c	1.9987566963199532	2.1391875
dea/4155732d38a29	3.1756105639682435	5.5719375
deb/ff2c667c48dd2	1.8757064358119055	0.807625
de8/60b12101c50a5	3.2927893015930465	8.703375
de9/f2e446fb0ba13	1.0842774443543766	1.7309375
dea/9f097d439c5ad	3.2041818316183486	5.0536875
deb/fe5e380f05233	3.0104014600493216	5.4129375
de8/1bbf517fff8bf	1.3771547944066425	0.7684375
de9/e8983d5a7e5e3	2.436460356181827	5.251625
dea/ccf85f8ef3130	2.9280784683501926	5.9105
deb/b47a58b3a56f5	2.7498330245439715	3.2463125
de8/12d0e456901c8	2.3643087802064446	1.3743125
de9/105daa1f3c340	3.3288713334399267	9.595125
dea/23740cd98075c	3.119559280032259	13.5451875
deb/035387de8ec63	3.391552679116415	16.7639375
de8/5443107695dcd	1.8524705597470668	4.2423125
de9/37c7100ec304c	2.574152139962024	2.164
dea/0dd6b8f6b7240	3.1626156518298383	13.681125
deb/40cf15ff67d76	3.4477689359064367	24.767375
de8/287c84336b850	3.0567175261252784	4.65875
de9/11eaa10f4417e	3.4055008946564707	7.0354375
dea/8273039fde956	2.6103385670754298	1.664875
deb/93b80f8a36538	3.1731363318928776	5.5466875
de8/b37087e92dd30	3.223785663447806	14.1246875
de9/c6d22fba835eb	1.7708969582550884	1.0595625
dea/997858856a5b6	3.0036988863184755	7.132625
deb/b8e46fa04cc3e	1.8326153746730087	3.1591875
de8/b79ede96a7b0f	3.2863216910026147	3.2048125
de9/12c59355b00f7	2.7156892207143177	13.168625
dea/89304f7c656bf	2.822529145745201	2.124625
deb/8c38862d01f60	2.9573758546339137	4.7798125
de8/bce30afef32de	2.2291651584400443	11.005625
de9/3a98c9bb43b2c	1.926918770346082	1.2011875
dea/f167d9e1a871e	3.321278359390861	7.0435
deb/39e7ee2694bd8	2.842244512466911	6.0088125
de8/c448b38af4756	2.712454457030202	2.5190625
de9/d5230185e0d26	3.304230025341787	9.435875
dea/d31e7526a0481	2.935956732670681	6.13625
deb/727bd37829e40	2.5420487652062174	3.7519375
de8/3035a0a5a5e5f	2.5218387079190543	4.0480625
de9/6122f98a822db	3.150052814209631	3.6093125
dea/6fdde03381065	2.1890921397927117	2.0570625
deb/d01a789e4e7fc	2.8356002477038	4.8159375
de8/c5212cbe5dea6	1.9249898496778204	1.364
de9/943a7f70f5daa	3.2347686671845755	7.62075
dea/117524c37bd64	3.149301274517666	10.5185625
deb/15d95b9681b03	2.4950813238832077	3.4115
de8/cb18bee33089f	2.135201305850259	8.0791875
de9/772405e282d1c	3.3159600063891834	8.088125
dea/8d731492defd0	3.313189302360919	10.6195
deb/cb72ad45d94f6	1.7807279592949812	5.1010625
de8/a7c52eaa35043	2.4028476503148357	11.1008125
de9/7b0d1de3e202d	3.291398704600642	9.7623125
dea/bf69d343e5f38	2.69595241965705	9.3740625
deb/85595f77d21aa	3.2006531551587	3.260125
de8/3167616e9eb0c	2.5864562422925235	1.3220625
de9/7c0d3e753f948	2.1359159066940943	7.7776875
dea/e1e1a1ab89890	3.0820875058777992	3.619625
deb/bb827573c4642	2.9292016321129544	1.9875
de8/a98394b24ecf9	2.6597235699836195	3.960875
de9/0f510171c51d3	2.8275762593237364	6.269125
dea/2e3938e8d2e65	3.2640424355421134	2.3270625
deb/c01a2522bed05	3.3258696213417656	3.4099375
de8/d5a50bc89d6df	1.9193112133582981	7.1453125
de9/4fe952ae7a826	1.11385814175576	3.6783125
dea/046d82eac0ddd	2.1925633628407057	0.9128125
deb/3eb1e9cba8c9b	2.05304781598775	3.115375
de8/1e0c63fdad0cf	2.498430441367465	3.7135
de9/381c0939267a0	1.8077977756448882	0.720375
dea/41a097bae3122	3.2424422274127345	8.8543125
deb/de48f92ea6904	3.033447983842264	6.4869375
de8/7eae4cecf6887	2.9727967329550884	2.6923125
de9/085c82c0acf09	2.849843780775292	7.7066875
dea/c01cefdd7e99d	3.4791644541748443	18.7596875
deb/6529687be1b50	2.213580216992014	2.2363125
de8/494714c6e3ac5	3.4787886757199646	8.2006875
de9/c7441e301f8be	1.9976944698627723	0.9125625
dea/216774b247a72	3.1940426942595246	5.028375
deb/600e72ccfeffc	2.5609443032119747	1.1204375
de8/302958a79e008	1.059511332501462	4.659125
de9/a137532396b1e	3.2714700947277744	9.9525
dea/433357136a3e4	2.96807158459889	3.883125
deb/a46f78e6f3c7b	3.191187008794644	4.037625
de8/7cbdf78520d6a	2.744248392859096	4.824375
de9/bfd1bf7c849ac	3.3457054678903417	7.1564375
dea/3e088751755a6	3.1607788858325816	2.5463125
deb/b0ad829eb694a	3.4213065240429343	6.007125
de8/9fbc136eeec2e	2.74187544955667	1.7303125
de9/9ef2a046fb91e	3.2625616818347427	9.106625
dea/07a42ecdb5f2d	3.1874619865096747	11.042625
deb/4066c8f10e60c	3.4164176945784694	10.1400625
de8/e09c151152210	2.257790557290558	7.3485
de9/b51d000d49f07	3.1217037646012207	5.0773125
dea/a4cb3dd440160	3.3389968052041668	2.7100625
deb/703466e523131	2.703523312096843	6.895625
de8/23db077844dda	3.1779605508485393	6.5583125
de9/8848326eeb01c	2.4835243455439633	9.949875
dea/ae72a3529ecd7	3.17471443023244	6.2784375
deb/ba47d1a6db9e6	2.847736718589114	6.808125
de8/b8a3b91bf8313	3.4283817402354178	3.895125
de9/4f0a634f31020	2.584325879668535	3.913125
dea/6a64f38a6a8e6	2.829085312547994	4.6279375
deb/2e779aa77576a	3.215037631465496	6.8285
de8/9f682e1593f5b	3.237248588151701	4.1526875
de9/d720720fcaa57	3.1165154073453323	11.2890625
dea/bb0327b8058db	3.4420556267856353	6.8345625
deb/c703e789141c7	2.431110453067086	6.4210625
de8/a967fe1c35dc4	2.4500472138197815	3.2355
de9/a5b8cc86646d3	2.675371883774171	6.0235625
dea/04345b594d019	3.286540019733326	8.2251875
deb/f0f007cc23b04	1.8242920979751185	2.7691875
de8/07f52b02c5d22	3.058581953902725	2.5691875
de9/a1b09926b52b2	3.059337146643193	1.9895
dea/d63042086e0e1	3.4744110249120936	9.8046875
deb/447de2dac0f2d	2.7858568366131298	5.427375
de8/21e3ac6390cbd	2.5844807529952822	3.279875
de9/7f7223df465a1	2.9170152401148903	7.1229375
dea/b3d481d9b5598	2.3896455850912934	3.733
deb/3445bbe10933c	2.9675559060396006	2.89275
de8/af40746b6dcc4	2.872606549105908	3.801
de9/ba9e977246528	3.1029237178840012	4.249375
dea/235c993c1c8e2	2.53824089827583	4.9229375
deb/bfaeb5614f107	3.0382233839110566	5.3850625
de8/d83d3be120166	2.9277992560839334	14.288625
de9/a3e22e06f8226	1.2113520465775622	1.105125
dea/5dd9f3e927a51	2.9208226878200247	4.0
deb/1c08c6557cc2f	3.1981228537832402	13.33725
de8/b67e3bcd9c826	1.6219528331404702	1.2975625
de9/b4d35b713d1b5	2.1708506987935636	10.433375
dea/b7ef343def173	3.135516407629336	7.5836875
deb/68f59122f29e4	3.3326229748894773	29.9998125
de8/1daeb8dd234bd	2.6563770889857694	3.0618125
de9/c6fd19aefaf7b	2.785730726864771	9.1300625
dea/314c07bba488c	1.9154257035708597	3.64375
deb/56314946ba0ff	3.3449069495938812	8.4864375
de8/b2b93872c7daa	1.6101713247048988	0.9134375
de9/84777181507ee	2.0837541561278994	4.2810625
dea/0dc97bb29b182	3.09570933993716	1.9696875
deb/744d41044ee5f	3.3332929429543867	7.5735625
de8/8afc41daa81fa	2.8652102399746915	4.09175
de9/2aac86b132c45	3.3073034642882866	5.5128125
dea/6ae4c5fbdcb53	2.727706543408289	6.8956875
deb/ab22adf49774f	2.947497119055298	6.2344375
de8/7f664204501a4	3.419103225786257	4.8326875
de9/78c06cf8bfd54	2.8231246283637166	1.996125
dea/92e5123d54c90	3.288257843067138	4.887875
deb/d978c11178946	3.0413702128073603	3.321
de8/d58033c6b76f7	2.5672958673398094	3.302875
de9/790a0f5a027cd	1.832561296744665	0.6240625
dea/8eff4317d28ab	3.10843792523077	3.894375
deb/5ee3907423ba6	2.630041130719913	3.0688125
de8/2fa498dfa47ac	3.213499272747709	2.948
de9/539365208333b	2.9355949645065214	1.9581875
dea/366408edb58c1	2.430949880468041	6.873375
deb/890aadced5b8a	2.590211503943085	0.9396875
de8/d02d5d78f981b	3.3492332215871086	7.3814375
de9/7fd9d22d39d0f	3.1361997867855282	10.1138125
dea/af02b8b20603f	2.581498362021591	1.2060625
deb/d18bca660f2d4	3.1561066992859304	6.0635625
de8/5586bfd72e7cd	2.25298402869408	1.5055625
de9/8c95e1d54357a	2.8226440150093484	1.1845
dea/df7d607f94889	2.831531912539661	4.188375
deb/1dbaec6fda882	3.267653409071632	4.5959375
de8/167cc0d4213c5	3.311136525850339	6.0141875
de9/049e9d402ba5f	2.987546113873748	1.6841875
dea/c70fdb72a9178	2.3884302996310067	5.521625
deb/d0fb2ab8f9aca	2.8224398259608083	1.1440625
de8/92c61311828e9	1.5847030280790313	0.8165
de9/39ff618fd4273	2.389729623959208	3.388375
dea/ab151c508b97a	3.342606193779073	6.562625
deb/b649a7e9fb75b	3.4032823419944043	4.9490625
de8/cee8827b26a60	3.26888344584714	8.2844375
de9/64d3b8bdfd3c4	2.972300818038195	7.1240625
dea/16065b97a30da	3.523852772017983	9.881375
deb/d706dd25a6b90	2.1373956652014447	1.4650625
de8/779bf2cb1c474	3.1930314684834538	2.387375
de9/d83c2a3ea7693	3.12380064662428	7.3324375
dea/3de607f5852e8	1.3010405421305666	1.9699375
deb/d6be8f42dc99d	2.849296677368361	8.9195625
de8/005cf2e75897c	2.528607746559475	4.829875
de9/71230b087712f	2.958436633377695	3.7185
dea/bb14bd49f240b	2.574402009806224	4.5461875
deb/990e21bc7a33b	1.572191457213543	1.8835
de8/239f8631416de	2.476627825851941	9.7474375
de9/ff0b80d79c7aa	3.370149163101678	10.8188125
dea/a604ab66835d3	2.4648443837786425	3.2766875
deb/3b0ef187eb545	2.6213062064188333	3.768125
de8/94277d62b38bc	2.936989211920995	5.0719375
de9/413b255bdb27b	3.401260478471429	10.6175
dea/8e8cb69e2e8ce	3.1986342017678697	7.176625
deb/31e358ebd5623	1.8482841505881562	1.0568125
de8/eef0b5866f6dc	2.848143625744521	2.316875
de9/929107f4193ea	3.1259863267084165	4.664125
dea/b6b665f086a76	2.7513961160200164	5.9996875
deb/1ea04841af2c8	2.94366008538118	6.7905625
de8/92572809a10b8	3.36950163748912	14.16325
de9/fd0509d08b648	1.4309521290562364	2.8853125
dea/3fc08b5a2f599	2.705842036329609	2.069625
deb/959481fa18c66	3.0957434917603277	3.1534375
de8/b4791a8a2d92e	1.5682664557473232	3.8941875
de9/c02a3d7300088	3.0421010929201096	6.2341875
dea/6571bec3bafc5	2.6756487373548423	10.3889375
deb/62016d8226af2	2.967227894425815	3.70425
de8/99f48e06f2c57	2.6305197257785577	1.7940625
de9/3bec268d52429	2.318915178303199	7.8425625
dea/f1879b7ac5376	2.391995297587095	4.059625
deb/3c0f0024ed7af	3.109865378060992	6.9305
de8/036391e1d91c3	3.5026223525982236	19.23825
de9/7aeacc5622a5b	2.51558930141828	1.4239375
dea/8f7a9e9305092	3.3351639849362194	11.32775
deb/df5ed6c634a6b	3.200454350817322	18.482875
de8/80d3966b12c38	2.6780889561213965	4.1605625
de9/d6074196e520e	2.426974786270334	5.20075
dea/5e8e533146bf0	3.111384863796746	6.3490625
deb/249ceafa66fde	2.9128442263929695	2.8213125
de8/602f48ca9729d	3.4217883088062258	11.92
de9/d94ba3b4aacc8	2.8643647432890447	4.108875
dea/593ec321eb5b0	3.2032781259544234	8.6234375
deb/f9a9a04424fbe	3.0060058674914343	2.56375
de8/960cf8ed245e7	2.3341633343466635	4.1469375
de9/24e1f421f184d	2.8835093025555416	3.3304375
dea/457f34cd69cdf	2.5770665661378045	4.1051875
deb/a0f38e8ae399a	3.025630144995445	1.95125
de8/e9a40b6da8504	3.334689005970907	9.4276875
de9/20a09018eb2c4	2.586704765838516	3.1236875
dea/15200ec0d7161	2.1536437394720935	0.9463125
deb/138f511ec1b12	2.9684595677486776	10.1665
de8/45cd2d342bf5e	3.3268521251202405	15.631
de9/095e1e1eacf2e	2.8555704735543035	1.891875
dea/8b779ca4253d1	3.244304288794251	10.4566875
deb/c2c26b6435f9d	3.4098165233077444	4.631
de8/3b4921e1a5dfe	2.9082614793455663	1.7205
de9/0cff179e3584b	2.9354473231289098	7.90525
dea/6721df1400643	2.8243646585948605	2.9466875
deb/cfa60d4585e60	3.3965741012558666	8.48975
de8/1440835015874	2.984089200038154	6.3091875
de9/7364b15f61a47	3.3850043614620593	6.056375
dea/7734a07210188	3.2701030570917005	4.6688125
deb/efc5fba4d6eb9	2.6530676052277324	4.18625
de8/b6b2612315ee0	2.994541191428371	4.4973125
de9/2274592b31a88	1.8381616507034606	0.720375
dea/aab6cb50cd4c5	2.607230538434918	12.5143125
deb/e8df7e982d6a5	2.986912168434556	3.5559375
de8/fc39219c9ebb4	3.3535174714121516	12.0183125
de9/57ccd3591b589	2.895485018709975	1.586625
dea/4b5afc73def91	2.329704373966471	3.040625
deb/20be755d6b402	2.939258435920109	1.568375
de8/48d2f70f3ac9e	2.7781137903160342	2.115875
de9/a9d88c27b74a3	1.443454580149592	1.7739375
dea/5f0e5bfaeb42c	3.0858642678265285	6.0659375
deb/eb0c0c352dd78	3.320747725844003	9.97375
de8/f026a02baee86	2.479982690960442	8.690375
de9/792e0a2c38ca3	2.883629513065571	7.4355
dea/55d63fc095679	3.0057885344188255	4.1741875
deb/33ee9a5ab3a12	1.0936430216194433	1.7096875
de8/df93cbc5d3951	2.7717459409189438	1.8263125
de9/d82ae5bcbe5b6	2.7835722620370116	1.970875
dea/b1fd187f2ae67	2.6955786310389285	2.509
deb/c064a6b668fbe	3.1153384422613914	1.5925
de8/260a69f78f023	2.7548715455751474	1.59525
de9/b8f8701995970	2.5839437391236353	7.120125
dea/cab319b8e3f7f	2.1287945332016833	1.076
deb/6373b8a698db5	3.108912515949301	5.4920625
de8/a3624ba074def	2.7538587263714045	2.9810625
de9/1df55c9de202a	2.6935155091630882	1.5624375
dea/c796b6c6885d6	2.510545740395863	2.162
deb/2388978e25132	3.2608510512129962	14.624
de8/370e18bd77cd3	3.24768461314245	8.4139375
de9/ab8e8ae4192cf	2.838687617241064	2.0190625
dea/2b4fb59707b91	2.510702881516066	8.43625
deb/80e7b1645e718	2.3420988518530947	3.622625
de8/7932e594a7534	2.113867922853623	4.5131875
de9/0edaeb57d596b	3.3252702404469296	14.035
dea/0ed51ac2402c2	3.1333133161434903	4.12225
deb/b2709bf3d8f8c	2.1047561874300142	2.500375
de8/4407ea225144f	3.2970986704136274	13.974375
de9/abb0defe65bd3	3.4731783765718967	8.7543125
dea/1b1b264dd00d5	2.498064206170926	4.9216875
deb/95e2dbeb8d205	2.9804225840734744	1.561125
de8/8012602442b17	2.516118625484893	0.985625
de9/07162457fd1c7	2.9507506097060534	7.58675
dea/f65ee329d6ade	3.28994621827805	8.1768125
deb/6dba80531daaf	3.225614758940311	3.559125
de8/accb0bf0bbc8f	2.9101670964414073	5.0209375
de9/0edf83e54b5d4	3.270139271557005	6.2415
dea/d5fdc916cae0b	3.011354803018412	4.105
deb/7d223e28d7f29	2.0543452225287546	5.3236875
de8/8e1482f5962a9	2.5737045268861385	7.2270625
de9/5b90acda5c1e9	1.8417093514972271	0.8645
dea/b057a2bd4048e	2.7519918908637564	8.2229375
deb/73d4021a7b962	3.1713308856570888	8.692
de8/4732ea69f591f	3.1937042810966694	5.59875
de9/59c0fc4ca99a0	2.78102523549779	3.5063125
dea/9ad5a768e8ce7	2.5702802760369985	2.0499375
deb/be4a625672100	2.5841776741176767	6.7244375
de8/78524a0f6fb0e	3.2638718483415534	7.5356875
de9/09679a09c0c13	2.6239566248389514	7.961875
dea/3cf7128ad393c	1.8384553561885955	3.9483125
deb/35eafff7c38a2	3.097165889843941	5.009125
de8/b7c043c34a748	3.342588126082992	6.5190625
de9/e914d74cba37f	3.055068432013034	9.6694375
dea/a2e1fb5f41f36	2.24418613822986	1.5934375
deb/0073f487d5d63	2.8307693524904867	5.8388125
de8/bc96eacf4e64c	3.0471436137834282	11.430625
de9/594c1f14d8bf4	3.265314457645732	22.68125
dea/736624b18b234	3.042015888970701	3.7626875
deb/4492a82f7921d	3.428683766480013	16.1048125
de8/8c1afa4b04224	2.2601425112870137	3.36825
de9/a2daa1e4621d0	3.3705650848278434	4.97075
dea/a74b691b0d6f4	2.844378236906308	1.9460625
deb/8c89da7efdcf4	2.804522730665282	2.5686875
de8/be257ca26536c	1.1422176180141579	1.2085625
de9/d777444d59fab	2.6954888073041703	11.8365
dea/4f705c396061b	3.4257017038468827	11.124875
deb/2f0ae9fb52956	2.705110790869053	1.8541875
de8/7336fdc5e8f33	2.5324404678704573	4.4639375
de9/a4551a40a27d9	3.2037748052044246	3.9255625
dea/ecfd3e6832c91	2.598301787515648	6.12375
deb/df721e1fdbdb7	2.975128059149751	14.51325
de8/8fbb993c9cfac	2.44409135150012	12.3440625
de9/805920510e067	3.223803610157167	10.1575
dea/4beb03baabfa4	2.357857079276081	4.5885625
deb/42d77412f00cb	2.6125781606723635	9.633625
de8/d77715560768f	3.1251160632315615	12.754875
de9/f917e7c61a8f8	3.271767513894138	12.507375
dea/7732a011ca2be	2.8445938687311942	2.922625
deb/25a5f10378066	1.1901455714545897	1.201625
de8/e0ed5358ac488	2.20193465666239	0.9605
de9/87946ac46a576	3.024534424480965	1.8280625
dea/cee869c8742ad	3.5097207524011913	11.24275
deb/c84fd6d160ff3	2.714430975009378	3.750375
de8/6fc41f26658cd	3.4052190144402954	4.6400625
de9/534805984a3f4	2.388408914619759	4.586375
dea/04e9add810922	1.684758826973782	2.0001875
deb/99d621d9474f1	2.430022036402608	1.2495625
de8/2c6a56fbb45e9	2.9785670682080654	3.12775
de9/30c7a6bfc7caf	2.982321139683601	6.1545
dea/995bf7ef8f927	2.9208095345227036	2.3990625
deb/4b469ad4e48f0	2.0351384603955043	2.69125
de8/c523548259c83	3.4200255747038235	6.4095625
de9/704d9a97090b7	2.2055641378970496	1.9620625
dea/f21aafc745840	3.1087755160423174	2.0681875
deb/3583341fe8431	2.9293501963636728	5.7110625
de8/3691834cb0b37	2.872513140058649	9.3645625
de9/e1132cb1a45f1	2.861884694955767	7.775
dea/ef3c53ae8abb2	2.3491051839834416	1.419125
deb/e319c72ff2f84	2.321328590069801	3.2016875
de8/fd7902dbf030a	1.1264950478955384	2.60125
de9/f755ec0e7de1f	2.401251140567369	3.1275
dea/dc3198eebd949	3.182384845213143	5.777875
deb/ff5111bea1555	2.574819168136144	1.1055
de8/e3e3b5dfca2dc	2.802814826641621	1.1526875
de9/e17a78f3cadd4	2.4946104281767574	7.9828125
dea/473b6075b67bc	2.8345404543964525	7.2194375
deb/fd49b96309b54	3.375148739469747	7.176
de8/419eafc8c9078	2.6520482403990093	5.5644375
de9/4bed3e99abe17	3.0144941321499212	2.109375
dea/5048ec879bdc4	1.070871269004459	6.3684375
deb/007e217da265c	2.92679195862867	25.25975
de8/4bdccf55a12fd	3.0899993036439004	4.552125
de9/fc9037f1e8d93	2.864401307339644	4.5915
dea/7bf092d02121e	3.4355094302249616	9.0561875
deb/f78a947aee3c0	3.0042555647891724	6.9248125
de8/8d618fde05c22	2.485262664637796	2.4444375
de9/effb217220eac	3.118706069417628	7.2269375
dea/ed77f63420705	2.783473215014807	7.677875
deb/a2546f8152abd	3.1405635206277718	9.79075
de8/66aa15bdb9bad	2.9016000379592723	1.393
de9/f79023f0c0f34	3.0884004572556947	4.977
dea/13aff9ba704cb	3.406883322057188	14.84075
deb/d9a71f52b31cf	2.4327174760877366	6.6086875
de8/359f4f4751ebe	2.6762646625382764	3.9765625
de9/0ec6d55df1c8c	2.7239034674744698	6.4155
dea/41b93a604a99b	2.618038185024537	4.673
deb/c46360c4fa7e2	2.7544735023208093	3.9401875
de8/a3bbc612fffad	3.172189591951061	9.2066875
de9/ff050786f21ae	2.723209030150724	3.0364375
dea/e347258a09c9c	3.469638438465715	14.9735
deb/9fe0c2289c8d9	2.721812639411361	10.6663125
de8/870404586d3f8	1.6768872188375745	2.7111875
de9/07a6639687633	2.328331818412302	2.116125
dea/834832d79d76d	3.0295798169479577	2.058125
deb/6ebc3f52ecc8d	3.2126453809003466	3.3170625
de8/ee2fef5d31d35	2.890400525339457	6.34
de9/3e47e91be91e2	2.464159557724495	1.9219375
dea/cdae762e0673e	3.084979816926838	5.0230625
deb/bb919ef2f93f9	2.9573174933103736	5.7843125
de8/ebbc6d8fc639f	3.3088478680236597	12.393
de9/2aa571cc948b5	2.781205508579786	5.051375
dea/599197f2ee37e	2.860759045310445	6.152875
deb/8be91d511752a	3.4265258205170337	5.212875
de8/b7f1dd21f1b55	2.749327213697277	4.8058125
de9/1541f43b4583b	3.3131742386755443	3.5041875
dea/a39d5939fb2fa	2.7203766858314893	11.2955625
deb/bf63165e53d00	3.337946995644707	11.05375
de8/e2cddf1ceca77	3.1136341886947623	1.8511875
de9/c926afbbae026	3.298763675496242	5.18125
dea/dff04eae3f494	3.144094569192981	7.7620625
deb/521a85d2235dd	2.56513619794719	3.5139375
de8/499a9d8ad895d	3.0614591502609563	8.7120625
de9/51083df242e68	3.0669838288230125	5.97825
dea/fecaa84d751d7	2.0993422484895623	5.7498125
deb/9d2b7a2b6bf1e	3.0202414615715325	8.071625
de8/eb45ef6a6e3dd	3.3572032299048566	7.588625
de9/0944093b8fb10	1.113595732994224	1.2645
dea/0aa28b147a7ed	3.0189186258584213	5.5726875
deb/9ffa2d8785a33	2.082510208320641	3.2849375
de8/e99d01ce7a8d6	2.497295432170372	1.5415625
de9/743859eab6c25	2.9881408614512384	2.8044375
dea/567b6a2ad267b	2.7586887494341275	5.43775
deb/db99ac2e5af52	2.3215811915162314	2.0199375
de8/5ea56efc651e1	2.1690499527070823	1.058375
de9/30d2a734bab78	2.6273769443314836	9.013
dea/b94d7da546261	2.1420738680508493	1.5378125
deb/5d72df2a3ba4e	2.749914870981242	1.7785625
de8/c7f69322745d2	2.761321171528421	4.5711875
de9/e000c1cdee104	3.052161985610291	5.6831875
dea/b3b01b2731db2	2.1228075741199346	4.144
deb/dd20515d74a49	2.0834024786629275	4.0086875
de8/4212bdba8abd2	3.303815650432497	6.50575
de9/88d375852e2a2	3.1202290643995383	2.2149375
dea/9c52e8332ebb8	3.3711921690681916	12.936875
deb/fcc2c9e8cd655	3.4313394057111917	8.5225
de8/d1ffbae95089d	3.3034149437484395	6.5491875
de9/c34a89bfdd017	2.3818627213854655	2.0954375
dea/f4ac9272de708	2.4342284215681347	1.090875
deb/986e27440bd7a	2.743529740907196	1.13025
de8/6678ca07345c8	3.0183899457917827	2.788875
de9/d294e71d3afe5	2.998631960398774	4.0353125
dea/053556697839c	2.6300862926630537	0.8645625
deb/d59768a428021	2.377290556249244	2.0383125
de8/d6e32e029bfdb	2.750011829183725	4.912875
de9/96161f1e4e1f1	2.9965281899244762	4.84725
dea/2806530b27e82	2.925212722111363	5.6823125
deb/72327317c732e	3.1574243875040717	19.699125
de8/9ceee266bc080	3.4205351353015145	6.1405625
de9/ff4e50f504da0	2.8081405420000505	1.6364375
dea/363ebd4e0b664	3.0382174028650684	7.0415
deb/15f60b69d7c26	3.3871020626665023	12.7018125
de8/9a8d023d84a13	2.4403272047098183	2.619625
de9/202ec356155c1	2.4621484064914645	1.685875
dea/615d8304a96b9	2.369978681208734	4.8348125
deb/07b6c7007d7b6	3.414794644226071	6.729375
de8/51b9491c543f2	3.4169638435487575	16.4943125
de9/364bedb56d410	3.2884018726833566	9.5745625
dea/f1b9042624bec	2.9814059267705315	6.9291875
deb/da56b7fe027ad	2.3896799290046222	2.4508125
de8/ee592f1418023	2.9720070024773935	3.9375
de9/6189dde4ed4ea	3.1574554044756247	2.2213125
dea/90f3b00fb1410	2.8460981231326596	10.28
deb/e784bb0ce6245	2.781495048487372	2.1648125
de8/348cc9b1041f2	2.3416044737487884	2.6319375
de9/91196d9b8761e	3.214026049560239	3.3484375
dea/76f6f4713db91	1.2893779896157194	3.614625
deb/d707a9daa4c00	3.4653303727966525	9.0229375
de8/68eb77fd191f5	2.0372734750702035	3.1520625
de9/bd2eddb591fd1	2.9434101674420154	6.7140625
dea/7899eb659c9bc	2.8748490624965317	5.212625
deb/039f6cf7d0207	3.353358431187293	5.821
de8/8a239e19773b8	3.122245487917859	22.4530625
de9/a9c53bfd5d056	2.574291751800356	2.6436875
dea/ad8735410e7fa	3.11723926146779	8.945875
deb/122b5f1fa8df1	2.8203683329489317	1.7908125
de8/586a4572b5604	3.301633181828439	8.6151875
de9/9da9df98ed978	2.573331720379077	6.905375
dea/613d3c6d1438b	3.2841526834275405	7.695875
deb/2a952556ded8b	3.298327823757687	3.895
de8/47233852e3cd6	3.350511049888388	3.739875
de9/740ae76a80a08	2.9329490185728395	8.469
dea/207e0ada994f6	2.2556447240972286	1.7071875
deb/999b9e9122440	2.4143838520770124	2.923875
de8/85699f57616a6	1.7477554988526383	1.490375
de9/19d53242bb0df	2.3770873482762997	2.9806875
dea/d1272ec8ecd2c	3.357268000660082	5.5921875
deb/ad9030b0cb920	2.71245999983731	16.0835625
de8/81371415f8390	1.07480611181305	3.4103125
de9/bde076865a1ad	2.376380620553887	7.422625
dea/5937f505b5650	3.2526698799876748	7.830875
deb/b47cd25fe9359	3.2081469256721324	5.1631875
de8/fab1879d558a9	1.6956321632895026	2.0126875
de9/83f8e95ce8233	2.1620556708727907	4.355875
dea/386ff0f402b12	3.302469478441173	14.5000625
deb/c5bdaed90f0dd	3.072844719413557	1.7885625
de8/0477291152937	3.3538280445152306	5.334875
de9/fd28e07127ade	3.075127499739999	2.21125
dea/aba19bf72cbb4	3.458867008631909	6.0365
deb/2f3370f1a58ee	1.620584049055927	1.71625
de8/e8678931eb212	3.195641033081341	9.3791875
de9/2f7ab53f4f470	2.874880201409941	3.9325
dea/476b2538bbaf5	3.409012361228334	2.918875
deb/621468be34ed0	2.829129871237233	7.888625
de8/a1ac1a1455a60	2.8223483814179207	3.1180625
de9/39388224f6db5	2.989588212152199	7.01125
dea/a837b3099de24	2.703234624719228	15.52
deb/5cdb48f35847e	1.9020931175981985	1.9971875
de8/7749dc2b56c8f	2.6305640095247296	3.1606875
de9/9fdae8e43b63c	2.964732893510798	2.1819375
dea/905709a4a0ac5	2.537610164993501	3.101625
deb/074a4fbb82f37	3.3327306328411184	5.4304375
de8/b19efcb8219a2	2.96729184685407	1.3213125
de9/77b41d2608da5	3.51856331939286	10.957125
dea/08c2bd04f7da9	2.916539636298088	3.2990625
deb/b8a673d770562	2.9454805962959516	4.59275
de8/76722c4e7b7bb	2.6295209907453727	2.0826875
de9/b425a05a5bbfa	1.1656279299975454	1.6343125
dea/875b0794e5018	2.4880195324088072	2.0261875
deb/426b7de4a522f	2.9967273541190913	5.653375
de8/e521057a6e859	3.301592941693794	5.3156875
de9/c0b0bc62ff1c7	1.46980921526955	2.3659375
dea/9e842d8cfa26b	2.1091036145083497	4.177625
deb/0298e00e67188	3.224262456686423	12.671625
de8/1054fc5fb35ae	3.4280186246410898	4.5681875
de9/2864ee975b142	3.11683135386139	4.789625
dea/527a8cff821d3	3.375052134935966	6.3021875
deb/f971f6446da18	3.00276018015368	6.6784375
de8/9399dc9fd28f9	2.219731359128793	4.097625
de9/8a8a487cc0958	2.301157741205094	2.67325
dea/9b88d76410149	3.079213467988393	4.750875
deb/cadd9247f57e3	3.320455135848698	16.91925
de8/6e0c2b899d49e	1.4517292238242008	0.7203125
de9/2b764942c8cb2	3.250997420545389	24.5016875
dea/fd108fbf28dd5	2.5870814715807815	2.260625
deb/d2765534f1cf3	2.6845676673588614	10.62575
de8/d4d2e602a70e0	1.6221332168615308	1.3939375
de9/79ddef9bb7034	3.3069771955437943	3.7201875
dea/42530c942b05c	1.8896232091408736	0.7683125
deb/a988e6d88bfb6	2.920901834633353	2.3463125
de8/981f482c0d7fd	3.2212654065990263	7.1504375
de9/50ba108fc1040	3.519976745465499	7.2143125
dea/dfc22a5cd2881	2.1957245939285506	3.0331875
deb/9b8ca68aaa6a8	3.2529324877995585	10.20375
de8/ea761a8fae415	1.3037203233446568	2.2215625
de9/35a81dd55434d	3.190680608108425	4.05675
dea/7471d45ca5f79	3.1302166243669074	2.464
deb/2a7e503d265f0	1.928094822332691	1.25175
de8/bb7753eaf1273	2.9317702970612087	4.447875
de9/16af7582e11c8	2.4621629440967903	3.72025
dea/c3323e9e39069	3.066781059629372	4.2179375
deb/17145523d3576	3.152433494728017	4.8250625
de8/7992060dfe574	2.8737180109012037	8.3140625
de9/b617695abc24e	2.7672919880913835	20.7053125
dea/762a3ec6b91e1	3.093101748132655	10.71175
deb/d72141a694435	3.1937462778135046	5.404
de8/7ec9d93c38d20	3.513133725692565	5.026875
de9/4f2e8ce49f1be	2.9865047086292997	1.8755
dea/36056c37023ce	3.341595600357234	12.91475
deb/c62ff6286f6c2	3.25576058980218	5.9315
de8/d06e4059aa346	2.8161069734063067	10.096875
de9/6278b40562a47	2.4094433812172156	2.221125
dea/b2ca7794b53d1	2.7819072857271783	9.84625
deb/4500ee1a7b3b0	3.0389370757836387	7.1469375
de8/446824c17f8f6	3.321986448846965	10.5344375
de9/bfb3e83694f9b	3.0934286760579113	3.43875
dea/b73cac6b7b3be	3.43004605338053	8.89175
deb/57995aba47d5e	2.884900083263952	3.6153125
de8/f588e4fdc0c29	2.439492183257677	1.9420625
de9/0235fbddd58a4	2.3484346389614257	8.0195
dea/0af46927a593d	2.6317488197683105	5.46725
deb/96eea607b6bf1	2.51388475099226	5.1955625
de8/e101f64a8f51c	1.6136114437064393	1.538
de9/e6d56bec87c2b	3.121855019550466	12.3768125
dea/be665dc450785	2.9607289924233777	3.604875
deb/465e8dd2cf9c5	2.9818802198542222	3.1260625
de8/c63e30bd2c732	2.8795508291723735	9.008125
de9/5a9eca6ecdaea	3.217887702018758	12.3368125
dea/6ecc04e88ccee	3.2003526993337688	9.4014375
deb/3b1545fd40e1a	2.296226538611807	4.6430625
de8/e5b08bb515724	2.959229051436653	2.743375
de9/2dbdb7b8eb9e3	3.2140616231503305	5.3565625
dea/02abe83077ca7	2.980634319354381	13.1355625
deb/b0851487fadab	3.061011121980403	8.1925
de8/a4883a0614184	2.2823327966199782	7.4529375
de9/15bc763dc7760	3.2318709571019175	5.091875
dea/3055382c88670	2.59503695896197	2.405
deb/ca582ffe80320	2.4125156865987996	4.332
de8/347a8e335f30d	3.4426372461077586	11.5671875
de9/aa524ca8e09cc	3.34842296020054	7.9588125
dea/26effc5d18233	3.179938181221192	6.3221875
deb/e54a6c7934a65	2.7657112346805257	16.6835625
de8/9e036c084959e	2.215334700419036	0.947125
de9/67b5dba2eb79e	3.272478971444805	6.1634375
dea/50c96fad3b7b5	2.5646248234413025	6.923375
deb/ff0552597bed2	3.2789161120875154	8.12175
de8/8e5ab64c6971a	2.911189100519875	3.769125
de9/8fa6901099495	3.4035188048356204	5.83325
dea/a9e43b760ce43	1.086276411301511	1.1048125
deb/41ea203fa1f3c	1.543942553089561	3.0751875
de8/5170b6e85e581	3.204045791120564	3.28475
de9/9de2b1e29a9de	2.290727366141829	0.9985
dea/43360b464f7eb	2.5797274659456675	4.7675
deb/e82f976e2bc7e	2.821080292975146	17.5994375
de8/9fa76863326d5	3.284714007083528	8.8731875
de9/260660a0deea5	3.0174706098041457	5.384
dea/04cd21908e6ce	3.297375603015395	2.871
deb/4e1385d230a8e	1.0983192417073309	1.9890625
de8/f62a4f9bb800e	3.354494418486828	6.3955
de9/d4359c81962ac	3.300148679550165	9.00475
dea/f5950e14a208f	3.161005262827466	4.856375
deb/298ed18f1a2c5	2.984454981538773	7.8240625
de8/397dff888ac0b	2.131430944525933	5.8578125
de9/02bdb3cb426a7	3.2054887689521205	3.772125
dea/0b73e426fe2ba	2.1950529879402065	0.9049375
deb/2a382788d34dc	2.9929646228270985	1.4746875
de8/c3b1b43f740a1	2.0795794707827553	7.5378125
de9/a2a1ead96552e	1.1568703246067424	1.0580625
dea/d54e2d9567092	2.4107802809554313	3.309125
deb/a53bcb416463f	3.285468706464119	12.856
de8/ef723db4bc3b4	2.6194302690764095	5.9424375
de9/abb12c76e1e2b	2.498684517116327	3.610875
dea/7c9997f81db26	3.0299230825936796	5.2150625
deb/f89a6db370669	3.1181282929001024	4.3514375
de8/dc82f4c2cf041	3.1419858482849645	3.9183125
de9/10f825d459919	3.2547109619372088	6.923375
dea/00535a3828ea3	3.243163816786368	6.34475
deb/a73a66da91bbb	3.1301429485959282	3.8210625
de8/aab9dfb236865	2.5407287757246704	3.994875
de9/b980d66217626	3.41583258044997	18.2084375
dea/79f2e6691f5d0	3.2285683130565452	4.4770625
deb/8d9b565fe0cc5	2.820295476826514	6.2055
de8/6319b58f05e06	3.4438570246991245	4.0206875
de9/050d805b6cbfc	3.2532422295077246	8.3048125
dea/1912922bd132d	3.1501056603685167	2.7946875
deb/8a225bd96bd9e	2.9101616325341984	1.092125
de8/ab44965731dad	3.539957627814034	17.02475
de9/b2ba1b050d478	1.0993418382748466	3.242625
dea/75f6f1915d397	1.6328498888710439	3.12875
deb/f345b0c4f6646	2.7463917456025837	2.5576875
de8/b7846dba38677	3.3700530118686114	6.682375
de9/721a630b72a38	2.690026142263034	1.1623125
dea/9bd9b468f5a88	3.2165120989017995	7.2624375
deb/0258255ff0509	2.604435010478692	3.9363125
de8/4d9e52c6e186f	3.030421056572751	6.204625
de9/e8144b1bca4eb	2.273677034970057	5.8083125
dea/6778839c935ee	1.9220226056011676	11.405625
deb/3a3f110ed5a6e	2.2886642208490837	1.9731875
de8/104b218e5b2d5	3.373166977586355	14.6725625
de9/3e26a81dc65fe	3.4718034018975734	16.2594375
dea/47e49b071ff08	2.896775705395018	3.65575
deb/b824e8428359b	2.9304425621312125	8.0785
de8/b46612400f3ec	2.979370328635495	17.0325
de9/c9ec41631c338	2.1317378074245346	7.0444375
dea/9c6537d7cefea	2.6383347879293537	9.4108125
deb/791369d78c5c1	3.3041321864636544	21.293375
de8/90f0b43e1686b	3.309983896706659	16.8230625
de9/769acad8b2f35	2.512114232779845	6.584625
dea/790dcbe86272b	3.3580851616044782	7.8068125
deb/224b0a3a5934c	3.232118371531943	14.5663125
de8/9d50a24ef6805	3.159173259659357	4.06775
de9/6a1750d181495	1.8839890452915509	0.9128125
dea/440d80d60250b	3.350028523910307	10.40775
deb/1599b0027ab55	3.4262801499581506	12.0515
de8/a10abff8560a8	2.802519496902894	1.3709375
de9/674745abdf3cf	2.7320949909973287	8.9163125
dea/bd7ff31b4f02b	2.9202815694357946	2.5618125
deb/ba99c558248f9	2.806384337352642	2.73775
de8/a5c7b99452167	3.16280345344767	22.5324375
de9/0c9f664cefb40	3.1346390783191143	4.939875
dea/1828ba32e7c08	3.0313709230008024	6.3743125
deb/8608568161e4d	3.405900699679177	9.418125
de8/f08dcca62c118	3.2075569032391567	2.7585
de9/1d4e53db684e5	2.830399138469146	13.839
dea/5acb764cca1f3	2.7575707116944246	2.573125
deb/65a3a1086f9ab	3.310498068064901	5.386375
de8/16c8b8e810c8f	2.165703991210734	2.117
de9/c5418d8a6c4ba	1.8463327389669035	4.928875
dea/1c0951c20b0ef	2.188865442051039	11.5423125
deb/85842b16450c4	2.7482262099755577	2.6281875
de8/7c356b8c06d33	3.2626195726980542	16.64025
de9/42b96a4b6ccde	3.3377753331235795	12.982
dea/efeadce06731d	2.917148344831541	3.5521875
deb/dda85b1e51bd2	3.121348317012143	12.6268125
de8/2a321862e9ec4	2.3569295581282974	13.840875
de9/5d323b1be18e5	3.3663456882074305	10.136125
dea/6f154a15a6def	3.1880162858324277	5.2455
deb/070b450b89c6a	2.219630024123668	7.8538125
de8/1edddc076a312	2.486980109602461	1.9440625
de9/89336104746df	3.11479804108162	11.320875
dea/967f861abca0c	1.346461549369975	1.6545625
deb/37d8a63ab9594	2.5652987906625855	1.712375
de8/8ce9501b6ca45	3.2003851086713317	9.9931875
de9/90496e988380f	3.075750523727211	5.5245625
dea/403aeaa865239	3.008177555450733	3.76925
deb/95753fd21befa	2.885382669744542	8.936625
de8/77eae43e3d9d0	3.2930249210807068	19.6806875
de9/409adbf7a9f63	2.7430987588859552	3.580375
dea/bae0b7b5a4850	3.0719447301480085	1.489125
deb/fa0843344ebb8	2.915566847537634	4.3778125
de8/2a88b16fdb5ba	2.900818682624988	1.3229375
de9/e5a12779ef8a3	3.283730169531221	13.9784375
dea/ce3fe4f5fb09e	2.7149661581490263	8.8441875
deb/8d44ee32ecc3c	2.810048562672642	3.3344375
de8/4d2eef0d823f2	3.3984989732376185	6.900625
de9/618472e23469c	1.9795178931811288	1.4944375
dea/1a0af1c9a5e8a	2.81392808218615	6.6608125
deb/c537058870e12	2.8248118966975353	6.5060625
de8/8ad79395ddb7d	1.4817383551690688	2.7273125
de9/4d4bef2b75fff	2.7867157250660655	4.1575625
dea/69e17d85d3cc1	3.2294741511229574	8.602625
deb/490a4da0c874e	3.633874357110324	4.8194375
de8/138d101afce6a	3.4443040581950872	10.5111875
de9/741f73c68d331	2.555544119026875	1.5429375
dea/24b2b72783344	2.8744283477691	9.4685625
deb/2ea3a4a9cd10a	3.581504465977256	4.65625
de8/9c27a2adf53e8	3.0781020325863278	2.8945625
de9/85b9ee9fd77fe	1.4083918262721515	1.368
dea/0f31128b10ef7	3.227077277314613	8.985
deb/d457cd4ee7937	3.3989212956067267	8.1701875
de8/036ac431093a0	3.446489399759742	6.2785
de9/a53c62fc1b895	2.828483408799232	9.757
dea/65d0c4d9fdeef	2.6335448858663315	4.1725
deb/05fd091cf1bb7	2.4630063809326814	2.750875
de8/8d55c03c3d248	3.0033609157540333	3.960625
de9/c664567ad2b13	2.7561990225115047	12.05625
dea/4e811cb32a2df	2.9607833479279977	8.147875
deb/2cc739d1d4530	3.14545042554178	3.1116875
de8/0a13fc8a450b8	2.9373493449760244	8.8338125
de9/a576226fd09ff	2.0973192742053173	3.0620625
dea/361b94dc670ce	3.1972522292508896	11.515625
deb/7471de0fab26c	2.574251329394046	3.1865
de8/f9812023ad6e1	2.1365143190556535	1.29875
de9/7cf5571d419ae	2.804878171872069	4.4518125
dea/cb1c48e5f98b5	3.143129279240533	7.47725
deb/34d007814ec83	2.8697493699612298	2.4386875
de8/a8c794f81a131	3.419907865400591	8.717375
de9/080e23f953b7d	3.3788759487360367	3.1088125
dea/52f45235b1c8b	3.229583094816802	6.0333125
deb/b721e643d8e7c	2.554509270656614	6.4795625
de8/94b9ad19f8502	2.9339086857746484	1.9326875
de9/13df25eef9d74	2.9645277227072127	5.87625
dea/750b2a090df33	3.2557759055613413	3.9629375
deb/0db3efb9bd51f	3.0408299528432337	5.393375
de8/ea5c7f4ac7989	2.831429007222883	5.3959375
de9/70c5ec5f4efc8	2.783171758676775	5.09875
dea/f14aae99fe1c4	2.562657161670523	4.7136875
deb/4de8959a86368	3.1124059527621806	11.4748125
de8/b2185864d7315	2.3372547431060537	5.2263125
de9/2a0a11746aef9	3.152377003747985	5.474
dea/1d3cf3735adc3	3.5565313293966985	5.7241875
deb/3cd76091908b4	2.705690590592491	2.7863125
de8/37542cd2494e4	2.4694463687453068	11.6859375
de9/0c79fc9a6c747	1.11209170017097	1.41575
dea/87f0a2a1ebec0	3.342592962980428	5.010125
deb/6a869f22a1445	3.2828391383923448	4.50925
de8/e551a9aa0c444	2.889010352163358	9.294
de9/39436e0969aeb	2.8339368664939686	4.51475
dea/0fb19c15e6488	1.1426472512664074	1.4524375
deb/f0a1b9860a082	2.1355862258204428	4.46175
de8/d876cef4b16c6	1.4870585220188044	4.923125
de9/71752c880b1bd	3.0634026778668044	6.599625
dea/2d41906eb0d76	3.0140648485568042	4.6341875
deb/7cb6f608fd394	3.4310105565277036	5.5244375
de8/69445bc5b1cea	3.2490365385411946	8.3465625
de9/eda84989d60c5	3.1758237392949313	7.07875
dea/a56a1c7662d96	1.833378325385519	0.9604375
deb/1ed8dcf3e710e	3.2514642120830657	6.1119375
de8/3c0a00adbd040	2.8136267192695605	5.1930625
de9/88036d56b93f1	1.766468071165307	4.113625
dea/1a333b0a4b3f7	3.2377293080457226	4.8139375
deb/4cfa9a3ad2dcb	2.9245105629013164	6.461875
de8/54a68a9c6b853	3.3929699471894614	18.1250625
de9/8e7d8a7133f6e	3.1439008049251655	2.54175
dea/4ec1b35c0e4f8	2.185190482015643	1.35125
deb/5628418bda08c	3.0455710504616413	6.099625
de8/b5622ca1b862b	2.7659437719329825	5.8298125
de9/daecb7891fa1e	2.919075501085324	6.0415
dea/22b529137c124	1.1285534216731203	1.3451875
deb/e035cf0736ece	1.117656460606412	2.1605
de8/5f6ee2ada721c	1.105975034975836	0.7925
de9/8291321e4297a	2.5455557770781008	4.2749375
dea/76cc3fae87965	3.281658834256609	6.10775
deb/7ce5a06a28ee2	1.9399361111465787	2.1968125
de8/ab8be1f912975	2.909050809157633	4.1535625
de9/38c34c2b9477f	2.5772884561380107	12.5231875
dea/d07d2532bb426	2.3388937849883935	3.8975
deb/01db7908b9289	2.9651665561878393	6.922375
de8/d98ded33caecf	2.883339261993539	2.780875
de9/9ad95bc4d1b01	2.953453359218737	12.393875
dea/cad3e69c10706	3.339163941415673	7.9043125
deb/87749f0e08424	2.451616918609393	4.5506875
de8/d6efebf22985f	3.2273493180725756	12.802625
de9/779a5470837dd	2.462721907814138	5.8343125
dea/f2f115e3759d2	3.1128419677458954	2.9854375
deb/921f5afc53103	3.1132578470238723	3.6831875
de8/abce60b76277b	2.599514846807793	1.7414375
de9/6b743408d0047	3.15176779393289	4.303375
dea/251ff997fb1ca	2.937452327680102	4.4963125
deb/2240eceee3495	3.3049732490462236	14.6776875
de8/6e8ac40e411b7	1.7817983454237505	5.953375
de9/96ff2c47e229f	3.377040951411321	8.8100625
dea/dec9aa26cb58e	3.5435047442200363	7.4818125
deb/b4317209e502d	2.6610216001392892	2.9879375
de8/a01e358e22b2c	2.448316910571781	9.1233125
de9/d7ffcf7062d8b	3.2093756102058473	14.418625
dea/28d4bb935cfce	3.3846055042490497	3.55725
deb/c0d2113436ed4	2.3710875258870776	4.1133125
de8/5e9772bf93521	2.9605646228611615	7.3693125
de9/5a2a2b5a02175	3.0323117109256943	7.474125
dea/59428ab4b6949	2.2868101414521522	4.8750625
deb/aecac4fab94a0	2.6530205308177566	4.0378125
de8/7d6e0e6543c00	3.4802889671571178	10.5248125
de9/d9b72ab9cd941	3.314910642476781	8.6304375
dea/28623a26796b3	3.109022413322777	18.1970625
deb/d31749c0d4fda	2.863215024688271	8.3818125
de8/99b7c6a1c90ad	2.93926778842271	6.3445
de9/17a5ed17c42b2	3.0590876489020786	9.6500625
dea/ec76f804636d4	2.2782991093356855	1.906125
deb/1c51309bc6883	3.357026915673194	9.6699375
de8/00eca4a8b09ca	3.601098660536579	5.3415625
de9/50339ade8fa54	2.7674080886320245	4.82825
dea/9b87bf7538a80	3.095307833507229	9.6411875
deb/b36903076e735	2.9132036327125785	4.784375
de8/99aa8bb2f8b25	3.21679837288336	2.8535
de9/07735e5e6565c	3.2124158829278926	4.4258125
dea/e34867a1d390f	3.161286369191532	5.9659375
deb/31166c46e8888	3.4130239012335113	8.6170625
de8/c5a9726972188	3.25280479774398	2.0706875
de9/6746e093d794e	3.2045628625737126	2.0135625
dea/dac43b3fa9e08	3.3488706102447816	8.9659375
deb/09a805ba7adc5	2.662269893395982	6.4685625
de8/5c882cfe294e1	2.8125275760383066	6.3354375
de9/8e4f68ec080dd	1.9027809495191632	4.63675
dea/f05f69b252d3a	3.2333356749541937	11.896375
deb/eeea34e0b8bd8	2.6789671840954092	5.7889375
de8/f8d04c95e5b82	2.0282143921618943	4.7349375
de9/a069d83f27ea0	2.8528574194758693	5.052625
dea/5269f1bd15551	3.016105283680433	4.80725
deb/f1e3a06019397	2.822082430546293	5.5255625
de8/526679e44342f	1.2740445168115753	3.5436875
de9/01185cd37d4d8	2.983389563255055	2.0530625
dea/5088a3882b465	2.893637922248323	4.7843125
deb/2dae7e2cc050b	3.333625144025641	6.836625
de8/b127a680ef466	3.3612230674204913	3.902375
de9/8cb03a2e41def	2.8419017579879715	14.0913125
dea/f21c82e2886b4	1.1108252160014347	6.245625
deb/f0a125fe71362	2.852487085823383	4.2256875
de8/f22eba001d7a2	3.4236854067535845	4.939625
de9/d3923f147328b	2.806869652161754	3.2811875
dea/5ddf7325ad2d6	2.6010996317787978	2.7419375
deb/6feedfefbfbb5	3.0385492815837374	2.3363125
de8/dc971747434a4	2.9956893967223874	9.910125
de9/f9a2a995befac	2.4035351576163277	1.201375
dea/0eebf1f181551	2.2368404065109777	1.0568125
deb/3e6d32c0e3b97	2.7569527424017872	7.4699375
de8/4be8ac7c730db	3.0124692950336085	5.726
de9/79bd988598e6c	3.050987914521213	10.219625
dea/152da53223cf8	2.7359033977990155	2.5766875
deb/8cb08cb015bfa	2.7126107785182105	2.60975
de8/901ccac6b58ae	3.3109686584022193	7.8810625
de9/9b86ee90bacbf	2.3811369920860774	0.93925
dea/de9802ab7228a	2.1904939153682483	13.4045
deb/02805be45ba11	2.252439584376572	1.9715625
de8/b0062de70e7d0	3.391226706973879	11.6615
de9/d4fd43264d5cb	1.166832839545856	1.10625
dea/c702a9b380384	3.363119382976753	4.0270625
deb/01b7203ae3606	3.457841261370809	12.045625
de8/69c01cd748735	3.0529762388741433	1.9639375
de9/eb68512c19b10	3.1878530341790983	2.716125
dea/f84ed27d63aff	2.2144244806898965	4.057125
deb/bebc9ed69f223	2.0276818234102136	4.96525
de8/38458b643860c	3.212843586866942	5.9976875
de9/2f98b8caaeef8	2.789809164478181	3.682375
dea/8b35992bd9ebf	2.1550318737096577	6.7283125
deb/86e7d378ae3ba	2.573102399050362	3.912625
de8/26cacfbc5840c	3.032392947275713	11.7711875
de9/9b981482ce247	2.9535780110599394	1.8264375
dea/c32f80335b64b	3.2611372667668923	6.17525
deb/53afaa7c86b23	1.9681322214142978	2.884875
de8/ae3c40992d8d5	3.5270735441082515	7.1549375
de9/69d3319629e81	2.8648347989422263	3.394
dea/c1809cfa256cc	2.4071653448851893	1.1799375
deb/9e3a48dd88089	3.092838726788139	3.3745
de8/a5c3632d849e6	2.360816455644727	2.938
de9/76cc9e812dba5	2.977675165600297	12.2191875
dea/cb72bd5e79ab3	2.8270557881127125	3.8
deb/385a5d2b7cbed	3.4352738368787596	8.643375
de8/5e987442313d1	2.601707744247306	1.20125
de9/d737e3643abe7	3.243917697141347	3.1955625
dea/d1c39e39e4752	2.3877206935424944	1.546
deb/7e841098dae1c	2.536350433279679	3.982625
de8/d6c8ce09f314d	2.683757752919174	2.2920625
de9/69aafeb850d77	3.3175842427685085	6.502875
dea/d5c019434b865	3.312325978335452	10.2180625
deb/f49db604c4594	2.5874636346970545	1.9714375
de8/9614f61bc4ab4	3.451979593745866	3.9899375
de9/cf45eb5a4072a	2.846437805213008	11.2978125
dea/348e0ee80d975	2.2047659168006493	2.35425
deb/eb3bc26efecb7	3.1104898741137625	11.9641875
de8/5b008b73aea37	2.2205901310252	5.1164375
de9/97b6b511a4fed	2.5428223700347234	4.5858125
dea/5c05247b39a6d	2.8248089257248394	8.0876875
deb/36f0e6fdf7848	2.6025000510455287	2.330875
de8/76d28dcc990c2	3.406290002572787	6.36675
de9/d1c1cf5939fb7	3.4144344922603076	3.1425625
dea/8b7ea92d52b8d	2.7194439555392096	2.2439375
deb/0fc3204420985	2.985375377420754	6.2035625
de8/5d5442106cf4c	3.384009012750847	2.548875
de9/9620ac0cf6e4e	2.5670546725692733	4.20075
dea/37121c69ff52e	1.7747824304984894	0.960875
deb/c9f130a8dc483	2.9525508824148314	1.9133125
de8/34946b2f53a9b	1.0893450207269337	1.88275
de9/d4728672e6eb7	2.8999490310545935	6.797125
dea/54ca81268abc1	3.3130734907486628	6.484625
deb/8d524012426cb	3.128281920803186	10.6799375
de8/b1484b0b1b5f8	3.239623666744579	7.867375
de9/2e6875c564fd7	3.0206726561272093	4.0815
dea/a5ccb995a185c	2.495588418173345	4.1838125
deb/41d38c5e82de7	3.4009721669578976	17.085
de8/8ad20dc10b05c	3.1000642818242183	4.188875
de9/969905cf28d4e	2.1662009631089734	5.412
dea/eb51cf2e6c245	2.4513608871662895	9.0401875
deb/340641d770c56	2.6743995869710058	9.5979375
de8/61c947eb24e59	1.9902701942659515	1.14275
de9/5d36704325c0f	2.6995044052153365	1.12625
dea/cedd18e6ebf57	2.8649518212922893	3.5939375
deb/19f7a7cc5475a	3.217682989042602	6.932125
de8/fff243abc99f1	3.253258626552862	3.9478125
de9/35ac192b2fba0	2.121798950545206	2.763375
dea/6c638ab1ddb64	3.0207955945972147	2.173375
deb/1efdcadd520d4	3.2686079907546395	8.5460625
de8/8f7052f4f0359	2.792198185234698	1.0093125
de9/ff22a883ae5c2	2.0468830476417392	2.067
dea/4179f2054c841	3.3507709437034103	5.16825
deb/da97e12976fd4	2.5351557033383254	1.922375
de8/4c363bd130d60	2.6116183431472253	11.1693125
de9/ec1da0de31594	1.8775373963957929	1.5010625
dea/45f473886e7a5	2.761682995772702	8.6754375
deb/02396f4158130	2.9592271136333665	10.9633125
de8/4f7daf623bac5	3.2584521100126214	1.7386875
de9/ad705cf5d54cf	3.4071134262660876	7.838125
dea/0fc29dcd9a1af	2.5469383250006334	1.923375
deb/f016ca17bc0b7	1.1152780207297424	5.5255
de8/8f43754469ae4	1.0725527223655473	1.8261875
de9/a400a381181cb	3.083249592718275	4.0851875
dea/6f6b1bf2acae3	1.2709854504683389	5.8356875
deb/fb12948b4a52f	3.171132088693548	6.1493125
de8/fb4f3aa76b6d1	3.023487275943044	4.5909375
de9/883add9ef5a33	2.8707614684416916	2.92675
dea/1db123bdc84c3	2.9696009361080358	7.566875
deb/89ef3941d62ce	2.7469849992616764	2.4848125
de8/fccf0e7452168	1.7733483159813492	4.225625
de9/012c3e9b7ef29	2.2562402545964177	0.960625
dea/4f2c05e315696	3.339521674385228	6.308
deb/a32854afcabe9	3.2601491905407873	9.4846875
de8/9ec5f104f2613	3.289084712265293	5.5965625
de9/8bf64577b0208	2.9046737203247934	2.4561875
dea/eb33d32be5655	3.2925152167252545	5.901875
deb/57a431c0ccbd8	2.5057727024377026	8.2938125
de8/da8763d0b338a	1.3388546386941442	2.8825
de9/bc2dc25031936	2.296095039834601	4.7935
dea/778046fc345b8	1.2982363759824014	0.816375
deb/21ca31b0790b6	3.229430018796987	7.4869375
de8/a54f061294ad0	2.953527309555082	6.2760625
de9/fa1c03c7d59a6	3.117400555910361	6.8229375
dea/ff12a6389bd07	1.235649772876908	1.8266875
deb/58c679ef6dee5	3.324137724358582	8.372875
de8/03d7d65d513fb	2.015227414977038	1.778125
de9/fb1c6bd5387c3	3.1660727101733976	7.675
dea/0052b59c8a405	3.207087862474508	5.3556875
deb/6bddfb30279e6	1.26343401740352	2.1004375
de8/625aa78be996f	2.5913294305737193	6.086125
de9/ced0c86ab53ba	3.396363932471291	8.4666875
dea/e9422be0afc22	2.782791027170872	2.8906875
deb/2f64179ae325c	3.1454485118910016	8.5633125
de8/0370fce23093e	3.2189189682937096	5.916875
de9/cb1743c5550db	1.653031801234072	4.555625
dea/b18fc16f774a4	1.1000761779244035	1.1601875
deb/684f07bbc937b	2.8761561554761927	1.643375
de8/bccd9cc595cd4	3.349268668301643	8.8379375
de9/9d6f779dd82c8	3.3049199288061852	5.3604375
dea/f194f7d641836	3.090290353546119	1.843875
deb/5dfce684d5a74	2.0255522102626755	1.2978125
de8/4e669d96d6ef8	2.2427473561254896	4.570375
de9/8df636c80a5a3	3.449800039287632	14.7895
dea/26f27d636ad64	2.468604389289657	2.64725
deb/5b4c0934d9bc8	3.0844870924009418	8.928375
de8/f1b0b9790d39d	1.149843950187272	1.1529375
de9/860e23a63b3ab	2.2810826980829404	2.8834375
dea/e50666b9e87cc	3.344279344489818	9.1199375
deb/517f2f8eab2be	3.2848006786656905	3.326
de8/fb486c11bbd1c	2.1892797901419874	1.3498125
de9/29bdecd0e7412	3.3836616095177012	12.003375
dea/03946ffbf7dee	3.1993185548218137	6.273875
deb/5bfc8df5d921f	2.701738596873658	2.9781875
de8/b386771fc10ab	2.8148339327365632	10.39175
de9/1a40de4480251	2.7298967525682176	6.18475
dea/c37110bdf1257	2.6539049952455196	3.3636875
deb/3d9f7fcc0aebe	3.161110662140471	3.007625
de8/7584ba6e24b94	3.4537144296571882	3.8176875
de9/7248faa5e9a3d	3.045427697607351	4.25925
dea/62a75c590187e	2.4519426597582186	5.2664375
deb/5298fff9a9d55	3.3165360449240167	7.2566875
de8/58017989a6c60	3.1064008000671124	2.3176875
de9/d8733d1398736	2.5957088192181406	1.9660625
dea/85fdf47ed8bae	2.7329582168901987	1.0298125
deb/86d00576f9136	3.458798902244903	6.7755
de8/acd38135a8cd4	2.370790238014505	3.58675
de9/357b58129a8ac	3.3521061761935234	11.8586875
dea/82823ca01816e	2.7808730353074953	1.6350625
deb/c72101515de54	2.1256237070990758	6.8439375
de8/2fe7bd6ec16d5	3.234370644196969	7.4260625
de9/d0106d9e764f3	3.038158754604568	13.11625
dea/43339d8bb02ac	3.347779656597619	1.82175
deb/c8bb846b70220	3.1050034321253164	8.3241875
de8/b830d0bc34adf	1.3215179877476262	1.5555
de9/bef738c71a0e6	2.9854611932904476	3.7683125
dea/7ce9c5f51cee0	3.3130498804599844	5.404625
deb/954c21441fec2	3.291317197313115	19.34175
de8/c263ad853a9d7	2.786889284167269	4.2126875
de9/9a6708ca5bb81	2.7838541193159174	2.7066875
dea/7b4948a72ea21	3.3444756931301765	5.310375
deb/ae11b4cc50cb8	1.5933314230987654	0.8724375
de8/b0b30c84e7dfb	2.2971060460595205	4.393375
de9/f075611551fbb	2.6087197407291147	2.3319375
dea/f78bc4d863adc	1.9754509690871451	3.552375
deb/ba808bc35bd2b	3.4004937114337777	24.117
de8/d77bbf6aa1937	2.828435145072321	3.8153125
de9/7596265cb4f39	2.8425124496743073	2.1139375
dea/809435d16cdec	2.1629736844218015	1.937125
deb/76e447c8e724a	3.2375025746834316	10.0059375
de8/c196f1aff3d98	3.46248858376863	11.4888125
de9/2165f5a4cfa15	2.8988702263801565	3.1785
dea/c2f23b92fac5e	3.5063329480022625	10.6359375
deb/3618e6a50b6d8	3.151860377966197	4.4891875
de8/568d26998f593	3.2642038100328845	23.10425
de9/edcf18add1191	2.058714467603519	4.44275
dea/347431ee5dd3a	3.41972716791752	24.079625
deb/44246dde6677e	3.0418315677878893	6.083
de8/b00386f5ec084	2.9864691582183904	6.3885625
de9/ce8193f5c2d6f	3.309610581876547	8.9790625
dea/9295b7d60a52b	2.260905695033361	6.101375
deb/717586e5d552d	2.8060356663157724	16.69875
de8/e089e4af214b8	2.8894556505673084	3.38325
de9/7e5ddeaa5e632	2.537458690013872	1.87875
dea/5baa527648846	3.0325959756709002	6.796875
deb/fb544192b405c	3.5453006978067854	9.5258125
de8/56ab72231f07e	1.1751540471201063	2.167125
de9/23ba8d58d6589	2.5814050879588057	1.826375
dea/b0b61e9863292	1.6220668838143266	1.15325
deb/8fdf0d5a9d388	3.1427286230649583	2.032625
de8/fed06547f4f7c	3.233675176603113	7.1321875
de9/995b82adec606	2.7410954788224298	6.559625
dea/21fbb658258d8	3.304509737945324	8.3395625
deb/224c94003716d	3.369361293037473	18.598
de8/7bc775d262645	2.819088874975757	9.919875
de9/cdc75b38d54a1	3.4079988877917313	6.343875
dea/cf0eb5ff4f85d	1.7398600096741053	7.1120625
deb/01e5770365313	3.231925099020991	4.2308125
de8/2992581fea754	2.950008399757124	5.175
de9/3f24007c5e4bf	1.8127983714862386	1.009
dea/018b4b0d3f029	3.137024497621038	7.8665625
deb/de409f0ad8b7b	2.853489016107814	6.247875
de8/97ce5ddf545a1	2.1364444060845296	2.2851875
de9/209c952dca1ed	2.6598195275822785	6.5130625
dea/70385352e1ec4	3.268197577093174	6.076375
deb/2da529026bb66	2.7430175774522483	7.5981875
de8/2b213d7ae0913	2.520063831820178	4.278875
de9/04c717ad9d13d	3.3732088658619577	15.035375
dea/ab4254951a1c5	3.1690019125892013	9.179125
deb/216133351d054	3.228818327072645	10.2028125
de8/b3067c79e3d8f	3.4700098720583923	9.461875
de9/cc530cba2c260	2.9782551507042547	0.7203125
dea/55b1c1ff9fac7	3.334613662382733	4.4896875
deb/deecf821bda46	3.45765148276068	7.6838125
de8/4e42db36d82ac	3.395274957289801	6.9383125
de9/db271bda6ae08	1.4596139210168222	3.838
dea/4d28b595bae65	2.674626890509758	4.48925
deb/ab18b8bae9852	2.4090021293689152	6.718375
de8/886c86a00d19e	3.470096648977896	9.0760625
de9/b990b8544dde7	3.0825278761385646	6.0408125
dea/2b25f0e3b291a	2.730920164214958	7.5789375
deb/f84398c524c45	2.2999505842767674	0.6931875
de8/f124a3de294c8	2.700419165219142	8.2240625
de9/4f1e4769f3b25	2.828959756106693	0.872375
dea/7c4fd2dc4a926	3.096038707658568	12.5011875
deb/be05ab07a7c63	3.1173174112297186	1.8545
de8/39ac73369812a	2.512245105292821	4.1799375
de9/2261d077e787a	2.6730715167619254	11.1718125
dea/ffde1705a7b2b	3.216186973469023	5.6906875
deb/121a5f0fb2646	2.0741194278451807	7.08875
de8/aade0abc5d18e	2.684644205278393	4.937
de9/ca9c2d3b26b3d	2.142875456639897	5.332375
dea/4d36baa4a3024	3.307724502308152	4.861
deb/983ecff34784a	2.928975349651598	1.6690625
de8/54909c03f06a9	3.0881232814975	1.3291875
de9/04dc3e7fb5ef4	2.9842362922957273	9.115875
dea/356fe4ebacbf7	2.898726720492023	2.3265625
deb/eb481edc2eb26	2.199653767470767	1.055375
de8/b26523ae92006	3.1691901642115394	4.265375
de9/91141cc19fe09	1.3036927707262833	1.633625
dea/ae3a5d19e798d	2.1675066500709512	1.44125
deb/e408c15487271	3.0919904705830814	11.869
de8/ed80c0524967d	2.8077500196703236	18.4560625
de9/12ad36b5e4543	2.7767828653339883	7.4321875
dea/e510d4da5aaa0	3.4547630575818693	9.48325
deb/4c0cb114a029c	3.0345209730265057	9.1836875
de8/ead328c14fdd1	2.9902675587329064	7.703875
de9/c1e9b3ddbbb4f	2.753422307831369	4.6194375
dea/f8b3213bd5d29	3.030691407039398	5.7169375
deb/f6b453c492ace	2.1043490113334573	6.149375
de8/ce4af9666df61	2.570466943674515	5.1633125
de9/a8d42a12b1692	3.4640173902014166	13.7419375
dea/feb35686e56d3	2.2272756909245364	2.3535625
deb/5dcf187d4bde0	2.9961380392378043	2.748375
de8/b1eb0daa5869b	2.628867624985241	3.779
de9/4c02bb8945f61	2.448964334177635	6.66475
dea/6c7d778ec105f	2.4285464825261136	2.649375
deb/f82d92010cdea	2.023857191979158	1.9843125
de8/7235f756421da	2.256148603596362	18.142625
de9/fd5722bc7ce44	1.5585108957236398	1.44125
dea/2a18c2354a073	2.775799065391352	1.4424375
deb/318724504e7dd	3.1499715920283897	7.909125
de8/6de81a3eee35e	2.9005049229042723	4.445375
de9/9a777ba150fb0	3.033270239317517	6.5446875
dea/e5debeeb062cd	2.7601662886033744	1.58625
deb/a76e2c3d87909	3.1770076016429685	1.5933125
de8/4ec82dff839dd	2.1877997880016378	10.18925
de9/1a6b37e121f36	2.567610595726815	1.922125
dea/fbabf773fc86a	3.1378213598380995	10.5965625
deb/54ae61223aae7	2.2679965618949285	1.6349375
de8/0e679da275d3c	2.7875316701609383	3.232375
de9/7ebcb31770ba9	2.472340435679398	2.5269375
dea/63fd867b8f774	3.1716467243694613	5.94575
deb/3c92baf545219	2.6787703836773935	3.74775
de8/d60a1e41c3170	2.1012594207234283	4.6425625
de9/c5feaf310768d	1.2053875838298558	1.1053125
dea/e7d43902125fb	2.8331150307923947	8.7284375
deb/dbeabf0720c4e	1.7819591649920874	1.1780625
de8/fa9324d99334d	3.292741740704428	7.2904375
de9/84c86b1952561	2.9473495057378094	11.7156875
dea/de23b31373562	2.8856623798509493	7.8875625
deb/d9abb3874bdfe	2.2511365902755047	1.0581875
de8/579a6f449fd1e	2.131422188362691	3.8585
de9/d09c8c22c02a5	3.023585374657128	10.4768125
dea/ef7f482553114	3.140441322570441	3.321625
deb/db9b7c8da7654	2.8316159082303187	1.743875
de8/d61cb7e9f5b63	2.211555207469505	0.7684375
de9/c6ab2816563f6	3.3178383416806594	9.7368125
dea/a413ebafa278c	3.0947468446373168	7.992125
deb/e2c4e840d6f9a	3.0549767092479003	4.4665
de8/aaf38b4c0bb8f	2.704310137877058	3.5585625
de9/cf6a2dfe417ca	3.1669142135524146	4.14625
dea/7fb4d02fde6a8	2.9639617440922765	4.982625
deb/62ca0a9b0fdba	2.579388978138698	2.980625
de8/34ee60137f2a1	1.83695269261863	1.0573125
de9/c8739368feb54	2.7905927503882206	3.77625
dea/a84e7001c9aa1	3.418871832452859	5.464375
deb/339ad60d58f94	3.1324024637630514	11.0476875
de8/0382335246796	2.550553790000729	3.34475
de9/82c0cbfd22f75	3.168709969014143	5.63575
dea/df589df31928f	3.4888542049676468	13.2949375
deb/0815d954525b3	2.872609548728943	5.9404375
de8/e3ce939ed1687	3.1650610378273147	9.63725
de9/7e4c59b1d16dd	3.417237020902065	9.7114375
dea/69b22694a3a5a	3.438878991694177	6.7346875
deb/d3ddd4258892a	2.6028216833894935	2.028125
de8/fb002921631e4	2.768318140045918	4.442
de9/aa7d6c127cf33	3.1743531718419624	2.1170625
dea/cdbe003331ab6	3.116474268531743	4.5708125
deb/35411bcca1364	3.301586404212719	3.7548125
de8/d6bf33439d56a	3.347989416597866	13.8945
de9/a5e179462e821	2.6677182842541627	3.2345625
dea/35bf279fd2c92	1.6086635122906405	1.3615625
deb/c9b5e5818dccf	3.0364914609897826	6.885125
de8/a6ab757dc81c5	2.670944255741674	3.3688125
de9/e93bdcad43d86	3.024743041306753	9.302375
dea/452c2778ea7da	3.1678671059695986	8.688625
deb/c39b719fca1fe	2.934496647201801	9.529
de8/19652b3dc9a27	2.1021370084786444	1.724125
de9/753f8066b6020	3.060981982161343	4.421
dea/294d35402eea3	2.4346333223682355	1.556875
deb/91326080a91d3	3.055997674869881	5.8379375
de8/10d52478933e7	2.143348227296031	2.7760625
de9/9680346907e28	2.902500820207894	5.8184375
dea/b9b47bbe50c3c	2.675429532103051	7.038
deb/db6c37d3ee2f6	2.904545494508446	7.0666875
de8/cec4ca06dd630	3.1210139544444777	4.7298125
de9/ae178240a738d	3.3543143965529554	9.486625
dea/8cb27ce23e720	2.944323376860231	5.7075
deb/4f0ce76b4e400	2.522809659704182	4.4974375
de8/f203a9e397348	2.4729517437359876	1.7316875
de9/c80275161d817	3.4599852345216426	13.7409375
dea/2a87505f3d2a2	2.4945060787876367	8.1914375
deb/300a679476310	3.478553406461596	7.656
de8/2f253e21fd806	3.183433985513623	5.2401875
de9/ce233c29e6547	2.5527727874998614	7.8718125
dea/de6e4785edfe2	3.2827502630833516	7.468875
deb/173fe780adf67	2.8862656562062083	17.4850625
de8/d2e77e71fd828	1.1133230715520213	3.8675
de9/aad79600852e1	2.05532127913359	12.35275
dea/e716233f39f20	2.6566247917397123	4.73725
deb/c37286598816a	1.170839524334607	2.170625
de8/09a559996c30d	2.862705003750448	8.171
de9/9a10d2602cbc5	3.0953727489756817	5.426875
dea/d030b07b42df1	2.9187357421864215	3.2651875
deb/f09cff4b77427	2.4308016183721186	4.1759375
de8/98676f3779579	2.0662758437754074	12.344125
de9/185f555732e0f	2.68364844545626	3.328875
dea/ced94403af7d5	3.143713984631384	5.2516875
deb/54d0e6b3d6423	2.6991612958784463	5.4288125
de8/fc1653c5471c0	3.215473283240583	12.379375
de9/47704cb2948a9	2.629474207597937	7.2008125
dea/8bada6679a25a	2.6085513231131037	5.892375
deb/0e946f39cfbfc	3.207847467239371	6.7174375
de8/66b5468231806	3.4004201404102252	5.9576875
de9/f490b774f4b8a	2.590477570898623	2.365625
dea/a7b9ef0a323b6	2.5550322986268403	1.1013125
deb/37fedb5f674ec	2.636656443441799	3.058625
de8/2696081bec8e0	2.734208012256318	1.7295625
de9/e0ce31ec35dc4	2.9853209328223764	5.95325
dea/965d4c8f1e473	1.996456897888826	3.624
deb/c5d0a781f51be	2.7701516415968483	3.828875
de8/bf8b70722fa96	3.2471794148512085	17.956
de9/b8a381048f797	3.0789596724548813	6.791
dea/7c1085254f1ed	3.024499846211352	1.6821875
deb/00f63cb849255	2.5980382659983516	4.1974375
de8/5192fe7e3831c	3.3442604818228068	7.158125
de9/b9e90427147de	3.452502514757064	9.648875
dea/43e3fa62a50e0	2.2420931404777367	2.259375
deb/a723a48da07d4	2.7938166714288037	2.9328125
de8/ca8817f83b061	2.218236310073102	6.007375
de9/c8077e17f0215	2.808980752469144	9.444125
dea/c575a52e49e79	2.8157903842616454	8.0415
deb/b4eb73c2a6d00	2.221742345420754	3.444625
de8/5ccc6af645b45	2.864932788162147	4.4883125
de9/0353677c3c4ce	3.1431349779722217	8.5220625
dea/7a8433612cb7b	2.8927718646960403	2.3555625
deb/143e7133c15a7	3.190474932982823	14.0581875
de8/c9a58c7ad8a5f	3.2754978605657437	11.5593125
de9/86c2e0f07a40a	2.9172820365398	9.0899375
dea/bf82cc262eb39	2.7603372398419475	3.1554375
deb/37b131aa1e177	2.1313663393378506	1.9994375
de8/af5c19fedcf30	3.3176148164115467	5.3398125
de9/12c4dedc0f3f9	3.0109102106087873	6.7683125
dea/1edc90a3174e7	3.343771001223048	7.983
deb/35a106c2edd25	2.8676812919292938	4.0783125
de8/d31a55fa174c1	2.451332642584506	1.0988125
de9/8dfa492ecaa8c	2.5319469987816445	3.26625
dea/803ce1cf5ee11	3.260806490588496	8.4809375
deb/8df5130f239e6	3.027151541193714	1.656625
de8/c959c7c897029	2.1865249304874794	2.3116875
de9/f08a17d007768	3.1660274663895276	4.9086875
dea/fddce50a5f6f5	2.9413982439382247	8.1819375
deb/25e4217046c87	2.394866883644857	7.2165
de8/b981e56d58798	3.042282561686769	3.2940625
de9/44b4d0609ea89	2.9592649636286184	7.9794375
dea/29fdfe8607cc4	2.7524198861482034	5.342625
deb/9f92ca7e65046	2.921600952863739	8.332625
de8/99fd2239d8aee	3.2033865489701365	5.451625
de9/763f2b20e3929	2.339731544783494	5.509
dea/4351fad6a79b7	2.266313229923797	2.1768125
deb/ffdd69775e464	3.254611144335234	5.2419375
de8/1e377fb99361f	3.4204564743948858	11.268375
de9/a9caed3aa9444	3.301821847177423	3.6089375
dea/e0dc5cbe10bb0	3.289778539786585	9.1300625
deb/da28c11c76d83	3.437146109003118	5.2980625
de8/79501a3326dfd	3.0659027050956396	7.1615
de9/ea1ae9e58c557	3.0694486469089006	11.3445
dea/8bf247f1edf92	3.285772272354202	7.430375
deb/fd88dbe622748	1.6788724639792494	1.39175
de8/a58bf8436b9bd	2.6750645322130078	5.6511875
de9/3325469f8a8e4	3.3130826806475295	6.1795
dea/31c3c75ee60b6	2.6863507773962336	6.4866875
deb/57a9b7c6d8a52	2.517946958360814	1.468125
de8/55a8462729609	3.3960267110708173	10.7228125
de9/8b78778adccae	1.2820279899112026	1.7319375
dea/5ca8293e73d36	1.9865632551319032	1.2876875
deb/8cb53f750fe53	3.2269843079222733	8.639
de8/b72a30c597960	2.7985569513896054	3.33075
de9/549dea630015e	3.251829825632707	8.134125
dea/b016788f15c57	3.283861013468143	8.1601875
deb/2d9115d6634ab	3.2610772402324035	4.1265
de8/382ae540714f3	3.2940989442691606	2.923375
de9/9334bc67f3e31	2.68602470133111	3.9150625
dea/d40e19661f32f	2.2673948551244227	3.912125
deb/683a53a610311	3.0412701931585273	5.1136875
de8/e2d277c05f3a1	2.1817951002111804	4.4555
de9/ac5097344633f	3.1434101869496014	4.79725
dea/0deb1f68e8926	2.2025468945228006	3.0641875
deb/d1253107ddd6e	2.5304589612745585	6.68325
de8/1aa4eaf733325	2.25233427376269	1.6813125
de9/f7eb6fa729ab0	2.885629969896968	1.9643125
dea/437cfe334e8ae	2.9237784409177436	7.292375
deb/07252f6efe8d8	2.6839376465728186	3.0241875
de8/86aa9b336d585	3.3483504124391734	3.5724375
de9/3df5d83aca45b	3.446735472416829	9.981875
dea/f7116bebf4c71	3.2433288604559185	3.17625
deb/acabf3e49680b	2.9379399901916092	2.654
de8/2d10ab2f42d11	2.519397111074208	1.77925
de9/de071dc12cda5	3.054174298457494	3.5624375
dea/384850ec56dd1	2.6628370468723657	6.452
deb/189152fa69f52	2.869153996396035	4.7156875
de8/3ea55b88059b2	3.3881118049770733	9.5625625
de9/72bd35a1a9df1	3.226280132664685	5.505625
dea/7c6ba2d4a6ab4	3.2540434126939908	7.5381875
deb/10e610851a55f	2.9779342263166373	7.8781875
de8/72d3042ad36bc	3.128689799739793	4.0659375
de9/fb38addd4083d	3.1346689545588062	1.9195
dea/a8274548b6eb6	3.351558219415568	10.684375
deb/229c0f9f608af	2.24927921470618	1.978875
de8/48e02f67f568b	3.3231116701229824	8.4366875
de9/65413ef32e50d	2.691018800993771	5.436625
dea/39a4079bfa709	2.797804862566976	7.7391875
deb/12a2c830fc6eb	2.7090137832788614	2.596375
de8/61e01233e3d3d	2.3381256203528586	2.4774375
de9/10f0d5b5fbd51	1.067267140715811	1.17525
dea/150fc42f6055e	2.8016912693238716	5.1016875
deb/35bbbcfbfe693	1.534642653554146	1.1050625
de8/f1f4d3a687bcf	2.6139007134508647	7.3466875
de9/ab75690192146	3.347077400166785	16.5885
dea/cadaa2d52c238	2.774771050812147	2.79225
deb/bc0555cf6f835	1.754104063848532	2.4105
de8/431b85b8b8e06	2.7347592129903453	6.6810625
de9/6a1c6b72b4bfb	3.4869628288142387	7.9683125
dea/1616355964132	3.0480616623462433	8.7435625
deb/7e8cb956b39d9	2.8116005367276253	14.012
de8/5db52244113af	2.9726001245903686	1.4904375
de9/030f1da43399d	3.3292602048679503	14.8253125
dea/00f425813230b	3.034197524806498	11.74525
deb/a68bbbcbafd19	2.9644138666674995	2.495875
de8/faa34a64e4e40	2.8694867607567205	5.7024375
de9/95a998f71b202	2.2079012832638556	7.574625
dea/a945111ad2b53	3.3621117176071955	9.043375
deb/6f5c3c57fce35	2.239187877360116	4.987625
de8/707f61b4c3cb3	1.941616765418641	2.336
de9/778d70973c46d	2.9535191494816666	14.2614375
dea/2b0a08a45e5cb	2.6381613873111203	5.5245
deb/e42e2aaa4c96b	2.9052426123590602	2.017375
de8/8d615031a3616	3.1470789140765962	2.4133125
de9/42f02732f8b1c	1.903094017138664	1.4545
dea/cecc014af8027	2.2480794223442055	2.2584375
deb/3ef3d5b6fdd44	3.0103043322164695	10.204375
de8/05afa6ee43468	2.4520295913747066	3.840125
de9/0304fc583a7e5	2.9826084442197662	6.1924375
dea/ac36f465ffdfd	2.2466319900060987	4.5385
deb/c6035b2869597	2.999580465689663	2.260875
de8/573b00b8ea939	2.6101139283830554	3.3156875
de9/b1ff8ee3335d5	3.1384360199441903	7.7931875
dea/28e4e5793edd7	3.2813535115468206	2.2608125
deb/255bbbdc5d835	3.258971387421668	8.7876875
de8/7b09d883e4944	2.0898188785461245	1.1051875
de9/2a343fd68059a	2.7020059224369852	10.31225
dea/3c958dd325b22	2.898568542565335	13.5698125
deb/88ac6505fbee0	2.4771714427573563	7.470875
de8/349711ade0d72	2.6044226668209136	9.08825
de9/22710a69b9d7c	2.8536883293297013	4.704375
dea/9b2bcca5682c5	2.9903183600786933	2.245625
deb/ba8bcbd340b2d	3.1039070363792622	5.306875
de8/969858690574a	2.042361692438401	7.6511875
de9/df190992a3a6b	3.0862015946517434	11.6645
dea/052114dad1f1f	2.8698991789323984	8.3491875
deb/d30bfd5501515	2.988323237823458	7.0150625
de8/ab0abfdce45eb	3.2621212315891297	11.4350625
de9/590af1e0092cb	2.043966546226309	0.9360625
dea/881e2397efe24	3.3111358620190967	8.93275
deb/9984ade2d473c	3.3702226594033995	9.6448125
de8/5ee1fe897feb3	2.045855540204895	3.937625
de9/88b198a706442	2.3177425813368897	5.629625
dea/f3c64dd4a6410	3.2915013983694776	8.34375
deb/1589cf8c012fe	2.9419213873659484	4.198375
de8/b7e7302296f1f	2.494904291003939	3.0740625
de9/7b8c03c8c84c7	2.7641896888601214	13.1174375
dea/4f4f666ef3d32	3.222817491394688	7.0076875
deb/c106197e64318	2.995615036688471	2.9815
de8/7d794a53edc6b	2.8761777042320085	2.9334375
de9/f4cad6e0138a7	2.0469064788460396	4.73075
dea/c2270bbd88a56	3.345956931268548	7.23575
deb/74ba61b598858	1.1336159137761734	2.4635625
de8/3647124b8f2b9	3.4116136037663956	10.8613125
de9/509885fbb0d0f	2.4231204850910664	1.56825
dea/bc43a948ff604	2.581229368892859	6.3366875
deb/75ca8730fed07	3.407869079455459	9.5091875
de8/969505ad07cce	3.2177161935391974	10.1918125
de9/1e6bf5ec13bde	3.408795868041227	3.7206875
dea/3425378b42228	3.10554109783833	3.32025
deb/798053c1a39de	3.126068510313129	9.529625
de8/08dedbcc2a60a	2.151414639900904	2.154875
de9/fde6f5906abaf	3.3373502381512634	5.0376875
dea/656fd08e29187	2.3371230801803042	4.5715
deb/93169d0a7668c	2.1012125515057702	1.3459375
de8/7ef8b91ed20af	3.3506491356744297	17.3633125
de9/a0b9eff3b8faa	3.441054261285049	13.5953125
dea/1d846592fe839	2.6746437117308837	4.457125
deb/dadbe056cebc1	2.6716015875314034	6.89
de8/bfc297c17c8de	3.248499915137289	9.043625
de9/c1d285faa82e7	2.2711421089541797	4.0859375
dea/69f1713370f23	3.138225235647185	7.36725
deb/afa0cfbc19d55	2.234124801981209	1.5388125
de8/c67347f2beaee	2.717783242060726	6.39625
de9/a11e6c0aad811	2.5388612620928557	6.9304375
dea/aa5e2dbe38d28	2.3759194435082365	5.357125
deb/2fd1c48f32122	2.6702527632362836	2.1175625
de8/a08bae14c2422	2.882762733800106	6.0269375
de9/759dedf6c4f54	2.066106450038183	3.5326875
dea/39409968f9d2c	1.542392498646296	1.1601875
deb/5b46e89e3e0f3	3.24907116263205	16.446875
de8/eb3706d19caee	2.397743112683362	2.6213125
de9/f5e4f786e7886	3.3077908747478486	11.1533125
dea/d6c904489a160	2.8890248435649832	12.43575
deb/dfca1be089b73	2.8394301790984815	5.6333125
de8/df78e12d1e961	2.909571434649129	3.9125625
de9/f5cd1a0c87271	2.7783510765405697	5.269
dea/e555edc9ddea1	3.291256114942307	4.199125
deb/b1c392484c623	3.308785299021418	10.225625
de8/3e39b1989ca4b	2.555288478754669	3.8965
de9/16c038a40a420	2.4948764903190943	1.1151875
dea/dff52ed1d8510	3.1022839170065413	6.692125
deb/0dcacb0c7db57	3.588955717764177	11.1418125
de8/beeb3255c631f	2.6072304861515	4.663375
de9/854d2f5625384	3.0944328532491823	5.757125
dea/b6844fcfcda21	3.402185029393467	8.2715625
deb/c8a79055dfb44	2.7432644036024314	1.5929375
de8/53c69b5b5fa18	3.3237805350585625	8.667
de9/9e8fa64130851	3.4664868759540926	2.2123125
dea/9539a79c4fdd6	2.7022917466335463	7.0659375
deb/2f1d131e47dda	2.9983004370594575	6.812875
de8/f2f21344bcbe6	3.3545477073839587	7.4914375
de9/9462c9faa75ca	2.96725597212609	3.9246875
dea/f195945a413b0	2.968257244943191	0.768375
deb/73a179b741bc8	2.886033397649002	8.227875
de8/8aa8f2638e6d2	2.8960425889309827	8.749375
de9/178693d410ba0	3.1904920686680627	5.4081875
dea/972a1352a6138	2.938500710104327	1.3045625
deb/9e29e1d8a3282	3.031075817361443	4.85675
de8/c655ab202e02e	1.1044314372120017	3.3564375
de9/baa1ae6feb1c5	2.3735189431215598	1.4050625
dea/1432fc2ce2ea7	1.399752600728851	8.09525
deb/611e9f4c98917	3.133642837865433	14.5510625
de8/9b05f0a49a5a0	3.2705847028658916	4.6376875
de9/10d7bef6d0d61	3.065925412805765	8.05125
dea/54ea2533af349	2.840720092555609	6.317625
deb/ffb4579242dc6	2.8775280629081577	3.3256875
de8/60e4899a0e9cd	3.2511912954489426	12.9608125
de9/7bbb13ba1f541	2.6225402458250495	9.107125
dea/126e08623b62b	3.278837256080769	7.20675
deb/a2c7abcaf2cdb	2.8665887288333964	13.6131875
de8/27a207eaac661	3.365529398059496	8.2219375
de9/84cd6d3f7dac0	3.2778082519433016	17.34
dea/30302f00ad380	2.0432710779407848	4.1054375
deb/d60a1b3ea7eba	2.2429663364084282	3.8163125
de8/40b7fb9517728	3.3094440836546264	7.0421875
de9/348645e3d6648	2.8676171585614725	3.779125
dea/4b16a60f745a8	3.200439558977576	1.903375
deb/a7d88104e33f9	2.8786016687453326	4.1103125
de8/7dc172f03e627	2.90001691439603	5.757875
de9/a95c0995e37f7	3.236825918914698	12.8875625
dea/b036f6a52f5da	2.6782283182849564	5.8224375
deb/a824829bde635	3.1964993192603726	4.512875
de8/fd30707428ba5	3.1463912175848265	6.2616875
de9/586818a0a1b48	3.1346835642042343	2.50175
dea/e7ed407f792e7	2.456305554541484	4.231375
deb/b1b8e6727533a	3.1999692023450943	12.96225
de8/d43bb21b8dc80	2.380610610349113	9.61775
de9/7179c9fbd4870	3.3668384830919242	9.7524375
dea/8938be2d45928	2.5328229292146665	2.4669375
deb/8b5aca95daba7	3.3000041852369444	23.249375
de8/0597f2179ef2a	3.2952944137063382	6.03825
de9/a00ac77893a78	3.192027901079079	7.499625
dea/772c0cb4d4e38	3.00795977031103	1.7493125
deb/34b24034d3ff6	2.2153330102890703	1.691375
de8/3a5f497ad3a20	2.842335917721448	7.242
de9/b2ff8fa944d7b	3.084113461627356	6.7823125
dea/1929e21d22098	2.281535407835482	2.23525
deb/03ca683d3dac5	3.336941995821259	7.940625
de8/8f9975d614e0e	3.4356770869257454	8.853375
de9/bb8cd3f955e87	3.2624722562893846	10.103875
dea/ae97508995b7c	3.099957916815812	1.8941875
deb/800961dafff8e	3.1833127475809473	6.4103125
de8/45cce94593cca	2.1363966840303554	5.4305
de9/6edadc555face	3.244255534533255	8.357
dea/d046c4c8c3d99	3.2738873310205494	11.4766875
deb/78c146d6fb073	1.0940587687079995	0.864375
de8/4b55347d68097	1.0968421012577818	1.4418125
de9/0c673ee497cc9	3.4343238389858204	5.1235625
dea/ece9e6885c66c	3.362038970723364	8.783125
deb/98c2702b12db2	2.751455542030243	3.625375
de8/a7fcacf943777	3.0755486814169037	3.2710625
de9/7da475da439d1	1.5798240891146922	2.6985625
dea/5cf8c9c613951	1.9690470438229792	2.2423125
deb/fa99de90fbefc	2.702308393964668	3.1965
de8/9761d735fcf7f	2.58667387209144	6.925
de9/c7b654d21a563	3.001888813977351	7.806875
dea/b4c225942f627	2.8947225710932467	2.2605625
deb/cc165d1fd834d	2.7690848195159736	7.3465625
de8/d2c95a1fe2406	2.0683425139850082	2.21975
de9/7a5b7686ca882	2.979654947618981	4.880125
dea/5e742edc84a6c	3.2532523358686083	2.5544375
deb/efe94cabc86db	2.9766521007941953	3.768375
de8/eec8cd20da947	3.265346994710118	3.4229375
de9/fa44215415c44	2.903085715466902	13.1765
dea/633d1a1d07906	2.7684386282575995	4.66225
deb/99875abeefe91	1.3478603010428838	0.985
de8/8c151d8545623	2.749100953962606	2.206375
de9/e7f64645f4cbd	3.3949450155541867	6.527875
dea/8911df420e04f	1.091031597676976	2.0903125
deb/9ad991a72c8ce	2.454297081412249	2.957625
de8/35c52c3097a33	2.624597273032127	3.7085625
de9/a659121215b28	2.2123619781417685	1.9435
dea/6fef58d1be54c	2.6327624995872863	3.5386875
deb/4f8f972143861	2.325932344369253	2.6405625
de8/34da552f36c44	2.663720303641566	9.838375
de9/6505362e61987	3.340533850188926	5.9469375
dea/443c7a6c1e4e5	3.197645051004356	2.694875
deb/23519bdc46e26	2.716856091751626	4.1229375
de8/a29258089e4ae	3.2399625955250806	16.0859375
de9/9a51402b3d5c0	3.128210459610928	2.897625
dea/565eb698d4478	3.4159103533325577	12.8395
deb/4d1888c5fffa5	2.3972942254228897	3.327875
de8/37626ea75a0cd	3.260587468927971	11.7305625
de9/44fd41c4c7655	3.214543066175871	5.339375
dea/ce912767e35fd	3.157836515330554	11.6120625
deb/bc33c5e7858a5	3.0412965679760053	4.8071875
de8/7901e66e6f0bd	1.0965735567928743	1.7775625
de9/d60e4b2d3e02f	2.8003163339184067	1.3764375
dea/63ed20c218c4e	2.7422763413920928	10.207
deb/d7baeac75742d	2.90652694786404	7.0851875
de8/23c1f489b99f9	3.2184942143855366	10.317375
de9/a67edded180ce	2.6713385937654017	5.5818125
dea/af6bb30a216f2	2.5556404338298284	4.486625
deb/2c736e773b378	2.6953309957715264	8.8016875
de8/9823506d9502f	1.7390692712642846	5.7459375
de9/5c5b6e612126f	2.4491791680778014	7.088625
dea/28da445dc96b8	3.2386716915111897	8.4259375
deb/46a6efecb1e01	3.097455366969207	2.6264375
de8/cfdbe125be40d	3.4110245130228263	8.576625
de9/505596f820f4b	1.7065318891379098	1.357375
dea/ea94f6c15fcc4	2.9068851270106064	5.685375
deb/20bdb057a518e	1.889045725047993	8.3305
de8/d4c713567893b	2.53863354786812	6.2573125
de9/0001b30fe96be	2.9533177681920044	6.086375
dea/4168933f62830	2.665786827155332	1.7788125
deb/6d9c1633c6622	3.3200052973751	6.1370625
de8/058985d177da4	2.119750988663969	4.512875
de9/bcc1186e5358c	3.20352556351915	9.245875
dea/85aa75c2f375e	3.1652980213026454	10.1978125
deb/a3cb1c1b767d2	2.615640019369266	2.596
de8/e8c57816bb07d	3.2208984360772432	5.8153125
de9/cddff267feeba	3.444928704937129	5.4634375
dea/2af63e055a648	2.959361076125685	6.4744375
deb/b23efded8a7e3	3.388072417422631	6.98375
de8/b0f30533c4896	3.0621820652019833	7.158
de9/ff6e663713625	2.574147606886658	3.408625
dea/33c0a46233885	1.9645380420926906	2.8224375
deb/e33c4ba614d24	3.4975422583483526	4.16625
de8/642e39e123c71	2.964487461740256	4.0484375
de9/a4dfddafd4c5b	3.2765721907866436	5.0779375
dea/8ca9d3c19228d	3.181733083197056	5.838875
deb/5685b40c6e407	3.174373456047661	6.5778125
de8/ff8a5e195e723	3.279535136540279	12.5458125
de9/fc83d5bf44dfa	3.1513967571589236	11.106375
dea/c1e6349b3508e	2.2785559022092188	0.6240625
deb/7a41eff42f2d3	3.1265350855085963	4.5850625
de8/52c6dab90a35a	2.468488237731549	5.2923125
de9/328730c42f6fc	3.071764808714736	7.3995625
dea/7a067fb2519e3	3.1430335968346186	2.8653125
deb/c8e699ac0a9d6	2.6360011940214156	8.803875
de8/f795bba73c857	3.419164670239628	9.1495625
de9/4f8678522ead2	1.0923595262242847	1.489875
dea/2d441978267ca	1.1028962877112767	8.01175
deb/6c8acf496be8f	2.9678034077015134	2.374625
de8/eaf534d04a8f4	3.233317834079294	1.730125
de9/b1c1306ba1064	2.409538663152194	5.1938125
dea/40e4d612b4f03	2.6053792853805318	5.8115625
deb/f195dadda4e51	2.8551894331151035	10.492
de8/0b08e26876957	1.757528242415421	3.9708125
de9/e911a596cbb98	3.21067485044446	5.3213125
dea/d30d015242a7c	3.35108092459976	3.992375
deb/5479a1c42bf0b	3.2714986341727577	12.7651875
de8/94b1046b4195e	2.1949543031460155	7.814375
de9/40e86ff72c801	1.383154782661207	2.26175
dea/33a947102fc7c	2.6881156273332905	4.2089375
deb/33287385b61dd	2.3618834155772537	9.5635625
de8/8e004ac029d4b	2.2980840402296643	1.2980625
de9/bbf3772b6a0a1	3.4976168142762663	3.958625
dea/8b0806f70211a	3.2129012161469124	6.58825
deb/69208ce7d35b2	3.368684454769603	9.98225
de8/62375f482fd97	2.5718572142242047	1.5855
de9/c40aedfd81bfe	3.102784607226055	8.290375
dea/9724165cf09ee	3.3274570119538365	6.934125
deb/ed9f6ca202459	2.6017882672699013	1.50075
de8/15964fe586dd6	2.3971572140685575	6.5666875
de9/5c9f732d9a917	1.1055475087735778	7.5919375
dea/13b0436ca1d81	2.607467967310409	3.9443125
deb/6a1eb1b5db5b6	3.4212620521310937	10.943875
de8/40a9438944711	1.159013406079903	3.7004375
de9/4a9c8036a856c	2.608558121980804	4.451875
dea/23baf65b410cb	2.188495534913078	1.923125
deb/c0b5402b52f73	3.3644955943227135	3.3756875
de8/8028db0886421	3.221558727923204	4.5114375
de9/a841065fdc5bc	2.7379065732686505	3.05575
dea/54cb63347b6a0	3.3412743863645256	2.7896875
deb/99a7be3103ec4	2.5818424526941377	3.4185625
de8/a17943701dd16	1.7045036410062415	3.6805625
de9/80d7fb2ca3a87	2.0522199652409223	15.3445625
dea/ab3445caccfd8	2.8905359933548125	2.381
deb/28bdf27fb45a6	2.940124970186322	8.1034375
de8/93ce2919dd62d	3.1897312370859585	4.3420625
de9/c740cd9407a33	2.70226381366469	5.5474375
dea/3f22559a0deaa	2.874378886427016	7.997875
deb/4f7b68163d5af	2.040142529111575	1.3455
de8/5cb7d1c056fa8	1.8085939875418893	6.7988125
de9/843a10b8d8385	3.477899840443454	6.2943125
dea/a1dc627a42eb9	2.840750272136698	8.093875
deb/f57b3b79e86ed	3.2425565752496137	5.1613125
de8/b9f3c660e1707	3.1740854086306456	7.840625
de9/505976057373a	3.054923078850584	9.3505625
dea/c81b7b643c51c	2.840353016900864	1.0871875
deb/1441d6cf9b52c	2.6288113619506155	3.1916875
de8/29ad6d265e0d6	2.512613086791548	3.232875
de9/34e863432fb05	1.0808444050046813	2.5069375
dea/0105e67ea8bcb	3.03631636600626	8.9025625
deb/5f7a79e333367	2.8084367114550592	4.704
de8/39283bc71e698	1.9389128371868183	0.9366875
de9/053444a2f96e7	2.9407633370067683	10.8555625
dea/328c17babd54c	3.1934452392458064	6.505875
deb/ef9e5240f4257	2.3905045328559065	4.4178125
de8/88cce247c0ba3	1.9872162846074277	12.9133125
de9/79d35b48bd5eb	3.309645468312189	24.4494375
dea/16f8abeb25a08	2.739567378286994	6.9151875
deb/294c52c60f839	2.884540610542986	10.533625
de8/f428c2b80aa78	3.291417959058554	16.052
de9/3f69e0352549b	2.5894455877218547	9.462875
dea/2f564df1b26de	2.7398984911698254	8.834875
deb/cac4ba033d665	1.9390266269794463	1.879
de8/eccfe72d08750	3.2650782178300815	7.0659375
de9/7776b0868ae37	3.3871642414180134	9.64825
dea/0ac6cc626a91d	2.984591359252114	7.5554375
deb/3054e0eb05493	3.2146804048429773	4.0600625
de8/aa36f7bb510ec	3.0292554684546427	8.0523125
de9/99a4cd5ae660b	3.3845055988969066	3.1493125
dea/4cc096283b270	2.7285167091295714	4.175
deb/06dab1ba44dbc	2.324717865159211	3.05725
de8/08f9daa6ec3e8	2.7499120386521976	3.1546875
de9/fade27ec6a6cb	2.752612591837081	1.634625
dea/541ae1d7db8ef	3.023838334567044	7.7938125
deb/783900767837a	3.134020314195557	17.569875
de8/7c49be4631965	2.782698029573954	3.531125
de9/2ef9c67cd1a9c	2.0917670723510198	2.887625
dea/24a0035a8bc49	2.5097222862411037	7.414375
deb/c43889e879158	3.2687841095706003	4.24975
de8/b03c1173c5c12	2.7855694477384585	2.4144375
de9/511e9302d9bbc	3.13180011553573	8.4183125
dea/f24ec72b33728	2.3762450830683624	6.3973125
deb/abe13704eaee7	2.3806520188238993	2.1805625
de8/242621afb91a4	3.07163530658908	2.7863125
de9/ee3164b6d2f23	3.210914601623971	3.864375
dea/fadd840ed802a	2.9681248193595318	2.747
deb/ae43fea5fe319	2.2838352730175733	2.1705
de8/4c499e97247bc	2.5545594321053327	3.2411875
de9/e2ae36c2aae32	2.7863443325388246	2.571375
dea/7bfd2baf2e082	1.1440864648887892	4.5885
deb/6454c33de7239	2.972708159805657	6.06125
de8/d1451e9d942f7	3.2007040856289515	1.5716875
de9/8937cda6e2565	2.9109973321910636	4.738875
dea/3d5ce8462d43f	1.4090570415325256	2.4424375
deb/03f1b548b7179	3.186739111252558	9.9444375
de8/a826e4326ee37	3.016177001308752	20.4635
de9/7a2af91e6f822	2.7594133809257237	5.11475
dea/27d500d98466e	3.0794621672647264	15.8529375
deb/230c562b4791c	3.321453284134056	10.8841875
de8/54f5da0be3c4d	3.3738870884221406	9.1950625
de9/f955645c9da44	2.4270096860828745	5.169375
dea/9332c5ce6d9be	3.3221694281369265	7.34275
deb/8ab84b1d3dccf	3.1146163975008405	7.7385
de8/227a900e4d985	3.33621105774946	2.75975
de9/f49be66d41e19	3.416677038530106	5.0901875
dea/8bca65369d49e	3.1620967094959127	5.5414375
deb/dc5f067e5e7ef	3.5043642814885967	17.6093125
de8/145809164093a	3.0538219565033335	3.3545
de9/b0ab35a45dd16	3.1186087267526807	6.3961875
dea/ca96c79064cc1	3.32262108054623	5.887
deb/c8c759a718d5f	2.9222292176005595	2.84875
de8/c95887c430704	2.9653889123597237	3.72025
de9/95e2b94f99a10	3.1780646014975025	4.9605
dea/2e9469aef0177	2.77160125659562	4.442
deb/b2070644a1b1d	2.9206416950041683	4.583
de8/d38f6afb40303	2.6618560763334846	3.7283125
de9/29d1d0f301d0b	3.249093546846867	6.5068125
dea/4bff09236bef8	2.4431561662628303	3.3901875
deb/1344ca9b4ddda	2.861731044662981	2.6385625
de8/86c95f20a52d8	3.3597798594081336	5.525125
de9/4e937721a155f	2.669289586103827	7.0871875
dea/e3b461f562036	2.764000372174022	6.009625
deb/17f68bb96bb4c	3.0543323297681195	4.586625
de8/036025fc95b68	2.598618582147838	3.2505625
de9/a5a30e801e5de	2.88156306310859	4.393875
dea/e8b734567a751	2.8173938957341136	4.6669375
deb/c0772be426402	3.14463051442299	8.5483125
de8/dd4e2cf271f18	2.279497294269521	1.47275
de9/cf4611427c0ea	2.6869812483369335	2.6870625
dea/537c158aa1e53	3.3381178816335058	9.371375
deb/d54cedb8e0e77	3.2374764725216703	8.524125
de8/49b215cd7be8e	3.0512945177134587	4.055375
de9/6683a6179628c	1.04885619962874	0.974375
dea/90da391afcc07	3.0930410060432	4.20925
deb/666e3f2a3ff52	2.890641147319568	2.891
de8/0f82aec90082d	2.0544255415794193	1.562125
de9/d527c90487fe3	2.5698077590592283	5.32625
dea/3629ed84ddf2e	2.06941536529611	1.22625
deb/f841f4111cbe0	3.496118510385423	5.6828125
de8/9b2ca713dc374	2.3294192577394757	1.2498125
de9/1594e5573e9a0	3.385830168140441	7.5576875
dea/de95723178e4c	2.5385580362847513	0.8169375
deb/f1cc2fa986152	3.419765032744547	15.92575
de8/86fc2e33139cb	3.0091706224270505	4.4514375
de9/5352d8b099e3c	3.3131325550439388	3.0913125
dea/a6dc5b2db9cdd	1.4028818768285365	1.281125
deb/4e2156ae6146c	1.758431268599172	1.4416875
de8/2fca0161304bb	3.0899332940627495	2.372875
de9/3d64ccd3ae10d	3.593332184760164	28.13325
dea/a8ebfb79308f2	3.005626746585309	6.4484375
deb/e14afacfa447f	3.180263737954792	6.4315625
de8/636aac28fc42a	3.167588480923389	11.7269375
de9/efdef8e72bc0f	2.8732319467121443	3.314625
dea/ea53957a6fd0d	1.3064485106254016	0.8810625
deb/955f248625daa	2.7540391817546874	5.121375
de8/bf096b140e7dd	2.72113422845099	2.3925625
de9/00dd430f6ae0d	3.3914828807160076	10.4043125
dea/cb29fdcadf1c8	3.190049160476125	3.43025
deb/ab81c1a6b7980	2.499945373476242	1.1051875
de8/d89098c37d990	2.725382679366744	5.6889375
de9/8999a8f382565	1.975206777770179	1.0513125
dea/dfc59b7f69202	2.7478771983122616	1.4190625
deb/979c5eed79da9	1.136387156408092	1.8528125
de8/58dc82c6d7f03	3.3712766990722534	9.788625
de9/4590588a8483f	3.058910167490681	10.113375
dea/df5a6f742ad27	3.1060136988706915	11.966125
deb/5419cffeb2014	3.2030491125170313	5.310875
de8/d11a448431d6c	1.1685644358315181	4.2659375
de9/d4b02dfbe19f4	2.9628353154638503	4.0408125
dea/6cef3a67b0567	3.4171422146064496	6.10075
deb/4e0f753690035	2.863416348421046	5.390375
de8/994ba37b2106f	2.5075931981855066	7.2544375
de9/dd775420bd800	3.375725451733428	7.4575625
dea/721d3ec240c19	3.2454651623650186	3.8724375
deb/9f6a0fc59fb77	2.5205551696717627	3.1840625
de8/a85e777f8ce36	3.3643185925490826	11.8735
de9/ef16ec47c6c65	2.9180034751777053	20.3610625
dea/3efff9d18caf7	2.515028637779345	9.916125
deb/b63863c9f9ef0	2.9087734924361692	8.3524375
de8/7eb128c9e4901	3.3685571473984983	9.522125
de9/9c4334e94373b	2.515999381545979	4.8049375
dea/ed865e28d52b8	3.4455480633392552	4.728875
deb/b72409c988921	3.410952581799284	3.6231875
de8/4a99f42557f6b	2.956115732395496	8.4011875
de9/ad6885bc02adc	2.4936153936180445	2.08375
dea/65436efd10452	3.1199802868917277	8.23
deb/9454237e815f9	3.0517927802851155	4.7140625
de8/c83a22ebcd370	3.2043713690233955	4.163125
de9/7731f9fd3a23e	2.7029167968503662	8.5435625
dea/1520aea62138a	3.1313511956101507	7.6683125
deb/fc80eb9466615	2.6252722292296418	3.909375
de8/fd233ec62f7b5	2.9395682848199165	5.209875
de9/e849e8d6bf91f	2.0835551331291917	1.2495625
dea/c50810908d62f	3.1784556122678125	6.2904375
deb/fa637d88bd97c	1.4205609220671218	4.181375
de8/f52a294fd680e	1.6935946167088176	0.76825
de9/4517ad4e069fa	1.8521951996886024	2.315625
dea/568416dcb36e0	2.397995942937859	1.826375
deb/64a042194b2e5	1.7104116800239033	1.53825
de8/7982939efb578	2.7956433397421017	10.14975
de9/fed55616cc34f	3.3880627769873066	9.306625
dea/94b0ae99ec227	2.597588853739571	2.6193125
deb/81fe2944833f9	3.1256082718413234	2.1548125
de8/ff49885313b7e	3.437675891878038	7.316625
de9/3569c34c95c77	1.779632332137695	0.8709375
dea/bd6aa50d27069	3.2092801118958745	7.1005625
deb/10f861e690aa5	2.066051866543107	1.77025
de8/9bb2ffada25ac	2.076381452319012	2.9314375
de9/39b5b10a882fb	3.2685768077502044	13.163
dea/9a83b2768c3d8	3.181715715320088	2.4516875
deb/8a1c178eaebf3	2.8266259207262148	2.4410625
de8/b695fe7925903	2.6929516634786705	10.3684375
de9/2cd00d24763bb	2.592459607323459	6.59675
dea/803431355516b	3.046107277340833	5.0485
deb/da7ee3d0defbd	1.831814191308448	2.5606875
de8/8d0fee815aca0	1.10328405141136	1.682875
de9/dd2086fe58da0	3.022681820467582	1.5648125
dea/caac150a8f6fe	2.5754117720901855	5.579
deb/12508d0bce398	2.7492226826341386	4.1408125
de8/c252d3747a999	3.0948590473007025	15.6299375
de9/544c2c2cf1588	3.437222656421182	3.02825
dea/afe4e0def593a	3.223260947586283	4.608875
deb/c1809b86cc89c	3.4378963185996905	8.4904375
de8/9c7e218cefd1a	2.7940176210946497	7.794875
de9/41d20bb916499	3.113852014675188	5.1731875
dea/af599f072b04d	3.2010996838314	3.8476875
deb/3d1503e217027	2.8439811288410652	4.0379375
de8/eeda1c813ba5a	2.971850241453172	2.1745
de9/b7dd9301fb43e	1.8241650502130233	8.0460625
dea/86745cd3629b1	2.238157611025046	3.7685625
deb/06e3d072f3ca6	3.136148729046489	1.9766875
de8/876a5138417b1	2.488443572025736	1.9504375
de9/e7293eebad00a	2.253084987259238	3.9216875
dea/437cf89fba762	1.1045731971035928	3.3608125
deb/f662fa7d5b66d	3.456931788668241	5.46825
de8/be1b308d9a6a2	3.3211297141694396	8.75025
de9/c55353f744b75	3.4157676693036376	13.0705625
dea/501a4a78bcaab	3.11209374111129	2.232375
deb/e6a78fac0a992	3.0531595877876065	3.5073125
de8/059a19ae32ceb	2.9674154086813354	7.8893125
de9/4c595977c4bb9	3.1774091609246318	2.5559375
dea/b102e8aac796f	3.2621802140998652	1.6190625
deb/6d6d9d2072b0e	2.750479709929897	6.319625
de8/a08d73f0152cc	2.730840182698213	8.636125
de9/0c23f8f8b66a2	3.381465380991109	9.389625
dea/c96b3a3725999	2.799877474310393	3.7258125
deb/d7f48ecd3a539	2.968610306535884	3.0409375
de8/3308a1064552e	3.02417010643486	3.749125
de9/1537ccaae0d8d	3.1574994731908452	11.62675
dea/223d500054695	3.0383426530987516	2.6865625
deb/61c750ec93586	2.298834279815487	2.456875
de8/c0902a3441fcd	3.075308260382757	1.9231875
de9/8c960ea32ea8c	2.9391813382866223	5.651375
dea/1729b87bb9f81	3.261993468635726	6.1599375
deb/ad069b6d4422c	2.7128498157886227	5.238625
de8/2a3914e20a549	3.1903468085200686	3.126875
de9/a2012dc3f0378	3.591227939381971	5.06025
dea/c1cbc9276e1ba	3.2773285028723635	3.930375
deb/9d615a253a289	2.3276889571201496	1.9954375
de8/cc3ef132e7b24	3.2348907513041856	4.0138125
de9/12a7d9f2cfdac	2.764040649795981	7.378125
dea/262567075e57c	3.0102448901900978	3.90425
deb/67010c2685c45	2.5831108762275523	3.8645
de8/66d6a500323e2	1.4055179895057737	2.0661875
de9/4e26ff4644186	1.1377672125522624	1.4668125
dea/fbebf07b92d45	2.9998202843641115	8.2549375
deb/f11682d3a8af6	1.2257907163358037	1.0843125
de8/3bdacb8876696	3.369667264837662	5.295375
de9/50e1a8ef33812	3.3933044866774025	5.1888125
dea/407dd0a79a811	2.761254025180277	9.8306875
deb/86bbb02ef38f1	2.753893489323399	13.8259375
de8/14a248f1debed	3.210593789740703	15.095625
de9/930f0b8486420	2.088411801102547	5.17825
dea/9af722e300fa0	2.9757215354701265	10.0873125
deb/a616907170298	3.271263433497114	9.637875
de8/b0ec3001b1ef6	1.9246730345104903	3.3441875
de9/e98ba348fbe79	2.3794274679692493	4.08425
dea/07ca7a2f024ff	3.516297936761076	7.0009375
deb/28fa77bd1637c	1.6829949124694614	11.4900625
de8/705a270deee49	3.28425414301584	3.1738125
de9/80fb44dff840a	3.128595100158616	5.262625
dea/0be02ba2b54af	3.326469396338832	10.906125
deb/17aa2dc90bb3e	2.519590202721924	10.2305
de8/34ea89ba7a2f9	2.149000119608104	8.2249375
de9/e194453787741	3.322344371946671	14.7939375
dea/a3ec92cc6c3c7	2.218650243773997	7.2451875
deb/b03b84d3cf6a6	2.9954980475603254	4.2973125
de8/1bbba559a7dcc	2.833788015469215	8.9655
de9/55548c0e0faca	3.2095236837533587	6.7705625
dea/1476145fbf0d4	2.860756606355778	4.2975625
deb/929978bd79726	2.984086273490113	4.827875
de8/e74cb7e2f40b1	2.8852327689900155	4.297
de9/3c3053b3ccf6a	2.827893314809118	5.81625
dea/92a5ae0d71234	2.440291418739548	4.386625
deb/31fcd4ff40377	2.763775588710049	1.169125
de8/16c61f26f8dfe	3.077730532684813	3.1278125
de9/8c31b81f77aaf	2.2028735901520435	0.8163125
dea/9c617a07616c7	3.1046862615390816	3.1875
deb/2525f03546f24	1.9310802592279839	2.32
de8/a652d94333c7b	3.0984466163603828	10.246375
de9/7a578b51dcb9f	2.34235344935644	4.0085625
dea/55c1638f2de86	3.3318839775340834	6.267375
deb/06798020ae1ff	3.312472734343166	9.6018125
de8/9c5c78d6a2e63	2.815764331049467	6.7268125
de9/6f3e7525b56a7	3.4465635562872614	7.336
dea/5be3fccae4fa2	3.3323532540605583	7.1451875
deb/a0f15dcc1ae90	1.792018042221154	4.381625
de8/e1db64d25a251	2.32413838755482	3.5966875
de9/61e39270e049e	2.687264888824875	5.4293125
dea/c5bfe3ec116cf	3.4678699357944565	9.3545
deb/c77e171bdd8f4	3.077535204186199	4.699125
de8/6738c249209e8	3.348716922215947	15.0004375
de9/7bebad5871566	3.4331471125845394	26.3146875
dea/6cd48e7a49d6f	3.2532987585440774	10.7439375
deb/9aebe1d6552a7	2.263154174058464	9.938875
de8/eb6550a36806c	3.2514648357146636	6.8475
de9/7b124720731b9	2.4718746530198152	1.936125
dea/7360317806d30	3.0346961654884654	11.9429375
deb/8279cf169d70f	2.716843387253474	8.732375
de8/a26e55f2e92ac	1.9113902474397522	6.5753125
de9/81acca98b125a	1.1278710216979246	3.1218125
dea/31390a58d32d1	3.2251510411585556	7.4898125
deb/310ddcd6a86d7	2.977822784949872	5.464875
de8/9689917058ecb	3.0121469811307047	5.8099375
de9/8207ba584a3e4	1.2868194401310864	1.9355
dea/3aeb164c2d064	1.9796199651970126	5.6191875
deb/528e5d40bac0a	2.325650052676953	2.5201875
de8/e1b2ee2db79f5	2.9841413914292425	3.9571875
de9/009126645abd5	3.3617387815226727	3.508
dea/de7c672a67912	3.232682329129254	12.1695
deb/0834d467266e9	3.1199581259976052	5.3173125
de8/aee04d60bfe3c	2.7369730531398653	6.0571875
de9/5485130b5d895	3.115709983265102	17.2820625
dea/bcdc379d423c5	1.8027389051945808	1.4375
deb/263672c697a6f	3.3236755249119794	14.8718125
de8/6a7661da18d6c	2.85269509821371	5.4043125
de9/4582ef60aedf2	2.633315137579607	5.655
dea/a72fef958ca6d	2.420338739866628	17.0310625
deb/23ac99c933b9c	2.028556370998216	2.3466875
de8/18dd779f4117d	3.456480409556996	10.0099375
de9/ab4d4bcc6626f	2.9521185161025656	5.6285625
dea/0eacfbf84df94	2.5283152165493457	2.2393125
deb/b2273c64a87b6	3.3812099346788784	8.3914375
de8/9cb00cc0f3cd2	2.967271336330202	21.7281875
de9/26f9f8ba7572c	2.806324537780093	1.393
dea/a4712295bd280	1.9940619098056414	9.24775
deb/176b35e44a76b	2.8004699050743262	7.63375
de8/ba6487d53d923	1.1659031728678222	3.0983125
de9/ca34ac078abae	2.524660185148557	2.8614375
dea/adda8240b93e1	2.543071838570406	1.593875
deb/95b9e8947bb22	3.2560876188372663	5.83675
de8/ff636650a4083	1.7143177218696806	2.0191875
de9/aaefe7f72b7d1	3.29089351250319	3.998125
dea/90e5c5adfac11	3.3750020066586877	10.594
deb/1917c63adaf99	3.4856824180590764	15.273125
de8/140785d9eaa64	2.958052089010999	3.263875
de9/f283ea5248db0	2.9412010604074164	2.0043125
dea/29c6108e446eb	3.1710950608217536	8.715875
deb/fa156349cbaae	3.351955607186777	6.8083125
de8/90697c10ea115	3.3798576704990344	8.4316875
de9/b4d08f8c1ef04	2.213515330165224	4.001875
dea/6568dc13689c9	1.334921829378618	1.0569375
deb/b31fa135ff0f1	3.5465935821000785	12.5759375
de8/37a03b93a9f50	3.2854138553767114	6.228625
de9/de635ba409737	3.033829668161657	6.2308125
dea/e14beac911441	1.1202824373384819	2.3848125
deb/b637da12441d9	2.799735839571278	2.595
de8/6498296dd3cb9	3.299527876535309	6.35175
de9/1146f15c72b15	2.9249637393389833	9.8431875
dea/67598c017a0e9	2.975678945586145	3.2425
deb/e51257fb39faa	3.1833250261887085	9.2976875
de8/344ac7cca8601	2.9509531324392424	8.0330625
de9/b742a9f3d292e	3.4515006243902926	11.5375
dea/ca0b522f9eae6	2.509596255787212	3.83875
deb/6756294e37860	2.144256755152784	1.0799375
de8/9184e4a4bec57	2.861982682585478	2.3131875
de9/c964e6e5f4f6f	2.9372535100687394	3.639375
dea/139c4d36ff423	3.2590560802177526	11.925875
deb/d5ad3af468c6d	3.2636210409535975	11.6070625
de8/a4fd689b1d4c4	3.384675219374779	7.52225
de9/11add435e033b	3.517245818435433	11.9640625
dea/275ca2e67dd1b	3.3802385875400427	11.4435
deb/ecfe5ed6400c1	2.9508488839359175	1.3465
de8/88ff8c54b20e3	3.302658805521544	6.5349375
de9/2982954ad5d16	3.0915357503480814	4.11925
dea/960a558ecb3a1	2.0761505610150013	3.153375
deb/ac6dc554c582d	2.611974844192689	6.91225
de8/ab6b46953b3aa	2.3577026809921087	6.9245
de9/c98f8c025ef83	3.2572419166388653	8.7954375
dea/ba6c80ef98b95	2.463378344230837	4.6831875
deb/94888d0daa272	1.7881913435293915	1.1053125
de8/1973c6fc96946	2.4538692520854664	2.386375
de9/af416c2404b54	1.67526511993374	2.4028125
dea/7a92c5b73f47d	3.03756026391275	7.5359375
deb/6155b86f1c7a7	1.8736079942213382	2.72375
de8/1f61599304443	1.7743742585292588	1.128875
de9/a12375bc1da1a	3.0143121365797896	4.785125
dea/0262fe1feae24	3.2716736897273324	5.014
deb/77d791a00cd58	1.6704555701776793	1.0085625
de8/de3c5f49fec68	1.106863491176923	1.5504375
de9/9060a531444cb	2.7983050620811967	4.8019375
dea/b13fddd1532d3	3.1173676696519537	1.1609375
deb/22f4983c2220a	2.6333898019796593	0.9615625
de8/60ee16842d4ae	3.0075595905425843	7.6319375
de9/96d00a878ab74	2.632244000320262	4.5144375
dea/7825debcd3e36	1.0830506864935485	1.8639375
deb/d14179e86aae4	2.660317669619551	10.16275
de8/5bc4afe9aeefa	2.4382925053911073	1.9381875
de9/50cfd7b8da798	2.9884130272587655	19.1896875
dea/542215c627b3d	2.5619944102720944	2.294
deb/3df2806969d00	2.5896118159639947	8.1885625
de8/53fb6b953f8da	2.1690149986288527	5.3063125
de9/e2d0a53725e06	3.3276726958352083	4.1483125
dea/90c6492405875	3.396615562066269	8.304625
deb/745a4c62cb786	3.0407131371743046	1.94625
de8/ff184d4f0318d	3.384351111224149	10.644
de9/4cb3a8cafae93	3.455390052032364	10.6561875
dea/5c4bd0b0b62ef	2.3781563923421025	6.886125
deb/03ebc129eee7b	3.323069187965794	13.2038125
de8/76caed25df37f	3.4982681328448453	4.90225
de9/b052f511ce18b	2.4460448199261093	3.011
dea/8840957e72e5a	2.1317966738630716	1.058375
deb/6b0b95d83a73b	3.2600979715451666	10.74675
de8/d943dbb5729f5	3.151161203977149	1.3159375
de9/61f1b4d44d5b1	3.1151014555409473	8.608125
dea/47e4bab31f18a	3.1022099621738826	4.1535
deb/8c758528cbb73	1.2021202302210574	5.788375
de8/ff91c7afe59ef	2.7925355669940064	4.5441875
de9/253d7716aa12c	2.856862862926404	3.087625
dea/c1d9c250ba78f	3.2665041758762943	5.34
deb/b10de97442bda	3.4604398475118856	17.501625
de8/16c583bfe5748	2.661732063445108	1.249125
de9/acc2fc3a0d91f	3.1045341260326182	2.771
dea/869ad0b2cd2cd	3.1480017476959135	3.259625
deb/22717b2e51ea6	3.4658324030335472	7.6525
de8/d9eb8dc97ecd8	2.3065676561553587	4.6664375
de9/4d5aa08951041	1.8871349726093052	8.9895
dea/2d820cadaa07c	1.9642983353498036	1.3435625
deb/2de84ce0f076e	3.038679336649547	3.1203125
de8/affe864e003cc	1.6403127855753894	4.1261875
de9/d0505e80aee48	2.019930465086657	6.318125
dea/bbc410c97aae9	3.4202921596787568	6.3394375
deb/1cd631debac3b	2.9730077601424654	6.2880625
de8/bd8bae09507d5	2.170281786590753	9.84825
de9/20fcb84d033f3	2.518017659156418	4.249375
dea/980727a0584ec	3.2321279393425333	2.4325625
deb/044317dd51e46	2.4123416671053066	4.8929375
de8/14a919a799578	3.3870634279484793	5.799625
de9/73ebfc94695e9	3.3154744663322058	2.837875
dea/6201687e38b07	2.572181769406932	0.9136875
deb/4b0a1c24733a3	2.7518294719670777	2.7601875
de8/48d1c2adf4250	3.279827784643671	3.6915
de9/9cc58e67b9711	1.8514845931010844	2.694375
dea/aa13c737e1244	3.2359152204443133	3.6813125
deb/3e95abd028533	3.3822160167145223	4.6629375
de8/bb4f845d69349	3.0818691632766875	3.0196875
de9/b54bf7f332edc	3.001115158264868	2.734
dea/d7219cfcf33f7	3.1598817425293095	3.7325625
deb/37d5049ff34af	3.279098395505347	6.248625
de8/f207a4811a5f8	2.0667770200495945	2.500125
de9/446b71ffc809c	2.034120450694024	3.4995
dea/2f66fb9ca6f27	2.8001144807527485	1.4995625
deb/69f72009668dc	2.634411698275031	0.640125
de8/e009a4ba5f76a	2.519544578796463	1.442375
de9/59c50c5618f80	3.278450020862781	11.4690625
dea/4e983fc13b800	2.117714635747903	1.9255625
deb/09c7bde8afc74	2.137973236585949	0.6965625
de8/18cf12a6d787c	1.9288389955462584	1.8791875
de9/ab6837b42e65d	3.176017351853333	3.557375
dea/bf9d05bab3fff	3.314785220034198	3.9710625
deb/5f4c11dd119ca	2.547868337007525	1.9479375
de8/70c59488ec44b	1.3798273907841045	5.020875
de9/0b5ea4332d78d	3.4183337555475264	7.236625
dea/a76278947c5da	2.466307122310888	1.298
deb/1ef8c41b2131a	2.619060313288215	3.44725
de8/2ab079b24bc86	2.8451944780004745	12.6979375
de9/0416f08427186	2.6973650119182384	4.640625
dea/d14a46ffce058	3.3458198097061618	5.932875
deb/b1a8b51d3593e	2.5940775739117075	10.3136875
de8/caac0b530f3fa	2.9037371215753067	8.904375
de9/a7458326a442b	3.1626355916365374	3.8295625
dea/3d73608dacdc1	2.8381280487131755	4.6470625
deb/f96bd9883839c	3.0580603844929257	6.446625
de8/8fbb906b03701	3.0014205266671348	3.583375
de9/ae99fc6cf3742	3.427111083232577	7.6005
dea/63183fc8b6bca	1.1354443375763	1.6380625
deb/0474be8247b6e	2.163819501706268	2.1526875
de8/23297a21d57b0	2.4983687350900907	1.876125
de9/43c8fcb83af1e	3.2607624845348084	7.6400625
dea/a0b19a6f30163	2.912345876150514	3.9473125
deb/7355a2e8c3e88	1.5965779931499506	0.86475
de8/fb6c35cb5f9ce	2.0250233845763153	1.2498125
de9/46f35a21431b4	2.012334897871342	2.2115625
dea/ab9db6b25e56c	1.9044386912172613	1.9476875
deb/5ee4b5d42a57c	3.1988107970833135	1.789
de8/af529cbae61b3	2.4780571195366847	1.3001875
de9/9464cceabf30a	2.8829209268218188	4.4166875
dea/20c771056a598	3.107352001120851	8.6071875
deb/a732840342205	3.375464693959968	10.0309375
de8/96444dce11c57	2.7941953485398625	6.2798125
de9/09f006a04ef2c	3.389639262376985	12.65725
dea/67823b7f0c27f	2.359101433721652	4.5663125
deb/5877e80b8c3d7	3.3549965251272558	12.0065
de8/65d228c57e285	2.6006597340295903	1.05725
de9/2de94fbd90619	3.1458624152620915	8.0303125
dea/aba0a4629f21d	3.4535279244498063	7.5496875
deb/342ed7d8fa899	2.8748533775403713	6.7836875
de8/5149268078026	3.147258640584528	9.4981875
de9/cf126a37bc98d	3.3859722505568444	14.842125
dea/1b022d6e686f1	3.0151889627910435	1.7035
deb/c3a90d0aae7f6	2.8875305412682466	2.1630625
de8/a2acac7839121	2.4552250690933985	2.22775
de9/41828d4e85c6c	2.6741092120288594	2.011375
dea/341baecc764a6	2.605697069715866	3.0459375
deb/601ce92199435	2.7488889099051623	3.6118125
de8/2e49c179e5b53	3.2832548991979285	2.4846875
de9/10b3541ef9b19	3.1140579478932446	4.312125
dea/5b816eb7f686c	1.1030843149693512	2.0400625
deb/bac65b27af29c	2.7227485454890146	1.9985625
de8/f64e778061a80	3.0971544637403277	3.556875
de9/1572c35a05bd6	3.0575475384943918	3.041375
dea/4806e3a32dd4a	2.403997956800638	2.834875
deb/256597be7979f	3.2489101882846123	2.90575
de8/122ca087d6c26	3.291996775740144	10.2155
de9/eef77426d39e1	3.3888028479149392	12.3140625
dea/2d1a61c9b94b3	3.4616654504310986	5.934875
deb/f337e92c75f78	3.2392138382521187	9.1270625
de8/5cac081f1a231	2.785931627327695	13.3388125
de9/610e433f843e5	2.5342183740978386	1.1085625
dea/fa9f8f799f3bd	3.030214154124152	10.044875
deb/028e25e8231d3	2.9057202337541854	3.397375
de8/d5cd21e42e43b	2.5840188688358166	1.9725625
de9/04e91e4523dc9	3.253483522291698	5.9196875
dea/fc0bcdf51e640	3.353100340168355	7.673875
deb/1870c5f1fd60f	3.2187655199465723	4.80625
de8/1a0e5e4a840d5	3.0172189747628426	4.974625
de9/76c0666194914	1.080920893384137	3.0075
dea/37bf3a05b759c	2.1812908479997324	1.8478125
deb/e11658d20acf0	2.3671808232604477	2.482375
de8/6d9bb7b945a0d	3.071462860278461	2.0995625
de9/455a5f04a7738	2.6933319727295135	6.0768125
dea/4921772fac9ba	2.6243266128891887	3.24025
deb/9aaa20c40e6bb	2.4690616087225328	4.1831875
de8/86426d33d5a43	3.051269433023527	2.9490625
de9/603caefbc79e0	2.24387759610019	1.4143125
dea/8f8039688a2d5	2.593360681001418	4.8053125
deb/9abe355ee8361	2.7929502088227744	10.577125
de8/51f909b27d242	3.4439511453039864	4.7973125
de9/48a14c3397d88	3.1626337352789684	4.22525
dea/bbb7217f8ca92	1.3683765253307196	1.074375
deb/7094ee9361e5a	2.9471110617514595	12.3931875
de8/27d586ef78934	3.472946128609203	19.3463125
de9/1eedb9cc69f14	3.2315876427889605	2.2449375
dea/aa7856fd87f13	3.201619443402012	9.7620625
deb/f9d29e3d686a1	3.436357216698725	7.367625
de8/0582bc837b51e	3.121613533441731	9.62875
de9/3739d301a0409	2.78784318154042	7.8738125
dea/e94c5ccfc5447	3.486760410783184	14.462125
deb/8f5a823a21f76	2.026727878319342	2.546875
de8/8a34a808eac6f	2.5722140118245678	1.9930625
de9/a6ef26e3d0af3	2.7900446671310952	1.8888125
dea/4e9f22f9402f0	3.518519172385966	7.151125
deb/632a82f47d9a2	2.299865556148347	9.53675
de8/2b8d460e9c6a2	1.3087629600744015	0.9126875
de9/7dbbe3ca8c616	1.7459553255886469	1.8944375
dea/301518a3e3a89	2.7809846212980536	2.7145625
deb/514014f5b2bc1	2.6408558033235052	3.00125
de8/7717b82e668e2	3.292618643842195	7.2466875
de9/c3d97df9ebb99	3.115171467676275	5.9175
dea/9f98ccc111019	2.8639104337864527	5.3651875
deb/b576ca71075cb	3.3433394923718462	11.9498125
de8/ba76fb2c6d0ac	1.1281707709222422	1.3454375
de9/a002211d94231	2.3285069192913777	2.6930625
dea/48155f30c7c77	3.3352772869961753	11.3864375
deb/1cabdc76a6f28	3.3802594419042498	10.4990625
de8/d63cae10247a7	3.1920745789716873	4.79575
de9/790abcc900bfb	3.0222129160188804	4.212875
dea/8f89ca3d6e34b	3.0161803482584193	4.0855625
deb/8ae946554367b	3.3807709566125035	12.7710625
de8/b22b88c94a175	1.666012826041196	0.768375
de9/9ff6f8cf12ad3	2.4952191361152987	5.575625
dea/ce7ce538fbef3	3.140641010697132	6.056125
deb/62bbae3a993f7	2.522524585720812	4.39175
de8/75925c9264ab9	2.9826403511639272	2.382125
de9/86ed948777616	3.3743337429128633	3.9605625
dea/273c86397e1c8	1.0662278606079878	1.7789375
deb/25c123a8fd593	2.266349360948663	1.8704375
de8/b4c2588819d12	2.6062525126758596	2.3975625
de9/054a1b6a9c17a	3.0338173056572635	5.553
dea/c56468a475386	3.0351829472369536	16.3301875
deb/0234e4709b60c	3.2908127429597163	7.932625
de8/a585dd6fb217a	2.6751181663323704	2.4921875
de9/2f62376aa725a	2.6979096196419166	1.8391875
dea/23a22577bbc4d	2.9093199718513145	10.435125
deb/ca84b026e9af2	3.416506861481628	3.460375
de8/e4220d63b8840	3.023631085515951	5.3188125
de9/b033266916620	1.1002752822188875	1.7413125
dea/28f090c8e0e8c	2.5027321819586428	7.345625
deb/32a376e188bc1	2.9307942376219454	11.044375
de8/5905dde815d2a	3.3324573790000445	10.4831875
de9/860937b136990	3.0964184053311423	12.62
dea/0067167ba9416	2.614561512415858	1.9060625
deb/2782b813a1928	3.3014455289243387	5.236375
de8/d5057afff719d	2.3013965455250838	0.9125
de9/c1e098048619d	2.9117815518472185	5.6704375
dea/9463a56708c5a	1.9809573972472105	1.6109375
deb/0d9f5e5f31a5f	3.041970473176289	14.9386875
de8/732e9e4762644	2.8697471369789773	1.977625
de9/9f1153dca02c3	2.972074209420601	3.118625
dea/0863894566ea0	3.3764511674552993	6.18875
deb/24229e08436fc	3.5473642189858188	9.9119375
de8/d4b48ee077a95	2.8020260498629206	4.5169375
de9/9bfdd1ee22512	2.994686355454943	4.44525
dea/701a80d213620	3.2000687016927793	3.669
deb/9420e60533a52	1.703333271218755	8.7469375
de8/a35c44c793e4f	3.3921245618816407	14.707125
de9/9ea5706a4ca0f	3.135325032581383	5.1215
dea/04b5633f6f1a1	3.076774755121289	5.2031875
deb/5942e656f3d68	3.0176520845052957	4.2815625
de8/8013045fea114	2.740051569724464	9.36725
de9/c25fe79902c5f	3.189622446377479	5.6228125
dea/c10c1cf11b293	3.138140132737268	2.868625
deb/5c815344bf91d	2.819492701764272	9.090875
de8/71c4dfe662276	2.131439323724485	1.4248125
de9/0f895bb4a2dd4	3.0255058662924355	2.5370625
dea/027a9feb38d34	2.60344795520204	6.8375
deb/87a185a3b0c1c	3.4039304766385716	11.296
de8/198307d8ee20b	2.705627581124048	4.309375
de9/e92644c575807	3.0820240947176822	8.87325
dea/fa7915efc1ea3	2.0565968099936485	6.122625
deb/5a2d8147ca74e	1.935686006322441	1.60175
de8/6206f777624e5	3.06399381300806	2.0575
de9/c8db718564298	2.4691613052164514	6.0635625
dea/7dfa3f697d084	2.8843242761079475	4.330375
deb/8adc81c5e404a	2.808937653914632	6.88925
de8/f2147ee9870ef	2.3139560378076975	1.330625
de9/75436a5be87b4	2.658369586502889	3.22625
dea/1478b284ec5e0	3.298219613135871	12.289
deb/e7f89e46f2341	3.258265197605408	7.5383125
de8/65b336d9a890a	2.565488180077151	1.538625
de9/42fef4bac479d	1.1043915526245738	1.789
dea/3a794047ab818	3.4926171367114103	5.3269375
deb/5d27d67f7457d	3.1556349346875696	10.6395
de8/60992a3f4e8cd	2.0989213264022077	1.7294375
de9/9815b608318f3	2.521107215688994	4.1059375
dea/a80a9db5a64ed	3.4952121345549494	18.0580625
deb/ebbd1775dde4c	3.227092015071444	10.9154375
de8/2dc42c019382b	3.314642644043457	3.6039375
de9/9f6cb59daf0b0	3.2479770723368495	15.06325
dea/1369883aa4d12	2.912752726393978	4.1939375
deb/7de58f483818d	2.3693513893434095	2.5505
de8/2d570fa3eeb62	3.238852419764273	5.1869375
de9/8b957da4d350d	3.231796439762682	9.3336875
dea/8b501e8ef39ac	2.897179422732791	9.5136875
deb/4e38bddcbf03a	1.7541386734889766	1.9714375
de8/cbd8b8a783881	2.896383492983283	6.79825
de9/a85b73c4aad6f	2.13510635404844	4.31375
dea/8fabec4ba80f9	2.6631448335887065	4.317125
deb/69629c29a64ec	2.44765587895794	3.522
de8/989fc864127c8	2.968294107896646	7.5866875
de9/7cc11b61898f6	3.154453765226714	21.1986875
dea/22d70bdee6c45	2.8456624245509157	4.583875
deb/8fbd356633beb	1.1123887319440087	3.3183125
de8/852304bb4dc5f	3.0253152347272665	1.873125
de9/d8ae262847d2a	2.5029405497775525	5.3605625
dea/6ddf1dfde4669	2.608604984610649	1.044125
deb/a5432c8dfdbda	2.750603861331934	6.226375
de8/ead4d63158a4c	3.302421451906849	3.876
de9/79da5c1e0d5eb	2.9383881116966526	7.41275
dea/6b762f471ba4c	2.244142255376615	1.7648125
deb/fd1701172c6ef	3.367686438890758	12.6491875
de8/f722661f0e132	3.143504189927858	10.3088125
de9/4d2f13ef07ce1	3.0184967303365386	7.26675
dea/8b4d30298ce3c	3.0755743076838766	4.15425
deb/cc38a3cde4cd5	3.187976867934561	4.3778125
de8/fdb3891fc2f0e	3.0792807303364733	12.067625
de9/2c20345f9fa94	3.442901383035824	13.331125
dea/969fe8950ecf3	3.2535966427605136	10.8899375
deb/890cbbbb1b977	2.4599287685287945	1.199125
de8/4211066749043	3.381202385651857	7.7925
de9/efe63187ad579	3.031316892836848	2.1866875
dea/189d9c5687aec	2.4165648065995855	4.614
deb/790668313fc4d	3.089818972057465	6.847375
de8/1502241378447	2.946185700514796	3.2105625
de9/0dd9d1814a8d7	3.4638812556327463	8.0305
dea/3a85108b05687	3.230998752368978	5.0483125
deb/0ba82ce9cadf1	2.6215329652963035	9.3470625
de8/f1285e17b169d	1.071936095325417	1.3458125
de9/dc7ecf2ca3f56	3.176247939055704	6.059125
dea/156de676155f9	2.6609244438474815	5.04575
deb/ad2a8e348f144	3.026899398848428	10.996875
de8/85777d91ab88a	3.499779609197765	14.1768125
de9/90f220d25d2b0	3.211093537535436	6.075
dea/183a05a1253f7	2.6452622705789612	6.415125
deb/7ab01d99b6b66	3.3118791491665194	3.4213125
de8/ca9e1ae2bfc91	2.1067035963766823	2.9306875
de9/ebdf5b2531f41	2.629216160934625	5.7948125
dea/f725cad084e34	3.163021939658666	8.5601875
deb/4bd4780872fd1	2.999740328715938	5.53775
de8/800f855c63db9	2.615401078033936	1.779125
de9/1107993fd3ba2	2.799841733421718	0.688
dea/1310f41d66b56	2.5838764205848825	1.9785625
deb/c2597f420ca51	3.1434102354413263	6.4680625
de8/5be01a25cf521	3.5236920608632043	8.6399375
de9/f01a1fdc29fcd	1.0871470725475245	1.607375
dea/3ecdfa81bfe70	2.470429636048515	3.68275
deb/31cfd722ed241	3.1176812753229055	6.239125
de8/371ba7af0a82b	2.4123705168732803	3.9604375
de9/163bda52b7d9f	2.981862156274073	2.3848125
dea/6f1c905b78292	1.2738104154914165	3.7003125
deb/2499556a848bb	1.1157254235270964	1.642375
de8/d82a0e1a9726d	3.028920657920767	5.7685
de9/1c41d0d126b80	2.557622230000836	6.818625
dea/faf368f78f22d	2.704581351042559	3.00375
deb/617a88e499c5b	3.0474255495650273	12.5805
de8/65cd0aee921b2	2.9230257364385825	12.273
de9/d1d70467312ba	2.622086197403694	7.0085625
dea/0fa65e3c07204	2.9491191028849837	2.867125
deb/2bb5665ee5442	2.1250905538951907	3.7044375
de8/371c028bb3a6f	3.412627345156237	3.018375
de9/36ceddc183e0e	2.200689107620217	4.2671875
dea/c3c8d2d5674ec	2.9714360350585456	4.7065625
deb/c926c75859305	1.795264629734709	2.064
de8/46be3841d3a63	2.811815692382985	12.275125
de9/785f1ca82ae69	2.3617429657054703	3.5254375
dea/25d92365cf42f	3.5231013933054784	8.0214375
deb/a4bba273d9e38	2.1251424948225335	2.0678125
de8/bd28322df242c	3.1144703877465227	5.718375
de9/9e0072ed806f4	1.4362667893668637	3.572875
dea/6a85a7cb73920	1.9943170519293916	0.720125
deb/4bce74ba8f371	2.801057231631656	3.889
de8/000219168521d	1.2179296152463566	1.428875
de9/110cbf204280f	2.99627668562171	12.4075
dea/82491bd267ae4	2.998288414989542	5.8343125
deb/04455f0867192	1.5643675480708579	1.3004375
de8/ef2b5e54ae9ec	2.9566215790538783	3.4318125
de9/ee61fc3511f07	3.3768177897037797	4.905125
dea/bd9bbe8a442f6	2.8811421663587415	0.8165
deb/cbba05f77621b	3.5446482689721566	10.245875
de8/52a0773124da6	3.0162150456697123	1.983
de9/bc9980d391f40	3.1836586352530643	11.7241875
dea/40f76ddcf6bdc	2.5552838155446644	7.4834375
deb/d9feaa57acbcd	2.1424631740564646	2.9556875
de8/e1cc9a9589d4c	2.6624332949929435	3.97675
de9/fe9a27e464066	3.234878275071963	4.6455
dea/3e334bc29d187	1.8529019720812285	3.3505
deb/8960f801aecba	3.074725948838418	2.2713125
de8/dca6a258e3c03	1.9884280395401055	1.4435625
de9/641831026dc3b	3.5175981329625587	9.011375
dea/dcca4393c4e95	2.8395071487709718	5.4374375
deb/3666885269aa1	3.294741348922237	2.69525
de8/f3e509def2fd6	3.0398845271308326	12.76575
de9/aa8f71c47b475	3.180674618227721	11.643125
dea/669176f51f039	2.8707215041137712	4.3309375
deb/03a0c031fd102	2.698245960871046	4.235375
de8/4076730e7bbc1	2.9822083899864444	3.0689375
de9/e437c6ff41967	2.771941821423485	7.4285
dea/3a1262f4a3477	2.864278057623965	2.513875
deb/6abe84452e0c2	1.7579216596348448	3.2335
de8/174b4ea223728	2.9928291096868698	1.5385625
de9/029f002aff2cc	3.1795208711802787	3.0774375
dea/ecfb374599cc9	2.510034789959428	2.339375
deb/9c28ef3f31f12	1.8441915403333908	3.3111875
de8/def1c55fe9adc	3.0018250652834477	7.0931875
de9/b7ded0f44df2d	2.9329040219080293	6.493625
dea/ba9e09a2b502b	2.8775597430234416	2.7315625
deb/2bdecb9009f0b	3.349463409670452	11.8036875
de8/ae9de7d9b919d	2.6975179636157423	5.1025625
de9/aa0089dd5cef1	2.0813797851744944	4.2605625
dea/934853ec60c1e	2.9377606764158695	1.321375
deb/4d7adaa7560fc	2.600133484395589	4.5673125
de8/db9adb5d74654	3.2101261027640957	3.633375
de9/3780c1697890f	2.3627762709897895	2.746125
dea/9b7b1295e2e24	2.3229119099340902	3.411125
deb/48691f529b810	2.6155019462095486	3.947625
de8/0c1cf3ff05168	1.2254421409582306	1.731125
de9/8f23b1301de45	2.9810775017543287	4.043375
dea/9c4de697f0773	2.575070578016576	2.8854375
deb/03e988e8093e3	3.394416763627459	12.23975
de8/de47aaf6a4a85	2.5820272165277927	3.768375
de9/ed939d7f0fe02	2.526746235554617	5.9180625
dea/897391ddfdc03	2.0404079550573133	0.8145625
deb/337106e58baed	2.595071809015484	1.38225
de8/21f86790b214d	3.3010956904321915	3.511
de9/8e2c803c9442e	3.072974179327673	6.440875
dea/535edebd8d9bb	3.3313599916470316	11.18875
deb/aa949573a20f2	2.5453148363197458	4.328375
de8/cc042ad68a6e1	2.730253092662937	3.6229375
de9/5b86c38fec04e	3.4381874377793187	7.325125
dea/a2d42ddfb0090	3.082708567213885	4.216625
deb/50da93cd9db89	2.8544101746460386	1.0349375
de8/fc3b75cbdea06	3.3543075313024673	4.0660625
de9/ae10d93dfae73	1.9730762023382957	1.777875
dea/91132ca7769ad	1.868301981656265	2.018875
deb/70bffac5d2acf	1.567068022395284	0.6240625
de8/c777a563f4f68	2.3857708006375256	4.2921875
de9/6f97559d4e755	2.6153076038130108	2.7039375
dea/3c91cbe8738e9	3.181328888034456	8.01775
deb/8b10354b65363	2.7373444754721503	2.4539375
de8/5e62f35ddf9b2	2.5172891369620407	5.7664375
de9/53b319fc896cf	3.149514182494551	5.6400625
dea/a31debd067373	2.3367246350935207	1.7035625
deb/fc715a8841976	2.7529883795964425	2.93475
de8/5c6f3e6cefd08	1.8381445282936746	1.853
de9/74a9abecbda85	2.0876994933664728	1.6573125
dea/82d958597b177	3.0315945364445036	7.4051875
deb/d52796a9556af	2.5680420044994543	0.8805625
de8/7ba1e10a929bf	3.191213332796307	5.2835
de9/e6d022cc39dfa	3.3504085081825834	2.742125
dea/4a50e1d35cd70	3.1379735605464307	18.8355
deb/e75485f6821c0	2.830150793018702	1.474875
de8/e3e5e1300d0c3	2.4651558427314066	13.1263125
de9/5119068f81184	3.1397386754081977	5.8958125
dea/e219b05357c01	3.2314782241361852	25.9314375
deb/6c5441abb5c1c	3.384132187664464	7.6835625
de8/e3ddb8c9b9055	3.4017451197061623	11.4563125
de9/f076a58a60371	1.0907742521555257	2.06725
dea/f5bf73ac449c4	2.835421969576556	1.2986875
deb/6b85f7f0e8ca3	2.889760022241493	6.5000625
de8/2cb5de6315356	3.4374571582171383	8.9980625
de9/eba01bc7adb21	3.316624084529189	13.8318125
dea/c450ee77742fa	3.2427435058419594	6.893
deb/a88d62947d8eb	2.7902652163066644	11.026
de8/681b4ab9314bf	3.118707095502169	3.9274375
de9/883d9b75fb284	3.4818483616042415	12.7260625
dea/f6578ebf69ce0	1.0995585990984658	1.058125
deb/25173bbddf643	3.2652754042529724	9.2664375
de8/dda1c0c03116e	2.6996655731405235	5.26425
de9/0a357cbb15662	3.06887305119355	14.635875
dea/339f6f1c03512	3.1057249100256135	2.7399375
deb/afc3313835b11	2.9801284959992267	12.0239375
de8/c6a02ed2a53ad	3.431120276029617	4.1029375
de9/46a7ba4b2337a	1.9283040271798815	1.9058125
dea/375b5f2c72a35	2.355152301387696	12.908375
deb/3be18aff1a5dd	1.3936092990562303	1.634375
de8/452c0576cc646	3.4368622733696594	9.7428125
de9/1b9b009fef23c	2.5777089421353474	3.074375
dea/02d047e88f730	2.344981178618791	2.24075
deb/907e903152dbe	2.0963141993455237	8.1246875
de8/bd2ab5048a70d	2.624935789896216	6.92275
de9/2d0e7e2e49297	3.408921300356757	9.110875
dea/8fefe01f65ef1	2.990246425266339	1.1360625
deb/ecc3ad7f31a6a	2.4518246203630136	12.1971875
de8/ebfeec12d1659	2.4481347720151945	3.8065
de9/3d10facd11be0	3.1992891245130246	9.4239375
dea/8c778c8a10441	2.076783818111029	4.8739375
deb/6201def1d4c1d	3.36314979090255	8.4146875
de8/2f3fdb7c84975	2.404366313639428	7.5281875
de9/5b725e1ad3afb	3.2645357495809897	4.336875
dea/5550eefd61179	2.6255938516255006	3.9554375
deb/3d77b4b656cd3	2.180338203619584	2.8980625
de8/7c2aecb077d72	3.1898099799196102	15.6985625
de9/ef4c56e92f16b	3.191824585360387	4.6321875
dea/cf4d8b66a09ba	3.3000161599080466	11.742875
deb/df925b0f0336f	1.993685132582949	1.539
de8/3bb9013be372f	2.9743920625151588	4.2828125
de9/3184c9011eca1	2.635227691344776	6.9463125
dea/8efaffc5a5143	1.4872738092150837	1.3459375
deb/7c4310e77b456	2.2974521084376653	0.8386875
de8/017a7f7a4cc27	2.67278464190589	4.027375
de9/0c8d5e80ee924	3.0747274253315804	3.292625
dea/526a351484600	2.977426742740883	5.047375
deb/2a072672efbdc	2.918171639088619	3.8964375
de8/ff941d061f717	1.936265154394699	3.4786875
de9/9c2b0687de59e	2.4785202200176015	3.2829375
dea/9477645f2f333	2.1423800955699766	0.8205625
deb/3293177c0d69d	2.7515764231174407	2.904625
de8/a07abd7e05900	2.5804142657804383	3.6819375
de9/f6724526a2d6c	2.232016131828602	1.2236875
dea/925e05174feb6	2.589952533862764	15.2443125
deb/479f2a5b4a306	3.2492295343357713	9.38525
de8/b7230e9b13d2c	1.3306081606539109	0.9126875
de9/97a60c8276c19	2.6702173798528963	4.923625
dea/66f9dbb3640b5	3.0273272136329807	5.4703125
deb/1e296b39ce679	2.493628514260236	7.0969375
de8/cf15018e9f83f	1.5423662883146687	2.74
de9/f94604fb76642	3.0403924787074867	2.469375
dea/2243fee3a3fb8	3.476071045531818	4.3135625
deb/357ba81fda896	3.399692559950195	5.8630625
de8/0ff551037cde0	2.502544214811239	4.6113125
de9/a2d2f8dceb2d3	2.049105377876316	3.0568125
dea/9181707bafcc4	3.060893568130563	22.9984375
deb/44779bc072231	3.16896506918846	9.7433125
de8/91247e61d2cda	2.7149028866480633	8.04125
de9/2da05d9b5c919	2.9876899161045665	9.65325
dea/f9c5ce4819c86	2.3805820355571874	1.8795625
deb/c6a8ef15ca4fc	1.9366505712519342	2.77425
de8/9e27064201cf8	2.9144916529431093	0.7685
de9/d56ba7a77f49c	1.4475097177104788	1.49025
dea/aa1f72f1ab653	2.390283372409241	4.9221875
deb/b5dd9cf6f0dd0	3.417839922971998	13.0476875
de8/adaa520833c9d	2.757419558827633	6.7360625
de9/853a37a582ef1	2.8468678053222742	3.267
dea/54c7b4fec3b72	2.5043508343761025	2.505625
deb/a9efb75344602	3.4358030018257724	2.9189375
de8/8ae8b87201c19	3.1902738551127916	9.7418125
de9/58594f4f5cf69	2.439500733489367	1.7533125
dea/292f631498262	2.978475688115304	4.2785625
deb/80af3dc226859	3.069436170105777	5.0683125
de8/51396bd0cb500	2.9671207164281577	7.8249375
de9/4ddb627c42beb	3.1354585842489113	14.3115
dea/dae356f1d4dbe	2.262928478589424	4.260375
deb/44906f68c57b5	2.1788907122423495	1.9225625
de8/f26fa64ea5b4f	2.882140742155346	5.4788125
de9/7ad364b9bfdfd	2.855382105105574	6.316625
dea/dc6a20898d2e1	3.036523523750914	1.9635
deb/081fcf43918da	3.2191672524948842	6.6571875
de8/713f09b0aaeb8	3.1594887171666532	4.378625
de9/fd250766e8a16	3.4014223645924915	12.0530625
dea/e943e1908042e	2.326099823019535	2.3930625
deb/f14b8d9ddfc0b	1.3135840573067037	6.7630625
de8/b09c4222d4e3b	3.030701820337001	2.1724375
de9/564a3fc03b3c9	2.615376214763398	16.8625
dea/bfce378c92b99	1.8294527867354093	1.0985625
deb/57a87191bbb60	2.633527797379649	11.2254375
de8/bcc4615f69753	3.220902987508416	11.9064375
de9/6a2d9890e89d3	3.2424343342707354	11.77125
dea/40a157b8160b7	2.719575037061161	3.337625
deb/206abe43d1b18	2.9628545214302635	5.6125625
de8/c687c057de1c2	2.9286368352484944	4.399875
de9/9204baa0acdcb	3.3820805903621243	8.125875
dea/fb617cf56a560	3.41977900504778	5.9365
deb/bc61ea5451a6d	2.748240040661802	2.52725
de8/5be879af534b8	2.9287847808608274	2.2348125
de9/e9513801b2884	2.1681078142413246	17.456
dea/dfd21396a3525	2.584257160639559	2.1151875
deb/d6216746cf05d	1.167040339620031	2.1039375
de8/72f6451e6f464	1.9461272393993527	1.2546875
de9/ac7b35ed0be3a	3.1231747084673316	11.5595
dea/bf4ebe3052ad4	2.9124406601667765	9.7274375
deb/66c5773d34e72	2.872455456228644	3.5508125
de8/1aa4a36146f05	2.5470666347235804	2.6543125
de9/9a057e7963eab	3.4135413953687026	13.231625
dea/eece0590da105	3.480337901703825	18.553625
deb/7d81771b965e7	3.204646921893716	2.8223125
de8/c4aa04a591e24	3.114035317430063	5.144375
de9/dfbf316ec8126	2.4913506249819606	1.6589375
dea/fbaf1a1565dd3	3.3716836552703877	16.4458125
deb/ab4c68134708b	1.964087189277343	6.3721875
de8/2d3df6f5c86be	1.4448032458510878	1.6633125
de9/a2a8ec0a0cb6d	2.416768584892739	5.418625
dea/ed4fbd0c8b301	2.8388481585803547	4.4908125
deb/4ac0751ce9250	3.2472288560180047	8.6803125
de8/92330f01df306	2.516703332425156	2.9395
de9/2f32705d96283	2.8506941995117954	2.9966875
dea/ce7141d974769	3.3219382392652093	8.3433125
deb/06133a2fcdb4c	3.1982101518958537	7.6435625
de8/4830ab925ca14	1.1115262247185083	4.9891875
de9/4b4ff478efb3e	3.1240459018431475	15.802
dea/2a9e9f3548723	3.187107562637535	7.248875
deb/5dc9e132033a5	3.208190857962949	6.8839375
de8/f5802ff229449	3.127583560161451	11.564
de9/bffbf861b86b7	3.178354131562087	13.200125
dea/f674c659f2ee6	3.270229594719505	6.52
deb/18e2ff2254dba	2.567690422308138	4.39325
de8/0fb601ab25fd7	2.7544249811644397	1.008625
de9/2336ce0fef0cb	3.0069719925480047	6.0825625
dea/79fe4ec8f783b	3.15367495651926	8.080375
deb/6c3cfb3a7ffcd	3.4118776089347964	7.7885
de8/7ee36d39e23e8	3.3426872275777084	18.541625
de9/e3f8f7c25d1dd	3.321967994998374	10.882375
dea/59ed708c89485	2.8551774998645456	1.5141875
deb/76ebf24d1026a	2.682264392420072	3.713125
de8/67c8978bf0d18	2.780666602458297	1.630875
de9/a9e2098a3efad	2.7498434707543074	1.105875
dea/c4e9f9b5101e7	3.0160013379669426	3.847
deb/9dbb36f0b3540	2.9172300038504613	7.130125
de8/dc0c698632d87	2.7487507159212163	7.6415625
de9/fefd6e59c8ee0	3.3444129291547444	4.5400625
dea/bd0cc6f7179a8	2.579155361648138	3.6675625
deb/786079a27d679	3.2346052654401327	3.7085625
de8/b994d946ce5f5	1.8015015502415113	1.5154375
de9/266fd79fd9269	3.332385825016786	11.33075
dea/82ae0ba9c8a34	3.232621910444982	7.9881875
deb/27cf91dd0dd7a	2.742592075263413	4.6160625
de8/16bde794b76b3	3.0940113759873	9.1829375
de9/7993e440e29c1	2.3721652498100725	3.7205625
dea/32a8575998cb2	3.2602253321785306	9.69325
deb/e1cb18f4caa8f	1.7116710932855526	5.7900625
de8/4349bbdd10bcc	3.4437106221848715	9.0019375
de9/bfe4279ff172f	3.45509289927538	5.3565
dea/be4d3e1a362b8	2.7755718844757666	6.70275
deb/bb3ee3a34dcfc	2.851667705215808	3.0125
de8/29fea35300402	2.6312562802870376	2.7789375
de9/077de60b7c4ae	2.888689247477611	5.956375
dea/03b4181ca1c6e	2.6807646259077544	2.6761875
deb/af2140f5f6d78	2.942236408593778	6.248625
de8/e1caa5b99d8c4	3.021985904242805	11.8269375
de9/8f2db44668cb4	3.0505220848480428	1.979875
dea/8ddd8b6a280cb	3.2359909846179873	7.0680625
deb/6091d5e77a8f0	2.984340156398365	6.653
de8/1c78e16af4843	2.9099349765301907	5.6485625
de9/7f3e0c6a7474e	2.879316316276153	8.324875
dea/d953237c395c9	3.009194293302439	5.8835625
deb/9b300fba0beca	3.1833230513535695	4.4744375
de8/77ef66a8a0b41	2.8440837925960345	2.81075
de9/a2e66a38bbf1e	2.320251909457203	1.10525
dea/7704c276efffa	3.3830865020703125	6.0471875
deb/9e68d904af4e9	1.2823957608394545	1.6460625
de8/0f2594d324d29	2.7138156951739316	3.2435625
de9/340877e47f7c3	2.4690974552393716	6.4019375
dea/36ce4ab860a11	2.089882447363243	1.104875
deb/33fe54bf1ca5f	2.4975981070369393	3.434375
de8/99f27906ba703	2.9395657668993547	6.9773125
de9/f3bbcf1810c2f	3.1895839956035137	7.3438125
dea/5079ef29458e3	2.082851675526687	4.43025
deb/e39b7e544535a	3.4029980326898652	16.711875
de8/5549852d61eae	3.199346390654172	11.874
de9/1b4690ebcbdba	3.0657693529522887	4.403125
dea/e28574a2d4dca	2.689658650728679	2.2353125
deb/93b109671ef9a	2.53040253695627	4.40325
de8/7dcc51be77454	2.9710195052608195	5.1894375
de9/47a8a61e4c266	2.6011557030812185	1.921875
dea/d8440ec0da659	2.9934708318285654	6.3755
deb/305aebbc472ed	2.497021110509418	2.3421875
de8/bf72d6769bdf3	2.074696223650692	3.7683125
de9/5f61ca404f181	1.4319307713546223	1.39625
dea/f3315c5d982c0	2.4207730352735926	2.4138125
deb/ea91a58117ec5	3.015096530751752	10.7773125
de8/53e339425cbce	2.6044903289413086	4.7553125
de9/440b790b6ae9d	2.2060979450164355	2.2875
dea/06e896b8d70fb	2.67129643082837	6.6421875
deb/0546d36188bc1	3.291318583034581	5.5236875
de8/36522a7441a2f	2.182975560285408	9.4288125
de9/1d74b0ed56182	3.0711683670189487	7.664875
dea/053d15d726748	3.0897701563516047	3.294
deb/b7d837124c76b	2.9795742470092383	2.9445625
de8/fd2e70cfebcc6	1.6492948827837557	1.4335
de9/aa1738c2606bd	2.63607883583041	2.027875
dea/c53efd2872976	1.676561737704393	2.131875
deb/1d99530993c6c	2.772609187944921	3.40975
de8/01286fd511c11	2.0074041237774485	3.4528125
de9/338ed9718f19c	2.475934492650577	1.289
dea/07da17414588c	2.684693851790295	5.3825625
deb/54f9b84ded6a5	3.190672841020787	3.1791875
de8/a0a7a68ad7b13	3.3561967936054034	3.7018125
de9/0bc24c35606fb	3.2811700877865495	14.8423125
dea/1067550913a1f	3.281125975250846	12.125625
deb/7a6a65a358431	1.1138153619592328	1.2899375
de8/a3cba9126c9a5	2.476791929364758	4.017875
de9/ddc9e984666a2	3.063643747997844	6.345375
dea/a9112a6e776ea	3.2924105915602193	10.23425
deb/2d5626e143bf2	2.6707699448175255	0.9609375
de8/07adfc7392259	3.0703768319182623	4.78925
de9/403f9dc64d579	3.2411450434601674	9.8631875
dea/b36cd893996ff	2.2192449007593282	3.5809375
deb/d222234e07451	2.5134807625002984	6.64125
de8/932de25c18119	2.6665998616523283	1.5373125
de9/13d578d24b46e	3.4834940081977437	15.134375
dea/47d24a271fc91	2.573993077007964	5.358625
deb/3586fde1a5fbb	3.4116856489797183	7.9380625
de8/05cc18d983adf	1.527866063012023	4.580125
de9/42539eb9961c4	3.0127922752262686	1.6446875
dea/535c0076d53a1	2.8625989548679645	5.0614375
deb/05b6f0f343c38	3.3063064699992037	1.616625
de8/dca6032d2bd5a	3.3772942610445758	3.7950625
de9/7d369e01d0e01	3.3892552015241693	5.334125
dea/d8477935fb09f	3.4283290764764422	16.6180625
deb/11f7bd389b1a1	2.564286496837619	2.8839375
de8/5074d7c05df67	3.0918042152522354	3.4456875
de9/3e4e5d94ebaf4	2.9872120283570647	3.4465
dea/d2211b857ac2a	3.1691696994509466	10.367125
deb/8a396e5c2e569	2.399364190006498	7.410375
de8/c5898dc30d318	3.258657457042218	6.3140625
de9/dc94ed8278621	2.7702890223330927	10.4540625
dea/6da87c27294dd	3.4229650806149743	8.758125
deb/9aec2ad1f7ec5	3.173919403084602	7.2738125
de8/de5cefa01c484	2.6441848654938602	8.8605
de9/7972f6a73af3c	3.4141234503302993	5.1575
dea/4f56f2135a72a	2.919849468829672	3.37875
deb/7631728ad1913	3.4306733316860245	11.071125
de8/20b663d7144d6	2.9549649705266456	8.1278125
de9/ad7c042fc6992	1.993466478545642	5.6661875
dea/2bd30de4ddebe	2.949593554826227	3.62825
deb/71da64a63f7c1	3.1998395342405486	3.4940625
de8/db651cc8fb60b	3.383582781384765	4.251875
de9/053d5d32af676	3.279697244960566	7.97625
dea/8769063babd1e	3.3354773132034707	7.1365625
deb/ce11187cb1255	2.6316432739422955	7.5656875
de8/222aaf47f9c6b	2.333137203546608	7.797375
de9/055ac3fa20708	3.302282557073099	17.004375
dea/41cd1b2e64eca	2.0164551052743476	1.105375
deb/a8f6cc3e642c9	2.2945548131759828	4.379125
de8/786c50c993389	2.177538943879011	1.9915625
de9/82dc73de87333	3.097868011417023	2.809875
dea/f30b15c4940d7	3.211474937901889	11.048
deb/e4c7e41153ef0	3.444337847012215	17.30975
de8/5d013aabbf6c0	3.426288250210072	14.0336875
de9/aea0574f64c6b	3.2622168002541083	4.04475
dea/e379fdbf19368	1.8453179517958838	2.1215
deb/182eca94f753b	2.7291926910697657	6.05575
de8/0cceffaca2d5a	3.2236757384939376	3.8514375
de9/cc4dffa922dab	2.7496766203096605	2.5224375
dea/2238eac23e8ae	1.9274232106302656	1.94125
deb/144317c1e1583	3.106690786602058	3.9604375
de8/a95a779094105	3.2943841126131415	14.2900625
de9/c164752bc242e	3.187144689928634	3.627375
dea/eb7bb884fc985	1.9423531181838418	1.9866875
deb/676c3d240b192	2.5940975258949757	7.8559375
de8/e211c4cff47bc	3.118452457318844	7.241875
de9/8c2fc22e9c107	2.4387456057040224	4.1528125
dea/5e015dc8e0c2e	2.9345694654588637	2.811375
deb/6c255a2815852	3.4082373039427476	8.4626875
de8/e74cc7274e190	2.972611516548569	6.9490625
de9/0fffa17142ffb	3.0507613746799334	4.172375
dea/ad45aff71de0e	3.212986795748523	7.08375
deb/e77324d9c5197	2.6829429982578463	2.6429375
de8/935d1932573f2	2.209493763219359	2.260375
de9/f27aab2d70c36	2.655310994056332	7.8113125
dea/1e3cf11111d38	2.4053067749019545	5.9816875
deb/22072729ce057	2.9034564927866326	4.4970625
de8/adcfced9f8b9b	3.461067094759087	11.4039375
de9/abde4b8a0df4c	3.1681007672738537	6.4146875
dea/861f1154f0ca5	2.0032094897943176	2.5469375
deb/1e7d3d35d992d	3.395959893769274	8.818625
de8/04de6df496d91	3.321494614890546	5.7029375
de9/039d5243e8a31	3.1143176796157253	17.8840625
dea/05591d71e68f8	2.36142936562092	2.0179375
deb/dfe6764846a3b	3.154451701281391	7.21175
de8/235db4dbf987a	3.366963949527884	3.76825
de9/89541309e2f46	3.3083932146209443	9.3348125
dea/26b6a5426b2c6	3.1571371275421494	1.4206875
deb/950c7256a7bd4	2.8173126124249084	5.5799375
de8/bc1d973bb05a0	3.265981586405832	2.8214375
de9/6ad1ab9665f68	2.2102245716325997	5.2131875
dea/c6f119e17d1af	2.7984967854464373	4.9055
deb/b63e257ddfcdb	3.163284878334278	10.30325
de8/b3762f84d2d92	3.3629093460472745	1.811875
de9/1f5ea348a2c05	2.2674126129700194	6.051125
dea/c45b0d3357957	2.112987634453487	4.939125
deb/ce011625fdf1b	2.9470296255729673	2.7558125
de8/fb42aa529db50	1.2378113896489835	3.043
de9/ec906984207dd	2.3513971054210097	4.138875
dea/a1a1e7d91c1ad	2.4649783036130346	8.725
deb/f194ea3cbc4c4	1.878408693728338	4.78225
de8/eeb57fa27bbf1	2.224370971371449	1.9794375
de9/db7d7259331a8	1.853812916197425	3.6648125
dea/3935fa15f4387	2.0583203231155505	0.768375
deb/e5c6120af2fb3	2.6463457979113665	7.2765625
de8/5e10722f45a08	3.116102886145331	5.14375
de9/f51581e7be092	3.4398849416948676	14.275375
dea/b12d7bee0b017	1.6182008972409756	1.1454375
deb/1a9e17c9b537b	2.1859983758359474	1.924375
de8/90f7167493360	3.304824228371015	10.25025
de9/2c05321508ce3	2.8540422278140247	4.0985625
dea/6df49f604cab2	3.0416529069936913	5.9471875
deb/323a35219585f	2.966195596686699	7.9880625
de8/7e19d9f423d0e	3.2243564034704386	10.3900625
de9/3060fb29d92c2	1.9110560492939788	2.4299375
dea/e8c0d56e71419	2.6303184647225266	3.3534375
deb/fc81d2e9127a0	2.8588122669257428	3.5290625
de8/f328d177f16a8	3.409461659058402	7.4789375
de9/1ea1c31a5bf62	2.4151449479359983	5.0755
dea/089eb1c1d63d3	2.6806474901329964	7.3765
deb/3dd7cc3ff08c9	2.4902205216908166	1.15325
de8/6ec72642d78c6	3.348917567141535	8.39375
de9/4a3c8d509386e	3.4453922310686127	9.7721875
dea/5f81ba24dee6f	3.39918457510927	18.5430625
deb/61a17c03294df	3.0521903136951827	7.375
de8/537d96dbbebc1	3.420971412586288	5.1015625
de9/c9980abb37b72	2.0525508177250584	2.9643125
dea/4b7a585ea8736	2.455650585594206	3.2695
deb/d9fe6a3b29dcd	2.2770036087327115	2.498375
de8/831eace3c4ed2	2.638173627911669	1.5268125
de9/812a85d567869	3.4680491483952736	6.3639375
dea/21f9ad4085358	2.8760946008662853	4.3379375
deb/a36ac9dedd199	1.6173168986753192	1.8656875
de8/13a3a13f58f2d	3.478908608216301	11.3723125
de9/91732c84fd24d	3.0846116105009855	5.7110625
dea/5f4a98a4ae15a	2.270642994002501	1.353625
deb/80dee0703982f	3.3962709787304393	26.3291875
de8/fac8063694d3a	2.5044357305407767	2.654625
de9/01fbe6a1f518b	3.2045634225347843	27.988125
dea/4dbe9337f757b	3.3143360430549045	7.878625
deb/038f9fa02cfaa	3.0094945965086217	8.3835
de8/8be45c80f5fad	2.791848922885435	10.4068125
de9/7a1932d15da80	2.8606183327745116	8.6715625
dea/46bb3a6e0a4eb	3.403749226754563	9.6090625
deb/d0b918fe6c31d	3.2610404763404954	6.9301875
de8/60e0c15f5efc8	3.3948953624758653	14.7548125
de9/ad71f1c4ae8be	2.8425156749334173	10.3771875
dea/6bd8de8a4b42a	1.6629546732126288	1.4736875
deb/5849020d42042	3.312959895148874	2.620875
de8/2bbf7f2a60086	3.423971929246229	5.835625
de9/63720c46e1fc7	3.430312739223172	9.45275
dea/492a624651718	2.792036258296468	0.9606875
deb/53d983937c6c7	2.8591729979103313	1.5383125
de8/e7c0fa0d4e5f6	3.0587288811179993	4.7641875
de9/46bcda563b224	3.258571514105441	7.574125
dea/83a3c46047ef6	3.1534402855747907	3.83825
deb/03eada787fabd	3.2604282503925117	3.765
de8/c326d4cb7a6f6	3.3151072668312285	4.59625
de9/dab864298e6e3	3.255947508666613	9.983875
dea/5cf6747125bc5	2.6124126743168	9.2158125
deb/b6c68ce49fb66	3.1586096840070024	5.46225
de8/256dd5d24677f	1.933024448570794	2.8025625
de9/b793d174097d2	3.2964034715311126	5.589375
dea/64166a3d4cbc9	3.2453810955397464	9.7865625
deb/e0d268e386996	3.4290822758344004	10.9219375
de8/a82d536845b71	2.283802612226778	2.1563125
de9/a01ba24efa6d5	3.017929386367729	1.2690625
dea/796cca8930f26	2.4950245135944633	1.250625
deb/c4f7e4ca9730a	3.4155520278746505	8.3550625
de8/05d6440dda988	3.3592592647041326	9.2798125
de9/502a00ca61c16	2.9575775174348653	1.9418125
dea/2419e9a7f29d5	2.876433894890941	6.518625
deb/55d1f40e6a59b	1.4731416413928875	1.5625625
de8/63ad9eff7a9dd	2.3933608791341077	3.734875
de9/ccde368f8cc7e	3.187043628266984	3.9891875
dea/a93fd02064211	2.68216676665047	5.7741875
deb/03394dd4b156f	3.3803277827066576	9.06325
de8/cbd4080533e56	2.6828719315021905	2.7908125
de9/382f037b02c19	3.16972504002385	16.34725
dea/d3241ea68d714	2.279106408607744	6.8165
deb/fdadc0980f87b	3.4261293565433073	20.8380625
de8/b08879fa41807	2.0741451387092726	6.9199375
de9/e84072fd1d39c	2.596015491617081	2.3453125
dea/61aebf5114c8f	3.2812519105673097	9.852125
deb/edb1d203d7cac	3.40268265610305	11.4224375
de8/75656c46b37a7	3.334308863638211	3.22775
de9/49fae27f1fd05	2.3330827225734936	2.9790625
dea/cadb2aae5cbce	2.7152714090799854	5.478
deb/5affec950e900	1.8915939896623306	4.2335625
de8/8457befe4b8ce	3.537132150286198	10.338125
de9/3deb5a302d922	2.6412302909843794	8.1666875
dea/9ab26ed46aa7c	3.1995451614246972	5.8651875
deb/00eba2bbebe04	3.4037328531523188	2.366875
de8/fe039fa765fc5	2.565698873852025	4.473375
de9/d945db62513af	3.297358950020888	7.8401875
dea/53f18c096b7ea	3.4478739402596417	6.690375
deb/3779710602b77	3.0339473128747283	7.5461875
de8/58af38595cb3d	3.2904650409339142	9.2330625
de9/dee6d48e05b7e	2.4387462926565306	5.7890625
dea/61646475d88a3	2.1738030846255856	1.7115
deb/4d705181f7ce0	3.469451898711594	5.6586875
de8/9bf5cf55088e3	2.42410264303133	5.2605625
de9/49dda737f56cd	3.2217536866324257	6.066375
dea/d721c5f9dc29d	2.8109494398964223	4.37225
deb/6059b7916b135	3.0105055367032025	5.5145625
de8/05f974fa02475	3.421936520239783	3.041625
de9/9125387b1661f	2.1940453788610763	6.8038125
dea/30f45bcf3b793	2.457559442716276	4.6933125
deb/f5fda6a145c4a	1.1057051489350245	2.1916875
de8/a7a520d48e960	2.7507533136467837	2.701875
de9/f056709037e1b	2.904846319265952	3.148875
dea/79e9b1e407be0	3.038318454469112	9.58775
deb/8e39dc6ab6ea6	3.2703816071512937	3.4189375
de8/c1445006b6f29	2.669070556654883	3.4933125
de9/7d5173b5b2dcc	2.950287980335949	12.3266875
dea/caa748af290d2	3.3240482786915964	5.4808125
deb/34cb2266997f6	2.902735553995282	7.1191875
de8/1abe17f33eb78	3.0717522136322613	4.40875
de9/ffbb95c27ff31	2.8324844066184687	4.3015
dea/0ebbf6cf33ecd	3.0384311950774476	3.504125
deb/ce690cf61485d	3.1178723408916307	3.439625
de8/58cdb98e451fa	2.8664351168014863	13.7896875
de9/48da8ad5c7e07	3.1129056127162293	6.8200625
dea/10f5cae8b9265	3.2349972025214417	8.574875
deb/61616f65c827a	3.417209032502485	27.3316875
de8/b1ea331c17d20	1.1108611551757808	1.6773125
de9/da43e0cc102b9	3.041194469683516	7.4901875
dea/d785525b21e88	1.926390401387128	1.3755625
deb/4a7ac27c5f983	3.2280515439370703	8.8935625
de8/6583c78b5ede5	2.5990156593848344	1.22225
de9/968734a2b2de6	2.9315627317349997	7.537625
dea/8b4a2333f469c	2.7102380443582472	2.59475
deb/137ccafad515c	3.3671757145597034	7.2080625
de8/c0aa341cdd8cd	2.8975828983581087	6.7769375
de9/c145e7079f83f	3.280012481211663	5.1936875
dea/a3dac9d8eef72	3.434107588677379	6.7763125
deb/e64b909deeda8	1.0744292180197768	2.7661875
de8/14c1b64d113ed	2.8181540418627002	3.221125
de9/c576e9604e216	2.1280565223189853	2.758875
dea/a77271325edbe	1.9887213994967747	1.8031875
deb/727c21707bfa2	2.1886639980428466	1.9254375
de8/576ecb458dc3a	3.4087208639980444	7.280625
de9/c12098f9eae60	1.8700120831836116	0.8573125
dea/85def77988d2f	1.8551477052814875	1.779
deb/399d8f1b3c5c3	3.343509009724473	1.638625
de8/02589e72751ca	2.842259439961351	2.5569375
de9/767c6d4c46d50	3.191167700151221	7.9891875
dea/c02df3c890efe	3.4893756720961506	12.4605
deb/6a7d6a9801e01	3.0439860792440294	5.642625
de8/56888d7b5c3b9	1.366616595108855	2.477375
de9/61063136fe9d4	3.2817466026339908	3.0758125
dea/37ffbed73b34d	1.5650365300314393	1.637125
deb/a510431ba8552	3.2535216680331227	9.7875625
de8/da0e514e9c074	3.267048533336873	9.3193125
de9/8e6a8a41e7462	1.3943984206592879	2.88675
dea/379633ce55381	2.8601792899454637	5.56625
deb/bb7cd3b45b780	2.62493359747117	2.406625
de8/baca361653ae0	3.044313769395741	2.184625
de9/fbd34c7313f76	2.561617232840119	1.618375
dea/74f26b6a665be	2.853566386826845	6.01175
deb/ad00b84b0c3af	2.929356215736817	13.319375
de8/a4c952e45e944	3.104103552652088	2.3988125
de9/acfb56c0698ec	2.4073519330716007	5.017375
dea/1c253435c0d47	2.245073953650432	9.268875
deb/b9cb58f7b927b	1.2352741256305453	1.6209375
de8/b94a638624877	2.329593667211913	0.9125625
de9/db882beab4ef4	2.3949527159989943	5.4344375
dea/37a09bf32d6ae	2.7169000245195587	5.801125
deb/27952e9f3760e	2.895096025804253	6.78175
de8/c26e20a790b8b	3.1051876215455976	3.1164375
de9/a678075dda102	3.207516549448621	3.41925
dea/6ff36d7e5b7c0	2.274018921355339	2.2661875
deb/81dc03f777c02	3.2092305048362735	13.4275625
de8/bfbeb7efb2cf4	3.076496620648218	3.2451875
de9/02a2fe615a39a	3.1775602791695294	2.897875
dea/aef99e8b09821	1.247743428577937	1.9906875
deb/a69d74fa213db	2.915376407534898	2.4830625
de8/428e828cd6cd4	3.3267810353815417	3.4205
de9/6f5338467103a	2.5568271213014486	4.3268125
dea/6949810d0d9f9	1.0953517562547483	5.7915625
deb/3205f96c42de5	3.1312953221195743	3.441
de8/7aea81c199b93	3.0546939757533997	8.045625
de9/8d5bceca7c47e	3.1330637426829036	6.989875
dea/d4915cf3b132f	2.9129650101808666	13.9343125
deb/12839f50ebb52	2.7484977491907125	2.2445
de8/07ee5ec55e0b4	2.0113272685333055	9.0785
de9/54ae770311295	2.905525888064318	5.8674375
dea/4fec35284e5a4	2.485984266715342	8.59325
deb/d56c9e3bfca16	3.4643782289139593	6.1591875
de8/41f2cd4dfdd83	3.054453751007024	9.1961875
de9/575fa28efb055	3.1019354008481796	3.5625625
dea/fec9780e937f7	3.0902786792503405	1.941
deb/ba622a8160892	3.2392829322362195	5.4425625
de8/56b19d899e7f9	2.495353802904919	4.090125
de9/67c5375899f71	2.8166768132371405	5.349
dea/ea1a01f28f36f	3.468357380371645	7.9400625
deb/7bf33f236aff6	2.9731816454469278	10.409875
de8/4b0974ccec78a	2.192877203992057	2.4313125
de9/86458bf5750ae	3.216209615227645	13.279125
dea/39022a0dfec4d	2.9606984863959354	1.272875
deb/2183dd559ed0a	3.287751285818235	14.1931875
de8/3925194217505	2.327508497578946	2.889625
de9/4c4a875f6d6d5	2.715184878307984	1.4555
dea/a25bb1105d85e	3.4898355911409302	8.6795625
deb/d84a3dbb39901	2.8747732037552516	1.6555625
de8/9b16d795cc5af	2.6774635409943834	9.1500625
de9/eea85db3056c0	3.4869727839768276	9.847875
dea/6b4409f205674	3.152615288448374	5.837125
deb/296ca538ae322	3.4602656677483665	15.1051875
de8/88bff23314b08	2.4982318730283977	2.918625
de9/162b247729d50	2.671806950548015	4.275
dea/2260bc7ad9410	3.328835805882929	8.397375
deb/0e656c4abb906	2.8859043732882648	10.5126875
de8/29918e8d9aec6	1.0711504509552336	1.2980625
de9/a34be1830c510	2.4338258253085683	7.473125
dea/a267e1677fffa	3.4812580411697254	7.1229375
deb/b8499cb6d64f8	2.9374587211701244	2.71
de8/f99b60a027f82	1.3849749088343364	3.9853125
de9/7eebd9e9ded3d	2.9639177359229705	1.506375
dea/189b63ed7806d	2.833971387324425	3.5441875
deb/0f30a640a8a7a	1.8132633070770559	3.476375
de8/68b933bf2b393	3.1530350735712065	12.655375
de9/4a5de2521b643	2.7575273984734774	4.3028125
dea/f7c4813521c3b	2.642392788089808	4.2205
deb/5eb78738d3e44	3.31023085893906	7.128375
de8/6054b583c014d	1.2932924824211425	0.7203125
de9/6c8ebcb122236	3.096520221650745	3.6955625
dea/a32ca24ebaa73	3.4322982688799484	4.9223125
deb/1205a0c524db2	2.6081133649775334	7.5644375
de8/5f9ac3f0db92a	2.692612170466621	3.4061875
de9/c32fdd1ca4adc	2.7053773723660903	3.657875
dea/ac83ed7cf65cb	1.274328354733807	1.367625
deb/3b250f5dfb848	2.667721116997319	5.0011875
de8/ce4375b729fa8	3.3951039165793993	20.58425
de9/e54e31af5e907	2.9938227085313933	1.592625
dea/38888afc21fe0	3.059270072386734	6.486375
deb/a83a22ede895f	2.788146642663311	1.905125
de8/e80776e1a3707	3.144621828224505	8.4843125
de9/9f974d2496f13	3.0256727684364684	3.7534375
dea/d5c6e913f0b7e	2.9926616444148855	7.73075
deb/3ebc94f807a9b	3.0250144395931944	6.559
de8/4ca2a02a1e08a	1.9810958487699266	0.866625
de9/78247a0fcfaa4	3.3327136610727353	8.5639375
dea/ae96301ca72c7	3.3887982737219184	10.6768125
deb/74b8fb0c45293	2.436704494256824	4.56825
de8/cd7c2ff839ed6	1.7884320986954592	0.7931875
de9/ddb635282b9e2	3.017238131425924	3.0760625
dea/a67197fb58644	2.503336409563122	4.4850625
deb/893bf875091a5	2.565223631423201	10.7459375
de8/8d6a556411562	2.8080657019238453	2.7536875
de9/536a3a87da261	2.7968501074873955	1.634375
dea/7dbbe03eb2f7d	3.204762836795326	29.28925
deb/f4f3519914f5d	3.407464242934011	10.58475
de8/91e4bf3fdc7cf	2.7928272002037793	6.76
de9/f9d79c19d09f1	3.2798083355193453	4.1095
dea/1de40f6d7685a	1.8809337854006773	0.937375
deb/462c8f1c0ff3f	2.140431029176672	2.5778125
de8/9b5bda5431ef9	2.1930067106790987	3.768375
de9/75e53567e036f	2.46988790963266	17.4560625
dea/bf082a8a55a6d	2.7099371170660773	3.7016875
deb/8bd2dd8d74e92	2.539230414612385	3.9299375
de8/e16b670e354f0	3.5469208251725397	22.3850625
de9/28466ab05713f	3.236362585886146	3.0185
dea/5883e5b581562	2.1264345082198517	3.2348125
deb/d5f3a650cae36	2.670487424680441	2.2911875
de8/13299150750fb	2.867289034609762	4.5010625
de9/bfb1aefa8350a	2.9953406250360324	1.5045
dea/e1d7681efe635	3.099487743333838	4.0838125
deb/82e4bb9198c53	2.4983866655041806	3.99025
de8/1e5c3b3898133	2.746608364439133	9.3463125
de9/c009b336a6a6d	3.350009939833518	11.7258125
dea/14251eca2db73	2.5568024395623827	11.7693125
deb/814d9dbaa3cbe	3.4560224819916074	9.2350625
de8/6f0757db63d82	3.509474426807067	9.7506875
de9/49d1af5025cac	1.6575330023069799	7.0276875
dea/03bdb92ca4028	2.293772871750868	5.43425
deb/37df18a716a99	3.3029932274355387	16.36525
de8/1850b3da6b932	2.9568097323957563	5.6153125
de9/11c60b48b3245	3.2727182459014847	5.363625
dea/04bf04a559a29	3.1719891403058518	1.967625
deb/a6243a157c767	3.3107255316849185	7.391625
de8/9b4ea5c855ef2	2.246103709440221	2.6910625
de9/fd584e377f25f	2.571123707456528	3.5803125
dea/903188cc09893	3.234395453721347	11.7230625
deb/fbe04719de9cb	3.399130222962439	3.4643125
de8/465fbd577161d	3.3842448692589344	11.5805
de9/63b0302c17f15	3.112093753650337	6.23025
dea/350a76b672f31	3.169510909296374	2.5944375
deb/4d075738ebedf	2.678669164457203	1.465625
de8/13f716f7d9537	2.686607490649952	2.8101875
de9/fe5a0c1b92cef	3.468554263911859	12.1658125
dea/f50e88a59d3ba	3.396061123187799	8.278875
deb/9e948436ed291	2.8056122995012354	2.5699375
de8/20c91c4bcfcfb	2.8300464030114605	3.956
de9/c96958b5a4ea4	2.679400711091269	8.1714375
dea/c26d7d35f1917	3.333253505174655	7.76775
deb/e0709c6f0d7c5	2.8608696857359597	6.2223125
de8/911fc9028552f	3.085083069845855	9.3608125
de9/64d06b5b0a4c2	3.3849194596190944	6.6085625
dea/12c8da954fa74	2.0963274981807056	0.917375
deb/281362bf0fe10	2.7336535585594364	21.398375
de8/75b7409829eb1	3.0106289239238007	3.0258125
de9/e66d59e41eb40	3.0936576011535997	7.7860625
dea/a07a0d9419844	2.4490718062957804	1.9108125
deb/315b20adbbd93	3.00787083794521	5.3225625
de8/63f3a1cd3405a	3.0363342467731	7.826625
de9/9a4d52f0abddb	1.9867795010903861	2.8139375
dea/c5b6ab06c4534	2.8883082254782795	4.90775
deb/3531ce554b571	3.3273345242747268	3.238125
de8/e3b5629881710	3.3604189281759638	5.117875
de9/348b21d5bdb40	3.0359744668027977	2.1160625
dea/8f474e0ee2be7	3.2714921000420056	3.492
deb/0e0812b0b1d3b	2.259134739629026	7.459125
de8/944a0957a37af	2.893446258385772	5.8304375
de9/b21459027a36b	3.0103053320989868	2.917125
dea/2306d2765a27b	2.83850535151627	5.9420625
deb/d75865d695ed7	3.3744221135764385	8.8179375
de8/d2f5b2e44c894	3.010002220196528	3.809375
de9/5a35ffb75bad5	2.8626982635512723	5.174
dea/3b28ed16427bc	2.9858689903687043	7.178375
deb/ac2e1e5e9a6fe	3.439351630290319	2.5355
de8/24a129fc41a58	3.280065693093111	7.8595
de9/2a545277e47d4	2.5836165685563266	6.653875
dea/86dcd33474f82	2.0386337624414015	3.27725
deb/296d0c01f4d84	2.6970472533269962	1.4136875
de8/1fdf0ddcb310d	3.1636298725904592	4.2574375
de9/8a6f0ef485dbf	3.3017815061002573	3.4235625
dea/8fac0fcdadfad	2.2309444314755345	3.0205
deb/4e84ea0a3abae	3.3677435473192925	3.4168125
de8/58c885e909d67	2.7609451023133764	4.9701875
de9/7dd1217d0c64d	3.5081074467539244	13.28825
dea/160eaa0fd3aec	1.434982660289915	0.7681875
deb/9367c95ef5fa1	2.3925593772812905	5.7985
de8/0930ad4cfd5cc	3.0157333854893773	9.9713125
de9/25bc4be95a26f	2.1163966665945755	5.099
dea/9e81ba7735375	2.2889313498794284	2.4098125
deb/219e8ce4dc638	2.5299608635683417	5.15875
de8/bedbd524fd07b	3.1001745617902983	6.244625
de9/9a423636d7fbf	2.9641634866221542	10.6403125
dea/4a36bfebc0c07	2.411453165267789	4.072625
deb/0e10e74e04504	1.1348569709201874	1.0900625
de8/bc052959f0c18	1.114170714786795	2.05
de9/eaeb8407023c7	2.842694411271118	3.181
dea/50eddaaab9092	2.6499600258278857	3.3295
deb/5076578717bd6	3.5080345004145337	11.413125
de8/4f39a13a0580e	2.0192400577528122	1.4410625
de9/da4dcab6ea5b7	3.289957276304368	3.3629375
dea/64e9a639f6e59	3.110108551536424	2.9265
deb/bf43234ee5a50	1.733608967515997	1.0058125
de8/7f83d068298a6	3.3698156404015855	4.9123125
de9/33cc20eea7548	3.244095651212534	12.291625
dea/6e203a0061da7	2.6453797819830793	1.479
deb/477bd1e0d4720	2.799254483809988	5.162625
de8/361a802809c00	1.1012971436185601	3.05925
de9/1ab23936e1bdc	2.7781966510741816	2.75675
dea/20d9f58576837	2.318024704405582	1.202
deb/be4ebfd224e0b	3.2349097458881295	8.1734375
de8/cd161963aab01	3.2824285632111767	6.1476875
de9/2115046c4fc5d	2.623543010506849	2.660625
dea/5d34a9c5bc3f7	1.9700511639170009	0.86475
deb/86e7bcaeca549	2.6986534350128175	3.485375
de8/d37a7ae34fc6d	3.3981375298005	6.433
de9/bbaf27ab0fe4d	2.9173965249898526	1.416625
dea/18698495333d0	2.799805454655694	2.101125
deb/ca9d5dc5dd10f	3.2987734555525026	4.8645
de8/04a36e957a62e	2.950485691104733	6.896625
de9/2dc48d702923b	3.2566335051656985	5.029625
dea/9d510fa183900	2.5012481584227406	4.187375
deb/7a107fd25bb73	3.463367349351684	15.513875
de8/c34d3b33eceb4	2.830268465565029	7.21375
de9/7c0061af050f8	2.8184130346901406	7.585375
dea/fd106e19a3c8c	2.7411251410799156	2.110875
deb/1e3b2ae9cf23d	2.664404202472678	2.0199375
de8/cb95fc67dac18	2.8095591545560774	4.28675
de9/5ede1a6b705be	3.3063932675324494	6.913
dea/d6d37d629ca0c	1.7966789700714523	4.7783125
deb/e4f0f565d964a	3.4363937716319013	4.9825
de8/abd00baa8f24f	3.3555902823200547	9.544875
de9/8b06fca92ed27	1.998846521804472	2.50825
dea/abc90e51c6027	2.143954920346728	3.784375
deb/361d250c21ec7	2.265203703178062	4.3073125
de8/76a3fdeffd17e	2.561079169716179	4.1228125
de9/845c049f28637	3.261220772055155	12.286125
dea/086edfbf636e1	2.9742105253443	8.7041875
deb/078740198797e	2.66142165637292	11.24475
de8/9186b6539e40d	1.3295643129888288	2.116
de9/15a069831f068	1.5235642581755626	2.9703125
dea/ba94e11fbc930	2.9051291926835767	6.0123125
deb/aed964e5e8075	3.4422609580210133	14.7009375
de8/061f21a3b5a9a	3.4143852674720345	5.14825
de9/62dde1df2e42c	2.658079372293333	3.65975
dea/0c75d84553ed6	1.1016634140486754	1.1535
deb/4e65e86be249f	3.189661118309855	12.549
de8/eccbbd4301d6d	2.0736653680799226	4.23725
de9/0b4abeab12e56	2.3612009973391395	1.9234375
dea/766a7a7ba0a63	1.1623079514401098	3.402375
deb/5d3a73bc36576	2.761106747440724	6.0165
de8/e05dd22749581	3.0830381083792076	4.2310625
de9/47a2f95aee2de	3.135056708793131	11.5498125
dea/243845b1c4738	3.274840125425792	6.1065625
deb/a91a0cd479206	2.0301684183826816	1.9223125
de8/edf49dd52faf5	3.5015686838751185	9.82975
de9/99630f7f431a8	3.02362551716296	13.945875
dea/049bcc3d619ec	2.802659493844117	2.9644375
deb/96f89f2f0dc85	2.1022609125778686	7.1618125
de8/b9d7a78437bc6	2.437162779608952	8.4540625
de9/9862608a76933	1.4084592500958313	0.9126875
dea/eb6cf0d4a2491	3.0152068340503253	12.8869375
deb/aa92297c4facd	3.1738687473836644	10.2336875
de8/fdf8710f286e5	3.560711426197916	6.6123125
de9/cbb31d4710e82	3.113229777132301	4.8945625
dea/5f119fdfb6685	2.508444428870532	4.9025
deb/4900034ddd701	2.0917087625101636	1.779375
de8/7cf0e66610aa1	2.3490157963575333	3.6875625
de9/9cbbc774d1cdd	3.011042675561897	6.885125
dea/b91e76876d1e8	1.4665310579891375	1.4275
deb/35ab77b2d6b67	3.2306363837342404	3.6841875
de8/f49d40c20bced	2.625534274539539	2.5065625
de9/540ee496d3e69	3.0576205914589156	5.1561875
dea/3810dde23e5f1	2.952153522376864	9.5870625
deb/02f68a9bc3569	2.3861646430886347	3.49025
de8/d02c402692b0d	3.1162022465313832	3.7164375
de9/63128cd64ca31	1.766715465233666	4.558375
dea/cf1ba5ed2c6d9	3.2377523009695133	3.8008125
deb/8507432658020	2.8720394216601983	14.2993125
de8/b559a7206d6f5	2.143164642005776	1.703625
de9/f06406bd4a096	2.026698569695495	2.05425
dea/a64ef8bfe89c5	2.736753312433424	2.500125
deb/6812f2ea83f26	3.2399476365751427	4.2475625
de8/9405e96d552dc	2.55604859190059	7.5236875
de9/f5af395fe1d16	3.3863596616742235	9.7216875
dea/3670125deb8bb	2.6840727043205423	5.11375
deb/8160b0ccc570e	2.829494083962043	3.1761875
de8/580d2495bdd97	3.148462675352258	3.8129375
de9/92cf1eaa990ff	2.7609439081395326	6.0284375
dea/13ef4ac53e91f	3.1998506397138944	4.052125
deb/ff684908b1ede	2.6480020150665697	3.776125
de8/202fce0171be4	3.5099889435505545	12.9588125
de9/99b55cd419afc	2.7789196651658505	4.989625
dea/b1c09f4691dd3	2.892618912227218	2.3833125
deb/f9e72b89e856c	2.9199091717872143	8.952625
de8/4c442c98744f4	3.40188433149389	13.8960625
de9/3d623d52e3bb3	2.08088523945444	1.034
dea/7e96e153f22fd	2.318068700682666	11.4760625
deb/72977814760c5	3.404387369433682	7.7461875
de8/0fde5c9a3dffe	1.109055539586033	1.6176875
de9/d97a62d8ed7ce	3.0315668331768832	13.51475
dea/d3277d051f62a	3.1426907630287566	15.2703125
deb/88cbe8992b7cc	2.616628585593039	7.5034375
de8/a763d123448bd	2.257513088957502	3.6765
de9/077481bd1df79	2.1519570283943423	2.4439375
dea/f114e9182594a	3.1851091689732804	3.6135
deb/924fe71f41b6d	2.6507843189964704	3.10925
de8/f0d22938779dd	3.3749564045255656	4.8013125
de9/d23e1551665ae	3.171342284397526	2.7168125
dea/ce8e795f80d82	2.957714532661817	7.4245625
deb/293d5f4261ee2	3.533588408704832	27.1876875
de8/c5484330be003	3.34738461993031	9.211
de9/67476c6c449fb	2.9669637709851413	2.7485625
dea/ce8af449e066d	2.780968845203092	2.017625
deb/49cc560b0b972	2.036230663383353	1.2975
de8/9f1c163c5b2c5	3.0056445427849843	13.8613125
de9/b05673ff276d0	2.8621882205693097	3.7983125
dea/4e32cc4a40acb	2.6964599520301906	3.4203125
deb/a2293156f59e0	2.427947757955123	2.1394375
de8/acf4f1bb1c6de	3.3643662542254624	6.0049375
de9/01dba8f8f5963	3.2910998703624452	12.36625
dea/9461fd7c33716	3.1450315863648743	5.5889375
deb/4c010c7bd44d4	1.394049313807972	1.057
de8/07ea88058c9d9	3.003934496223879	4.95625
de9/bd0c819cf2e51	2.198192251489848	5.33975
dea/8cbf9cb452a17	2.939757591379647	0.9608125
deb/ad196af50e40f	2.998675181014434	2.7221875
de8/2f6c05f8a9bdd	3.114392940232564	7.4491875
de9/599142ef2b1a8	3.239985368048438	5.1728125
dea/50778ed0cc5b7	3.4257132429619164	4.791375
deb/8f3c9c25ffd08	3.370679546366448	4.6338125
de8/9c01c3b6c88cc	2.960774196795392	7.1188125
de9/1f7cdf336aae1	2.37346820256989	2.1139375
dea/ca64d7781f4b0	3.0378901062118353	8.0791875
deb/d0253929207f2	2.950849929069053	1.4905
de8/25e81b4f4b79e	3.0169595694247913	5.3895625
de9/3b626d1191018	3.273635204186842	7.803
dea/9f475d7204865	3.4997640985043086	3.4135
deb/77be3317b3e2e	3.2674840662846476	4.954
de8/7268c557119c6	3.5139021537907174	13.0646875
de9/3a8adaf877ef4	2.898422818985469	7.49325
dea/02aa08d91df9e	2.8371209294952195	4.502875
deb/a041e54156ea7	3.3029358335038888	14.2301875
de8/a5010bc3f8a32	2.915248182714509	1.698875
de9/e688996e22b89	2.9328569454229947	8.360625
dea/97f9c485ae665	3.0639769376719954	5.4225625
deb/aa59967d303bd	3.499337979833341	15.2866875
de8/8765d981d8519	1.9732781074549002	6.912375
de9/2d3caa73c15e8	1.0940657682801096	2.049125
dea/0006490261d4b	2.840373970923326	6.9251875
deb/9cd869ccd5974	1.0955196689465756	3.7999375
de8/46a70b31c8584	3.4750610839561236	8.3691875
de9/51e60ad896154	3.2557451694499835	6.6981875
dea/b703e4dd0069d	3.3173548706664735	15.8239375
deb/3607b2518fc18	3.279939919491524	15.1433125
de8/63a674968e0b3	2.491865869919384	4.5109375
de9/d152a58739442	1.8118030229172206	2.2124375
dea/959877e876254	2.3151006412909823	2.0851875
deb/d2d5e52019465	2.4161501085773334	8.2591875
de8/171ca95d3993a	2.9285211855789637	5.65775
de9/316edd84dc4b1	2.8436942003570405	5.3314375
dea/c1813ce9fc8a7	2.3748079901896664	2.861625
deb/886fde9a13596	2.694174524600026	2.247375
de8/9ceada7ea497f	3.3102470690358596	4.2235625
de9/4c3953326209c	3.054812607671427	5.182
dea/33fcd9b489472	3.4326670526647614	5.1020625
deb/235d97b0cbf1e	3.0936594790683114	7.5693125
de8/1a04165317c99	2.6521417437178303	1.3935625
de9/719256d858fa4	3.2387660542057986	3.545875
dea/f2521f117cb7f	2.0363998826047736	1.55275
deb/ff83215c49df5	2.6243289412319646	3.1135625
de8/cfc2425f58505	2.7562483733888805	16.4816875
de9/e2896dffb6169	2.1284055831531177	2.458875
dea/7f1f171eb9c78	2.9671003319066482	5.9405625
deb/43c6d7e84b79b	3.1525547815610513	8.840625
de8/7f6856ceb032b	2.6017141620300497	7.6654375
de9/c07d9c954ec48	2.6305397006637783	5.8341875
dea/fe9011e8ed7c3	3.544351069713145	9.2711875
deb/165b0c0ac27c9	3.3503453962494616	4.3691875
de8/a392e09394c37	2.840814449352994	4.69525
de9/88df94a920a8b	2.3160748297869684	4.9489375
dea/490ea2e17e1db	3.425580259556298	9.1763125
deb/dcae039319285	3.2503991083284807	8.1024375
de8/1be7b7fa817ce	2.5292771923125374	2.1103125
de9/f49b6e1026ea8	3.435613230370131	5.8335
dea/63ac3eefc4562	2.1726970371717993	1.2016875
deb/32b9a897f0c3b	2.427696662599762	4.1355
de8/d6a3c1c486e6f	2.974662537454871	1.8425625
de9/7b4cf28342a71	2.7889470159971137	4.479125
dea/fa115873e0e26	2.457721792074618	0.912875
deb/0dec2859bb999	3.1340845775100776	4.1833125
de8/39b10a43d9a61	3.1153231571746165	6.2928125
de9/164298e37db33	3.3417919691583267	10.4473125
dea/50b4a46ac27a0	1.7289893764914772	3.92975
deb/ca7522a09d820	2.869295451378613	5.6423125
de8/5ab3d55863d45	3.0448363198678376	3.1000625
de9/6c6d060e6be0f	2.4177038616825977	3.4730625
dea/af7af2df15700	2.7790855786751307	1.948
deb/47ffbf7e093d1	2.675134871441382	5.299875
de8/50657d0c6ca44	2.4721274900078005	2.0251875
de9/7b2c3606157ea	2.037398214900698	4.1051875
dea/9eb4c14b3b669	2.3760187594839612	8.7235625
deb/df48798fb2725	2.8865979395165433	7.648875
de8/63d009d4b9b51	2.919797641015944	3.701125
de9/06a9751fe1fed	3.2153545440554163	6.6289375
dea/c7f4ad101a217	2.934700361441746	4.71125
deb/d2746ce4b240b	3.0304743448124474	7.8510625
de8/810bb521aac12	2.2539010485018576	1.5256875
de9/9e3ca1c523280	2.6826164926324836	3.9124375
dea/adbc4a219b10e	3.356390217696634	4.652875
deb/2900f201d434a	3.1467687737255603	10.591375
de8/b4bf696608ac4	3.416715736545536	7.23175
de9/d0da24a1117cc	2.4895180259145597	2.834
dea/36d77cc191808	2.6782591062536647	2.0410625
deb/3f8eebaf2f27e	2.5575805759192627	1.837625
de8/38507527632f2	1.785232033755443	1.30525
de9/8f48f56586f56	3.1275950454945245	4.87625
dea/d937f2f3a79ea	2.8070183829895012	2.788625
deb/127c7c34ad4c2	3.0512600874244464	5.232375
de8/4d1886a27482d	3.12515487163196	6.504125
de9/76266e6a41269	2.843869699172643	15.15025
dea/17db13437d3e1	3.2158813026098194	6.6443125
deb/5ccf126d6d554	2.8036782988037565	2.4721875
de8/745ea2e280ff7	3.379401641515835	7.601625
de9/442b526632670	3.3240270511918326	4.777625
dea/1ed9179fbae2a	3.0827864072944178	3.9163125
deb/5322c0c856a19	3.1626565818828665	2.4120625
de8/be622652c973b	3.104429500934946	10.172375
de9/fdec1311e9a67	2.521934127360017	3.6470625
dea/79b81ffc8a7ca	2.7871963385774485	4.1811875
deb/50e6dd289aef6	3.0595447997833825	6.6135
de8/94c0c84e5ee3b	3.053995310784871	6.897375
de9/9b56a5fc0ca06	3.227564822792425	1.6606875
dea/a2bd0c46b1121	2.600135373564844	2.2128125
deb/b126a66571755	1.8553703539854696	2.06425
de8/0549c9eaf3e4b	3.018574111920716	6.041625
de9/d652ba643d416	2.781505682710469	2.1785625
dea/2c6381f945490	3.516536326801461	12.2531875
deb/2698c7a0017da	2.119439100322727	1.104625
de8/0a4b0411b27ae	2.142964680150451	6.014125
de9/250fcb664fa30	2.161798620526118	1.1485625
dea/c64576d0d36d9	2.6144920766683684	1.77925
deb/ecb1bc3fa2d3e	3.2485121028994604	6.688
de8/d372fb359c6f5	2.557483099022034	1.53775
de9/a00bcb87fa014	3.528124422522562	9.227625
dea/9cffa3dd9634f	2.4454388882172293	9.4408125
deb/e04ab24afebeb	3.0493271201751457	8.934
de8/1e3b7f4afed45	2.5973179456854667	5.3155
de9/8943c324481f2	3.2497297073623006	5.2415
dea/755e00f6be129	2.9350116044030248	3.4530625
deb/3a87117fded79	2.700849942048417	5.7295625
de8/1949a5b3ae7cb	2.995213758086693	1.6451875
de9/658803965e853	3.0314032833483564	4.30075
dea/2c9c535622ad9	3.1274852630383734	7.41075
deb/1cf642b5300fb	2.9167074598370637	2.246625
de8/11dc7de79db9d	3.204695261610765	2.9335
de9/998bc54da67ab	2.504831321008245	1.489125
dea/3b094e3301d3d	3.2577836394341766	4.6166875
deb/4c320c3580024	2.2719528931538964	2.499375
de8/f6c72b8730119	2.8115434691493353	6.3060625
de9/e0fd52506c62d	2.923038612395747	3.135
dea/908ca4dc19fb9	3.317345939048846	15.4354375
deb/ea0d3364da823	3.4476524327239386	6.3265
de8/3b7674c6bad06	2.8198653893177825	10.2001875
de9/26cccd1846ca1	3.3383190392246793	12.842375
dea/87684febd9ace	3.223349262498258	9.218
deb/ca47c41e392d7	3.3383386829789004	13.8346875
de8/654080e8710a7	3.4086989134508228	5.7983125
de9/d67e6c9f3c2a1	2.42127525347613	3.6789375
dea/83ec6a3a87c7f	2.554037118408702	2.0430625
deb/da4c309e27322	3.2367591303371466	6.8963125
de8/d257c21b61946	3.0468742059273666	6.5794375
de9/e9a448f6eaf35	3.413713756606307	8.7728125
dea/b2c9a219009e6	2.594182837107892	2.6719375
deb/6c9f2e650c7ab	3.4014504716680123	10.417125
de8/50d45218cc50b	3.4323516639097824	5.869
de9/ce0f1c7b1549c	1.8838392602689593	1.201875
dea/0412433fd3e37	1.0751527280194157	1.441125
deb/865b3ead76ae5	2.219308525663217	6.7260625
de8/04d7e77b6b547	2.646453532088715	4.0293125
de9/14a6df5d93992	1.0984223395795722	2.238125
dea/8646c82ebb60e	2.8412962399787696	3.72675
deb/a8d2860efb5ec	2.9324352861938263	1.249125
de8/073ae9945b2b2	2.628953856523721	1.8494375
de9/2ecd31e5a8509	2.3886158396929704	5.0164375
dea/6758c7f8240b1	2.2763464873592505	3.1899375
deb/ee59a89c03329	2.2637377512644257	2.5069375
de8/614bfc93a447e	3.313567417342675	2.9269375
de9/5fddc50416e76	1.149306434709785	6.4396875
dea/2781858061e6f	2.5817428582171384	2.93525
deb/97d5a6bf1b71b	2.4927317456615943	13.40175
de8/afd58d3da9183	3.1613321677770636	1.713375
de9/a95da5ff645fc	3.4090143401264754	8.3908125
dea/d1fa38154a287	3.2648617509383087	5.8071875
deb/506306873d83a	2.758882368694941	3.8163125
de8/22543389aa5dd	2.6163791135849768	2.6973125
de9/da11131cee0b6	3.192700041454505	2.803
dea/526bfa0000544	2.9842121861705033	1.4191875
deb/859105de6fc23	2.8564271134821544	2.9894375
de8/c8fb5fe006f2b	3.3923065137101136	4.6778125
de9/951ae500d2495	3.2501182915722007	16.275375
dea/411cc0923cc6e	2.3551346326814637	12.048875
deb/0168f710dd255	3.0714031773197394	3.914
de8/ff311ee80438d	1.2527912831336472	2.448625
de9/6b56c9004ddfe	2.3879700982742142	1.0550625
dea/f5f10e756fa82	2.735873745995697	3.128625
deb/886c9417aee01	2.87895994097813	5.129625
de8/021531bfe43fc	2.675336922242211	5.5574375
de9/7a82dc89fd694	3.2113625647986206	9.05475
dea/2dbc3fa81f15d	3.3721890636769585	8.0305625
deb/017599a1cb71b	2.3364489881474593	2.092
de8/9a29a173d70d8	2.941193288560788	5.757625
de9/8a174df172bb4	2.776245974890365	4.1379375
dea/b580679de5f18	2.370120191331147	3.1890625
deb/764d02122c7d4	3.130223228156942	5.5998125
de8/66cfac9cac22a	2.2998357025710607	2.8836875
de9/e12f36dd42f51	3.0631454083246727	6.2273125
dea/060ffd8ea94df	3.3961720868411542	14.292625
deb/2b9b8b0cc21d4	2.290530714073288	1.2168125
de8/48ae93b0b407d	3.204663773108188	13.37
de9/d46d2c9ba407f	1.7285226932384938	1.3126875
dea/61d253a140db4	1.9293282670861562	1.1056875
deb/464b322bcdb51	3.4373427911211736	14.8765
de8/bfdf5acf1a3b6	2.599622362353961	4.379375
de9/08ab62ebd1cb4	1.0980877289439093	1.8255
dea/3c12a90103db8	3.0761603794963497	15.7076875
deb/eb1daa12ef0bf	2.654135067728115	1.442125
de8/bdbf5536ff493	2.6862006365176345	3.2105
de9/007e90c6e723f	3.544712411355256	5.91625
dea/0438c737db16f	3.1770154580253895	8.655
deb/8894a71a4bb4a	3.161616887025084	8.7950625
de8/c4cb060e251f2	1.969923341812946	4.249375
de9/c61507c3b58b0	3.1658222447471815	7.566875
dea/4273d3134b9e5	3.3311277148348273	2.2630625
deb/656688e70f65a	3.32081650454322	13.44825
de8/8638d9530ca8f	3.2829172984152044	3.1880625
de9/062ee49c4d4cd	2.825047171863002	5.823125
dea/c96296ff525b1	2.275180750811692	1.585375
deb/168d4f096d0f4	1.1631209623719472	7.1535
de8/b7be6377a3452	2.5357215904037975	4.5864375
de9/badfacbc27dbe	2.635209409374491	2.452875
dea/71b30d835a522	3.34003646932771	15.0029375
deb/4f39d59ecd7b3	2.4819540447911916	1.9249375
de8/45c5c0a06ceb0	3.1314936059480654	8.9961875
de9/ca619244cc134	3.1868946709314976	8.3314375
dea/43cd940403cd7	2.6648806224164305	3.5811875
deb/6aed739ec8bcc	3.1301133046173586	2.911
de8/26fce665c7a8e	2.294935412261372	3.7481875
de9/34a1ed51d4dbe	1.636109036327086	6.5580625
dea/4805a42c6b67b	3.4670998308744188	1.6166875
deb/ce76c634d91e3	2.075198488206396	0.9605
de8/9aa48b004a30a	1.5237820055691902	0.9273125
de9/3279e7c048357	3.3105824408271514	10.225875
dea/e6394614d01d0	3.4556507471802638	9.3443125
deb/ed102f0a01e56	2.4548789289006168	4.8255625
de8/b0e30f12b22f5	1.889081576852322	1.634625
de9/64296a10db2b6	3.5801108502724666	9.4546875
dea/9ee3bb98d786d	3.0322885950456206	2.2605
deb/dd31c9600c3aa	2.3939744013239013	3.284375
de8/0321241959faa	2.7454442801569345	2.0915
de9/9d0255f509860	3.1987775288312883	16.58975
dea/1faa7eb4c6ea2	1.3887679708783784	1.3465
deb/aa3ec9cbfd664	3.2796913955319313	13.2793125
de8/96ec0d7c2b6b5	3.2097424360096247	7.3536875
de9/402ed518adddd	2.100171033718002	5.1370625
dea/ff2e3d7cd2abb	1.1644729690552473	1.09825
deb/c2b7d0b03c100	3.34458993110605	9.7981875
de8/809139a94ac28	2.328205345763162	2.451375
de9/5ce9c1a5e2270	3.1631418934844833	2.2258125
dea/4008007ffac0d	2.6541900294058336	3.80475
deb/6a006b8a6bfc8	2.491928827836633	3.4658125
de8/624f3231d942a	2.810033116875828	13.1111875
de9/53fd46a923e59	2.7092093019046755	6.0845625
dea/30a3740233c20	2.0321312816492347	1.58575
deb/401c533c41f44	2.096358282119005	5.6885625
de8/a93f0932bb722	3.2828505671789157	8.3964375
de9/8fa0148d5d802	2.9577372355304425	2.37425
dea/686d0949034a7	2.3522162023956077	5.6720625
deb/793e05bf1ef14	2.5228548322535302	2.4933125
de8/a62ca839433c1	2.7768823363643014	1.845
de9/ab8d6a95cc440	1.7534271696352928	3.87625
dea/db06a9c2c8036	3.211928934315592	8.3699375
deb/1170af628ea7a	3.3996780746061925	13.858125
de8/3c98201d59714	3.245457955556173	9.7036875
de9/b1f47d016edf7	2.9927431141841643	1.1051875
dea/6865db412a220	3.147810417470141	10.6201875
deb/a8c00d11a51a8	2.5412853208612476	16.2980625
de8/30831a5d99c16	2.1270428525372655	4.71675
de9/71708aab0eb4b	3.2068139014984167	4.16375
dea/bd78666e32b4b	3.2865311828812276	8.0261875
deb/153dd8891b887	2.804763575289703	3.3826875
de8/5df3c2cce0229	2.2864288070543974	6.8243125
de9/d2e4213f6ee69	3.079517029599597	5.3129375
dea/673060e43f6ae	2.418814206636705	6.0253125
deb/7d66cc9e37867	3.1529354326446866	4.1323125
de8/02bda14822489	3.2304013249723944	7.385875
de9/ce5537cba5c23	3.346454802138372	8.2101875
dea/4199640b50b7a	2.8579046040868072	3.8449375
deb/3f1c0a1b0a62a	2.835959608303637	6.2063125
de8/d5d267354b4f9	3.1346064752334013	5.185625
de9/816a9f8a91aa0	2.5458406102494515	5.851375
dea/ae6df57d06b33	2.6141800774641974	2.226375
deb/e00a40e8bd38e	3.12458281282762	2.3145625
de8/20c8edd6a751f	2.7095055695417414	4.840375
de9/3e53b6c78e9fd	3.1164147240764635	6.895875
dea/c37d7c3076e94	2.8285716911735754	1.6333125
deb/d9380cb96e880	3.0155199116940152	20.432625
de8/a64ef4a483e70	2.587177252932944	1.926125
de9/24c68c3858ac1	3.21003579716521	19.0766875
dea/e9ba6988e6f8b	3.0439720332429747	3.1836875
deb/d65e3a2d0d14a	2.320922486588228	2.06625
de8/80db3e7583c18	3.4262022144570325	3.4711875
de9/50ab78fd667fe	2.313575707724587	2.4484375
dea/3d514809fc929	3.1751652925489218	9.82325
deb/d6cd182e0c0b7	3.2868364208731946	13.215625
de8/c905c1e9a0cbc	1.0918109686179167	0.7204375
de9/df26abd62602a	3.3020280872475585	7.8491875
dea/be30f792142c4	2.9665572040180743	5.8616875
deb/a212f86b71298	2.7692173746825373	3.415
de8/4de739f266b3f	3.1201700631036027	8.176125
de9/11d2eaf3d9c83	1.9142821822349791	1.2083125
dea/87500797673a3	3.3133421364931164	3.3639375
deb/41b365b214d6f	2.74333463220043	3.8926875
de8/729001a864a3b	3.1727437119440793	9.5943125
de9/4d59b6dc9b616	3.402588153878618	14.2244375
dea/7968107e39f4a	3.1918259080596956	2.87925
deb/8d95289b3ac94	3.470924974993899	13.7709375
de8/bc3354ae02fe8	3.2802659142173294	6.992875
de9/c44f82c4b0f8e	2.6175097915163335	4.064625
dea/2b1c69fb92c7a	1.6392305758085686	1.909
deb/e8d520c5f4498	2.898447961368369	8.059875
de8/95e5d3783f619	3.285999870281506	5.3836875
de9/e073edec37cb9	3.1529326587325746	14.1744375
dea/32aa443463de3	2.217959790211324	3.769375
deb/63b2f2fd09c80	3.0655456898441287	9.15925
de8/96855be818b56	2.8272872256551875	4.63975
de9/39d55a7e403ec	2.7077260138581876	5.7929375
dea/5a29a29a9cb2b	3.4047929865750186	11.3855
deb/761daeed43523	2.8859923863817287	1.4896875
de8/5029a77db2e1f	3.1839272918496277	3.6475
de9/36a4e56641fd2	3.3479009075430612	4.2638125
dea/7e3db351de2c6	1.0942313438534987	1.3455
deb/216221ce9a937	3.0179864929441833	3.192375
de8/b776d4c47c90b	1.9057184218172025	6.174125
de9/c3d64ded77657	3.4161716282790584	8.697375
dea/f3217b6157e73	1.0804984660864498	3.395375
deb/96931f030cc72	2.768094519406578	10.6061875
de8/f24eb57184734	3.1265741892134504	4.0573125
de9/a48fbd1802e6a	3.3487144007597496	5.462875
dea/5b290d91d9942	2.31759581330306	6.2074375
deb/e9325f38d8a53	3.1205719357605965	10.579125
de8/805884c089b66	1.8133514710858933	6.592
de9/a847b1e0707aa	3.5756551571770983	5.6401875
dea/9f18a63df52f5	3.122007713428363	4.3020625
deb/6a2a2c785079a	3.358840356090334	5.8369375
de8/deb4909dd543f	2.885133489530187	4.822625
de9/c52e1e0305743	3.0564128695731294	6.046625
dea/f80cea50c08fc	3.1568114108430674	5.535875
deb/34883d336cc06	2.2481477609056197	1.345
de8/66b32a91c844f	2.639002432022677	4.9450625
de9/4ee9595890029	3.4735427565198607	10.0878125
dea/6b836610b203c	2.998140032822662	7.242625
deb/6f74714397981	2.7300588590186177	1.82625
de8/14cf329d9db68	3.016406207693157	4.9815625
de9/4794fdcdbf927	3.242265422484048	8.010125
dea/5d95f47c642c4	2.7848887545966625	5.2595625
deb/c243f4e236496	1.1559161923732828	1.6335625
de8/c6faacffedc49	2.4603470782726222	1.3935
de9/5e27e52087bc7	3.117511704191216	6.2495625
dea/db966c98edd40	3.2782275390078217	8.5970625
deb/8190c916c2dff	3.0182846834858204	21.9296875
de8/ce6c7efc556d8	2.8552517127269548	2.8406875
de9/75070f7d21bc9	3.000886556165057	4.250375
dea/7eb2c7a3dcef0	3.0669151837193294	3.00825
deb/aecfea15694eb	2.9552060857017373	2.7866875
de8/1e7c276e79595	3.2157947835432528	3.997875
de9/6bc05ad5597a6	2.249551707353518	1.784
dea/4c03b2fbf7aa0	3.339515849646408	23.06675
deb/903a1184c8edb	2.7440329239070227	2.943
de8/3d565a8046804	1.3752102297962014	4.6591875
de9/d90789e81e300	3.2100823211145673	9.102375
dea/99bb05b1a9bd8	3.207155813399519	9.7433125
deb/bab78ad67660a	2.8813283275754724	3.421625
de8/ff0725804a7d9	3.087151452849623	3.2764375
de9/06efe185fc583	3.254276628909106	5.720125
dea/7973112f4c084	2.6319055602416204	4.790625
deb/c9cc1d00f3f0e	2.662686850380308	5.211625
de8/fad800d2d8654	2.8262383762098873	5.024875
de9/0e8883a093b0b	3.0692186948077853	15.557
dea/def97ddd77f51	2.6967400659260887	9.0431875
deb/0258d4db9c4ce	1.8708508929803074	0.96225
de8/499efef717fbd	2.1832991191655817	11.82075
de9/2578e228a550c	3.2618358990053227	11.7833125
dea/26f5c4d360696	3.4186218866208145	5.301
deb/56d6f360e31c9	3.3309800204451254	6.5386875
de8/5be70e1a45564	3.4256992825407204	5.18675
de9/b094768a0619c	3.424002442024254	8.7414375
dea/dbd46c345b509	2.594628340290946	6.719
deb/6721366f98e86	3.0416176647222573	6.729625
de8/2dd55e41ba245	3.148772041298583	3.807125
de9/2db14b950f748	2.9526650050925087	8.86675
dea/2e093c11dc2b4	2.545737180753732	4.036625
deb/749d1205b0676	2.9928078616862646	5.3685
de8/ebad8ce8a0743	3.010991855441118	7.997375
de9/4f8ad24f68fdb	2.8633590870765633	4.3078125
dea/3902f81104fc5	3.1457126712696075	5.835875
deb/9a564b07fef87	3.144293834419102	5.5945
de8/a069fc47a8f39	2.9072915738631275	3.606375
de9/bf400354c2e78	3.5165570069025307	10.2330625
dea/4e4e99a467432	3.169286466903515	5.7476875
deb/9f1bacd3edfb8	2.32407546101947	1.569625
de8/e6732bc4ff792	3.3938213780218836	6.4725
de9/2051b6e2d0903	3.1571936526470914	6.254125
dea/93f289b58e59d	2.610600567798744	15.309
deb/9ff6a7be7ac61	2.968172991801258	10.6353125
de8/6c51d3d3ad267	2.197965615351292	1.9055625
de9/8ca01245690c2	3.027755497113795	9.477375
dea/cc3de54b19f53	2.635582721714661	4.7356875
deb/9c534cf2ccf27	3.1810552422507308	5.362
de8/2ac2a27dbd57d	2.9021896548161936	3.2195625
de9/9d59dc4bee328	3.4024714722993563	6.734
dea/74e51ce301d9e	3.016627887099641	16.1670625
deb/11ac3df6cc893	2.3927802275585597	1.7294375
de8/f28372983fcfa	2.802761258188841	15.6249375
de9/bc55501a841e9	3.1567504454511455	2.2990625
dea/9fc2bec2021e0	3.2492381643595656	8.8555625
deb/d119a10e82ecd	3.443824448439752	3.49825
de8/ea360a017c718	3.3044024689016407	7.607375
de9/5ff1c5ea4fe3c	3.3294760133361394	8.0950625
dea/fdaa821551580	2.8227253527036846	4.5515625
deb/bb1fc7a1c3335	3.1738821521433933	7.82025
de8/b406fca9df94e	3.016225688268074	2.7128125
de9/f5d2fe645b0da	3.3511725798212084	3.5113125
dea/6c0efa2d8f70c	2.3080955054726138	2.019875
deb/cd26440006153	2.5465800104118337	3.049375
de8/370bad378a372	2.747462882751061	5.3199375
de9/8627fabb321c7	2.8309374115942294	7.6129375
dea/03065b74bea58	3.203117734248076	5.289875
deb/754e32e202e44	2.5982707030657783	7.931875
de8/63ef1921b76f7	3.0703661976867025	10.323625
de9/85f6bbfb6edaa	3.056162555624679	5.917125
dea/639ca38ccd9d0	1.113895018380668	1.7106875
deb/99fcd6303bfeb	2.3450557208399325	1.6936875
de8/fe493a3942033	2.3304487433485632	10.907875
de9/fa11dbf4d3227	1.281590851781066	1.4904375
dea/ee4e087b7f660	1.3004064018781616	3.4885625
deb/49b2244103607	2.8980355199342	2.0015625
de8/a58531a711951	1.3234953923117834	3.939875
de9/ea6257ca1b1d0	3.032497454546785	6.2315
dea/af40f1434d256	3.277459850507643	8.5571875
deb/4a08ba70a3be1	2.7205152611062196	7.6194375
de8/009af370ab1da	3.264619526076114	7.652
de9/6f25892cdce8e	3.0622480447464047	8.341875
dea/2810059f655cc	2.269896904015183	7.103
deb/cc44ad666b9a2	3.088485832311818	2.5488125
de8/9fea25abe61e0	2.465811503072772	4.6300625
de9/dfd9347d67462	2.825150912994758	9.179
dea/ccc5300620ba2	1.3767867622535583	4.3050625
deb/e0e312216af0c	3.3991175285742132	5.3235625
de8/b29089f62ce70	3.095957220512196	3.892
de9/e53e566e76e62	3.299744278628914	11.3439375
dea/2d4b2c8ee30d9	3.010935891617217	3.367
deb/42a2aaf2e0b29	2.887342005072913	2.9794375
de8/5275c3112ad45	3.411675255990876	11.7775625
de9/703735819a2f1	3.05283946328758	3.49925
dea/b32d711cfdb81	3.0394061743686875	4.4985
deb/7c41860e0089c	3.308861860112832	18.4239375
de8/041104dd32f2e	3.0081398584922923	6.026625
de9/028fbd354b75c	2.6589760503838242	2.5975
dea/1700b0d85843a	1.3486458037680313	5.2455625
deb/ef5a69548f437	2.5135435438439275	1.056875
de8/c8bb074fa7096	2.314958302094033	5.355625
de9/ca7c1f40243ff	2.460924770220018	2.45125
dea/076543f6bc7ba	2.9956258588443805	11.0466875
deb/8df6d53c080ad	2.211983303760218	2.2326875
de8/6bfce0fb10f7d	2.840121800630466	2.3900625
de9/aabff72f553aa	2.0417627758579795	1.923625
dea/c9c81e824a3a3	1.0785615422437642	2.9720625
deb/1d19a18bbce80	2.8415597215090633	9.304875
de8/6eb1a26889de2	3.328703004405139	8.81575
de9/b3826d6bdb2c5	2.4576898079570393	1.760625
dea/5308839e2ee44	2.8957647440759846	2.633625
deb/411c45715dacc	2.6003172837482214	1.778125
de8/acfcfae206d9b	2.3039707444504263	2.7605625
de9/327d14455c10b	3.466358135718006	5.4441875
dea/8603ef5523396	2.8034622815140198	4.747875
deb/07d5c861f4685	2.973942735277905	13.0615
de8/3db0225b1ca61	2.3654833112190436	11.2025
de9/50e0c2c90f584	2.7703299847155898	19.626625
dea/4bf60e38650ad	3.4816103660213087	8.41075
deb/311c9b5b7a47a	1.7492219121284642	2.840625
de8/46fcccf09baac	3.0554831899335007	2.8260625
de9/36647574e9912	1.9963221748940962	2.9160625
dea/c4f0a791122b8	3.2340766985635403	7.0829375
deb/59aa4dbfc2109	3.3843933791317666	10.307875
de8/04fe2cc81f2d8	2.6761906763531735	8.1879375
de9/90385c9f12475	2.8138981093357742	11.40475
dea/015892c49cc6d	2.4801862001342987	3.8379375
deb/9c5aa05616f0c	2.867201481433002	2.6215625
de8/9ecb27c52e956	2.6774667244397667	6.6165625
de9/736d11a1e764f	1.3307253586978316	1.4423125
dea/36e5a6eac3338	3.3488540175520836	6.454625
deb/b9053f968fe74	1.54886019884341	1.838625
de8/3973aeadff96c	2.3530987125383107	1.2735
de9/78610ec7d02d0	2.9609576267416466	12.097
dea/bba805361082b	3.1352008343305102	5.9579375
deb/6f298f6da42cb	3.121417429238557	6.764375
de8/034e14dcd1878	3.355193817559755	4.3288125
de9/2a76cc8646ef5	3.374752588529439	5.405
dea/992ebbc874336	2.246921526912777	3.2545
deb/e3534cfe89aa0	1.8324630401130813	1.2253125
de8/46ece717e4695	3.0505146380510935	12.474375
de9/47d169d43ca16	2.442983316714846	4.6825625
dea/c6b1474315d3d	3.005759250325593	3.2431875
deb/ffb8751957e76	3.18952751195187	12.4700625
de8/507b9089ed158	3.149142513077416	4.7406875
de9/f7b7c74780bf9	3.410373870091805	3.066125
dea/7b223564547c8	2.022484685475684	0.8165
deb/11391728f3844	3.3811000461617837	3.0760625
de8/92c2a55a02602	2.7413482540804526	3.0674375
de9/306e04fd11cfb	2.452405227048882	4.20575
dea/19e9e26c176d2	3.2186066362589325	10.43275
deb/7c611e2e736b0	3.246164994440721	1.0565625
de8/858bc45cc9315	3.1492037268301294	9.994625
de9/ec9277c6cde0c	2.9278267173655568	5.3166875
dea/ef7232f55d0b2	3.2640232876006445	5.709125
deb/12e85c46b728d	3.1553326335508514	4.709125
de8/661c7dedeb8c6	3.3796102937087213	14.162
de9/2a8f24bf7fdcd	2.1827637328100846	4.438375
dea/a8fbacee80655	3.1352861306303805	9.7771875
deb/8ead83c58edd9	3.102253002070947	1.144375
de8/c855219e8481a	2.292896129254061	4.660625
de9/df8f11cc3ab3c	3.3245589769749033	10.8785
dea/69c015051eecb	3.399262393773473	9.834
deb/17f75c49f58b6	2.5731040533148093	2.8778125
de8/bfa76f65cc49b	3.3424056947933947	2.8840625
de9/e745f048437b5	3.05888117820036	2.853375
dea/bd2038ce3bcbe	2.8146456204539576	6.0955625
deb/d174f3f98a249	2.8872545890952015	19.518625
de8/fdb87a2ef2f14	2.684009817962196	6.909625
de9/55b59f64f5291	2.35939490871803	4.15275
dea/1675ffe1f6e64	3.1049903966530246	8.1680625
deb/2962207c87704	3.43714940187893	7.152625
de8/4c74fb311eac3	2.913255781532012	5.5314375
de9/5cc86e6c5b9cd	3.3662402263474838	7.5899375
dea/02d48397d1a7c	3.4396774600399045	7.57075
deb/fa483a17dc318	3.204134602920123	10.111125
de8/4e1c909518084	3.177257981006298	6.30475
de9/894f01cc0627c	2.698454001379197	12.1669375
dea/621c4c09c5849	2.7780358233910056	6.4068125
deb/4023f9da0f2f6	2.3914302692754252	2.4369375
de8/2964f7ab75ecb	1.5974910819121755	1.8023125
de9/a160b331104c9	3.476962953615803	9.9025625
dea/a602ed591079d	3.063802420834569	8.0751875
deb/145fa7d9921d6	2.3070924224763227	4.0595
de8/76e6c5ab15f93	3.4279998297223324	6.8871875
de9/6c97c2587fd1b	3.192071656796376	6.4253125
dea/7af74a43899fa	3.4203504146153376	6.7203125
deb/52ac2e094820a	3.391370990552619	14.1683125
de8/2f6576118bd46	2.351784011870808	1.681375
de9/526049af668a1	3.515504659741758	3.8691875
dea/795e55bb2790a	3.2403791307045404	3.704875
deb/cfabc09e56450	3.11536776941779	29.3460625
de8/338c5be2c2ab0	3.2658078795671495	15.04175
de9/375d628f7e345	2.540111240522348	4.044125
dea/26e6ae24f2ded	3.0511622168617833	11.42375
deb/51cb6171d7c6a	3.502843295732526	9.60575
de8/fd9a653138023	1.6019277151324172	3.0785
de9/463c8b59fa548	2.4423555336805016	6.0738125
dea/1a31e7be4f495	2.632408454687842	2.776625
deb/d50047a54a1ea	2.772679663428518	7.440625
de8/e1fb9eb38f9db	2.3615767842908864	18.769
de9/0388981f99df4	2.4096189622242705	6.1860625
dea/c8466642fae48	2.789333853624222	7.3053125
deb/9605fd41da53f	2.6922744161380625	2.883875
de8/a9c9421931b03	2.5393440930156226	9.7040625
de9/a5846c4417a52	2.9049628842475093	7.262625
dea/50c90adba446e	3.2246983388712804	5.537125
deb/e10663b8272bd	2.745609674129953	12.7761875
de8/50afcb98f3405	1.9034537902030941	2.5478125
de9/5ab315e8ede03	3.1828567942393304	2.4346875
dea/c5e2db92626be	2.450270181428739	4.0085625
deb/fcda2ec854869	3.2550463849198255	7.7946875
de8/52a0c00d7ae75	2.748866023967706	6.034
de9/16d88fdaf00a3	3.332768308317808	10.0490625
dea/ba7125599903b	3.240324379757313	5.9316875
deb/27e56a4317924	2.8281020030503505	9.60775
de8/34af96790f58b	2.4911102378605485	4.6634375
de9/4d85ea991ae4c	2.7344065944858307	1.297625
dea/3867ffa9cea62	3.222749821490492	6.9209375
deb/3799d9bcebe7f	2.895980191596122	4.5671875
de8/2985816b7a41f	3.200049457368103	5.701
de9/6a083c774286e	2.847604202610272	2.983875
dea/c42667487b59a	2.950395745575406	5.3805625
deb/d1fee8c687417	3.1379296687405955	9.83675
de8/588ed71f096c4	3.0135049846120268	4.4253125
de9/a696b3de06845	2.8401396224263102	9.8964375
dea/561470c6178f0	2.5966495581513263	1.2321875
deb/c91ea5792bce0	3.4273113187268245	6.236375
de8/8791c9e03e7e4	2.8252048965793293	7.5715
de9/dade65c7c4bd9	2.3760110569866004	1.586375
dea/a06aaa232143f	3.053985521492331	4.547125
deb/7a612659983fd	1.9582093916365724	1.05675
de8/727b9405cd6cb	2.485107780769602	0.9614375
de9/c929becb6cd81	2.147360818960471	3.51725
dea/45122f9d39753	2.074122171899373	4.35975
deb/d4240b238cf3c	3.300140696101343	7.415625
de8/3195f8343380b	3.297392441077199	21.0499375
de9/0c47404fbb550	2.8708645194753153	6.0889375
dea/211bb69150284	2.6063085349617245	6.934875
deb/221c5df2d0297	2.4774790545858116	2.37075
de8/2b41672303c49	2.3251537772681186	5.7505
de9/40e1f8e6ae56f	2.913154001334587	10.9574375
dea/e4f588191e775	2.5379362132348096	2.4529375
deb/6a2206b0a0a0f	3.2504024759066628	5.6965
de8/cdf672592413a	3.268618699460115	9.4224375
de9/72516e0e44f34	2.2853171276772333	4.6031875
dea/e1bd203f661d9	3.368315204137793	4.3769375
deb/ed6277fd49669	3.2775518884537007	8.9471875
de8/f136f037e85a9	1.5093335133502035	2.921875
de9/e1f2f16f7dfb8	2.8859285934791674	4.597
dea/0a50b1cb7d3c0	3.029880128783081	7.6351875
deb/1417751493c0a	1.1070280611138692	1.2626875
de8/8048f4f5fe9ca	2.661855217235653	6.4785
de9/8e4cc59fb0841	2.38349016936895	1.7521875
dea/5d0baccf1871d	2.493362992748874	7.747
deb/9b5608d2b1418	2.9594257323500788	7.9214375
de8/aab269cb97e38	2.455812424975037	1.3120625
de9/ba007acc4de89	3.151773104348577	2.6520625
dea/1320966dc9cc6	3.1175708321072264	5.4414375
deb/058218573c83f	3.1738142469040524	1.7446875
de8/7319edd2253f3	2.1287682862492097	2.268875
de9/283819f8e7050	1.5346696516609002	1.0366875
dea/6a0913c29aaa2	3.268075132690064	5.574125
deb/0a42a15cc02b5	2.3361103367002154	2.4503125
de8/57bc9767ecf0d	3.195725757107294	12.80725
de9/5135ff988cb79	3.215857680943143	7.019625
dea/d1e59094c9ee7	1.5837586828394534	3.7201875
deb/abd507cb39f0f	2.5260977235824784	3.6699375
de8/e87028ad096cd	2.969959741905969	7.6625625
de9/7ba4a95da8195	2.5146301430147164	1.77775
dea/51ee91a085b80	2.8837468327955103	4.3725625
deb/843ada1292b74	3.3695416741472917	12.847125
de8/274a15ea9fc23	3.371365566122404	10.0414375
de9/e3f74e59c9f54	2.777503367966193	5.192125
dea/ef90ed6b9f4b4	1.9590762873172032	3.6001875
deb/20fe5e95ed393	2.09391187430377	1.6344375
de8/3b348ec4a3b5a	3.0841152414450135	5.3666875
de9/5b16ac9ff3c67	3.0900623920007386	6.254375
dea/583ac4c1ff439	1.9059986789682966	7.08625
deb/8995d86975643	2.8406505854462614	9.3030625
de8/99b23a3817210	3.321788372903777	4.905625
de9/2400f2311eb08	2.934402983059128	3.701
dea/5a7bf40d11b20	2.07380092200966	2.3829375
deb/a73527b480d81	2.774915286550287	4.291375
de8/409ce5a42d88f	3.0445692564649076	11.6554375
de9/c422ba81544af	3.484137623781243	13.1935625
dea/50cbf6a6bbf52	2.718935494779378	2.07425
deb/bd43ead41421c	3.488389401493138	10.2544375
de8/c72c65db179b3	3.021907162803472	17.1544375
de9/0251c99983755	3.067763909181714	5.6044375
dea/faf0fa62a8542	2.4544891997083527	10.3616875
deb/85864812d9f86	3.080883210141321	7.427375
de8/ae2e4e79182ac	2.3599494125675826	3.7683125
de9/678f53cd76d40	2.2184171169617093	2.6466875
dea/2de27ea8b1a20	3.2903939407633334	8.7305625
deb/21dfd003d49cf	2.8427268275527595	5.1195625
de8/c6575b0a58461	1.7031864161956751	2.1136875
de9/4e73a6b03b6f4	3.269562385683062	6.8224375
dea/68365e3237b3c	2.3380546200854013	8.14025
deb/3b18c3d65a1b0	3.2052043338213068	5.1143125
de8/834b659207f21	3.023009424514098	6.5075625
de9/1cd3e14772fbe	2.447165770955417	3.42875
dea/a7c6eaf59e926	3.227263974941095	2.8714375
deb/47e04d985d74d	2.1303476279501257	2.6436875
de8/476ddc4cdcddd	3.051524894730743	1.6823125
de9/61388fea4da1a	3.3344324111208845	3.4448125
dea/f3a905d78c78d	2.876036015124049	3.21475
deb/90dd1c1df4639	3.3078821068398163	4.0401875
de8/36f9e040e3dd7	3.366040024164376	5.88275
de9/112d1dca4a262	3.0214013987089854	2.302875
dea/a4fced62c914a	3.34052659517586	13.25025
deb/492f8764b5448	3.210961755356846	8.28375
de8/6c4fafb63f852	3.3359845092691365	3.1736875
de9/7b8a5df0c67d4	2.9165152884140646	10.508875
dea/3917cfb3d86fa	3.31094273499775	7.0140625
deb/983e171f753de	3.307117541876891	8.70475
de8/b80785781e827	2.3930543384429552	2.3461875
de9/2140c1b0c9472	3.4001018510714154	14.50625
dea/33d307d0cb87f	2.8054430863827218	6.56775
deb/4d9a101f0f954	3.2123968323167222	5.8494375
de8/93df210a9cab7	3.081831563460278	1.81375
de9/a71228d8eece6	3.326014170653575	10.4495
dea/8a57f5b406546	2.6210474514883617	4.3600625
deb/e13929d49f0b0	2.9648293266786596	7.3663125
de8/f1ad1194db576	2.896037248532164	5.0945625
de9/8598e9209696d	2.488006807844983	4.663
dea/095f2a8e19673	3.4044856065964213	17.3800625
deb/a8fa91f33ee32	2.364512432368884	2.864875
de8/0f9e558eb39d3	3.4662684334668907	6.891125
de9/d5e986a582327	1.2718623013608243	2.4540625
dea/174efc6708211	2.252987359327186	5.623125
deb/eed6ca05551d8	3.315592288654819	11.9075625
de8/0c6c0865d662f	2.8951592078286774	9.734875
de9/93cf94214e469	3.2237779317994213	4.9710625
dea/5230d84ae30fc	1.9483936648574312	4.13675
deb/ec862c092a017	2.832211716652126	12.4173125
de8/37adfe36a1072	2.94430280508285	2.113875
de9/8fc9252b269aa	3.1904494070010077	8.95075
dea/14c8aec127797	1.7651415744321335	2.606125
deb/7d3178c8c7957	2.9631907354364144	6.383125
de8/468b572322002	2.021626620578985	6.562625
de9/9bb8ae7fbeb82	3.457984585453144	8.6478125
dea/4d037495000de	3.1571667510841883	4.5191875
deb/cef43d269939c	2.8696096729224565	7.081875
de8/658b0c9bca46e	2.686971900203902	1.5440625
de9/b4c6657e6de43	3.0877432932096824	1.611125
dea/bf2f0182e4eb4	3.0276371478091555	1.529875
deb/615dc08275759	1.0731473538309995	0.86475
de8/046c283815e47	2.8795189092276625	4.855375
de9/eb1b9c686ac7c	2.6227808892034856	6.707375
dea/9094df8d94f2b	3.024755995923928	1.6821875
deb/0adb1f1b451b7	3.3492279265831124	9.5091875
de8/2491095519ac2	2.540399789734531	3.1861875
de9/f835a74bf9d60	3.3315311995262147	10.1949375
dea/71a4d202c0c49	2.876415907835741	3.1033125
deb/36c0183c5fe61	2.8020814228962236	4.7105
de8/c6a8d6bfda768	2.2729056442036804	1.6289375
de9/3697325d96748	2.2941713987484422	3.96625
dea/013721f19da2e	2.5282968264783032	6.136375
deb/b3430d7da8d1f	3.0863741227692167	5.096375
de8/c6e2fc90deb9d	2.686446532011663	1.8518125
de9/58758d5613d21	3.313891251079407	3.394125
dea/03874d801f203	3.2010820931613733	5.7415
deb/0f828b6c59be7	3.2263191350590517	7.2855625
de8/5beb82edfcccd	3.259241520378281	3.7475
de9/222b9d06a937b	2.9526765239454464	1.43325
dea/5bb877009531e	2.915691703994131	6.257875
deb/92dd07a61491c	3.2695922979361107	7.9650625
de8/94b0057c5ff9e	2.5027391203826133	1.262625
de9/11435f9e65242	2.445764837685321	1.8901875
dea/846a52573074c	1.1582971550002055	1.0570625
deb/904ad9821920c	3.2258015118065586	3.82525
de8/6ec2154212304	1.8318500010030985	1.5985
de9/84c00e3149fe9	2.7877695491229906	1.8726875
dea/a71b77df9702b	1.162976789043255	2.9626875
deb/74fdf016c3bc4	3.01540196937178	6.2715
de8/8be9ab0dfecc5	2.8825303062847047	7.0706875
de9/e4f78af7e3f85	3.379565474166635	5.4404375
dea/94c1dfe27d990	1.3854028337314412	0.8674375
deb/dbb9c49694397	3.1311802242821	5.77575
de8/bf3edb35eee56	2.2398199903055938	4.5385625
de9/933d741c7ab49	2.8554331445377814	3.4163125
dea/bfa968a80c272	3.1370564129434078	5.96975
deb/06157c3ad6cb9	2.1264596398012268	2.651625
de8/a8cbb8ef95393	2.290703723034984	1.8865625
de9/0abaa1f4ba214	3.145679115657083	2.546375
dea/fe9115ca4c92c	3.4036718892931597	11.3336875
deb/e717c20b511a1	3.384144930544859	11.5205
de8/d6881b3d5da95	3.309260553853688	6.3916875
de9/4e3e58002e7ec	2.253604250014882	1.8295
dea/c811b44cc2582	2.8661654230299334	3.8165625
deb/406780fcf1d95	2.1221460191972508	2.6384375
de8/616972f2d997e	3.1752095982628	3.669875
de9/ad04148258827	2.697140998555093	3.70025
dea/8b1b0584924f2	3.032266471527658	6.5095
deb/db48bf9a42676	2.851020117352855	16.3634375
de8/bc9a78f3fe594	2.330635922144606	1.4425
de9/31d1f1983cb95	3.190781043903313	3.2343125
dea/d9a2351136f31	3.367409183014985	6.2480625
deb/acc1ab1ad0d41	2.256810020002625	4.5929375
de8/82bb9a4b917cc	3.553092462991465	4.15275
de9/3f7e8c86a9d3e	1.358709710296118	1.73075
dea/97a46a8400772	3.2744137803781315	16.18075
deb/c0a63e133cc07	3.494274908612762	10.05
de8/a00ae4670f9da	2.3890944102156655	3.545125
de9/dc0b7e470a97e	2.3798700913008903	3.0223125
dea/84adf03a8f95c	2.6270638440112615	4.9979375
deb/67bb69fdb5cc9	3.391854396947733	15.5614375
de8/32697d387af06	1.5357155460401	1.0565625
de9/57b415821034b	2.6722008846318097	3.178625
dea/0acbe0b8428dc	2.4018262320769175	1.4895
deb/18dffa67fff21	2.871983825205298	2.2161875
de8/7768064f38967	1.9056125789399427	1.57525
de9/dbb44ffe7a86e	3.402643142072617	15.12475
dea/5130ab5cfb673	3.164391515143414	6.208
deb/78033077b5e3a	2.463745693642386	2.6245625
de8/e26eaf7dbf6b9	3.3172215576652704	8.8523125
de9/55d5fa3d43617	2.5285989083064755	5.4283125
dea/5f4bc22695b66	3.2427072981656173	4.08725
deb/af8612156f086	3.056078160621501	3.534125
de8/b65d9981f75f3	3.014025079004284	6.502125
de9/b5ef35bc2e580	2.9307569399046693	3.26775
dea/cfd6b98c02e59	3.354644927529224	10.7476875
deb/24170690cbfa2	1.8378033111506216	2.0180625
de8/980818771ac25	3.297973474830134	10.442375
de9/7fc0c2ce7da20	2.2693115199036793	1.2934375
dea/c2586c288b9e5	2.6235686166971046	3.76825
deb/7c267918e5b0f	2.8615251539149273	1.8506875
de8/5eb0947d5eecb	3.370553081443426	7.6014375
de9/0497644e0beaf	3.1009255962799105	3.2416875
dea/f101e3a040129	1.198045734716185	1.1543125
deb/b74a4204e8a65	3.1116766108364984	9.68525
de8/3951b3a5ef0c5	1.9119472065797447	1.0465625
de9/bb0aa84f58aa5	2.97352656089205	2.595125
dea/96accbb5aca7f	2.8418858569539096	8.5490625
deb/7eb99763404e2	3.220093918493648	7.4415625
de8/40fef2b1738e0	2.4549624841250863	4.14675
de9/78dfc497a05bd	3.260239326405698	6.13975
dea/a4321b2b74fe7	2.80869359756472	5.047875
deb/b03a99e158fef	3.387962274315773	6.8549375
de8/22ccc90910080	2.791332702407703	9.7429375
de9/6e6981fda45a3	3.1929050964816597	5.1141875
dea/6b7ff6c816c5f	2.615509670501448	2.6286875
deb/cf69fc2a7b99b	2.266066877596372	1.3225
de8/696b5648669d0	2.4980684871426186	5.6105625
de9/c252849ab6534	2.894881411741637	3.6649375
dea/1929bca5d201d	2.697529567280712	3.76825
deb/8fda189b68e44	2.8580106917348513	4.923
de8/4c02f57c88e7b	2.3208560349073535	5.9846875
de9/52650b59f2429	2.7570448682634106	6.1339375
dea/7cad1787fa01e	2.8858383848324856	3.922875
deb/d345517f0f00e	2.1115658683067373	5.0985
de8/f5fccfe1a6c66	3.2817379174097536	6.2321875
de9/d4c00362ae0b3	1.412875653695521	1.393125
dea/0819843369997	2.8217555816594815	3.0325
deb/b39aee5c7b23b	2.875487797686418	5.8168125
de8/b14f4500f82da	3.0806153966435175	3.7345
de9/bd5afb423d92f	2.730964741840988	5.684
dea/a1c3103cc74a0	2.864180701696983	12.57075
deb/68e884fe38d04	2.037959354534454	6.44925
de8/ebf1619d11ca3	3.5763203102461807	13.0925
de9/4a5ffba144c7d	3.492982474852055	11.6453125
dea/a5ab5bc148fd9	1.9536878642330462	3.422875
deb/1d7fd91f5ea79	2.7083412749222293	9.7925
de8/0ad64cbfe7f05	2.7379298808202095	5.5955
de9/24dca73606962	3.173308622413714	2.4288125
dea/12f89a22c5206	3.001322103273868	2.4905
deb/e24847d1df80d	3.3812362018282562	4.5698125
de8/a6bed4a15b143	1.932502647693827	2.8816875
de9/037679e50e187	2.3627974370954155	4.5086875
dea/76fa810152b99	3.2720666466295953	10.4568125
deb/bda4bf7c7e21c	3.014418604306992	7.2495
de8/3de1b573a025b	3.3010921554755335	13.4015625
de9/e6f8ab535ace5	3.3877904873931755	19.7124375
dea/7fcd9da6d3c09	3.2706715279095895	2.23175
deb/1a1c56d4f7a37	2.7622923113070104	5.3406875
de8/b4bb7f0ce9087	2.7848902091261603	2.12
de9/2a94561220b07	3.0582012542573236	5.46375
dea/cfe9601e6d37b	3.3541867587930523	11.41
deb/181bf2aef3c48	2.591417641404621	19.02325
de8/71b6180d11f3e	2.9208888118398986	4.570875
de9/32130d5c8f6e5	3.53529987475792	4.79725
dea/660a8e5512d0d	3.163499788453857	6.221125
deb/517d6d0962207	3.160622075593559	3.314875
de8/af5eb80614c44	2.258086944601899	6.9431875
de9/23fb8650eae5e	3.0868575333830353	2.162625
dea/fe9d582920f67	3.24587942757931	9.5081875
deb/a38e26baebe95	3.2525909855684256	12.528625
de8/8ceaf007d670e	2.5424808024869767	5.1298125
de9/303d967378f9e	1.0943480995328276	0.9704375
dea/7bfda6b7edad0	3.3612504388861586	8.0363125
deb/c3f743affcbf3	3.245179591254363	10.616625
de8/fe22bae099bf1	3.4343389485951907	12.1456875
de9/2ec77a85de6fd	3.168743386607531	2.075375
dea/0c77cde4b7fc7	3.1116428684779094	9.3500625
deb/5208b21b82263	2.022997411696437	1.730625
de8/8b22fa8982865	2.845450216885068	5.472
de9/d277dfc78430b	3.0157047331561646	1.4418125
dea/4bf9ca0e0311d	3.1194716453673292	7.476
deb/ab88250d63647	3.1588369066567843	14.180875
de8/0ff4df1d953d7	2.884971227456813	2.964375
de9/110627bad7fc4	2.9828717922004677	5.2356875
dea/c9b407c37c462	3.0588181269118726	9.1219375
deb/b13e8b6b3b302	1.0774289600552291	3.7660625
de8/a3e08b7bb46c8	2.9575526566788053	5.72
de9/9c884f403391f	3.0121096497735724	3.037125
dea/ce66d09d30537	3.10695365142615	5.845875
deb/a184e5c188bfe	2.412579621478071	1.05675
de8/0257f10e826a8	2.2842423750460656	1.58775
de9/c2d389521d7cc	3.4656318067971053	8.033
dea/22d54e36b4da9	3.069812768811585	3.3634375
deb/d9d496ff36861	1.8949511069176317	1.9265
de8/311eb1c61a7f5	2.520462601597039	4.5401875
de9/cc5ad9c208210	2.7042786762845186	1.2969375
dea/b17c14e2899be	2.688404867553936	2.116125
deb/27d3328836aeb	3.123261603233606	4.278375
de8/979568189dd67	3.3238636364661827	2.2550625
de9/1c5c4a9c61e1b	2.6139223635221294	2.64375
dea/66569eb2a8c70	1.475893067485112	1.425375
deb/99fc2b027153f	2.7186145882423687	1.97275
de8/b747119dbe9fe	3.144200068070242	10.0430625
de9/bbd331b83b37f	2.676456205982779	9.096
dea/748290514beb2	3.0745497818761782	5.221875
deb/000644c90d0cf	1.2424855579354166	4.6280625
de8/c6e8a190bbb5b	3.1931782807025475	3.379
de9/1abc635e26ef3	2.7301127105574627	5.1901875
dea/073b41f322e86	3.306627404584821	4.97825
deb/cb88b69d7250d	2.5984818504162397	11.7616875
de8/3858923432340	2.9082668138779093	6.9361875
de9/147b8a49b21bb	2.0276384933978	2.4705
dea/be10561ac5c6a	2.7757170270826723	2.371375
deb/be5656549a90f	3.2985108727726726	7.15425
de8/ab4a79e7b7f2e	3.2189496769192503	16.7818125
de9/3986d05f374ce	3.3738066500644073	7.008375
dea/ed64f55016232	3.1840822341527257	5.3851875
deb/00977af490538	2.990497321871912	13.739625
de8/a9ab8a88b2668	3.170569682014741	9.3333125
de9/4e607f2fd7f4e	2.6578562978898486	0.864625
dea/a90535905b562	2.746406607970367	4.8275
deb/59205607466f0	2.60942127211224	3.9959375
de8/2c852ff43161b	3.4795122163262566	7.8255
de9/ff0c0cbf563ba	3.199381790312809	3.694375
dea/cf533ca030eea	3.133614807527391	5.19925
deb/94eb070f44d95	3.5044707568645252	4.9239375
de8/bc4ebc47dedd3	2.1925538819771093	3.503625
de9/9676a0f47ac8f	3.033143159418315	6.8595625
dea/ad3e319fba815	3.360994246310353	8.6124375
deb/f66b948264e89	2.675382342939625	7.4295
de8/336a5257d80d6	2.880004495567302	1.2700625
de9/ca87edaacb58e	3.062030270116653	1.9300625
dea/c97db20e2074b	2.243831314921379	2.833125
deb/e9fa5b3a410e7	3.378473385118133	11.5425
de8/c30e7f79c3ae0	2.1494759194754467	7.0509375
de9/13a4ea87a1217	1.9872330077188611	2.70975
dea/4e13a5e51416e	3.047917112503061	5.6860625
deb/ed283d205f07b	3.2104569010294113	2.7046875
de8/7b35aae338766	2.477887252173226	1.60925
de9/a3e3a6c6ab9ec	2.8019086726996343	13.8236875
dea/0f30427196132	2.896211036907339	5.0961875
deb/39b894a976e4a	3.5449331956419234	14.0160625
de8/602f4e330d3ec	3.1940598660718758	5.043875
de9/725bf0282e813	2.9669522370567627	9.486625
dea/b9e61b5c2e66e	2.8538858754625536	3.03825
deb/65c1ed9407403	1.167320766066631	3.626125
de8/eecd8433d4157	1.9641250722573085	0.8321875
de9/1765e7c817779	3.302043750375247	2.747375
dea/5404fc5333638	3.3413949368450107	4.6464375
deb/1ee059e612e31	3.035730288519121	4.773
de8/ece9942abbbf7	2.7347855398472767	4.1605625
de9/535dc9720ada0	3.082385216204154	5.4310625
dea/7460f6793bc83	2.680762765015812	6.7346875
deb/7f6c0abeae521	1.5732151479747138	1.6103125
de8/5ae51718b3eb0	2.6373172191065	2.9626875
de9/bd04887104129	2.461321636685701	1.85975
dea/59ff7d357ab10	3.4357407550823535	4.2536875
deb/f941fb55041f6	3.4372752638947675	21.2081875
de8/69828ed94d9b2	3.237835777149723	6.599625
de9/06ce5928127b3	2.3921682429791806	1.490125
dea/9b877648c450a	2.688400540491082	11.409125
deb/9cda7bc618747	2.3818024438601637	3.8643125
de8/bd9b89c199e06	2.643965595072156	3.8950625
de9/14021016f86c4	3.02312496117846	5.1475
dea/73a7e973406c5	3.240600500064874	7.07875
deb/b4226cb55b590	3.170912283719866	19.1131875
de8/f384d07335b09	3.4855755624862135	11.7153125
de9/61490fd91798b	3.0014214038215115	9.164875
dea/4191359c1a187	2.0791037358465942	2.227875
deb/f496b90515869	2.2593815458338424	2.2745
de8/7eca6367a2815	3.3455279736615187	11.177
de9/5f509eab22167	2.7036903244999553	3.066125
dea/5e82a8c43ca33	3.2342006235138485	5.384375
deb/5c33fa7e83326	3.0966408024556578	2.9176875
de8/479953984443e	3.1259868485840903	7.45775
de9/fa3644f737e7c	3.3329681837827967	2.116625
dea/ee8dfb61bee40	3.0211352182151265	5.2273125
deb/3407d81e8bbf9	1.763212115361	1.5219375
de8/951c9dac32fc7	3.0245619648531066	1.5448125
de9/64c687b69bd7a	1.8860715428282298	5.67875
dea/fc3d6773ee3aa	3.2636664060447926	9.22175
deb/5535337f575f8	2.562195077617837	3.0298125
de8/4d2fcf6638d20	1.9829074418331083	1.3460625
de9/fb17be1a8c7b2	3.174234856670649	6.2560625
dea/81fc415a0ad12	3.0466008651700687	4.8505625
deb/97e9d630e5b65	2.63994758280837	1.6828125
de8/1e5344c872d1a	2.6992660980353795	1.399875
de9/de0688c8b4b44	2.634809453938384	1.4075625
dea/66709ec951f80	3.2745458766081432	7.0696875
deb/c2652aaef6f78	3.0173591896851844	2.23075
de8/68edd8de8b482	2.342722871249653	2.4081875
de9/a175644a71212	1.0869615352142294	0.9128125
dea/1e2d11dc405ac	2.0739707698767242	6.5386875
deb/c9e44a41a7bbe	2.905870368670118	3.5133125
de8/0583a3596eb43	2.949757485676144	3.9845
de9/51c4f5de61bd4	3.162695068469398	2.532375
dea/da52180fe0249	2.6077877031835897	1.6800625
deb/998db59a1fffe	1.1236820524073003	2.5489375
de8/9207394bc191c	3.154529627899849	13.2069375
de9/5e4128f6f0089	3.138137610705535	12.279625
dea/9299615d46e35	3.022897650296675	3.614625
deb/216108211df20	3.1330374743968132	6.973
de8/b379b15433821	2.9592190716990103	5.3903125
de9/e0d8cdaa0b546	3.1686331260698886	9.4788125
dea/fd5d527f919cf	3.151828849370316	4.5479375
deb/4aca682c50b8d	1.4256591847572915	1.2975
de8/6aa8d68a4ae28	2.172483462372275	1.9039375
de9/599bd0f7be4c6	2.5898917832416415	5.4398125
dea/e4181290338d2	2.5183859510416187	1.5403125
deb/48996a701b38b	3.267245585348609	7.517375
de8/8147264ca23c0	3.2359006133285417	7.1393125
de9/06f222b53cbe8	3.0293388775145127	3.4885
dea/7eceb12a71d24	2.064646964873522	4.2491875
deb/9515ce41f783e	2.0566729480629946	2.159625
de8/6baef6a755bab	2.5734517913948087	8.934625
de9/9062227d90a7f	2.467637767510737	2.4851875
dea/4738394dece2a	2.8877950474938774	3.835625
deb/ef610c52178aa	2.708391456326573	6.989875
de8/decf263fbe17c	2.612639710313304	1.7765625
de9/ceef8e46ad007	2.2054710350768474	1.6925625
dea/d771e7e8ca2be	1.949315948031326	3.6095625
deb/e366b9a11a3c2	3.1451344379036192	2.3650625
de8/e01e0bc47080e	3.4627772961991923	8.8495625
de9/e8a1e046492a8	3.050643042470483	2.9479375
dea/681b681686194	2.307712377805338	1.99175
deb/128e0ebbecad3	3.3967509799966735	5.1516875
de8/900263c834e0a	3.454627676673078	7.2171875
de9/100b9c56e0ed2	3.103941842696269	8.4825
dea/8c45ac1f9273a	3.1214994787124235	5.968875
deb/c88d3a3047698	2.869888472033411	7.034375
de8/16181685a1b8c	2.983145089229044	2.6261875
de9/64d9ca6cc8948	3.415573223083976	3.2450625
dea/f4e0bbada8e9e	3.42158825522392	8.998625
deb/9e583450d7ef1	2.3414785561143323	19.7324375
de8/1793ced618952	2.939115569821904	10.9205625
de9/6be17ba07a1a3	1.9383646814004276	5.7155625
dea/0d207bb69f0e1	3.343467820985031	9.0896875
deb/93ecd081f39a1	2.884160351365144	4.087125
de8/0d6030bff6c7a	2.7725181664740144	16.0491875
de9/ca1af664c998e	1.7857521516184935	1.9186875
dea/eb87cf4d75a6d	2.4907628588261868	7.5066875
deb/aab5395d019c1	2.351423285848515	2.21225
de8/ede14b98d50ae	3.37294731086889	10.89375
de9/442873bbe36ce	2.9784911794593523	5.2450625
dea/00c8b43897985	2.1225204768521286	6.6560625
deb/a95bae5be958e	2.900893680783509	8.2020625
de8/95af615571547	3.298850084406353	2.8675625
de9/b621f1af6e58c	2.6513439657390503	18.1260625
dea/93b8c7483b757	3.1526852117976105	6.0373125
deb/6471f2c4c3de8	2.0972158780523658	1.8735
de8/dd9b7610ea0a5	3.260484100329302	7.894625
de9/1d987672965dd	3.3280154747709902	10.668
dea/e165f31f0a84b	3.1891384117538575	5.9486875
deb/06f0c8bc0e6eb	3.0928329354578876	2.1701875
de8/27236ae92c0fd	2.3532852906044	2.3545
de9/f750749632ac2	2.9118494855276613	4.4280625
dea/9ce67081a5f95	3.016683934004159	2.866125
deb/2ad5d0edc0dcc	2.737117345400621	7.8850625
de8/26c0115b3f36a	2.822468082573365	3.74875
de9/949e7ddba19eb	3.5775060966455814	12.4020625
dea/5419f138a3efb	2.4802651275994907	3.040125
deb/546b9dcf8282b	2.6783085990268103	4.830125
de8/855740eecc268	3.2447296936022534	4.7336875
de9/f27e8efaeee36	3.5549559977202883	5.8108125
dea/25185844b8178	2.8011395729922066	4.129125
deb/16930372d2659	2.9824781582343065	5.701625
de8/ab31c4d784150	2.8676256155560154	3.768
de9/32c9841db4f2c	2.0805896524879355	1.6344375
dea/31d7d18659216	2.880368147383686	2.6186875
deb/9fab1fbdeb42c	3.342155528755119	4.5069375
de8/26210c1a11d3e	3.0818319237038274	16.6579375
de9/db641dfea7c2b	2.7394049955887803	13.1105
dea/e65c2f1afa719	2.9916396466369144	3.8401875
deb/58e7231805a12	2.8486160336255772	3.1541875
de8/c9f87a01399d8	2.8682551164793977	10.165375
de9/142f625df53d5	2.793788935723736	4.7741875
dea/aa7e0a10469c7	2.4611781429100654	1.8751875
deb/dcf9e5c6463be	2.6218045233742964	3.9491875
de8/2d81891e51c08	2.555999191811674	1.653375
de9/a1443cf282b90	2.805104468420576	4.7716875
dea/510807e1dcbb5	2.6052226254663964	5.6700625
deb/403f5dba77599	2.6284707981974678	3.89
de8/a94fe1045ffc2	3.3398383450323985	7.14375
de9/afa642aa24bd7	3.041951904401039	4.0745625
dea/0aa7590899c23	2.171393284908523	1.9941875
deb/bef370bf9ba07	2.6953434428638268	6.59425
de8/74f620eb5fda7	2.8223455938750357	5.477875
de9/6808dd7c67a15	2.813812670459329	6.1724375
dea/f49434809acc4	1.651519575485047	3.9555625
deb/00bcf6297d2df	2.1362166925292363	2.004875
de8/c2bb4f3bd129c	2.202970913822783	2.933375
de9/37d002bd10e02	2.701421904747274	4.9594375
dea/1b4263b3df901	2.5206901716797994	9.1054375
deb/ec8fcc99d9a30	2.2177872185022802	2.2678125
de8/740823b069e9c	3.140181957023678	2.567
de9/bd8730aab6e2c	3.0094745215584413	8.6860625
dea/5c46247f6c980	2.914186594614445	5.657625
deb/60128342374f2	3.3924171760287902	10.637625
de8/fb46a77209f35	3.0962277121366064	8.09875
de9/232098e725c48	3.0905170466484733	8.487375
dea/136d1d7d890ff	3.2162980941844728	12.467125
deb/39481c4b3da6f	2.175829758861213	1.778875
de8/d6912cbc83f32	2.200740767721408	5.762875
de9/6d4bd4e19ff2c	2.339037379106191	5.143875
dea/58a93305a6567	2.8178112071248615	2.259375
deb/3699b24555c8a	2.817785633048906	6.6031875
de8/d5036ff144fff	2.322174474392436	2.258625
de9/48ea06c962dbb	2.1397056759606956	5.7043125
dea/5f3e2fbca2293	2.789851941536132	2.164125
deb/30736e98d9bc8	3.073877868003882	6.3090625
de8/f86f1577f3b73	2.5729170267689137	5.211375
de9/f3c50a2800544	3.0142452758972786	3.5891875
dea/3906be0a4f934	2.5241617611644735	2.0140625
deb/39a11c08461b7	1.984730807058981	3.5305
de8/ee2571dfda57c	2.7476489028683146	7.5098125
de9/2d62eb09aa959	3.431812515156301	10.176
dea/261f8bcdb616e	3.1992295788703813	10.568125
deb/115da246d1b05	2.5479025388882306	6.734375
de8/132b271e4b733	2.0267387127415386	1.202625
de9/3748c0453be27	2.1239673962049372	2.121125
dea/adb0c231a552a	2.6411113741447614	2.2605625
deb/3bafecee542ca	2.7428978166127367	1.2084375
de8/c1243c63afb4d	1.4612954482342526	3.36775
de9/53fead01ee5bd	3.357244740718429	4.58625
dea/9d333912554bb	2.5322172470468116	1.080875
deb/dab39bb90bc39	1.6906959483361916	1.314625
de8/e9e9472474590	2.7089415375488115	4.2976875
de9/93d97369c9f33	3.087616969825366	4.5331875
dea/de0c84146ea2f	1.1110598958032372	4.11775
deb/cdea4ba976eb6	3.161334657427187	6.5368125
de8/7ad18633070e2	3.187085911519525	9.643125
de9/63de4bfb7a8f9	3.4092669171772405	10.0715625
dea/14442f2a5ab49	2.4999210302217043	14.7636875
deb/851e94b68ee8c	1.8529617869753943	3.5820625
de8/088608c5d44e9	3.2786091003188895	11.3410625
de9/f15cd02545a33	3.2333713786458733	11.383125
dea/7d9802c1ba297	2.8627182880808295	5.95725
deb/889075f5633dc	1.8172187058636715	1.822125
de8/2cdcea84dcb43	2.555893185026903	2.290125
de9/e213bc4888833	2.833025662112561	6.9361875
dea/33557857511e2	2.7832135319161386	6.697125
deb/49fd481c12d07	2.8798885407264865	4.7309375
de8/8f8c552b283df	1.9145702688604698	1.207
de9/6b0726eb547db	1.9085025006227654	11.0913125
dea/e00b45c83bf75	3.2866260031343257	6.795375
deb/91c4529f2dc3a	3.4367401536539206	9.651625
de8/e0a7c66e7fb60	2.2127522687459744	2.1105
de9/1479822bfe57e	1.0499538285401575	2.036625
dea/3530e7b641c9e	3.286966751361138	11.9770625
deb/132bc8133d625	2.0750618094895428	2.184125
de8/e781cb8ee8558	2.8146093784651285	11.0666875
de9/8b84200f228bc	2.945701721621726	3.3291875
dea/dc84e5e73bdde	2.773735715813489	7.398625
deb/6c8bb6242f550	3.0524333835195283	3.653875
de8/1496dc84f716b	1.7928942869170412	1.3456875
de9/6a11976b3c807	2.098894529030052	2.16225
dea/bb5cb7a637653	2.7969490678556714	4.8983125
deb/cb706e9474951	3.307434283011708	2.121625
de8/f012a83312c82	2.5893056517312294	3.3830625
de9/38b769a2062c0	2.252639608269944	3.8461875
dea/3e33f10723cce	1.982858381252659	4.920875
deb/12a449807e191	3.4187929442082794	2.8433125
de8/03a298a73bffd	2.180010645509243	2.726375
de9/730e2215b2ca7	3.1602758790502525	5.73525
dea/7b3bdc7f9570c	1.1270003029730593	3.335125
deb/2c1bf93b20219	2.4020919331497246	1.8746875
de8/c7f1f5aa12d29	2.052974547199106	1.6104375
de9/6d3ef460a01d0	2.9112199219247836	4.419125
dea/9aa47358a9360	3.2574580104702138	8.1556875
deb/259dce0b72e9f	3.1588881883554136	7.068125
de8/f1c2d6a4714db	2.905217763091517	3.695
de9/537e875a0a2ad	3.3111998793436923	11.0509375
dea/7c637969fac97	3.41949777114523	11.4411875
deb/c2cc697adfa56	3.2416644612700756	5.8659375
de8/3c99f289c2ff1	3.254436452663672	6.115
de9/e85c1bc29debb	2.403328902883647	3.220625
dea/dc58056dd2d4d	2.7230026672737675	5.7508125
deb/4c051db6c620a	3.1012605727052893	8.7526875
de8/3dadea70d4710	2.6906099469798113	2.6461875
de9/4e4f5d8da6015	3.4228224183891056	13.2571875
dea/e4efe027cbe26	2.6676095188233995	6.053
deb/736be856ecb6e	3.359619560172241	14.30925
de8/436adcbc53263	3.351926485124806	6.5264375
de9/bf75536862bbc	2.6174474426552186	4.128625
dea/17b2382f18e3d	2.185503026467005	7.3736875
deb/3dc95cbf0d507	2.71616507817364	3.8159375
de8/06bd0744f9547	3.1467914960213	5.836125
de9/567598124786f	2.646736861542297	2.476875
dea/ff44118e6dc62	2.7229203549990504	3.2745625
deb/01ec72c283bb4	3.378884368238153	16.4765
de8/26dc6dc380b25	3.2882745032948844	7.699125
de9/03e9a9897aea5	3.1995299481911204	2.259
dea/6ab2def304303	2.269752732492132	8.0283125
deb/4f2497353607f	2.5216533554653933	3.148
de8/da7247b272c85	2.7135678638132585	1.489875
de9/f6c1fd2f1f99d	2.9094985182466253	5.2745
dea/349542c9a4a84	3.1208699437387613	2.601625
deb/27d726a2dbcef	3.172932697247011	12.0593125
de8/c80d139e609e5	3.037907412979013	6.222125
de9/9f9618a5f89c3	3.4253656760723223	6.471
dea/963c36d419b90	2.75138060407734	6.3494375
deb/9f26ff2d43a4b	1.5822743012851581	2.7518125
de8/053d28e8cb5a6	2.882956883027088	3.6625
de9/9b1ebbb79db3c	3.024850159769984	4.463875
dea/e952100d21a53	3.2334086487209377	4.371125
deb/60fec7e87e01c	3.0980689470015244	8.21325
de8/ce55cf074139e	2.953359096882062	2.9835625
de9/8b09128d4abb2	3.2210505816258914	8.037
dea/88654041c8e8f	2.338242754352773	4.613125
deb/300012d8e3013	3.140035358047255	2.260375
de8/e8c394495b8f5	3.3466794339736383	8.1745
de9/78b3a40c4151e	3.2149414148927438	2.293375
dea/d6fb076dbbd44	3.234306747545014	12.5851875
deb/ecbee16e3d55e	3.28244794974345	9.350375
de8/69c33a512feb5	2.7501682953897446	9.536
de9/28b64c4c086d1	2.5045886559856805	1.441625
dea/0c02c24c6a484	3.340789842284096	4.8944375
deb/04c902666c64e	1.7805979623945825	3.6240625
de8/aa984cfbebc17	1.7567422223340576	1.1775
de9/b2b5db83184a2	3.2636444661901023	8.4051875
dea/e8a7c445873c5	1.982025192723345	4.5675625
deb/eb3f6044c1c37	1.1067439065920197	3.1338125
de8/afa599e5e9fd6	1.1276193845252123	1.3889375
de9/ec2a2d1425050	3.249331828913049	12.3778125
dea/3ef6076f8c1d9	2.445604912477322	2.7415625
deb/2ecd552583a11	3.3738256547837673	5.55225
de8/3fbafcc4e9990	1.9590038333207065	1.5066875
de9/bc850d99299c9	2.930788101657192	7.3253125
dea/80f1376a7d23a	1.2257238549689122	1.69225
deb/0a135c3664589	3.358296396239529	4.9343125
de8/85d869586bc1a	3.1882525650899236	6.031625
de9/4b3902e8b8e3a	3.13080046752678	6.224375
dea/a256e1fe8fa02	3.1089988294744675	2.9579375
deb/2bc5c910b6383	3.1876104591313137	5.0425625
de8/cd8cdd0abfed3	2.4453081232206983	2.4753125
de9/3b4210514c3df	1.5183518226978225	3.6240625
dea/0c9b771e245c2	3.2006579633276036	9.0670625
deb/da9903679617b	2.7819715276587416	3.1795
de8/585d9e18337e5	3.193570095054703	14.5329375
de9/32ec5a274ed69	2.5142172334094663	1.3554375
dea/2ecab2e9aa878	1.9241581825237009	5.0200625
deb/6715a2b207a15	2.8025358205896413	2.469875
de8/868dbac65b4a1	2.851611243741165	3.7201875
de9/d57575a2b88c3	3.1194649258614455	4.032625
dea/18bc27faaac3d	2.657340187130625	9.0173125
deb/525b2af4d8c12	3.218258580915531	2.582
de8/e53b4623fc94c	2.918933140414718	7.366625
de9/86793b49ade5c	3.129861370717866	8.2896875
dea/79628518a30a3	3.0126825648448032	6.49225
deb/a333b3529d63d	3.4536870137129614	11.4845
de8/3462cf524d231	2.9028345568616083	0.912875
de9/bf8ad9e3c858c	2.4894955993848606	1.727875
dea/a34032590959b	2.1993263535823293	2.6951875
deb/76e243b70b168	2.6973676642807614	5.5995625
de8/d187142364abc	2.85113208926354	2.5480625
de9/fc1c2c67c29e9	1.7195751261198524	1.2488125
dea/2ee72b605a6ec	1.920568730748414	1.7971875
deb/f04f9d802ea2f	2.4397618011880344	1.25025
de8/9a6ab3cdb011e	3.2616176982865865	7.2186875
de9/c6b4ce2b80332	1.6385599699597044	4.4734375
dea/1dfcf776929fb	3.386077366370735	3.7685
deb/f636f53960c18	3.1802362159903166	8.27475
de8/e22a0c62262e9	3.184035034064592	3.92475
de9/6f786628a6fcc	2.1104979123236727	1.9221875
dea/316edbe3baa5a	1.1436408504872417	1.259625
deb/d071a9ddc424c	2.756105733853733	1.4493125
de8/170ae9a0e49a3	1.8354795853890016	1.922875
de9/337741af414ab	2.8170407158256787	3.6039375
dea/c29e93c7e6c07	3.1841784252202734	2.431
deb/c20d0caad16ca	2.7812741771181098	1.056625
de8/fd359946c7e2d	1.6789266754035133	0.912875
de9/78d61bfb56c0e	1.0857705923079546	1.5866875
dea/78dc383099ed6	3.332144941297707	8.37
deb/4a2b29891c907	2.5552643076869854	5.0675
de8/e1835e6c84dae	2.6982597978630634	4.6858125
de9/ddffc71d35fb0	2.628035351860246	3.11125
dea/ee590b055ace7	2.795962019920731	3.804375
deb/6678b09b9eb2d	1.8049481343667815	2.020125
de8/ce6d7aa4a9c86	3.433921745725692	10.10125
de9/1a9f8887a903c	2.8882261183706666	6.80425
dea/77f037bc9c5e4	3.198038674939516	5.7213125
deb/a96d174a872d5	2.9873864570656665	1.3535
de8/4425cee14e637	2.5414652592312623	2.886
de9/b25a8e2f41cb6	2.719135059535992	1.009125
dea/a01ed7caada45	3.3965931024448057	5.4545625
deb/9797461ef0946	1.783893663709051	3.0460625
de8/5f99cdd67ccd4	2.2184373750181914	1.42575
de9/b2007a66af933	1.4238212989305477	1.008625
dea/dba830d6001c2	2.6703843974341477	2.089
deb/4e3ef5cc9ca3b	3.359549734919313	12.631375
de8/530e356919b3d	3.09682875137273	9.323875
de9/9783cd7abd08a	3.2653956798010806	10.3785625
dea/be624fcf00c1c	3.3771509327599367	10.6046875
deb/7e73d47fe4304	2.8683483319503305	5.1178125
de8/35531cce6a4c1	3.007376908793999	7.55525
de9/da87637d0b529	3.1649634029164626	10.315125
dea/2a00a8639f68d	2.6829749076635356	0.8165625
deb/b2e3e26fd0244	2.601092364367045	4.8653125
de8/48ac527e29885	1.452974408501826	8.293125
de9/b7be72eea4246	2.6666005362251424	10.959375
dea/453bafce74251	2.92798073688113	7.2061875
deb/4ebf04a8f6519	3.3469747851385954	17.1251875
de8/7d556eb794ed0	2.9235658981948753	6.9183125
de9/82a155ec42d1a	3.1520466322662126	8.60475
dea/7d09f2454fe0e	2.997905388822314	2.0259375
deb/1d350a459d8fa	2.7255433221506973	1.6121875
de8/f81e44550edbc	3.0328044234990656	3.8829375
de9/b5060f98ae3f0	1.5906837179664317	3.2059375
dea/15efec5a2c8df	2.4380901012159195	7.2250625
deb/649ab9cb86c00	3.2201585532636874	8.00025
de8/f9eaa03295e6b	2.861255342308833	6.0955625
de9/979afb6947939	2.706750553765555	5.9178125
dea/f9fb24b02c29c	2.1267260685785967	2.2891875
deb/c448874950d9f	3.0953686704985364	9.943625
de8/ddea5eaf418de	3.025741950864017	2.2096875
de9/dbf7e283c184a	2.8959025131209115	4.1799375
dea/c0c9c6415f100	2.747187724021809	2.792375
deb/0a1787efb5ef2	2.814916785572117	6.5455625
de8/33714bea207da	3.154169502320857	2.5425
de9/03b36eb66b2f0	1.297778505601528	16.354875
dea/e15aa28d056a9	2.1409093111274493	3.9199375
deb/d2a5e83e4ca10	2.902531868796007	1.298
de8/ec7b04d8b29e7	3.0851034565767685	14.471625
de9/4bb0e71cfd830	3.1029613886285454	13.414
dea/9b87c083f3793	2.9033777011816966	7.945125
deb/033b54dd6c64a	2.5918381027261157	2.596125
de8/3c62396845a3e	2.9829697078154638	8.6433125
de9/846182195ca91	3.333211799734305	12.54325
dea/791872b9a9f20	3.20876799348917	3.79775
deb/f0d54d408863b	3.222949080163102	3.9033125
de8/7d863993bc7fb	3.2407399926830727	8.5606875
de9/a6aa31d949801	3.4241663023192017	6.1
dea/976b6f9e3b538	2.6294115524466286	3.268625
deb/7d1b9952f6db4	3.273208869823932	4.59375
de8/380593e6d49d7	1.115369347471922	1.153
de9/bb00eb4030c4c	2.7728286771981243	9.7601875
dea/e04f8474fc058	3.4974044545822927	4.5948125
deb/0398508b81ba1	2.462383686855298	4.2058125
de8/67c1ca5753d76	3.436321493169013	22.3976875
de9/2b10c3f41a76f	3.1486598804552033	4.7414375
dea/07c095a5e381b	3.145779662727891	7.9655625
deb/a7b05288ed5a5	2.7972826127027735	6.442125
de8/34afc2e008d57	3.3655663426423024	11.00825
de9/bea4319d3a97d	3.3297515205947685	12.7843125
dea/e230e1183198f	3.0735162994801932	9.0468125
deb/d3cc2ba73d399	2.1850536272240078	9.0081875
de8/256eccb801729	3.125481536838184	7.8034375
de9/37d0dd7833dad	1.4276480835647016	2.21175
dea/00611af79f77b	1.2770987230641933	10.159125
deb/63b282dfb31ba	3.288099449206573	14.970875
de8/9265894719900	3.2681211757157147	6.89625
de9/b3e8da22c0e7d	2.869295777765333	5.9275
dea/03b05b5618f10	2.8630276175272793	1.2908125
deb/05e667ff72cb8	3.258193277875447	3.99225
de8/70fbec7d2e532	1.9694938268713884	0.976125
de9/0883abb5a7992	2.7472401313397774	6.12275
dea/29f6afb527b3a	3.155621000408165	4.5091875
deb/86ff8f6630cc0	2.3282627339000643	8.9748125
de8/6449f72e05506	3.376441907949018	7.058375
de9/0918c9888a82e	2.974607155938791	6.88825
dea/fc4de96f2a6c5	2.9011055273344692	5.1798125
deb/74768742950fc	3.2609527169215733	8.8398125
de8/b175777d9cae7	1.7409004790452047	2.404625
de9/3911c0d34d471	2.1463460204555553	2.5715625
dea/da0ceb9f965ea	3.0521964657875635	4.9836875
deb/46cdf63d2d5b4	3.330365585477503	4.464
de8/d6a1e893db016	3.153110893647278	2.8419375
de9/f6267f4e51abb	2.0334318959490614	2.0098125
dea/4e09b43fc1210	2.7517287487292026	8.647875
deb/fa0b301288fcd	3.365695093007942	6.3501875
de8/a565baeab74ab	2.5897742957419405	2.306375
de9/44533920d830f	2.7341083973430864	2.4715
dea/52c0d2c30fd5f	3.205139138122242	9.042625
deb/56b3919083cb5	1.075681105060488	0.624
de8/3fcd9791cb7bd	3.1768425475599877	7.07375
de9/82f28c1d8a0b7	3.042730878119138	7.1206875
dea/f873f671df4e3	3.1248270684228525	2.4044375
deb/878f2859a402b	3.1710181181289236	7.2098125
de8/f3cfecfeafc26	3.214690397663558	7.5655625
de9/9ad33cf621f02	3.1394648907302747	1.8541875
dea/8ffc1c88f4f25	3.122146647404737	1.967375
deb/668c68646a656	3.310411665561812	7.797125
de8/914a10137ddd9	3.14534339951588	3.36275
de9/07435727b0a57	3.408884528109335	5.5776875
dea/dde5d3fdb5039	2.719704474677289	1.6576875
deb/ad9dfd798e73b	2.609496399882592	9.4670625
de8/8fea764712705	3.3764491454678183	6.784
de9/e9938d4268a46	3.1846461502922243	5.1499375
dea/d53b41a13cc4b	2.9354835035570024	3.9335625
deb/1a5aa7f57397f	2.397701750782445	7.24025
de8/4f74b7fec24d5	2.310598254467007	2.4995625
de9/d6c5de0f59da0	1.4759117020385133	0.76825
dea/042c43c2c1c87	3.432731955873421	14.3231875
deb/02bc726f918cd	3.3917230180923745	7.9826875
de8/ad11f93eb3b06	3.328347894519541	3.523875
de9/b0df634760b5d	2.9479681317675226	5.07025
dea/4b0cab57d3435	1.87091265845243	3.8100625
deb/3a35eacb212fe	3.478717327209505	5.8464375
de8/14b9cfb139cd6	2.4825559348397492	16.205625
de9/01c0a3ad64dd5	3.4347064951754356	3.0403125
dea/fc08d3c32ab7b	3.1007599001425024	9.7564375
deb/c6a2a1b6970a5	2.5714190421100014	1.5858125
de8/758a75b00499a	2.6319337718073115	2.227125
de9/bea81af343632	3.1850685665302167	4.8501875
dea/8976899643f10	2.5759080578046762	4.2011875
deb/5f36580399fc9	3.158406098333995	5.2403125
de8/2827f8096fa3d	1.7619220904633637	7.2251875
de9/a482074e62cc7	3.4232853692624166	6.865375
dea/fd7132ec818ad	2.914775695694556	2.6639375
deb/8d7e9878c9ddc	2.3119918612323613	3.96975
de8/f6f222a6836a3	2.681884623891382	6.03725
de9/14a4079a8a820	2.784038812168771	4.839375
dea/9d8072be395ef	2.2678242530251085	2.273875
deb/dac573b96cf47	3.3309706165356183	10.0515625
de8/3a6f84da06ce9	3.274213571729927	10.7314375
de9/f92ba759651ef	2.9067314745118042	1.5945625
dea/946be4d7f357e	2.3003696628048482	1.8549375
deb/fbefe8dfabc16	3.469357665079674	8.4519375
de8/56bf8b01c97ba	3.3200602016141585	7.9225
de9/1391bd1e6e8d9	2.612125035239048	6.5246875
dea/4554f93da3ce7	3.016052421652753	2.786625
deb/1b0a82cca16f3	2.7519957883897517	8.0999375
de8/f0f2cebe42290	3.127486927207738	8.079
de9/b323ff76be3da	3.1101145410278126	4.9985625
dea/df94d36b852d1	3.1849079956497826	4.6691875
deb/a2238f06b9ed7	1.0512246989370853	2.7934375
de8/284d578d03f49	1.0868396853084774	2.24375
de9/e42fab632838c	2.16375338203334	3.3214375
dea/c621e9557852a	2.699160111314595	5.88575
deb/8863a330643dd	2.231201508846275	9.7765625
de8/269b9f3205a0c	2.4620268992142873	4.40925
de9/0952319fb5dc4	2.5864845264093965	2.7305
dea/c3fafbca2a504	2.470080468669847	1.682125
deb/6b2214f68c58b	3.1974471456164726	6.5731875
de8/32f7766d41658	1.907096822847488	1.201
de9/eb50f3f166dfc	3.1010127827027425	2.9754375
dea/4be8dd1e2737e	2.915713732220155	5.46375
deb/42f81e920cf24	3.0303556221680963	13.4066875
de8/b7e09d691399f	3.334927104439188	4.915125
de9/d2c3bf4004473	2.72774220945168	3.093625
dea/01dd42cf4b8bf	3.1380461854790673	1.7019375
deb/d431af60ad0b6	3.300550351239162	7.70725
de8/2b385e0c39492	2.8213591173142465	1.6139375
de9/416a3fb7e83fb	1.7336394655716514	1.009125
dea/0169fdd3226d2	2.37560733914878	2.6908125
deb/a76f10d56d2bd	1.8772206659516313	6.9125
de8/36deb5e159e8e	2.001718375930717	1.4414375
de9/1b999a4f2ca59	3.2309921890621367	5.5496875
dea/ed8fb3f9f2519	3.2952301749834403	5.1961875
deb/e71a649a8c6c1	1.922379184334214	1.902875
de8/42affe867071e	2.150483759733968	3.1835
de9/bf99f6bf34bc7	2.3075928935453303	1.970875
dea/ab9982b19b887	3.471897166773939	3.4594375
deb/3bce5836ff34c	2.4483445799732535	3.960625
de8/6838cc58f89e2	3.179326772393382	2.175625
de9/eb2d99b237be3	2.751015887655874	7.150625
dea/b88ed2c52e9dd	2.8764333483005387	1.2319375
deb/a4ad48db58e1a	2.0130458325788902	6.9434375
de8/2351696d207a1	2.876700086387214	9.476625
de9/5f730759de4e1	2.964982083226769	8.3075
dea/8ffd94b791a30	3.25634976031632	10.0310625
deb/bc38226df6f09	3.1411199646366748	4.34975
de8/4d49afc8ed58b	3.3587810464093173	13.3700625
de9/8ff22ef9c3776	2.2339433497798633	4.80525
dea/c7b4b8a45f7c6	2.5213237425973927	6.8194375
deb/1edc7b28a3462	2.9057073641196225	2.306375
de8/4ae4ba5b44474	2.9196674260143034	5.820875
de9/bdfc7b83b6e64	3.407683265899596	11.9873125
dea/e58b272869562	3.057809187519348	3.022375
deb/0836fe370653f	2.5108299334311814	6.8266875
de8/d74269a452d8a	3.3015430488074853	6.73925
de9/923c1aeb77959	2.3131275637012862	2.5461875
dea/c89dfee77e67e	2.7314973419103334	7.7883125
deb/a2b7ba81ec532	2.028483363904124	1.153375
de8/b490e479f7556	2.9909166268582204	2.4339375
de9/7f70579316bb2	3.0950287567602333	10.9180625
dea/66745610ffa0c	2.9934244814404587	6.649375
deb/a171811cfa2a2	3.166583693981315	8.489125
de8/17ac2658146f0	2.1804965363665416	3.9608125
de9/a7fa7f6b5b6ff	2.923447333119968	2.411
dea/2c96aa648f2ab	3.4875189193891805	8.7936875
deb/dd650d1412dc4	2.0966376046391	5.941875
de8/9bf8352d8ce33	2.915328443296063	6.49175
de9/5083b4883fdf2	3.4682647911997413	8.9571875
dea/bed030d2c7a8f	3.0199972260424977	12.281625
deb/f0d02ac6504f0	2.4964975593700034	4.61025
de8/01ff15e64f495	2.4865244363978922	4.081125
de9/1f5d15f364e0b	3.035508065653045	4.9408125
dea/2ea5178b7c6f5	3.557005411869065	14.51475
deb/37207dd7d88b5	1.1127079140165415	3.2713125
de8/e93fabc182819	2.5678767228519552	2.2195
de9/bed53c0959ee7	2.1495437073520525	1.9254375
dea/92e2d5f8fbd0b	3.3879010898553803	4.486
deb/8532258630682	2.6993691711786734	4.832625
de8/d632d16c54599	1.2579662377604346	2.5983125
de9/a012d666b8331	3.1741120537776126	3.8363125
dea/0bb5a6356c3d9	2.553082306618493	2.6085625
deb/b9e46b425cefc	1.1911747292822132	1.8011875
de8/9b991fbb7dae7	2.318423666459071	9.2555625
de9/dacc008436e13	3.358150052890393	6.4311875
dea/f99d38732574c	2.8755049937944315	5.021
deb/f9e2b4d07316d	2.915345073976563	4.0505625
de8/515b349343e79	3.190732011548391	4.065375
de9/e20cef32b32e9	1.2149760476872515	4.586
dea/7b6201d593a79	3.0824604334839254	6.5643125
deb/2d5baca89457c	3.3207154092797926	1.9421875
de8/24ddd72e9a078	2.8342084035632737	15.5644375
de9/9bd2566b1ebbb	3.094833002267769	9.5106875
dea/94d3bf27511ab	2.290725212322541	3.6805
deb/9d1043ca3a113	2.681279899787526	0.827375
de8/1a15b899265f3	3.204809649731209	3.68875
de9/5b82735f0054b	2.5625188418321434	2.772
dea/4125a089a4efe	3.033845461926827	7.3801875
deb/6b06e3b11aad7	3.0554235000951757	8.73775
de8/6463cb2ee2618	2.8353741048219927	4.5451875
de9/c278506e522b8	3.3798347250319063	4.4693125
dea/f2de0eaf6e295	2.0263020092836834	0.99375
deb/02e63f7913997	2.1421499949084226	8.5084375
de8/29a48fbc96055	2.3399817122392017	2.418125
de9/f00b75194af57	2.746997210190972	3.2035
dea/54b2e3cd01ab3	3.3579137616216186	5.742875
deb/e9b3bfa2ed0c2	2.7842583344156298	4.6729375
de8/00621bbcbbf1a	2.676647833030933	9.315375
de9/222da992b76a2	2.9007785683266176	5.05175
dea/16866d9012fce	3.3886215580151253	7.369375
deb/098fb48cbd8d4	3.23611832779819	7.9773125
de8/20ba474ee455e	2.560282352811206	4.3255625
de9/662c62a1c0ef5	2.221332000644117	2.8899375
dea/991391558b240	2.60245965084105	2.6999375
deb/06063aa20092c	2.1905608737410405	1.2325625
de8/eac0bd9cffe15	3.1382520268758167	5.4998125
de9/6e1292d3a5faf	3.1115237490394954	3.7713125
dea/8531691259d62	3.0797624887500503	7.358625
deb/324ac214e9426	2.371014813711875	1.2413125
de8/97a150e75dc6a	3.4603673579749863	19.7490625
de9/df8cbc7aa5724	2.5780940357326068	3.1694375
dea/ada3c385b21c0	3.26018503974537	3.890875
deb/01b00d7d65e94	3.2153389573039517	11.223125
de8/c72af0defc016	3.0624387666084827	3.6403125
de9/e4124404d1d08	2.631197299088562	1.924625
dea/d05d560295383	2.813614051004855	6.188625
deb/4f8bdd3d9d52c	2.339305675246043	1.3058125
de8/6205a5f8326b9	2.460829304969736	2.19625
de9/90413127ed782	2.3731550354020237	6.84875
dea/2437cad67ad49	2.921364940174452	10.85525
deb/ffd41ffbbfd80	3.117438163941699	4.0841875
de8/3242541552d3f	3.3691452264264465	9.455
de9/bd7b87a6b8b70	1.3026029531863557	2.0680625
dea/20cfc0e41c849	1.994566306161724	2.044375
de8/657a39abbf01f	3.4342589942997392	3.7499375
de9/8a2a674cf8ecc	2.7349389969986375	7.685
dea/41df525088f85	2.5908188900343094	8.2909375
de8/69f3e0116252b	3.322849376525929	9.0329375
de9/8cb1df5d4279c	2.8809422422631155	6.57475
dea/d7e71c0056b90	1.1075152096253738	1.779125
de8/13d22d1309507	2.405895745058608	5.139125
de9/9e3431afbc6b8	1.2772136069207536	2.688375
dea/795eb653c0292	3.379889108646615	4.10575
de8/c3428b5517b9e	1.1925779748780065	4.85375
de9/655cf92e0cbcb	2.9773721511777045	5.4531875
dea/92b443110b40a	3.4132957969484123	10.123375
de8/2b5e749b4aa65	3.0937711113684854	1.332375
de9/9d3aacde875e2	2.8949045514379663	1.0570625
dea/7aa72012993cd	2.4917513680193926	3.4411875
de8/df605aad11e57	3.109218741197882	3.2215
de9/b92b6c9ae408d	3.3669331376038345	14.95175
dea/8ce65f2e1e6f6	1.9485228906825052	6.674375
de8/54fd1266c1090	3.329773943510157	10.3836875
de9/283fdbc25f271	1.1228955785123602	1.818375
dea/9c2cc7d763eb9	2.9399377566142855	1.395625
de8/4c3d5af254382	2.9720739673881384	1.3943125
de9/e7badce4a9464	2.3004913127368347	3.262625
dea/b0be64f7712d3	3.0504613301735737	7.041625
de8/df46d108c9c84	1.8625654232258273	1.6866875
de9/8551bc18d139b	3.094854472822936	3.3189375
dea/9b0b7edfb4f94	3.1438906288348774	5.212125
de8/0e473de7048bc	1.1370559010188201	2.7675
de9/552bbb9b6316a	3.348922979171137	4.8838125
dea/53fb187642f8b	3.385407490521684	5.4391875
de8/45d5582c5c07c	1.8908250528561454	2.666125
de9/72244b127b036	3.1052087459568165	7.112125
dea/dbeb8862194ac	2.4139100250622296	2.6485
de8/ef2da056a4aac	2.744771897433982	1.5304375
de9/3536629edbf6e	1.765733726855637	2.9519375
dea/0f0cf9cd78071	2.485612660238107	3.1165
de8/7e870d20757f7	1.8691183003716219	4.4275625
de9/fee58fe4f04f0	3.023392043779964	3.972
dea/b1deb54ee1021	2.058749985674162	2.2825625
de8/c4d475465b1bd	2.5733705649746215	2.995
de9/6b410ec782e66	3.009278987065012	2.9315
dea/a0355a85b2a83	2.151048060402555	2.076875
de8/f60b96e41b839	2.990538052805498	15.37
de9/63cee7d43d9b4	2.396472886396132	2.56075
dea/2ec39a11c0163	1.9342394240691894	2.2751875
de8/7d5451fd78b7a	3.1560027193918687	10.3509375
de9/68a8a0d0941ef	3.0165559954523964	2.879625
dea/e0939a0d0d10e	3.1117666770595864	3.115875
de8/fc98d100e2e0b	2.7137144084870286	7.5248125
de9/76fe9826519f3	2.962418501083693	6.10425
dea/93db659c5b385	2.2194459103684987	2.3145
de8/db5c73a6ec6f2	2.54965667224986	3.078875
de9/c7f2f74d4b7b2	1.7181297047035495	5.9699375
dea/e9b4355eb2029	2.6902464945711095	9.281375
de8/7d3e77254b566	2.8172335090578655	6.705625
de9/f0fa6d1db5615	2.881269606053755	3.8646875
dea/1fddf87f6add8	2.28073840003525	4.5719375
de8/bbae093d4651b	2.831140021561589	3.1254375
de9/0c9d1dcf5d4c3	1.111939337998597	2.019
dea/24192ce78c4a7	1.8066001558612281	1.321875
de8/1fc20c827b68b	3.1708937358564113	3.80775
de9/7f44fe5d066dc	2.8980284350845382	10.36925
dea/502703b986782	3.4988584755581087	11.12475
de8/f92b7157e84e6	3.225751301093984	2.736875
de9/6ced6996ea367	3.270168371623433	7.12975
dea/206b873ff4e42	2.3569788413635733	2.9703125
de8/f01d33bdd22d5	3.327728610355817	7.104375
de9/c758094d8fb49	2.0430827478434073	3.603625
dea/8242217017291	3.082158325207998	9.001125
de8/22608a28b1757	3.045257677676111	5.62525
de9/e260ffd65eb9b	3.560413184537202	4.65675
dea/ce12b71d5ac98	2.84666291279788	3.6953125
de8/b118e5ffd6e27	3.198463623328856	6.922875
de9/a2f9c6c0e07e2	3.4318908775526444	8.79075
dea/523d5dfa0c4fc	3.4466007917604884	6.563
de8/a623fa9b7168a	3.256405215302261	1.8750625
de9/e5eb43b7c4a21	3.178298701956236	9.71675
dea/902bb87b01fe8	3.0055477742478813	7.706
de8/712433e52d44a	1.27152095797817	0.8645
de9/b640e83ef74ec	3.13392144613337	7.2803125
dea/3342a4d1db2c5	3.303666652153844	3.3664375
de8/af70ce6ed22ad	2.898395995184539	12.019625
de9/75da8e9c00982	2.2671282268849002	2.2126875
dea/5d6b000868ff3	2.739520637974439	0.960875
de8/e9c149839bee5	3.0388573725262513	10.09275
de9/17caf3ca5bfec	1.5341480961280274	0.72025
dea/76aa8b74516e2	2.8964264569141034	1.2978125
de8/b3c8453dca33a	3.2715537361377662	4.3280625
de9/7c7f726c0fe38	2.7535387202102144	1.989625
dea/1e8a960a284d8	2.108529669005105	1.7134375
de8/1f5f641520e27	2.731821113264149	9.385
de9/8dfb879c7c42a	2.881258502000712	3.0469375
dea/b7239acdd59de	2.4288988514582113	2.497125
de8/b86024fd527fa	2.2378239457334783	2.5506875
de9/8d1b0de4ad0e8	3.1497954543721898	6.712125
dea/dd8bee44ecfa2	3.027305949527057	10.3229375
de8/cea998169ad1a	2.371257271892404	7.5343125
de9/cbf4d112b974c	1.742650041497476	2.7523125
dea/64c003922b67c	2.439866062627356	0.8513125
de8/623beab2d29ca	3.302076214870508	4.8638125
de9/4710c494d847e	3.3636007057332393	8.346125
dea/03ab9d2a66eb3	1.6242624355707447	6.274125
de8/2de8613ee19d7	1.889236277212211	0.76625
de9/04614adfff550	3.3883157373735076	6.818
dea/6a4c8341f834d	3.42006456872359	15.6928125
de8/23e1b23dd2cc9	2.8654314685150832	7.35925
de9/5d487c74b20b7	2.8292050938951103	6.9978125
dea/b24aa8b389f9b	2.8659062371471826	2.2028125
de8/e73a3868148a3	3.2895917070646266	6.66575
de9/e0068de4f58a3	3.0016105647644995	2.6901875
dea/8eae111d687ba	2.5202459110219313	8.563625
de8/7c0e6b8351c2b	1.9604819276571053	0.768375
de9/5bcfdc17f5f32	1.27466178665951	1.4636875
dea/ef21e7d1ed82c	3.3783480139679143	3.427625
de8/b2dc8dded5c30	1.4960825999745617	5.0599375
de9/27d68c6cf215e	2.555490851960557	8.0036875
dea/1640faa01286f	1.8164542530786747	3.855
de8/4fcc44649d491	3.1741849031943223	11.9455625
de9/e31c0fbfde1e2	2.239451732601255	1.1535
dea/cb02cea8a028d	2.5303020050345713	2.703
de8/7752b8ae9b52f	3.2429672916606815	5.1709375
de9/35f7afb87151f	3.4180629417171757	12.44
dea/6f336b2ab09b7	3.230698966403814	2.7745625
de8/1b7fe22f25c39	3.295008741574098	5.768625
de9/8e9de807e1bd5	2.2549419908689927	1.6344375
dea/3bb4f060b55e7	2.63077798348838	2.2769375
de8/456d24fb0d1f8	1.1996392500919792	4.3934375
de9/64c826bdefda3	1.9450304852026454	2.6308125
dea/2fe1cf79d77ab	2.034375162101595	1.5205
de8/1878cc82542d7	2.733078581272351	5.17475
de9/35408341fa3c5	1.8415241121958772	1.4659375
dea/17dc059e83108	2.609304647994315	7.2930625
de8/f8cfc620b6be5	2.5552485929082778	0.8125625
de9/a14a852841d0a	2.6284841932553147	6.223
dea/cc62ea54cb6b2	3.216943947023477	7.5493125
de8/8a066ea5377ff	2.5657284772630375	3.17375
de9/084db34b7eb2f	2.3834583239644407	2.366125
dea/86bf2ce9389ec	3.2683294697518916	3.9334375
de8/70d64555dfee6	3.2334458581147576	5.9423125
de9/6afe1b84011a9	2.329753202237188	1.3215
dea/2ae79ba522f17	2.831736627382714	1.497875
de8/facc3b266514e	3.1269116573167253	8.0855
de9/61e0007173ca5	3.5920239439663653	10.6815625
dea/811c1534f0abd	2.9220840990971673	4.9549375
de8/e7cd37228def4	3.2401057049993467	4.7571875
de9/5f43e2780e4c0	2.437698779772059	1.249125
dea/f79596a21e741	2.4551334609205733	1.9710625
de8/706f1dad7669c	3.398157889710061	3.0114375
de9/ad79f593c08ad	2.6473761396627453	9.1871875
dea/993687ba39ae3	2.302802510119854	1.7373125
de8/0a42813f5f6ab	1.643597268998842	2.1335625
de9/40d094416e79c	3.2234300662502364	7.1225625
dea/d3ef18c23f530	2.745558236215926	1.4663125
de8/a33ac0cc46be7	2.926225923743202	9.8005625
de9/aa889b8448b22	2.6530417672011257	5.59525
dea/9cee37695dead	3.258930827656616	14.124125
de8/4759b066b78cd	3.1459389060657763	10.4434375
de9/ec39d580a8704	3.386810425196619	10.3033125
dea/2230efe7e0a67	3.0020839681171716	4.51575
de8/664dbcec1906e	2.5658674344100203	1.1505625
de9/0fd26938c03b7	3.137216044404835	2.5004375
dea/fed302fac0c82	2.5716607457312586	2.32425
de8/5a5ee1a3c96ef	2.519538121465226	5.175625
de9/6911cf13cbaba	3.375400788464411	6.848875
dea/2903c1025ee38	2.8089971688606874	5.52775
de8/b6c7bd5a73621	3.1541366270995184	3.918875
de9/13208d8a2008a	3.2948469278747345	2.2725625
dea/c48b111de3348	2.7605216162817743	1.6333125
de8/eaece7b20d684	1.1015603330945354	1.922875
de9/1d82712677093	2.688798966621918	2.634875
dea/97869c1dd328d	2.4201174974659776	6.2766875
de8/bfb002e2b5de3	1.5039407637205497	0.817
de9/2a7540ba6731e	3.218573628070459	2.0269375
dea/df817681b7d52	2.858052421356404	2.1385
de8/87061816f107a	1.9378223458076123	2.35475
de9/865c73bef1a01	2.027128138981977	2.0565625
de8/15378f741a7f8	3.4033343818181803	8.47325
de9/709a960b28537	2.7117213678955636	5.474375
de8/8623f68d4d3ff	3.0348496030012524	7.4765625
de9/cef9578fa2fcb	2.9051322974030422	3.126
de8/0bfb8a21cc255	2.6137969071132825	2.46825
de9/5f93e0815edb1	2.197482916129616	4.9050625
de8/c207cffd10d1f	2.280099876407736	2.8851875
de9/0a05120f4a3ab	2.9696783966854525	15.27625
de8/c70e3d105a4dd	3.4352862500779318	7.145625
de9/9a8ff59367ad7	3.438352743423197	7.5385
de8/c9eef80711753	3.2827601453369897	2.3096875
de9/3f3ac10637d8e	3.2719611564527624	6.804125
de8/1ccaa46e6ca6d	2.96021412779164	17.1539375
de9/04729242689da	3.2320715586698747	3.178
de8/be2911b34f3fa	3.1244659681110445	1.9595
de9/870f8467d480d	3.1495304731757385	2.41675
de8/0b13e85b87d4f	1.4746658341609378	4.637625
de9/d5b01c4a51f86	3.5287427346220226	5.6176875
de8/0ce99938d0502	2.7952398831386147	3.0214375
de9/aec0e6b248f61	3.4617526840733306	8.430375
de8/e132e21fdfeed	1.091279010074622	1.248875
de9/87ff425b601b3	3.091781124260724	4.0686875
de8/f2b897d9ff147	2.781060960069896	2.7051875
de9/925047ef1ef98	3.017297356140933	11.9869375
de8/07b9fb17ace67	2.8496296454445433	3.7078125
de9/55b5dc4a607a8	2.4303805144720725	4.0406875
de8/a6ec6f0908be0	2.4867011667751147	1.1493125
de9/c208be5eaa388	2.4983222614444314	3.15325
de8/39bedd7a2c608	2.9504264715272055	7.23075
de9/333d71106cb08	3.3557992629731963	14.094625
de8/3e68b6cddf383	3.4581149738826698	4.5865
de9/5c58f314c9eb4	2.10194678627537	2.5168125
de8/e66a1e23357d6	2.4263796168206158	4.4730625
de9/b351159216e71	1.8237050483173523	7.686125
de8/bf3d883e6836e	3.208014972781652	2.643125
de9/10a728fa25890	2.383314800629691	4.419125
de8/a236492835b25	2.347773461274437	2.9235625
de9/108aeeb39197f	2.8801234112026446	1.3675
de8/54885dbb64abb	2.08843598859602	4.6340625
de9/347c1161632d5	3.318592178139529	5.6093125
de8/92ff786eafb7b	3.044483102384124	1.7404375
de9/906eba4ddcbec	2.0879412359910052	5.5404375
de8/74b89642a8014	3.196737821921062	2.7629375
de9/9787a924e3042	3.1018402208715337	8.4674375
de8/04ad378a59046	2.5485372269619555	7.681375
de9/7ca5578d51092	3.087928708314683	3.03525
de8/2441692e0f69c	2.466323170076308	3.5663125
de9/100bd524af6e6	2.335206413721941	1.532375
de8/daec2d9efa386	2.854999934535698	4.5378125
de9/9a4460e46a0ea	2.2213407395968714	2.968625
de8/1312350a996f6	2.5363154150784903	4.551375
de9/121d7ad43940b	2.0514265916511722	9.1140625
de8/7513806a2540f	3.3200643432042853	8.65275
de9/05ab785805c9f	2.2128143134945955	4.64075
de8/a3084d26d7310	3.264806448001582	9.280875
de9/2f0cc3d1347d8	3.3912178484661606	6.464875
de8/2f48b47b013b5	1.3033409971546654	2.1060625
de9/db474086e426a	3.112907766964125	8.7149375
de8/8f0f8399c3f0e	3.3155316155858103	2.0695
de9/77b083e43ac58	2.3961285454326116	5.454375
de8/878a2ee69b5e7	3.275286920603833	6.935625
de9/b03196182e4e0	2.5681467970589718	7.678125
de8/eafa29dd5d1ad	1.305187137006034	0.8910625
de9/18b87f6ad7f22	1.0791627091470803	5.106875
de8/c4265c1bfff1c	1.767696041286653	1.5530625
de9/af5eb2a027cef	2.6052990944637533	2.3858125
de8/41c888f16355a	2.987074430624266	1.3939375
de9/e4efe8b8cc2c6	3.058811869911077	7.78475
de8/521c5ab49f671	2.6204756848287167	3.827875
de9/4a5e0f9addc07	3.0059108014980565	7.0128125
de8/a1768eecb9d36	3.0012564608390813	2.3838125
de9/2069e298f5421	3.034643484239381	7.346625
de8/b9a3733cebaaf	2.80602809086572	7.71025
de9/3c2c86a216ac3	3.1302328515338864	4.0798125
de8/f2ce51fe6c09e	3.1349265261026047	16.1789375
de9/acfde2aa163bc	2.5622594848999594	3.1395625
de8/3628227c2c1a5	2.3689924437189873	1.371
de9/30f2e4d156da3	2.9588442997226028	3.7598125
de8/909f3511bf379	2.600163092672048	5.274375
de9/09ce247d310ac	2.528223509430322	3.4095
de8/b977ceb3cbdff	3.0494830937232953	3.70475
de9/e01d3fc3000be	3.327204654510929	6.789625
de8/cff601eda8d00	2.4036506710225485	0.8164375
de9/44bbb359aa277	3.1128161111487684	3.6205625
de8/16e0bc3038967	2.9564952843771874	4.031625
de9/b3179e39771de	2.946772784275502	6.6080625
de8/9c862ddba14f9	3.3822381824856627	6.4973125
de9/89bd16200984a	2.974579424899255	4.8355625
de8/3f8209abcaa17	2.9324087528712366	5.9815625
de9/2c2ff92ccb3ee	2.91200865837839	4.409625
de8/6f0f7d6103e36	2.5301610080419588	2.29625
de9/36c6f85c13c93	2.7728292155462357	4.61975
de8/a1bc6a4739d39	2.77332605085352	1.20075
de9/b7b6fc85db957	3.0017747301542164	2.6695
de8/30fd1ece1ba41	3.1903107949243315	9.029
de9/019556986d655	3.238846787025376	10.3945
de8/fc17125b586e7	1.2493395365969389	1.201625
de9/d4e0a719d526c	2.805873272735955	3.3575625
de8/c5144feee3c12	3.092789096445069	6.57125
de9/95e0171a330f2	2.851452195312717	7.31775
de8/e7e8032a063c2	2.6813509761914336	17.8016875
de9/ea1fb7e77e916	2.9589764514772234	4.0643125
de8/748eaea50b9c1	3.1987831750061617	6.969
de9/438ae0d0b633b	2.8135495087183022	8.4294375
de8/d26ad28d5c723	3.3029777612622864	3.573
de9/39dc8da36fe65	3.4658503773706717	8.8711875
de8/cff11bec2f719	2.3457703284133866	17.78825
de9/071fe47e849fb	3.1066284039917944	2.9691875
de8/1338416ffe856	2.981765160946064	1.419
de9/43f0ce9d87cc9	3.2565235463365743	10.9036875
de8/89e40ca0697c4	1.9381002320425949	1.7728125
de9/651c037424443	3.1171634927748575	2.1080625
de8/184de15a9e2bc	1.0795825725187684	2.0201875
de9/b14a97bce9f98	0.9862175675535025	1.0573125
de8/2b43bd517d59f	3.1043499886317427	3.750375
de9/1ae383a7cdcc8	2.8083932920960817	4.011625
de8/7d10b36c17413	2.821451469439609	3.9413125
de9/fcdc828bef0d1	2.5927772010706946	4.2018125
de8/9554b9292e477	3.299624170221532	8.1814375
de9/8135dc4ff4569	3.3390621636579074	5.586
de8/07fe20abb4d4a	2.9892062793750944	6.4873125
de9/c2edc0dd0a982	1.566398372597406	1.3699375
de8/f48687cee84b9	2.567050325187637	6.1821875
de9/9a332bb236b2e	2.5542896630544556	10.856875
de8/2596099d21517	2.188692369298538	2.5046875
de9/f16324297a175	3.3057143425762776	5.1351875
de8/a7fc365561cfc	2.5562333045971997	2.059625
de9/b00918294b90f	1.2604478197637854	2.104125
de8/cbe3935e5947e	2.5578664811820317	2.6281875
de9/afbd1940cd038	1.713844196797671	1.8085
de8/d8a615b6709e6	3.3206152011049195	7.825625
de9/333a850440ff6	3.0188075390994857	5.18775
de8/46b3145a1fda2	2.500702513790302	5.5960625
de9/106a055043a86	3.1129692265753652	9.2305
de8/ff214b75be9ed	2.643869954973128	6.844
de9/0a3f097691d87	2.778572825442354	5.6311875
de8/09f9b99657f0e	1.4510544429894054	1.809375
de9/04d155dee1900	3.1545272543178213	1.893625
de8/4637aa1c842de	2.440353714849454	4.8709375
de9/57c9756d02532	3.1633008846076884	5.9723125
de8/ef7bb7d97fb3b	2.6527606248265045	5.067
de9/dd0996a1a0bda	2.186088352875242	0.9605625
de8/eb247125e7cc7	2.674997400206431	2.2995
de9/03d4bbf44aa0d	1.9833026411845722	5.3078125
de8/dccbad262f50e	2.7717058324290242	7.99675
de9/fc551a22fa1ae	3.1500592347390226	3.6610625
de8/c9c46f99ebb02	3.082682058478931	7.438875
de9/950a1d8676cd2	2.9357351035844457	3.62675
de8/fc10f542a173c	3.208504291239085	10.744625
de9/4b454a4153f21	1.5843857410913156	3.7569375
de8/8a11bc2497838	1.858997332989892	1.2975
de9/2a237854a1dab	2.6539645476207285	2.931125
de8/9ae721ba49749	3.193239680019731	6.702125
de9/81d9073612c4a	2.4236485705441093	2.2273125
de8/9f52ecff7cd57	1.1346143222183847	1.878625
de9/be532f5c37d5c	2.367721672395006	1.4089375
de8/64fde91f2a7f3	2.680781530544568	2.0275
de9/68cac5e1f98fc	1.0778910766451413	2.27625
de8/efd1a9969f24b	3.382562954186511	4.1246875
de9/169f267e2c677	3.2421161405030103	2.4491875
de8/4636f0d879bc7	1.9043519880084272	3.9766875
de9/cc579a9eed747	1.5075783980211905	2.2610625
de8/472a15f985483	2.621901652580889	4.397125
de9/1f4e91ab59a96	2.8842916983365	3.61075
de8/ff116f51ae839	2.355312569899633	4.6423125
de8/f646c8b156786	3.0930198015056085	3.5634375
de8/9dc78acd7e75a	2.5438645144489858	1.6098125
de8/a563e9b1ee7e3	2.3068971787098054	2.6574375
de8/1aa2b9e97d0e3	2.3264600994077664	1.4500625
